0.0,99983,0,20,0,
0.07624624702127225,99983,0,19,1,
0.11711568588339541,99982,1,19,1,
0.36767219164438325,99981,2,19,1,
0.5461412393179462,99980,3,19,1,
0.5789799907769488,99979,4,19,1,
0.9209484011477276,99979,3,20,1,
0.9209484011477276,99979,3,20,1,
0.9758644760553505,99979,3,19,2,
1.3286615520048268,99978,4,19,2,
1.3500897806148056,99978,4,18,3,
1.5253645138985323,99977,5,18,3,
1.7163570555894216,99976,6,18,3,
1.8205396053298177,99975,7,18,3,
1.8429885722400625,99974,8,18,3,
1.8429885722400625,99974,8,18,3,
1.9910033289745508,99974,8,17,4,
1.9927342190800388,99973,9,17,4,
2.2630544702948745,99973,8,18,4,
2.3904585692234197,99973,7,19,4,
2.4615462384893947,99972,8,19,4,
2.5018067529736054,99971,9,19,4,
2.52768976153719,99970,10,19,4,
2.634871690140354,99970,9,20,4,
2.7915141801472863,99969,10,20,4,
2.7952163637496623,99969,10,19,5,
2.7952163637496623,99969,10,19,5,
3.0964392421484734,99968,11,19,5,
3.235051034983945,99967,12,19,5,
3.5008116821347715,99966,13,19,5,
3.6777607946178708,99966,12,20,5,
3.7320684198228946,99966,11,21,5,
3.7403082890221535,99965,12,21,5,
3.7403082890221535,99965,12,21,5,
3.779008820434907,99964,13,21,5,
3.790144942689735,99963,14,21,5,
3.797893009814118,99963,14,20,6,
3.8218920728458596,99963,13,21,6,
3.822920682766443,99963,12,22,6,
3.944370091929298,99963,11,23,6,
3.9647123048088626,99962,12,23,6,
4.157550306704482,99961,13,23,6,
4.298817613879905,99961,12,24,6,
4.327385008550527,99961,12,23,7,
4.389234721172524,99961,12,22,8,
4.492615692807255,99960,13,22,8,
4.640112576589828,99960,13,21,9,
4.6979848048435615,99959,14,21,9,
4.71756732297962,99958,15,21,9,
4.71756732297962,99958,15,21,9,
4.734896673502347,99958,15,20,10,
4.833518004184455,99957,16,20,10,
4.868362278924889,99957,15,21,10,
4.895733253388625,99956,16,21,10,
4.98743539169496,99955,17,21,10,
5.036038047161613,99955,16,22,10,
5.045045771793955,99955,15,23,10,
5.064135321512928,99955,15,22,11,
5.074222261093288,99954,16,22,11,
5.238273970642328,99954,15,23,11,
5.252590834440046,99954,14,24,11,
5.320089438279658,99953,15,24,11,
5.423420817899103,99952,16,24,11,
5.484006385702469,99951,17,24,11,
5.519350988989711,99951,16,25,11,
5.615242470240064,99951,16,24,12,
5.615242470240064,99951,16,24,12,
5.640158561528133,99950,17,24,12,
5.680638756237773,99949,18,24,12,
5.7525293824505015,99949,18,23,13,
5.825465324371547,99948,19,23,13,
5.837904732902112,99947,20,23,13,
5.879818202648178,99947,19,24,13,
6.08809215143616,99946,20,24,13,
6.127004773895463,99946,20,23,14,
6.1507628212559435,99946,19,24,14,
6.150998869187371,99945,20,24,14,
6.156400466917678,99944,21,24,14,
6.205419352695594,99944,20,25,14,
6.23198876517153,99944,19,26,14,
6.288696971752574,99943,20,26,14,
6.3639442176071075,99943,20,25,15,
6.41881898371403,99942,21,25,15,
6.421605398894423,99941,22,25,15,
6.474355276871938,99940,23,25,15,
6.477553783976777,99939,24,25,15,
6.485543317851448,99938,25,25,15,
6.56874866183604,99938,24,26,15,
6.586246171546235,99938,24,25,16,
6.586246171546235,99938,24,25,16,
6.71424119395654,99938,24,24,17,
6.786305305081126,99937,25,24,17,
6.870802904039517,99937,24,25,17,
6.912100818919007,99936,25,25,17,
6.914975063413175,99935,26,25,17,
6.9439193812784445,99935,26,24,18,
7.049129882091924,99934,27,24,18,
7.109339837173781,99934,26,25,18,
7.1372711623609035,99933,27,25,18,
7.149212376817119,99932,28,25,18,
7.186050405078874,99931,29,25,18,
7.227303425406514,99931,28,26,18,
7.386028706617882,99930,29,26,18,
7.41285731584781,99930,28,27,18,
7.508214409411402,99930,27,28,18,
7.574431977689739,99929,28,28,18,
7.574431977689739,99929,28,28,18,
7.646078580573627,99928,29,28,18,
7.674078490023618,99927,30,28,18,
7.794481503197902,99926,31,28,18,
7.852652997757192,99926,30,29,18,
7.872414725750357,99925,31,29,18,
7.928133411636267,99925,31,28,19,
8.074616669774537,99925,30,29,19,
8.087399433955001,99924,31,29,19,
8.142345621587825,99923,32,29,19,
8.14602481260433,99922,33,29,19,
8.183053624352528,99922,33,28,20,
8.213662282029114,99922,33,27,21,
8.257002584335018,99921,34,27,21,
8.3584075190375,99921,33,28,21,
8.423680757327556,99920,34,28,21,
8.495090210892656,99920,33,29,21,
8.525238887717286,99920,32,30,21,
8.54928482544798,99919,33,30,21,
8.54928482544798,99919,33,30,21,
8.603843492465806,99918,34,30,21,
8.650028131972151,99917,35,30,21,
8.703551805003999,99917,34,31,21,
8.894087031029736,99916,35,31,21,
8.913576989829574,99916,35,30,22,
9.108372476002442,99915,36,30,22,
9.13512254168059,99915,35,31,22,
9.169898020915982,99915,35,30,23,
9.171542823206341,99915,34,31,23,
9.2999992956064,99914,35,31,23,
9.302013813799505,99913,36,31,23,
9.359153332875573,99913,35,32,23,
9.412902452318916,99913,35,31,24,
9.437850145534288,99913,34,32,24,
9.437850145534288,99913,34,32,24,
9.53178095856261,99913,34,31,25,
9.539205616859673,99913,34,30,26,
9.545707732376506,99913,33,31,26,
9.550961368117374,99913,32,32,26,
9.556698093193049,99913,32,31,27,
9.662511569416145,99913,31,32,27,
9.73966449234669,99913,30,33,27,
9.804254887002555,99913,29,34,27,
9.8970144157216,99913,28,35,27,
9.920385419898583,99913,28,34,28,
9.969993039203517,99913,27,35,28,
9.972943959167472,99912,28,35,28,
10.00645970612868,99911,29,35,28,
10.044817406730427,99911,29,34,29,
10.05182595140466,99910,30,34,29,
10.075450092023788,99909,31,34,29,
10.115739556852413,99909,30,35,29,
10.136525168708193,99909,29,36,29,
10.150680925001428,99908,30,36,29,
10.167749181584831,99907,31,36,29,
10.189121928644155,99906,32,36,29,
10.224918996177399,99906,31,37,29,
10.231434619065862,99905,32,37,29,
10.266676366591375,99904,33,37,29,
10.278418371574162,99904,33,36,30,
10.35453073786537,99904,33,35,31,
10.359530143534258,99903,34,35,31,
10.394726503514361,99903,34,34,32,
10.394726503514361,99903,34,34,32,
10.488701378342016,99902,35,34,32,
10.632541013011338,99902,34,35,32,
10.77680533544393,99901,35,35,32,
10.785249344475844,99901,35,34,33,
10.866524518205997,99900,36,34,33,
10.88034747959054,99900,35,35,33,
10.916042929078472,99900,34,36,33,
10.942684345610203,99899,35,36,33,
10.96009861311296,99898,36,36,33,
10.973848732752304,99897,37,36,33,
10.992558464864775,99897,36,37,33,
11.042138069623087,99896,37,37,33,
11.043612411216431,99895,38,37,33,
11.04481586566109,99894,39,37,33,
11.101854870092042,99894,38,38,33,
11.139471306673766,99894,37,39,33,
11.151318355301832,99893,38,39,33,
11.212951135764083,99892,39,39,33,
11.218336561045328,99892,38,40,33,
11.291729018281204,99892,38,39,34,
11.320033977275806,99891,39,39,34,
11.359192806793317,99891,38,40,34,
11.39063118477578,99891,37,41,34,
11.39063118477578,99891,37,41,34,
11.498855098966976,99891,36,42,34,
11.519067648511454,99891,35,43,34,
11.572088152719953,99890,36,43,34,
11.624114965847573,99889,37,43,34,
11.655112975532582,99888,38,43,34,
11.669398879268323,99888,38,42,35,
11.688276584372863,99888,37,43,35,
11.717661313986401,99888,37,42,36,
11.73039005887263,99888,37,41,37,
11.737220809468308,99887,38,41,37,
11.768752601530993,99887,37,42,37,
11.79429732255949,99886,38,42,37,
11.867515897337565,99886,38,41,38,
11.894160977749973,99885,39,41,38,
11.941402218815794,99885,38,42,38,
12.010658344014221,99884,39,42,38,
12.039853535874803,99884,39,41,39,
12.062765575043246,99884,38,42,39,
12.079578988823904,99884,37,43,39,
12.15670267622823,99884,36,44,39,
12.158837839367745,99883,37,44,39,
12.163903279556424,99883,37,43,40,
12.164700251934999,99882,38,43,40,
12.174228349914296,99881,39,43,40,
12.191327135223453,99880,40,43,40,
12.194835449284358,99880,40,42,41,
12.21036516674609,99879,41,42,41,
12.220061613865466,99879,41,41,42,
12.265968191008469,99878,42,41,42,
12.275399047732341,99878,41,42,42,
12.290594830948022,99878,41,41,43,
12.296959808144212,99877,42,41,43,
12.330555493375098,99877,42,40,44,
12.34622158337319,99876,43,40,44,
12.377716835750505,99875,44,40,44,
12.377716835750505,99875,44,40,44,
12.44555795225695,99875,43,41,44,
12.447732812826017,99875,42,42,44,
12.521763217362238,99875,42,41,45,
12.58446911078931,99875,41,42,45,
12.598415320418548,99874,42,42,45,
12.716639611341554,99874,41,43,45,
12.806276956206005,99873,42,43,45,
12.89308091858772,99873,41,44,45,
12.998695367834706,99872,42,44,45,
13.009723089324545,99871,43,44,45,
13.094155286428839,99870,44,44,45,
13.097208003243162,99870,44,43,46,
13.118614135939373,99869,45,43,46,
13.128854653435084,99868,46,43,46,
13.302928200092492,99867,47,43,46,
13.302928200092492,99867,47,43,46,
13.311323920107467,99866,48,43,46,
13.346823459940952,99865,49,43,46,
13.347761180019706,99865,48,44,46,
13.374895474702935,99865,47,45,46,
13.429321701271174,99865,46,46,46,
13.441988249772285,99865,46,45,47,
13.458725555002287,99865,45,46,47,
13.459240258461351,99865,44,47,47,
13.480079383217275,99865,44,46,48,
13.493190693633808,99865,44,45,49,
13.522753079874803,99864,45,45,49,
13.590165804527537,99863,46,45,49,
13.592500695354993,99863,46,44,50,
13.63738655345048,99862,47,44,50,
13.647864453474511,99861,48,44,50,
13.657433280665048,99861,48,43,51,
13.659120282365043,99861,47,44,51,
13.684571762089586,99861,47,43,52,
13.735424513734602,99861,46,44,52,
13.777388856072585,99860,47,44,52,
13.855911083679555,99859,48,44,52,
13.902304848872603,99859,47,45,52,
13.904640853561608,99858,48,45,52,
13.943753564567565,99857,49,45,52,
13.960148977519369,99857,48,46,52,
13.975753039558326,99857,47,47,52,
14.00638072729823,99857,47,46,53,
14.069639532599279,99856,48,46,53,
14.14848705177677,99855,49,46,53,
14.160570065425619,99855,48,47,53,
14.168243496601164,99855,47,48,53,
14.219701240308796,99855,46,49,53,
14.267542366934057,99855,45,50,53,
14.28460291836885,99854,46,50,53,
14.28460291836885,99854,46,50,53,
14.301227076441549,99854,45,51,53,
14.311501350342203,99854,44,52,53,
14.314933606553549,99854,43,53,53,
14.366153942622985,99854,42,54,53,
14.401147397037338,99853,43,54,53,
14.457354799631178,99853,42,55,53,
14.507065942421976,99853,42,54,54,
14.58448621474838,99853,42,53,55,
14.64490373084994,99852,43,53,55,
14.656275502709907,99851,44,53,55,
14.666075137474293,99850,45,53,55,
14.677685358450537,99849,46,53,55,
14.692413451949262,99848,47,53,55,
14.731493793994606,99848,46,54,55,
14.770954549075219,99848,45,55,55,
14.772772570535741,99848,45,54,56,
14.783125912950212,99847,46,54,56,
14.78783595891314,99847,46,53,57,
14.801414091680245,99847,45,54,57,
14.807337386216867,99847,44,55,57,
14.830385845992438,99847,43,56,57,
14.862214956960244,99846,44,56,57,
14.890113659677365,99845,45,56,57,
14.986812792828085,99844,46,56,57,
15.002169028174556,99844,46,55,58,
15.046227495036403,99843,47,55,58,
15.053885322811839,99843,46,56,58,
15.055909386991338,99843,46,55,59,
15.058249061795044,99842,47,55,59,
15.083466892947358,99842,47,54,60,
15.231344530333352,99841,48,54,60,
15.238605705786958,99840,49,54,60,
15.267176086477702,99840,49,53,61,
15.267176086477702,99840,49,53,61,
15.290004968145626,99839,50,53,61,
15.324029945790118,99838,51,53,61,
15.356732858096931,99837,52,53,61,
15.393813616752823,99836,53,53,61,
15.44739213117405,99835,54,53,61,
15.547401117018294,99834,55,53,61,
15.56313296216167,99833,56,53,61,
15.570084603431114,99833,55,54,61,
15.586366006163452,99832,56,54,61,
15.602071741617369,99832,55,55,61,
15.607972780739912,99831,56,55,61,
15.615772952697135,99831,56,54,62,
15.626473439676102,99830,57,54,62,
15.641415617103775,99829,58,54,62,
15.645379179827588,99829,57,55,62,
15.647420072850432,99829,57,54,63,
15.654987380162744,99828,58,54,63,
15.670638135004493,99827,59,54,63,
15.683883671645377,99826,60,54,63,
15.689974142908882,99826,60,53,64,
15.713817016642425,99826,60,52,65,
15.736497634304174,99826,59,53,65,
15.791230110429755,99826,59,52,66,
15.869039625753594,99826,58,53,66,
15.93294712711386,99825,59,53,66,
15.9390832531128,99825,59,52,67,
15.969274353802808,99825,58,53,67,
15.974451914519152,99825,57,54,67,
15.978490921797283,99825,56,55,67,
16.024009364927338,99824,57,55,67,
16.07231622199507,99823,58,55,67,
16.099628603074876,99823,58,54,68,
16.12329485158956,99823,57,55,68,
16.12387729848403,99822,58,55,68,
16.129130843039032,99821,59,55,68,
16.14195653005581,99820,60,55,68,
16.151132889251354,99820,59,56,68,
16.18602150599473,99820,58,57,68,
16.23715765411087,99819,59,57,68,
16.251045947611136,99819,58,58,68,
16.251045947611136,99819,58,58,68,
16.253434778672876,99819,58,57,69,
16.263021235893735,99818,59,57,69,
16.3130831546416,99817,60,57,69,
16.319059149789823,99817,59,58,69,
16.36718975818444,99817,59,57,70,
16.386292395697414,99817,59,56,71,
16.407092187805556,99817,58,57,71,
16.451411262630398,99817,57,58,71,
16.485759842801734,99816,58,58,71,
16.52905768435877,99815,59,58,71,
16.55100712441583,99815,58,59,71,
16.553288140831413,99815,57,60,71,
16.553825700778685,99814,58,60,71,
16.55757227859199,99814,58,59,72,
16.567003434495202,99813,59,59,72,
16.588463287656563,99812,60,59,72,
16.599469453564303,99811,61,59,72,
16.669911732205094,99810,62,59,72,
16.690641647193306,99809,63,59,72,
16.725751302330348,99809,62,60,72,
16.746296930689,99808,63,60,72,
16.77524278543349,99807,64,60,72,
16.82969596430771,99807,64,59,73,
16.83784456586849,99807,63,60,73,
16.843817862445377,99806,64,60,73,
16.899499954261287,99805,65,60,73,
16.921886656294078,99805,65,59,74,
16.93372952554753,99804,66,59,74,
16.935283755448168,99803,67,59,74,
16.938505232566808,99802,68,59,74,
16.96869362803652,99801,69,59,74,
16.979454001336734,99801,69,58,75,
16.999643744128818,99801,69,57,76,
17.01914211887413,99800,70,57,76,
17.03624044178729,99799,71,57,76,
17.043106467983755,99798,72,57,76,
17.059093993643696,99798,71,58,76,
17.059117504210487,99797,72,58,76,
17.073906450500942,99797,71,59,76,
17.092490029857657,99796,72,59,76,
17.09502079372857,99795,73,59,76,
17.126786646092686,99794,74,59,76,
17.134805699337416,99794,73,60,76,
17.146345234544928,99794,72,61,76,
17.225928752128826,99794,71,62,76,
17.225928752128826,99794,71,62,76,
17.25204696230287,99794,70,63,76,
17.255860120780344,99793,71,63,76,
17.291065940213635,99793,71,62,77,
17.315454719211044,99793,70,63,77,
17.36283592991711,99793,69,64,77,
17.365033332286977,99792,70,64,77,
17.42193379855006,99791,71,64,77,
17.422033160768848,99790,72,64,77,
17.44703943912972,99790,71,65,77,
17.467560703654776,99790,70,66,77,
17.5104186171877,99789,71,66,77,
17.512276816430585,99789,70,67,77,
17.520976801355,99788,71,67,77,
17.526424780606582,99787,72,67,77,
17.540359166349845,99786,73,67,77,
17.559480340614336,99786,72,68,77,
17.569751608448275,99785,73,68,77,
17.57102503946133,99785,73,67,78,
17.6229424660022,99784,74,67,78,
17.646944185370444,99784,73,68,78,
17.687608956454092,99784,72,69,78,
17.70318322735739,99784,72,68,79,
17.71406734319168,99784,71,69,79,
17.762625595190247,99784,70,70,79,
17.765354523227685,99784,70,69,80,
17.773181348214493,99784,69,70,80,
17.77622328255921,99784,68,71,80,
17.781506960430733,99783,69,71,80,
17.800282040251307,99782,70,71,80,
17.84993636112877,99781,71,71,80,
17.866098886235694,99781,71,70,81,
17.893242018873295,99780,72,70,81,
17.91267605803065,99780,71,71,81,
17.91693881719068,99779,72,71,81,
17.955897847035185,99778,73,71,81,
17.966945146942795,99777,74,71,81,
17.982389963818612,99777,73,72,81,
17.9871055657043,99776,74,72,81,
17.991409108837843,99776,73,73,81,
17.99403867960514,99776,72,74,81,
18.003625344809993,99776,71,75,81,
18.00420272007122,99776,70,76,81,
18.00561132728297,99776,69,77,81,
18.02073088505523,99775,70,77,81,
18.02430480583192,99775,69,78,81,
18.03901792792403,99774,70,78,81,
18.045770126847266,99774,69,79,81,
18.057318321285063,99774,69,78,82,
18.085590521550905,99773,70,78,82,
18.096888708662863,99772,71,78,82,
18.150919409664617,99772,70,79,82,
18.185367696842942,99771,71,79,82,
18.18601782616671,99770,72,79,82,
18.210779413128947,99770,72,78,83,
18.210779413128947,99770,72,78,83,
18.21309999527511,99770,71,79,83,
18.223250825676793,99769,72,79,83,
18.26695244856456,99769,71,80,83,
18.273779940524147,99769,71,79,84,
18.27414910674494,99768,72,79,84,
18.283974592095994,99768,71,80,84,
18.288600410513876,99768,70,81,84,
18.3072618324935,99768,69,82,84,
18.317235657900092,99767,70,82,84,
18.322974863619734,99767,70,81,85,
18.323571615650234,99766,71,81,85,
18.327754748323976,99766,71,80,86,
18.37333904698431,99765,72,80,86,
18.38464138389346,99764,73,80,86,
18.390438590210202,99764,72,81,86,
18.40628879628492,99764,72,80,87,
18.409312265056,99764,72,79,88,
18.42444625055882,99764,71,80,88,
18.424621507207977,99763,72,80,88,
18.42506691449841,99763,71,81,88,
18.42911780123486,99762,72,81,88,
18.43980467981521,99762,72,80,89,
18.44604286619314,99762,72,79,90,
18.478449273449336,99761,73,79,90,
18.551470672061267,99761,72,80,90,
18.630939362699262,99761,71,81,90,
18.64248456617628,99760,72,81,90,
18.656339791083813,99759,73,81,90,
18.661432413256133,99759,73,80,91,
18.6629004415381,99758,74,80,91,
18.696849292188592,99757,75,80,91,
18.698447788830034,99757,74,81,91,
18.733458386991128,99756,75,81,91,
18.780377286945846,99756,74,82,91,
18.793202169571796,99755,75,82,91,
18.97853020948262,99755,74,83,91,
19.046091103227177,99754,75,83,91,
19.059442457291585,99754,74,84,91,
19.065389377519704,99753,75,84,91,
19.07153727581046,99753,74,85,91,
19.08231921849361,99752,75,85,91,
19.08949070932145,99752,74,86,91,
19.08951760169977,99751,75,86,91,
19.0967542638718,99751,75,85,92,
19.106683506252207,99751,75,84,93,
19.112176667221977,99750,76,84,93,
19.159866775090094,99749,77,84,93,
19.159866775090094,99749,77,84,93,
19.209885604582393,99749,77,83,94,
19.227660899938844,99749,76,84,94,
19.23926975690199,99748,77,84,94,
19.243475065720148,99747,78,84,94,
19.24654952071823,99747,78,83,95,
19.259861749411975,99747,78,82,96,
19.263582249135194,99746,79,82,96,
19.306135449684238,99746,78,83,96,
19.355250967387207,99745,79,83,96,
19.363420324922572,99745,79,82,97,
19.363995845440936,99745,78,83,97,
19.36448841909911,99744,79,83,97,
19.370343704146006,99743,80,83,97,
19.37736770990274,99742,81,83,97,
19.403709238599255,99741,82,83,97,
19.43946663888331,99740,83,83,97,
19.472213694601486,99740,83,82,98,
19.475153083173712,99739,84,82,98,
19.475618829976092,99738,85,82,98,
19.507265446115955,99738,84,83,98,
19.532022904029365,99738,84,82,99,
19.550008859382878,99737,85,82,99,
19.56140696830776,99737,84,83,99,
19.616793207289657,99736,85,83,99,
19.62591350272544,99735,86,83,99,
19.628890591963213,99735,85,84,99,
19.703957076643462,99734,86,84,99,
19.77867564164111,99733,87,84,99,
19.78562847657126,99733,87,83,100,
19.791759272178485,99733,86,84,100,
19.79409992998939,99732,87,84,100,
19.80417397062283,99732,87,83,101,
19.812791917870847,99732,86,84,101,
19.81372107896281,99732,86,83,102,
19.82883355400295,99731,87,83,102,
19.86083610678676,99731,86,84,102,
19.898895949471473,99730,87,84,102,
19.900733474226797,99729,88,84,102,
19.902569704452922,99729,87,85,102,
19.904533376257557,99729,86,86,102,
19.921209188062697,99729,85,87,102,
19.931628455473117,99729,85,86,103,
19.933503951923527,99728,86,86,103,
19.954156080156494,99727,87,86,103,
20.012995307414936,99726,88,86,103,
20.125579357585014,99726,88,85,104,
20.125579357585014,99726,88,85,104,
20.140568378350796,99726,87,86,104,
20.161108286093704,99725,88,86,104,
20.225340108227254,99724,89,86,104,
20.27372111877327,99724,88,87,104,
20.2748304541692,99724,87,88,104,
20.295155390463346,99724,86,89,104,
20.322203968386763,99723,87,89,104,
20.33959678968162,99723,86,90,104,
20.34628721393082,99723,85,91,104,
20.367694243392876,99723,85,90,105,
20.396117896857326,99722,86,90,105,
20.40262903343039,99721,87,90,105,
20.422678601146625,99721,86,91,105,
20.448982369989597,99720,87,91,105,
20.46071719738834,99719,88,91,105,
20.47061269893828,99719,87,92,105,
20.482545522983756,99719,87,91,106,
20.48879814060869,99718,88,91,106,
20.49335910476367,99718,88,90,107,
20.493839628216584,99718,88,89,108,
20.502144636334098,99718,87,90,108,
20.523070965076407,99718,86,91,108,
20.529011708402656,99718,86,90,109,
20.542526612788592,99717,87,90,109,
20.56298798187214,99717,87,89,110,
20.58006721261101,99717,87,88,111,
20.602765614874393,99716,88,88,111,
20.621281572087756,99715,89,88,111,
20.625880465889143,99715,88,89,111,
20.633892453952893,99715,88,88,112,
20.652095003527048,99715,87,89,112,
20.683762966339366,99714,88,89,112,
20.68986521215117,99714,88,88,113,
20.70635981380819,99713,89,88,113,
20.72648534038888,99712,90,88,113,
20.73261451069908,99712,90,87,114,
20.734717944761332,99711,91,87,114,
20.758915760987467,99710,92,87,114,
20.797516456736343,99710,91,88,114,
20.798269379598825,99710,90,89,114,
20.818248898309342,99709,91,89,114,
20.824379794390484,99709,91,88,115,
20.867289780409084,99709,91,87,116,
20.87066518969719,99709,90,88,116,
20.913526294852982,99708,91,88,116,
20.914430208528092,99707,92,88,116,
20.929730073393998,99707,92,87,117,
20.935452119851576,99706,93,87,117,
20.945059750690273,99706,93,86,118,
20.953045998542034,99705,94,86,118,
20.957378117916512,99704,95,86,118,
20.968737710721044,99704,95,85,119,
20.971056326310183,99703,96,85,119,
20.983777937187934,99703,95,86,119,
21.02791392747105,99703,94,87,119,
21.0417157533493,99702,95,87,119,
21.068237202920308,99701,96,87,119,
21.08632318515141,99700,97,87,119,
21.10077264844687,99699,98,87,119,
21.110259087674674,99698,99,87,119,
21.113542111320847,99698,99,86,120,
21.11523637258182,99697,100,86,120,
21.124916418140625,99696,101,86,120,
21.124916418140625,99696,101,86,120,
21.132304304464704,99696,100,87,120,
21.157250160466663,99696,99,88,120,
21.16272845871396,99695,100,88,120,
21.20048282245633,99695,100,87,121,
21.2119218110715,99694,101,87,121,
21.224189374376575,99693,102,87,121,
21.236591456020655,99692,103,87,121,
21.24524950091509,99691,104,87,121,
21.268122862452376,99690,105,87,121,
21.275680570046262,99690,104,88,121,
21.29398840708358,99689,105,88,121,
21.314776415056123,99689,104,89,121,
21.31561488036968,99689,103,90,121,
21.34517984981867,99688,104,90,121,
21.350670505992667,99687,105,90,121,
21.351959889794458,99686,106,90,121,
21.3525538690493,99686,105,91,121,
21.35344212434148,99685,106,91,121,
21.366426574326763,99684,107,91,121,
21.36948846555443,99684,106,92,121,
21.38448369569724,99683,107,92,121,
21.384630650745965,99682,108,92,121,
21.407824468362218,99682,108,91,122,
21.418221762538682,99682,107,92,122,
21.420489732364857,99682,106,93,122,
21.4395399647536,99682,105,94,122,
21.446314694163394,99681,106,94,122,
21.451984196605263,99681,105,95,122,
21.465690341811655,99680,106,95,122,
21.46793968150399,99679,107,95,122,
21.491318599508432,99679,106,96,122,
21.499168829115025,99679,105,97,122,
21.50201820449796,99678,106,97,122,
21.5051462561967,99677,107,97,122,
21.507083131316715,99677,106,98,122,
21.509415563337623,99677,106,97,123,
21.51632949382319,99677,105,98,123,
21.51656182670608,99677,105,97,124,
21.541218074294225,99677,104,98,124,
21.57598980448043,99676,105,98,124,
21.58457116205065,99675,106,98,124,
21.600554616194174,99674,107,98,124,
21.60529895552961,99674,107,97,125,
21.607741233497695,99673,108,97,125,
21.60993381859049,99673,107,98,125,
21.611080050013133,99672,108,98,125,
21.628919021546842,99672,108,97,126,
21.725515666945103,99672,107,98,126,
21.72573775484804,99671,108,98,126,
21.727848411140666,99670,109,98,126,
21.744363223101395,99670,108,99,126,
21.75932613526733,99670,108,98,127,
21.801831622963505,99670,108,97,128,
21.806703616684576,99670,108,96,129,
21.80949702191013,99670,108,95,130,
21.82258535264313,99669,109,95,130,
21.842871115769046,99668,110,95,130,
21.84540908998686,99668,109,96,130,
21.84799397646716,99667,110,96,130,
21.871917112419332,99667,110,95,131,
21.87536499822406,99667,109,96,131,
21.896390658755298,99667,109,95,132,
21.899266552063473,99666,110,95,132,
21.922801351995677,99665,111,95,132,
21.927897510919777,99665,111,94,133,
21.95948973690871,99664,112,94,133,
21.968005124930254,99663,113,94,133,
21.971671130187428,99662,114,94,133,
21.982159038091478,99662,114,93,134,
21.99359531398687,99661,115,93,134,
21.993683296349577,99660,116,93,134,
21.999188124752244,99660,115,94,134,
22.00631153873506,99660,114,95,134,
22.03987781870863,99659,115,95,134,
22.047116033819883,99659,114,96,134,
22.06191518279648,99658,115,96,134,
22.06816077471523,99658,115,95,135,
22.103231402110897,99658,114,96,135,
22.103231402110897,99658,114,96,135,
22.10583925657434,99657,115,96,135,
22.117142489004785,99657,114,97,135,
22.12804977457819,99657,113,98,135,
22.135787260738866,99657,112,99,135,
22.14025906982343,99656,113,99,135,
22.149814676160776,99656,112,100,135,
22.153839766946103,99655,113,100,135,
22.195287098365505,99655,112,101,135,
22.19965682043951,99654,113,101,135,
22.216647230617507,99653,114,101,135,
22.21885076581014,99652,115,101,135,
22.231208438844256,99652,115,100,136,
22.23808538111269,99652,115,99,137,
22.247384522227936,99652,114,100,137,
22.267293889042218,99652,113,101,137,
22.26887009900924,99652,113,100,138,
22.279326961197466,99651,114,100,138,
22.290020334636587,99651,113,101,138,
22.318117978430976,99650,114,101,138,
22.330444827599457,99650,113,102,138,
22.340958180811192,99649,114,102,138,
22.344910358196483,99648,115,102,138,
22.364001193850847,99647,116,102,138,
22.365720625910676,99647,115,103,138,
22.37415717913408,99647,115,102,139,
22.37754107544338,99646,116,102,139,
22.38767556101585,99645,117,102,139,
22.420962027052095,99645,117,101,140,
22.428055403321515,99645,116,102,140,
22.463606851528194,99645,115,103,140,
22.465722239828313,99644,116,103,140,
22.47256989356235,99643,117,103,140,
22.47879848941834,99643,117,102,141,
22.49457388637949,99642,118,102,141,
22.510703756707034,99642,118,101,142,
22.52663330207243,99641,119,101,142,
22.534356146050207,99640,120,101,142,
22.54029637488668,99639,121,101,142,
22.558950024158143,99638,122,101,142,
22.569456604104566,99638,121,102,142,
22.5945465890318,99637,122,102,142,
22.627495764593345,99637,122,101,143,
22.62773866602918,99637,121,102,143,
22.64087139165117,99636,122,102,143,
22.649783268621476,99635,123,102,143,
22.65065849574385,99634,124,102,143,
22.676934887990285,99634,123,103,143,
22.685604885347832,99634,122,104,143,
22.69632476750891,99633,123,104,143,
22.742520205512086,99632,124,104,143,
22.768719781912278,99632,124,103,144,
22.777047623907567,99632,124,102,145,
22.83762062458644,99632,123,103,145,
22.865332531407866,99632,123,102,146,
22.897571763507877,99632,122,103,146,
22.904793194352134,99632,121,104,146,
22.91071829374387,99631,122,104,146,
22.929042141948177,99630,123,104,146,
22.944418570654655,99630,123,103,147,
22.94727943052846,99629,124,103,147,
22.953733720038997,99628,125,103,147,
22.954036955399243,99628,125,102,148,
22.99701846948004,99628,124,103,148,
23.025790153211624,99627,125,103,148,
23.056314370341592,99627,124,104,148,
23.074718172158057,99627,124,103,149,
23.082532429429943,99627,123,104,149,
23.096097804722948,99626,124,104,149,
23.096097804722948,99626,124,104,149,
23.131765013900786,99625,125,104,149,
23.178215181443342,99625,124,105,149,
23.192353333314156,99624,125,105,149,
23.24425027726548,99623,126,105,149,
23.254633004461216,99623,126,104,150,
23.264997137809114,99623,125,105,150,
23.266781761589122,99623,124,106,150,
23.2824536039465,99623,124,105,151,
23.2944136683846,99623,123,106,151,
23.31747416156921,99622,124,106,151,
23.321188967574933,99622,123,107,151,
23.322271284155416,99621,124,107,151,
23.32316767432393,99621,123,108,151,
23.330185144218877,99620,124,108,151,
23.330306233613975,99620,124,107,152,
23.355123395012754,99619,125,107,152,
23.355280697239458,99618,126,107,152,
23.35829067455603,99617,127,107,152,
23.36984591500468,99616,128,107,152,
23.382703268191502,99616,127,108,152,
23.401921398294885,99616,126,109,152,
23.40665385323118,99616,126,108,153,
23.42444158143833,99616,125,109,153,
23.44207966637184,99615,126,109,153,
23.467650754659346,99615,126,108,154,
23.47476284897133,99615,126,107,155,
23.47713042317298,99615,126,106,156,
23.51711141303541,99615,125,107,156,
23.555275513321508,99615,125,106,157,
23.558629257061188,99615,124,107,157,
23.572195922765008,99615,124,106,158,
23.6116470443785,99614,125,106,158,
23.640001932146518,99613,126,106,158,
23.643200662134532,99612,127,106,158,
23.68172031975901,99612,126,107,158,
23.737634722041534,99612,125,108,158,
23.76010514538799,99611,126,108,158,
23.773488594023032,99611,126,107,159,
23.800678864646542,99611,126,106,160,
23.808672592484317,99610,127,106,160,
23.814211509489223,99610,126,107,160,
23.830082299044665,99609,127,107,160,
23.841936683710234,99609,127,106,161,
23.940026989432013,99609,126,107,161,
23.96645167041737,99608,127,107,161,
23.9750602410301,99607,128,107,161,
23.998529138403175,99607,127,108,161,
24.005862281048223,99606,128,108,161,
24.00758467434828,99606,128,107,162,
24.019455010883096,99605,129,107,162,
24.031851572445618,99604,130,107,162,
24.040889202084276,99603,131,107,162,
24.051646287321308,99603,131,106,163,
24.05672142296332,99603,131,105,164,
24.062162910257225,99602,132,105,164,
24.07739626798833,99602,131,106,164,
24.07739626798833,99602,131,106,164,
24.094499575346752,99602,130,107,164,
24.103071989664855,99602,129,108,164,
24.103650615900452,99601,130,108,164,
24.10725249784625,99601,130,107,165,
24.10774681820961,99601,129,108,165,
24.107933284797188,99600,130,108,165,
24.141263778118855,99600,130,107,166,
24.14421610288279,99599,131,107,166,
24.152502133645616,99599,131,106,167,
24.160974414876858,99598,132,106,167,
24.1799965954799,99598,132,105,168,
24.187658744695792,99597,133,105,168,
24.19349715016806,99596,134,105,168,
24.194762963260327,99596,133,106,168,
24.20294232049382,99596,132,107,168,
24.21463614658461,99596,131,108,168,
24.215713226507813,99596,130,109,168,
24.27466580808833,99595,131,109,168,
24.27505388957356,99595,131,108,169,
24.276050222091797,99594,132,108,169,
24.276057588793652,99593,133,108,169,
24.29747016334189,99593,133,107,170,
24.299218957427343,99593,132,108,170,
24.307562148087033,99592,133,108,170,
24.312975626363382,99592,133,107,171,
24.324259471540902,99591,134,107,171,
24.32546894648806,99590,135,107,171,
24.333106177322275,99590,134,108,171,
24.34923376406894,99589,135,108,171,
24.36168843808194,99588,136,108,171,
24.37417264610578,99588,135,109,171,
24.378056448964692,99588,135,108,172,
24.39230906715952,99588,134,109,172,
24.40161253834082,99587,135,109,172,
24.403580199094304,99587,135,108,173,
24.408284079364833,99586,136,108,173,
24.412970070411543,99586,135,109,173,
24.413967895913665,99585,136,109,173,
24.449859069594915,99584,137,109,173,
24.459605771007656,99583,138,109,173,
24.482280070547972,99582,139,109,173,
24.491809355692347,99581,140,109,173,
24.505859000333583,99581,139,110,173,
24.51916368274185,99581,138,111,173,
24.532923080349896,99581,137,112,173,
24.537289320570274,99581,136,113,173,
24.54350626402314,99580,137,113,173,
24.54641011233676,99579,138,113,173,
24.56759131399187,99578,139,113,173,
24.581746607138058,99578,139,112,174,
24.5832879316681,99578,138,113,174,
24.630414220693996,99578,138,112,175,
24.692513068546525,99578,137,113,175,
24.704061972100934,99577,138,113,175,
24.732268357866293,99577,138,112,176,
24.760472817095923,99576,139,112,176,
24.769345045715013,99575,140,112,176,
24.816814129560548,99575,140,111,177,
24.818706906975475,99574,141,111,177,
24.81897514414203,99574,140,112,177,
24.849795970219244,99574,139,113,177,
24.85313617057019,99573,140,113,177,
24.864058689777384,99572,141,113,177,
24.866804398907718,99571,142,113,177,
24.883085519961792,99571,141,114,177,
24.889266823000533,99571,140,115,177,
24.8921417601853,99571,139,116,177,
24.893167182081957,99571,138,117,177,
24.89719716598812,99571,137,118,177,
24.912058726799966,99571,136,119,177,
24.913639526790917,99570,137,119,177,
24.93282227577782,99570,136,120,177,
25.00464718921738,99569,137,120,177,
25.034274378144772,99569,136,121,177,
25.069050840125318,99568,137,121,177,
25.075096076407583,99567,138,121,177,
25.075096076407583,99567,138,121,177,
25.120782793153005,99567,137,122,177,
25.128814058649258,99566,138,122,177,
25.135460863560553,99566,137,123,177,
25.185115136564676,99566,136,124,177,
25.185939217092884,99565,137,124,177,
25.19216469655483,99565,136,125,177,
25.19282318574921,99565,135,126,177,
25.216331123963723,99564,136,126,177,
25.221171141065728,99563,137,126,177,
25.221396788065352,99563,136,127,177,
25.233601229557927,99563,135,128,177,
25.235879066750392,99562,136,128,177,
25.23896315923373,99561,137,128,177,
25.27371138429701,99560,138,128,177,
25.27519823835701,99560,138,127,178,
25.278060434732247,99559,139,127,178,
25.295361533784654,99558,140,127,178,
25.29653484393462,99558,139,128,178,
25.316287390632425,99557,140,128,178,
25.327565478113215,99557,140,127,179,
25.338206675770717,99557,139,128,179,
25.344526780528884,99557,138,129,179,
25.34802370395794,99556,139,129,179,
25.35555910913261,99555,140,129,179,
25.364956170376125,99555,139,130,179,
25.365185976961005,99555,139,129,180,
25.389944195027415,99555,138,130,180,
25.43628379495135,99554,139,130,180,
25.439083980051244,99553,140,130,180,
25.444018909796334,99553,139,131,180,
25.46522469680099,99553,138,132,180,
25.480617235037567,99552,139,132,180,
25.50073459365131,99551,140,132,180,
25.529878347733934,99550,141,132,180,
25.554622858439473,99550,141,131,181,
25.56224659043245,99550,140,132,181,
25.56422623609837,99550,140,131,182,
25.574790998476693,99549,141,131,182,
25.611294457007123,99548,142,131,182,
25.624549236207837,99547,143,131,182,
25.632749144592715,99546,144,131,182,
25.660822619691366,99545,145,131,182,
25.662043086815107,99545,144,132,182,
25.697322924650425,99544,145,132,182,
25.699369331640025,99544,145,131,183,
25.703630267818372,99543,146,131,183,
25.708989095019284,99542,147,131,183,
25.73577320523344,99541,148,131,183,
25.745348245676162,99540,149,131,183,
25.75358608063155,99539,150,131,183,
25.753785183945546,99539,150,130,184,
25.76106653048754,99539,149,131,184,
25.7619746638482,99539,149,130,185,
25.77281396683543,99539,149,129,186,
25.772899920576414,99539,148,130,186,
25.776949344971268,99539,147,131,186,
25.78817944448719,99539,146,132,186,
25.795315444784126,99538,147,132,186,
25.798688158650382,99537,148,132,186,
25.816847122681832,99537,147,133,186,
25.82843137413161,99537,147,132,187,
25.844836348135043,99537,146,133,187,
25.846214034661408,99536,147,133,187,
25.863502519699885,99535,148,133,187,
25.868041297411487,99534,149,133,187,
25.89986738244464,99533,150,133,187,
25.906457047132495,99533,149,134,187,
25.907256178824362,99532,150,134,187,
25.90838009243053,99532,149,135,187,
25.929520207289176,99532,148,136,187,
25.939783516592648,99531,149,136,187,
25.942849281673116,99531,148,137,187,
25.947902759723213,99530,149,137,187,
25.952171030426747,99530,148,138,187,
25.96087535862043,99529,149,138,187,
25.96459168001718,99528,150,138,187,
25.970368470606186,99527,151,138,187,
25.993849712651176,99527,151,137,188,
25.99493252816052,99526,152,137,188,
25.999310802216925,99526,151,138,188,
26.006415768722064,99525,152,138,188,
26.01321513914725,99525,151,139,188,
26.02711371058905,99524,152,139,188,
26.029325785853192,99524,152,138,189,
26.038583489657555,99524,151,139,189,
26.038583489657555,99524,151,139,189,
26.04102490452253,99524,151,138,190,
26.045415448400856,99524,151,137,191,
26.047462374227496,99524,150,138,191,
26.054690212475677,99523,151,138,191,
26.06264717752388,99523,150,139,191,
26.07036028643376,99523,149,140,191,
26.085010321447847,99522,150,140,191,
26.087068218108907,99522,150,139,192,
26.08713403438162,99522,149,140,192,
26.10493494482547,99521,150,140,192,
26.138670051486894,99520,151,140,192,
26.139997198621966,99520,151,139,193,
26.14924743809339,99519,152,139,193,
26.159192397866896,99519,151,140,193,
26.18794878985885,99518,152,140,193,
26.188451963137855,99518,151,141,193,
26.189125612505627,99517,152,141,193,
26.207294560982508,99517,151,142,193,
26.20791080130462,99516,152,142,193,
26.217530516728345,99516,151,143,193,
26.21849965541879,99515,152,143,193,
26.24273270257449,99515,152,142,194,
26.243584791185373,99515,152,141,195,
26.25051849772684,99514,153,141,195,
26.267482045590626,99513,154,141,195,
26.270632994394845,99513,153,142,195,
26.27096799891541,99513,152,143,195,
26.279344030946945,99512,153,143,195,
26.29276312226394,99512,152,144,195,
26.30370596393693,99512,151,145,195,
26.31216802045632,99512,150,146,195,
26.334883141928458,99511,151,146,195,
26.341360363277285,99510,152,146,195,
26.362842447205267,99510,151,147,195,
26.36643622504801,99510,150,148,195,
26.40081263131691,99509,151,148,195,
26.402028006133495,99509,150,149,195,
26.444603347568762,99509,149,150,195,
26.450218571684694,99508,150,150,195,
26.46088754036116,99507,151,150,195,
26.46367808695757,99506,152,150,195,
26.476349335273532,99505,153,150,195,
26.49112034941268,99505,152,151,195,
26.497176933896842,99504,153,151,195,
26.498804035993604,99504,152,152,195,
26.50308130030311,99504,152,151,196,
26.511739652631384,99504,152,150,197,
26.513122694370107,99504,151,151,197,
26.513375982361108,99504,150,152,197,
26.5292606558851,99504,149,153,197,
26.532322196278788,99504,148,154,197,
26.53485914284357,99503,149,154,197,
26.552491083137635,99502,150,154,197,
26.552520600120673,99502,149,155,197,
26.5786521006367,99502,149,154,198,
26.58105469126947,99502,148,155,198,
26.58141377583558,99501,149,155,198,
26.583265443338377,99500,150,155,198,
26.594348016739293,99499,151,155,198,
26.59922323631787,99498,152,155,198,
26.602921636778724,99498,152,154,199,
26.610137106410875,99498,151,155,199,
26.611238738044385,99498,151,154,200,
26.61311703167326,99497,152,154,200,
26.636350460990805,99497,152,153,201,
26.638683277883516,99497,151,154,201,
26.651667433849035,99496,152,154,201,
26.682329311867633,99496,151,155,201,
26.684308386683053,99496,151,154,202,
26.696200075443443,99495,152,154,202,
26.699211923924107,99494,153,154,202,
26.71187339352605,99494,153,153,203,
26.72519575297462,99493,154,153,203,
26.73085360517975,99492,155,153,203,
26.73092375166666,99491,156,153,203,
26.749005398904924,99490,157,153,203,
26.77362228227763,99490,157,152,204,
26.77412616532833,99490,156,153,204,
26.779920859083433,99489,157,153,204,
26.795550614614015,99489,156,154,204,
26.808209468017324,99489,156,153,205,
26.815348207660517,99488,157,153,205,
26.817081486310325,99487,158,153,205,
26.820913981246317,99487,157,154,205,
26.85103287453427,99486,158,154,205,
26.85820947225437,99485,159,154,205,
26.865908208014805,99485,159,153,206,
26.89430639913918,99484,160,153,206,
26.903529944327808,99483,161,153,206,
26.93001497804731,99483,161,152,207,
26.934960632189387,99483,160,153,207,
26.956488413301212,99483,159,154,207,
26.95922771119064,99482,160,154,207,
26.970603844949174,99482,160,153,208,
26.983637736204244,99482,160,152,209,
26.984733339456106,99482,159,153,209,
26.99134939819942,99481,160,153,209,
26.9918416226878,99480,161,153,209,
26.99185049019721,99479,162,153,209,
26.99529535297132,99478,163,153,209,
27.007282589086444,99478,162,154,209,
27.015220871860286,99477,163,154,209,
27.02149209379929,99477,163,153,210,
27.028674471490646,99477,162,154,210,
27.028674471490646,99477,162,154,210,
27.031845717433605,99476,163,154,210,
27.040136633084487,99476,163,153,211,
27.052133221480258,99475,164,153,211,
27.060022057962765,99475,163,154,211,
27.06044507599324,99475,162,155,211,
27.072831751232087,99474,163,155,211,
27.079119921515087,99473,164,155,211,
27.0910720232188,99472,165,155,211,
27.100518123030863,99472,164,156,211,
27.104644699877287,99471,165,156,211,
27.107603631258613,99471,164,157,211,
27.14048942210201,99471,163,158,211,
27.14112865005303,99471,163,157,212,
27.14549091378913,99471,162,158,212,
27.164397903286062,99471,162,157,213,
27.200515993865743,99470,163,157,213,
27.20782370170461,99470,162,158,213,
27.21670139246445,99469,163,158,213,
27.25368886293648,99468,164,158,213,
27.272034306504285,99467,165,158,213,
27.273370658083735,99467,164,159,213,
27.283080799552092,99467,163,160,213,
27.284809867674426,99467,162,161,213,
27.285493984127008,99467,161,162,213,
27.307463519323218,99466,162,162,213,
27.315849311597525,99466,161,163,213,
27.33044035450267,99465,162,163,213,
27.335821777879296,99464,163,163,213,
27.336112198017624,99463,164,163,213,
27.34932706066183,99462,165,163,213,
27.380141946358243,99462,165,162,214,
27.414054769493795,99461,166,162,214,
27.41862783364622,99460,167,162,214,
27.418878061893814,99460,166,163,214,
27.427027428485566,99459,167,163,214,
27.43976140437082,99459,167,162,215,
27.449211555622213,99459,166,163,215,
27.45256628116736,99459,165,164,215,
27.453080064072054,99458,166,164,215,
27.46889734161529,99457,167,164,215,
27.48050345494526,99456,168,164,215,
27.48653433356932,99456,167,165,215,
27.488905572794565,99456,166,166,215,
27.505956381828735,99456,165,167,215,
27.50692490407723,99455,166,167,215,
27.518182332864928,99454,167,167,215,
27.525353046549586,99454,166,168,215,
27.53608833937423,99453,167,168,215,
27.55973982630625,99453,166,169,215,
27.56425348777163,99452,167,169,215,
27.572170442872515,99451,168,169,215,
27.573385372022297,99450,169,169,215,
27.57430641574921,99450,169,168,216,
27.580033298301046,99449,170,168,216,
27.58231378279322,99448,171,168,216,
27.58477582492162,99448,171,167,217,
27.589034764556818,99448,170,168,217,
27.590072092818385,99448,170,167,218,
27.592360091562046,99448,169,168,218,
27.59633743757973,99448,168,169,218,
27.606496266684793,99447,169,169,218,
27.61641776325291,99447,168,170,218,
27.625566192321656,99447,167,171,218,
27.651415733305704,99446,168,171,218,
27.662801718238594,99445,169,171,218,
27.679257608191875,99444,170,171,218,
27.704672180973603,99444,169,172,218,
27.760533896150157,99444,168,173,218,
27.763020413181643,99443,169,173,218,
27.77058584696316,99443,168,174,218,
27.772188772231644,99442,169,174,218,
27.772301618209596,99442,168,175,218,
27.778906052447326,99442,168,174,219,
27.78946853194136,99442,168,173,220,
27.794526033382013,99441,169,173,220,
27.804670297492653,99440,170,173,220,
27.806217157857947,99440,169,174,220,
27.80739546725647,99440,169,173,221,
27.82621617903466,99439,170,173,221,
27.8284211059974,99438,171,173,221,
27.85063860269463,99437,172,173,221,
27.85152172418464,99437,172,172,222,
27.85247711775804,99437,172,171,223,
27.857627890731962,99437,171,172,223,
27.859431885023476,99436,172,172,223,
27.86535283680133,99436,172,171,224,
27.869434369526623,99435,173,171,224,
27.87874664046374,99434,174,171,224,
27.894412636584793,99434,173,172,224,
27.904924552235872,99433,174,172,224,
27.921656796921194,99432,175,172,224,
27.922731634349837,99432,174,173,224,
27.92812861524545,99432,173,174,224,
27.96810174134107,99432,172,175,224,
27.978846876750968,99431,173,175,224,
27.97903596382292,99430,174,175,224,
27.984826319867043,99430,173,176,224,
27.987643605383674,99430,172,177,224,
27.98964714608074,99430,172,176,225,
27.993832711674795,99430,172,175,226,
28.000189244011377,99430,171,176,226,
28.004622483387525,99430,170,177,226,
28.00613731907257,99430,170,176,227,
28.01657191377955,99430,169,177,227,
28.01657191377955,99430,169,177,227,
28.026469336042062,99430,169,176,228,
28.03179409757743,99430,169,175,229,
28.032873316320153,99429,170,175,229,
28.03472245504813,99428,171,175,229,
28.038370099592743,99428,171,174,230,
28.05587979066853,99427,172,174,230,
28.058072210927563,99426,173,174,230,
28.0583864658493,99425,174,174,230,
28.05984185509082,99425,173,175,230,
28.06535673779619,99425,172,176,230,
28.076868517399202,99424,173,176,230,
28.081834359788967,99424,172,177,230,
28.082189365539215,99423,173,177,230,
28.09328499930207,99422,174,177,230,
28.093948071303412,99421,175,177,230,
28.11269574446746,99420,176,177,230,
28.116142821228976,99420,175,178,230,
28.121721188385933,99420,174,179,230,
28.13763902800096,99420,173,180,230,
28.148976152441097,99420,172,181,230,
28.163994915390493,99419,173,181,230,
28.166841252030547,99418,174,181,230,
28.169319705694562,99417,175,181,230,
28.170816727419517,99417,175,180,231,
28.20935037350671,99416,176,180,231,
28.21894943095792,99416,176,179,232,
28.234557197789574,99416,175,180,232,
28.286998491255307,99416,174,181,232,
28.287612450468526,99416,174,180,233,
28.319920826227804,99416,173,181,233,
28.320900558237618,99415,174,181,233,
28.3516277300863,99415,174,180,234,
28.357073042142623,99414,175,180,234,
28.3786378763323,99414,174,181,234,
28.383352019647493,99414,173,182,234,
28.38571219385791,99413,174,182,234,
28.40108717717859,99413,173,183,234,
28.403694679634985,99412,174,183,234,
28.41841289824339,99411,175,183,234,
28.418488975144815,99411,175,182,235,
28.437582626849615,99411,174,183,235,
28.462111481626206,99411,173,184,235,
28.467557186003447,99410,174,184,235,
28.46868824263217,99409,175,184,235,
28.46955268500045,99408,176,184,235,
28.4763127567273,99408,175,185,235,
28.49434712673326,99408,174,186,235,
28.510813639192392,99407,175,186,235,
28.519041717873296,99407,175,185,236,
28.528184819644366,99407,174,186,236,
28.532342534744824,99407,173,187,236,
28.5522862596603,99406,174,187,236,
28.557044272110705,99405,175,187,236,
28.557260401041418,99405,175,186,237,
28.557601432871174,99405,175,185,238,
28.560226243005797,99405,174,186,238,
28.561960731712336,99405,174,185,239,
28.562370904561973,99404,175,185,239,
28.58206621071305,99404,175,184,240,
28.59566769923386,99404,174,185,240,
28.59928072456333,99404,173,186,240,
28.60170245758989,99403,174,186,240,
28.606484097487073,99403,174,185,241,
28.62591483945123,99403,173,186,241,
28.632429774119004,99402,174,186,241,
28.648462000834193,99401,175,186,241,
28.65972655442046,99401,174,187,241,
28.659940382847356,99400,175,187,241,
28.67084714751539,99400,175,186,242,
28.70533727489629,99400,175,185,243,
28.71187718449454,99399,176,185,243,
28.717616959924758,99398,177,185,243,
28.732273362978376,99398,177,184,244,
28.75322043667309,99398,176,185,244,
28.76320419874203,99398,175,186,244,
28.765265964633226,99397,176,186,244,
28.76816645972251,99396,177,186,244,
28.7773021985273,99396,176,187,244,
28.778073412793862,99395,177,187,244,
28.779633602917972,99395,176,188,244,
28.78249947387538,99394,177,188,244,
28.78384966180384,99394,177,187,245,
28.78664172934261,99393,178,187,245,
28.787253460368493,99393,177,188,245,
28.7876525906722,99392,178,188,245,
28.797576813950474,99392,177,189,245,
28.811186164242315,99391,178,189,245,
28.813479966540815,99390,179,189,245,
28.815151866160132,99390,179,188,246,
28.815424404950218,99390,178,189,246,
28.81883976313159,99390,178,188,247,
28.833297357096694,99389,179,188,247,
28.844407047169433,99388,180,188,247,
28.846874144845717,99387,181,188,247,
28.859560250557717,99386,182,188,247,
28.869888635735336,99386,182,187,248,
28.87743661092481,99385,183,187,248,
28.89461409373459,99385,182,188,248,
28.897237486732106,99385,182,187,249,
28.90695014456896,99384,183,187,249,
28.90946530009911,99383,184,187,249,
28.935190956083797,99382,185,187,249,
28.937297455263362,99381,186,187,249,
28.93907495878125,99381,185,188,249,
28.940545542200383,99380,186,188,249,
28.94749807496672,99379,187,188,249,
28.95375843415467,99378,188,188,249,
28.959567309063694,99378,187,189,249,
28.96083716923094,99377,188,189,249,
28.981855367545897,99377,188,188,250,
28.986602372792415,99377,187,189,250,
28.98791371118712,99376,188,189,250,
28.989963394589587,99376,188,188,251,
28.989963394589587,99376,188,188,251,
28.997196748135256,99375,189,188,251,
29.001807544273774,99375,188,189,251,
29.008596116490843,99375,188,188,252,
29.025760864826445,99375,188,187,253,
29.02865184854091,99375,187,188,253,
29.030926925542673,99374,188,188,253,
29.049203329505808,99373,189,188,253,
29.052125344324526,99373,189,187,254,
29.05286516980395,99372,190,187,254,
29.07867817197141,99372,190,186,255,
29.079110176545623,99371,191,186,255,
29.07999765065219,99371,191,185,256,
29.095244581406163,99371,190,186,256,
29.097653261553557,99370,191,186,256,
29.115705400979746,99369,192,186,256,
29.115796236007373,99369,192,185,257,
29.130215697656848,99368,193,185,257,
29.1446523866252,99367,194,185,257,
29.146081786239836,99367,193,186,257,
29.15698055424379,99367,193,185,258,
29.15859150864986,99366,194,185,258,
29.16242702935857,99365,195,185,258,
29.16856205246028,99365,195,184,259,
29.17276594430705,99365,195,183,260,
29.17542978044339,99364,196,183,260,
29.182548662335662,99363,197,183,260,
29.18682092076707,99363,196,184,260,
29.19252574849585,99362,197,184,260,
29.19586677056923,99362,197,183,261,
29.210167319361798,99362,197,182,262,
29.21182790755087,99361,198,182,262,
29.212625748833915,99361,197,183,262,
29.212901905822964,99360,198,183,262,
29.226553188763464,99359,199,183,262,
29.23106768166009,99359,199,182,263,
29.23368738467925,99358,200,182,263,
29.238521476169776,99358,200,181,264,
29.242495499149634,99358,200,180,265,
29.244114916383886,99358,199,181,265,
29.248998801545856,99357,200,181,265,
29.252189869368696,99356,201,181,265,
29.255284161870915,99356,200,182,265,
29.256393546457645,99355,201,182,265,
29.257186116508063,99355,201,181,266,
29.261345641922155,99355,200,182,266,
29.267224620539643,99354,201,182,266,
29.272576666866136,99354,200,183,266,
29.278279994702945,99354,199,184,266,
29.285696365966977,99354,198,185,266,
29.29228850882361,99353,199,185,266,
29.295735760540932,99352,200,185,266,
29.335062608214056,99351,201,185,266,
29.341737612822463,99350,202,185,266,
29.34943353405018,99349,203,185,266,
29.35422053681527,99349,203,184,267,
29.36363704819215,99348,204,184,267,
29.36603854865554,99347,205,184,267,
29.367612617023376,99347,205,183,268,
29.368245258212465,99347,204,184,268,
29.381297798204347,99347,203,185,268,
29.381851437498227,99346,204,185,268,
29.391653261974735,99345,205,185,268,
29.40057597629495,99344,206,185,268,
29.403111273092883,99343,207,185,268,
29.417151323028996,99342,208,185,268,
29.42200249190666,99342,207,186,268,
29.42850623280086,99342,207,185,269,
29.432841076156038,99342,207,184,270,
29.43300744405123,99341,208,184,270,
29.45593061195635,99341,207,185,270,
29.465201159090753,99340,208,185,270,
29.466244577255296,99339,209,185,270,
29.46726593292428,99339,209,184,271,
29.482372410249724,99338,210,184,271,
29.49867576454804,99337,211,184,271,
29.52199262186117,99336,212,184,271,
29.533509728435234,99336,211,185,271,
29.536455440992807,99335,212,185,271,
29.538343333713573,99335,212,184,272,
29.54660634327622,99335,211,185,272,
29.552758437326226,99334,212,185,272,
29.559712674031307,99334,212,184,273,
29.56320758130147,99334,212,183,274,
29.586615209523632,99333,213,183,274,
29.588215144285172,99333,213,182,275,
29.603966969485107,99333,212,183,275,
29.610026217976113,99332,213,183,275,
29.624285267456706,99332,212,184,275,
29.626017968240753,99332,211,185,275,
29.64199114009695,99332,210,186,275,
29.64478965184811,99331,211,186,275,
29.646818665960442,99330,212,186,275,
29.65393284397526,99330,211,187,275,
29.675700502834438,99329,212,187,275,
29.677436683861067,99329,211,188,275,
29.678033116064977,99329,210,189,275,
29.68445282724039,99329,209,190,275,
29.690450571322483,99328,210,190,275,
29.703706064516798,99328,209,191,275,
29.71648149486371,99328,208,192,275,
29.718228122376008,99327,209,192,275,
29.723907587261976,99327,209,191,276,
29.724183823993343,99327,209,190,277,
29.736903783877406,99326,210,190,277,
29.739050216164014,99326,209,191,277,
29.74940809776274,99326,209,190,278,
29.801495898630442,99326,208,191,278,
29.815743315570067,99326,207,192,278,
29.831838700136608,99325,208,192,278,
29.83420405157635,99324,209,192,278,
29.834984860487744,99324,208,193,278,
29.838128057753458,99324,208,192,279,
29.844218736234552,99323,209,192,279,
29.85359850509197,99322,210,192,279,
29.85450775638005,99321,211,192,279,
29.857498822064148,99321,211,191,280,
29.872908888024302,99320,212,191,280,
29.884227425337016,99319,213,191,280,
29.888097492874312,99319,212,192,280,
29.892478549374122,99318,213,192,280,
29.919712489671618,99318,212,193,280,
29.9294568422238,99318,211,194,280,
29.940848005889716,99318,210,195,280,
29.971292348455453,99317,211,195,280,
29.976949364766078,99317,210,196,280,
29.976949364766078,99317,210,196,280,
29.98623255239273,99316,211,196,280,
29.99744587512115,99316,211,195,281,
30.00109509666613,99316,210,196,281,
30.016906080061293,99315,211,196,281,
30.040303322342407,99315,210,197,281,
30.04069460464975,99315,210,196,282,
30.06038820566045,99315,210,195,283,
30.065190014830453,99315,209,196,283,
30.066797004684794,99314,210,196,283,
30.0846445843683,99313,211,196,283,
30.085653553253742,99312,212,196,283,
30.086166702256577,99312,212,195,284,
30.099542453168986,99312,212,194,285,
30.1016502681339,99312,212,193,286,
30.104660821803446,99311,213,193,286,
30.110979031256427,99310,214,193,286,
30.126699103791328,99309,215,193,286,
30.132767672836227,99309,215,192,287,
30.133160792081128,99309,214,193,287,
30.141580190996255,99308,215,193,287,
30.142080557592816,99308,214,194,287,
30.14569449527527,99308,213,195,287,
30.160350986531643,99307,214,195,287,
30.177724116246345,99307,213,196,287,
30.180781892502164,99306,214,196,287,
30.18694636856021,99305,215,196,287,
30.18812094908095,99305,214,197,287,
30.20000134106478,99305,213,198,287,
30.20591635836192,99304,214,198,287,
30.2078742035483,99303,215,198,287,
30.208192764419838,99302,216,198,287,
30.220520444491967,99302,216,197,288,
30.221127508547582,99301,217,197,288,
30.225469424638785,99300,218,197,288,
30.237557559724824,99300,217,198,288,
30.241105763325983,99300,217,197,289,
30.251218106624062,99299,218,197,289,
30.252090140676025,99298,219,197,289,
30.254294662378204,99298,219,196,290,
30.271216722757917,99297,220,196,290,
30.273699347550423,99296,221,196,290,
30.290823445072952,99296,220,197,290,
30.293112567832353,99296,219,198,290,
30.317970224690495,99296,218,199,290,
30.324271385202103,99296,217,200,290,
30.33486914346141,99296,216,201,290,
30.340575146004287,99296,215,202,290,
30.342521278364078,99295,216,202,290,
30.349237753197414,99294,217,202,290,
30.35166611090641,99294,216,203,290,
30.356837927866746,99293,217,203,290,
30.36253039946425,99292,218,203,290,
30.363959655709202,99291,219,203,290,
30.364318079512984,99291,219,202,291,
30.371276843938844,99290,220,202,291,
30.37431962157976,99289,221,202,291,
30.379701358700835,99289,220,203,291,
30.41625750088191,99289,219,204,291,
30.42334414046069,99289,218,205,291,
30.425240193212673,99289,217,206,291,
30.436862932593282,99288,218,206,291,
30.43970141602842,99287,219,206,291,
30.44421077301258,99287,218,207,291,
30.44457798566886,99286,219,207,291,
30.45438614145752,99286,219,206,292,
30.46169370044707,99285,220,206,292,
30.472588164943243,99285,220,205,293,
30.47714101170641,99284,221,205,293,
30.477533371606416,99284,221,204,294,
30.48182530005482,99284,220,205,294,
30.511697254061882,99283,221,205,294,
30.516208181691834,99282,222,205,294,
30.51934463335359,99281,223,205,294,
30.521838248661755,99281,223,204,295,
30.52446058906867,99281,222,205,295,
30.527654349533407,99280,223,205,295,
30.52945075636308,99279,224,205,295,
30.530490466745526,99279,223,206,295,
30.532943974664025,99279,222,207,295,
30.535298209665243,99278,223,207,295,
30.53584708030384,99277,224,207,295,
30.5463494082787,99277,224,206,296,
30.549554309226387,99276,225,206,296,
30.56996490128017,99275,226,206,296,
30.57872017498363,99275,225,207,296,
30.580075149798613,99275,225,206,297,
30.581183712626835,99274,226,206,297,
30.587335510176658,99274,225,207,297,
30.59208193109374,99274,225,206,298,
30.59710306901392,99273,226,206,298,
30.60492286875141,99272,227,206,298,
30.615693625911298,99271,228,206,298,
30.623085463797025,99270,229,206,298,
30.637516483897894,99269,230,206,298,
30.652826728318882,99268,231,206,298,
30.664740807810567,99267,232,206,298,
30.667687018292114,99266,233,206,298,
30.668029577291993,99266,232,207,298,
30.66968648834176,99266,231,208,298,
30.681859373350644,99265,232,208,298,
30.688315645204728,99264,233,208,298,
30.689359113183137,99264,232,209,298,
30.70034461509394,99263,233,209,298,
30.72217043653703,99263,232,210,298,
30.726888700547654,99262,233,210,298,
30.75011356904389,99262,232,211,298,
30.75212405377608,99261,233,211,298,
30.75327117603065,99261,232,212,298,
30.76087298785146,99261,231,213,298,
30.767027046328156,99260,232,213,298,
30.777986400585196,99260,231,214,298,
30.780314291466002,99260,230,215,298,
30.785236180293413,99260,229,216,298,
30.804258617283747,99259,230,216,298,
30.805246846528778,99258,231,216,298,
30.809369916790377,99258,230,217,298,
30.810789130337547,99258,229,218,298,
30.814453473320803,99257,230,218,298,
30.830580280127627,99256,231,218,298,
30.84586963938871,99255,232,218,298,
30.85647788406974,99254,233,218,298,
30.87098537799395,99254,232,219,298,
30.871485191724062,99254,231,220,298,
30.876852379443193,99253,232,220,298,
30.877823829419825,99253,231,221,298,
30.88296354797751,99252,232,221,298,
30.889474007609298,99251,233,221,298,
30.900502340770426,99250,234,221,298,
30.900979691912006,99249,235,221,298,
30.90103117870085,99248,236,221,298,
30.905907679208454,99247,237,221,298,
30.91477185618808,99246,238,221,298,
30.91659977304902,99246,237,222,298,
30.936298083985932,99245,238,222,298,
30.945423052900004,99244,239,222,298,
30.945538519546336,99243,240,222,298,
30.955494834800838,99243,240,221,299,
30.963789848251107,99242,241,221,299,
30.963789848251107,99242,241,221,299,
30.965084941872288,99241,242,221,299,
30.967924059425258,99241,242,220,300,
30.973154570995252,99241,242,219,301,
30.9758353763524,99241,242,218,302,
30.982445498279336,99241,241,219,302,
30.994966713341395,99241,240,220,302,
31.015827439504314,99240,241,220,302,
31.02025480978389,99240,240,221,302,
31.02045608302743,99239,241,221,302,
31.026394856241055,99238,242,221,302,
31.030357783410242,99237,243,221,302,
31.047544487360216,99236,244,221,302,
31.04993926299746,99235,245,221,302,
31.051058863131402,99235,244,222,302,
31.053548204537808,99234,245,222,302,
31.053876566899273,99234,245,221,303,
31.070242617986235,99233,246,221,303,
31.07526685491228,99233,246,220,304,
31.076610603663823,99233,245,221,304,
31.089073096299625,99233,244,222,304,
31.107297092157133,99232,245,222,304,
31.11766349862085,99231,246,222,304,
31.1180060308069,99231,245,223,304,
31.132546598886385,99230,246,223,304,
31.136291577645224,99230,245,224,304,
31.140337498895835,99230,244,225,304,
31.14035229291416,99229,245,225,304,
31.144599880277134,99229,244,226,304,
31.151979365299916,99228,245,226,304,
31.16215229564731,99228,244,227,304,
31.171567403558818,99227,245,227,304,
31.183589270739077,99227,244,228,304,
31.18617635037536,99226,245,228,304,
31.189366530540177,99225,246,228,304,
31.208547318959656,99225,245,229,304,
31.210230045708684,99225,245,228,305,
31.21126862443789,99224,246,228,305,
31.217783136753386,99223,247,228,305,
31.224996197229586,99223,246,229,305,
31.22686355590391,99222,247,229,305,
31.23077593360665,99222,246,230,305,
31.237414348198286,99222,245,231,305,
31.255246192012088,99222,245,230,306,
31.257595979421186,99222,244,231,306,
31.260863641031722,99221,245,231,306,
31.27023924400283,99221,244,232,306,
31.275264896345707,99220,245,232,306,
31.303634315741256,99219,246,232,306,
31.30409066052703,99218,247,232,306,
31.309173819872115,99217,248,232,306,
31.3121138109337,99216,249,232,306,
31.33352188951991,99215,250,232,306,
31.348793260167476,99214,251,232,306,
31.350343451680008,99213,252,232,306,
31.352936624219698,99212,253,232,306,
31.38306134582127,99211,254,232,306,
31.385728182121813,99211,253,233,306,
31.385921652068742,99211,252,234,306,
31.39770527163961,99211,251,235,306,
31.398770587020653,99210,252,235,306,
31.402933272526926,99210,251,236,306,
31.404273907164875,99209,252,236,306,
31.416268117025375,99208,253,236,306,
31.422261726546374,99208,252,237,306,
31.433191562364044,99208,251,238,306,
31.440937228604653,99208,250,239,306,
31.44238143615192,99208,250,238,307,
31.453357036828375,99207,251,238,307,
31.453426739165298,99206,252,238,307,
31.463519409777422,99205,253,238,307,
31.464134248133025,99204,254,238,307,
31.472718342876483,99203,255,238,307,
31.47761906628528,99202,256,238,307,
31.483405885284103,99201,257,238,307,
31.489803748577415,99201,256,239,307,
31.516954931030615,99200,257,239,307,
31.52708815613325,99200,257,238,308,
31.52929312819492,99199,258,238,308,
31.53534523457757,99199,257,239,308,
31.552178609595344,99198,258,239,308,
31.553968923030588,99198,257,240,308,
31.55707221864047,99198,256,241,308,
31.573997028562633,99197,257,241,308,
31.576549936209794,99196,258,241,308,
31.579257843117084,99195,259,241,308,
31.584574255811038,99194,260,241,308,
31.594808396852095,99194,260,240,309,
31.60175608088664,99193,261,240,309,
31.6097862026529,99193,260,241,309,
31.62417144726152,99192,261,241,309,
31.626027320591138,99192,260,242,309,
31.628232362835544,99192,260,241,310,
31.628476828402096,99191,261,241,310,
31.632588953125264,99191,261,240,311,
31.64246882268471,99191,260,241,311,
31.648895238260017,99190,261,241,311,
31.654974513890092,99190,260,242,311,
31.655037109144413,99190,259,243,311,
31.667943642446495,99190,258,244,311,
31.671033088051157,99189,259,244,311,
31.676792862563698,99189,259,243,312,
31.689606761619743,99188,260,243,312,
31.692702843272524,99188,259,244,312,
31.69535047126425,99187,260,244,312,
31.724729264673638,99186,261,244,312,
31.7279012921862,99186,260,245,312,
31.729603883597118,99185,261,245,312,
31.7303293465559,99185,260,246,312,
31.732818864281004,99184,261,246,312,
31.737460950743188,99183,262,246,312,
31.745255485363455,99183,261,247,312,
31.74593839779255,99183,261,246,313,
31.754531539583716,99183,261,245,314,
31.756264546097004,99182,262,245,314,
31.756291772365394,99182,261,246,314,
31.75867230283204,99182,261,245,315,
31.761481201950616,99181,262,245,315,
31.77272167347697,99181,261,246,315,
31.77872679666954,99180,262,246,315,
31.781806245176643,99179,263,246,315,
31.785113333477582,99179,263,245,316,
31.786656306705773,99179,262,246,316,
31.79191700237768,99179,262,245,317,
31.802634418160217,99179,261,246,317,
31.803127826852275,99179,261,245,318,
31.803861827329442,99178,262,245,318,
31.83522898411731,99177,263,245,318,
31.838781313232296,99177,262,246,318,
31.84188406040647,99177,262,245,319,
31.847705146899703,99176,263,245,319,
31.856470319031494,99175,264,245,319,
31.860784716969377,99175,263,246,319,
31.861214472290257,99174,264,246,319,
31.863546810065856,99173,265,246,319,
31.86757551829448,99173,265,245,320,
31.870262656562122,99173,265,244,321,
31.892830541479515,99173,264,245,321,
31.89395826078659,99172,265,245,321,
31.893970219897625,99171,266,245,321,
31.89474111709528,99171,266,244,322,
31.9023164195352,99171,266,243,323,
31.904529908144465,99171,266,242,324,
31.90740650383634,99171,265,243,324,
31.918328900549383,99171,264,244,324,
31.925350389439473,99171,263,245,324,
31.950182432240357,99171,262,246,324,
31.952070061558864,99170,263,246,324,
31.952070061558864,99170,263,246,324,
31.957699734298593,99169,264,246,324,
31.958198642700022,99168,265,246,324,
31.9660895384316,99167,266,246,324,
31.96635875093979,99167,265,247,324,
31.970770951454348,99167,265,246,325,
31.97167836769443,99166,266,246,325,
31.983949427119995,99165,267,246,325,
31.986573946164228,99165,267,245,326,
31.994290908711733,99164,268,245,326,
32.00462882917004,99163,269,245,326,
32.00482863697616,99163,269,244,327,
32.01647001779858,99162,270,244,327,
32.01901886799373,99162,270,243,328,
32.026254127656095,99162,269,244,328,
32.02781369810118,99161,270,244,328,
32.03319959624181,99161,269,245,328,
32.03340838849212,99160,270,245,328,
32.035666349656026,99160,269,246,328,
32.041288172249004,99160,269,245,329,
32.04351130158628,99160,268,246,329,
32.05043304381241,99160,267,247,329,
32.07100389972696,99159,268,247,329,
32.07871305108576,99159,267,248,329,
32.08648307076825,99159,267,247,330,
32.09659463526277,99159,266,248,330,
32.11230641544522,99158,267,248,330,
32.11288204088,99158,267,247,331,
32.11874881863467,99157,268,247,331,
32.11916107848281,99156,269,247,331,
32.12200448332909,99156,268,248,331,
32.12722048024454,99156,267,249,331,
32.128622753710395,99156,266,250,331,
32.13134081562482,99156,265,251,331,
32.13511981424189,99156,264,252,331,
32.14615353290555,99156,263,253,331,
32.16475032127973,99156,262,254,331,
32.17118171325585,99156,261,255,331,
32.17756135261429,99155,262,255,331,
32.18162863089843,99155,261,256,331,
32.18493712959307,99154,262,256,331,
32.18681573942719,99154,261,257,331,
32.18723037284844,99153,262,257,331,
32.19368365234491,99153,261,258,331,
32.19954270441233,99152,262,258,331,
32.209926621465534,99152,261,259,331,
32.21235717188487,99151,262,259,331,
32.21356777170771,99150,263,259,331,
32.2224703816058,99149,264,259,331,
32.22289898123918,99148,265,259,331,
32.228241354497186,99148,265,258,332,
32.23084657271562,99147,266,258,332,
32.23151719245015,99147,265,259,332,
32.23561747367051,99146,266,259,332,
32.236731575136275,99146,265,260,332,
32.248098486676454,99145,266,260,332,
32.251530124670175,99144,267,260,332,
32.25644674457194,99143,268,260,332,
32.25819655383558,99142,269,260,332,
32.260786934473224,99142,268,261,332,
32.276891648896914,99142,268,260,333,
32.286984080077566,99141,269,260,333,
32.29131813079876,99141,269,259,334,
32.30450128975136,99141,268,260,334,
32.30467777708542,99141,267,261,334,
32.32464748931721,99140,268,261,334,
32.32812984591352,99139,269,261,334,
32.328755692749006,99138,270,261,334,
32.32955689426388,99138,269,262,334,
32.33633392820989,99137,270,262,334,
32.33738798478143,99136,271,262,334,
32.343660124338165,99135,272,262,334,
32.34753590124218,99135,272,261,335,
32.35162028177597,99135,272,260,336,
32.35206745372863,99135,271,261,336,
32.35241414842339,99135,271,260,337,
32.36184656673676,99135,271,259,338,
32.3654139339163,99135,270,260,338,
32.376977925323295,99135,270,259,339,
32.37731009900343,99134,271,259,339,
32.377500039867364,99133,272,259,339,
32.38011031784357,99132,273,259,339,
32.3822356554582,99132,272,260,339,
32.38831156922793,99132,271,261,339,
32.39772471160091,99131,272,261,339,
32.40491088238038,99130,273,261,339,
32.40912287556892,99130,272,262,339,
32.42411808290819,99130,272,261,340,
32.424680590951404,99130,271,262,340,
32.42489614386676,99130,271,261,341,
32.42647455130924,99129,272,261,341,
32.43378693989252,99129,271,262,341,
32.44453213143203,99129,270,263,341,
32.44524778986849,99128,271,263,341,
32.463308329643176,99128,270,264,341,
32.469097280340186,99128,269,265,341,
32.476321009103565,99128,269,264,342,
32.476420053315444,99127,270,264,342,
32.49041916132461,99126,271,264,342,
32.49617878510883,99125,272,264,342,
32.49808432302579,99125,271,265,342,
32.50684270299861,99124,272,265,342,
32.52307361695217,99123,273,265,342,
32.52725062481015,99123,272,266,342,
32.533746939217075,99123,271,267,342,
32.53512933021168,99123,270,268,342,
32.54847343026871,99122,271,268,342,
32.54972189840391,99122,270,269,342,
32.55444067546693,99122,270,268,343,
32.567584538378554,99121,271,268,343,
32.57614827249378,99121,270,269,343,
32.57725351693927,99120,271,269,343,
32.57775579810228,99120,271,268,344,
32.58079962504918,99120,271,267,345,
32.58291444986467,99120,270,268,345,
32.58579204841626,99120,270,267,346,
32.585947127232096,99119,271,267,346,
32.59069636350026,99118,272,267,346,
32.60459762931613,99118,272,266,347,
32.60520690129934,99118,271,267,347,
32.61639949726305,99117,272,267,347,
32.61919120815632,99116,273,267,347,
32.63280480671041,99115,274,267,347,
32.63721317955269,99115,274,266,348,
32.6420875180943,99114,275,266,348,
32.646716426738564,99114,274,267,348,
32.654607290076264,99113,275,267,348,
32.658882477186445,99112,276,267,348,
32.66898925433311,99112,276,266,349,
32.669918401388045,99112,275,267,349,
32.672140732739976,99111,276,267,349,
32.67366015475557,99111,275,268,349,
32.68661273031254,99111,274,269,349,
32.68678296253728,99110,275,269,349,
32.68729760957504,99109,276,269,349,
32.68775292899987,99108,277,269,349,
32.69918009948495,99107,278,269,349,
32.699249284942596,99107,277,270,349,
32.70547847794692,99106,278,270,349,
32.705832815114405,99106,277,271,349,
32.70992590310337,99106,276,272,349,
32.7104940295001,99106,276,271,350,
32.71078597503867,99106,275,272,350,
32.71148679236216,99105,276,272,350,
32.71397784362673,99105,275,273,350,
32.71658599431377,99105,274,274,350,
32.71745738348216,99104,275,274,350,
32.724929524084445,99104,274,275,350,
32.72810856069724,99104,273,276,350,
32.73055308566064,99103,274,276,350,
32.73181660294881,99103,273,277,350,
32.73514401861738,99103,273,276,351,
32.73621966648137,99103,273,275,352,
32.74577411256712,99102,274,275,352,
32.75094956029698,99101,275,275,352,
32.75440941569217,99100,276,275,352,
32.75806928105184,99099,277,275,352,
32.758233556951076,99098,278,275,352,
32.76781854319434,99097,279,275,352,
32.771279832231166,99096,280,275,352,
32.78123712577142,99095,281,275,352,
32.78488182216546,99094,282,275,352,
32.800658352297816,99094,281,276,352,
32.805590161857374,99094,280,277,352,
32.81966701244561,99093,281,277,352,
32.85404243925592,99093,280,278,352,
32.870572320879944,99092,281,278,352,
32.871146235393475,99092,280,279,352,
32.87309815436593,99091,281,279,352,
32.878022971754234,99090,282,279,352,
32.884849150619665,99089,283,279,352,
32.8887581734066,99088,284,279,352,
32.90327702559947,99088,283,280,352,
32.90517846553892,99087,284,280,352,
32.9124922781109,99086,285,280,352,
32.9428413345604,99085,286,280,352,
32.945015954499546,99085,286,279,353,
32.945015954499546,99085,286,279,353,
32.9459462953708,99085,286,278,354,
32.94595698229524,99085,286,277,355,
32.95028391254581,99085,286,276,356,
32.965231044383295,99084,287,276,356,
32.97981545950571,99084,286,277,356,
32.981856307180344,99083,287,277,356,
32.98380597711046,99083,286,278,356,
32.9872588396034,99082,287,278,356,
32.99025572317832,99082,287,277,357,
33.011930548687516,99082,286,278,357,
33.01935260235365,99081,287,278,357,
33.019790993207614,99081,286,279,357,
33.021829772913264,99081,286,278,358,
33.02465772938212,99081,285,279,358,
33.032773323033226,99081,284,280,358,
33.03765001121921,99081,283,281,358,
33.03847677260193,99081,282,282,358,
33.042182241344584,99081,281,283,358,
33.04522290185254,99080,282,283,358,
33.051972037798535,99079,283,283,358,
33.05318927264964,99079,282,284,358,
33.057345065128935,99078,283,284,358,
33.060074876491136,99077,284,284,358,
33.07120174762845,99076,285,284,358,
33.08131217251617,99075,286,284,358,
33.082156870006074,99074,287,284,358,
33.097538417282315,99074,287,283,359,
33.09913351056682,99074,286,284,359,
33.10475566019141,99073,287,284,359,
33.1122621025482,99072,288,284,359,
33.117056487440024,99072,287,285,359,
33.12311629331909,99071,288,285,359,
33.12842041611079,99070,289,285,359,
33.130807823274374,99070,289,284,360,
33.131297056085224,99069,290,284,360,
33.13777281148081,99068,291,284,360,
33.14091367743983,99068,291,283,361,
33.14656043979085,99067,292,283,361,
33.148499864643924,99066,293,283,361,
33.16039165703393,99065,294,283,361,
33.185616757086905,99065,294,282,362,
33.188669317109024,99065,294,281,363,
33.19021229315408,99065,293,282,363,
33.19032352762833,99064,294,282,363,
33.19543367109762,99064,293,283,363,
33.195917820765686,99063,294,283,363,
33.198185270220556,99063,293,284,363,
33.19868773195813,99063,292,285,363,
33.22428374635785,99063,292,284,364,
33.225289372090245,99062,293,284,364,
33.22665904633233,99062,292,285,364,
33.228796492074316,99062,291,286,364,
33.232211842290816,99061,292,286,364,
33.23762568260587,99061,291,287,364,
33.242152811417625,99060,292,287,364,
33.2476097887996,99059,293,287,364,
33.26139051271898,99059,292,288,364,
33.263772426929734,99059,292,287,365,
33.26923717831396,99058,293,287,365,
33.271255093798814,99058,292,288,365,
33.287506570367555,99057,293,288,365,
33.30521830398507,99057,292,289,365,
33.31635800041837,99056,293,289,365,
33.33313458916319,99055,294,289,365,
33.33404315669733,99055,293,290,365,
33.338079589969524,99055,292,291,365,
33.34001673246301,99054,293,291,365,
33.342828934645375,99054,292,292,365,
33.34976941719723,99053,293,292,365,
33.36354381597537,99053,292,293,365,
33.364171633919895,99052,293,293,365,
33.397684578137714,99051,294,293,365,
33.401189840693014,99050,295,293,365,
33.41500619276361,99049,296,293,365,
33.41533711701435,99048,297,293,365,
33.415859154731294,99047,298,293,365,
33.41703087610825,99046,299,293,365,
33.42167158408458,99046,298,294,365,
33.42597911094134,99045,299,294,365,
33.43706301614654,99044,300,294,365,
33.43845491634994,99043,301,294,365,
33.4391835288025,99043,300,295,365,
33.43986828017228,99042,301,295,365,
33.45171427277329,99041,302,295,365,
33.47642427501612,99041,301,296,365,
33.480205372287216,99041,300,297,365,
33.484364470046664,99041,300,296,366,
33.49087670657934,99041,300,295,367,
33.50855447921565,99040,301,295,367,
33.511633725997804,99039,302,295,367,
33.516439815351134,99038,303,295,367,
33.519493035106514,99037,304,295,367,
33.52465604212529,99037,304,294,368,
33.53363485480494,99037,303,295,368,
33.53992951884411,99037,303,294,369,
33.54992204373716,99036,304,294,369,
33.55409168172092,99036,304,293,370,
33.55763563196853,99036,304,292,371,
33.57041094646635,99036,304,291,372,
33.576394899207706,99035,305,291,372,
33.58801196289398,99034,306,291,372,
33.601292346092706,99033,307,291,372,
33.6039540094588,99033,307,290,373,
33.612978313507035,99033,307,289,374,
33.61762086987541,99032,308,289,374,
33.62429032231732,99031,309,289,374,
33.62729833764762,99031,308,290,374,
33.63223954407736,99030,309,290,374,
33.63777585676417,99030,308,291,374,
33.642009989900956,99030,308,290,375,
33.64633528228466,99029,309,290,375,
33.65031173638786,99029,308,291,375,
33.65594442741988,99029,307,292,375,
33.65813835045087,99029,306,293,375,
33.68502346174157,99029,305,294,375,
33.68846763518682,99029,304,295,375,
33.68849965790394,99028,305,295,375,
33.69185107474474,99028,305,294,376,
33.69885636116006,99028,304,295,376,
33.714586664839885,99028,303,296,376,
33.715769857459705,99028,302,297,376,
33.71687291293687,99028,301,298,376,
33.718393311603805,99028,300,299,376,
33.72332804212858,99028,300,298,377,
33.72374872111713,99027,301,298,377,
33.73404553213776,99027,301,297,378,
33.73728715508053,99027,300,298,378,
33.73799377316586,99026,301,298,378,
33.74241924426394,99025,302,298,378,
33.744373773428926,99024,303,298,378,
33.745851425063236,99023,304,298,378,
33.75183864763916,99023,303,299,378,
33.75506164857948,99022,304,299,378,
33.75934928920914,99021,305,299,378,
33.765168360166555,99020,306,299,378,
33.77008805590437,99020,306,298,379,
33.77261839699285,99019,307,298,379,
33.77452369651098,99019,306,299,379,
33.781205816488956,99018,307,299,379,
33.78152408978013,99017,308,299,379,
33.784013915769094,99016,309,299,379,
33.78529797496934,99015,310,299,379,
33.7946060911072,99015,310,298,380,
33.79479765520172,99014,311,298,380,
33.794885851917805,99014,310,299,380,
33.813886154725814,99013,311,299,380,
33.815019063969956,99013,310,300,380,
33.81790662541757,99013,310,299,381,
33.8242566607522,99012,311,299,381,
33.84159562895503,99012,311,298,382,
33.8727457685156,99011,312,298,382,
33.88155671096121,99011,312,297,383,
33.883078882850924,99010,313,297,383,
33.88774321208105,99009,314,297,383,
33.89823198246802,99008,315,297,383,
33.90340070653333,99008,315,296,384,
33.90405550078564,99008,314,297,384,
33.90566778954736,99008,313,298,384,
33.90654263210025,99007,314,298,384,
33.90866859429305,99006,315,298,384,
33.909198411084255,99005,316,298,384,
33.914600723047876,99005,315,299,384,
33.91666838947829,99004,316,299,384,
33.921535408125166,99003,317,299,384,
33.92708516709702,99003,316,300,384,
33.9304603995434,99003,315,301,384,
33.93505721880574,99003,314,302,384,
33.9357120279127,99002,315,302,384,
33.93735099356446,99001,316,302,384,
33.93735099356446,99001,316,302,384,
33.941858596996305,99001,316,301,385,
33.94251558453362,99000,317,301,385,
33.94592838084138,99000,317,300,386,
33.94678603780129,99000,316,301,386,
33.94845153197542,98999,317,301,386,
33.97117786590697,98999,316,302,386,
33.97446059717213,98999,315,303,386,
34.0063667272061,98999,314,304,386,
34.01122793041645,98999,313,305,386,
34.01405860980041,98999,312,306,386,
34.01634531815816,98999,312,305,387,
34.02142467114706,98999,311,306,387,
34.023239343555346,98999,310,307,387,
34.02550540976226,98998,311,307,387,
34.028869508716404,98997,312,307,387,
34.030200905339505,98996,313,307,387,
34.035289969577505,98995,314,307,387,
34.040757412325135,98995,313,308,387,
34.04635709778632,98994,314,308,387,
34.05224317606519,98993,315,308,387,
34.05869083544873,98992,316,308,387,
34.06404562609838,98992,316,307,388,
34.06699520876251,98992,316,306,389,
34.06945824257905,98992,315,307,389,
34.0730748859072,98992,315,306,390,
34.07531510865857,98991,316,306,390,
34.08634068044493,98991,315,307,390,
34.09620552547219,98991,315,306,391,
34.098871586944384,98991,315,305,392,
34.110048336182366,98991,314,306,392,
34.118865457448656,98991,314,305,393,
34.12704367224963,98990,315,305,393,
34.13025704259626,98989,316,305,393,
34.14589850671777,98989,316,304,394,
34.149438605473556,98989,316,303,395,
34.1500032544108,98988,317,303,395,
34.15344802284005,98987,318,303,395,
34.15582349886376,98986,319,303,395,
34.162528401697394,98986,318,304,395,
34.181278920572744,98986,317,305,395,
34.18381754629698,98985,318,305,395,
34.1852440796502,98985,317,306,395,
34.19106369998964,98985,317,305,396,
34.193782999282284,98985,317,304,397,
34.215763508212326,98985,317,303,398,
34.226748116094925,98984,318,303,398,
34.23428555309816,98983,319,303,398,
34.23428677931823,98983,319,302,399,
34.23590912723908,98983,318,303,399,
34.24608310299794,98983,318,302,400,
34.247612736255704,98982,319,302,400,
34.25169351306351,98982,319,301,401,
34.25516738584592,98982,318,302,401,
34.25601527133542,98981,319,302,401,
34.26038907131062,98981,318,303,401,
34.26064948031774,98981,317,304,401,
34.26124925711546,98980,318,304,401,
34.26621695713952,98979,319,304,401,
34.268944808001,98979,318,305,401,
34.26910229920108,98978,319,305,401,
34.27028513375192,98978,318,306,401,
34.280462375714514,98977,319,306,401,
34.2994474864227,98976,320,306,401,
34.299836752789254,98975,321,306,401,
34.300455413541385,98975,320,307,401,
34.30277993141695,98975,320,306,402,
34.30885608875361,98975,319,307,402,
34.31014217723561,98975,318,308,402,
34.31114663659401,98974,319,308,402,
34.32122306053142,98973,320,308,402,
34.32190005783919,98973,319,309,402,
34.322374684279616,98972,320,309,402,
34.32402717490953,98972,319,310,402,
34.324083555868434,98972,319,309,403,
34.32551242412787,98972,319,308,404,
34.32983542914612,98972,318,309,404,
34.33234729824963,98971,319,309,404,
34.33464320381742,98971,318,310,404,
34.33888056300194,98970,319,310,404,
34.3501739549373,98970,318,311,404,
34.353989597481345,98970,317,312,404,
34.35465209326648,98970,316,313,404,
34.35945720847786,98970,315,314,404,
34.364898696916285,98970,314,315,404,
34.369574606242026,98969,315,315,404,
34.37403198002669,98968,316,315,404,
34.377836693963,98968,315,316,404,
34.38059505302741,98967,316,316,404,
34.38305185091187,98966,317,316,404,
34.38429575895873,98965,318,316,404,
34.39068257299587,98965,317,317,404,
34.39266403768959,98965,316,318,404,
34.39747902745203,98965,316,317,405,
34.403730557092835,98964,317,317,405,
34.40858140908109,98964,317,316,406,
34.411291428080816,98964,317,315,407,
34.422672641427994,98964,316,316,407,
34.42407590177177,98964,315,317,407,
34.4344566097864,98963,316,317,407,
34.44095963171631,98963,315,318,407,
34.443997806567594,98963,315,317,408,
34.446005165104175,98963,314,318,408,
34.45013536727622,98962,315,318,408,
34.45615793704162,98961,316,318,408,
34.461950600768816,98960,317,318,408,
34.465967791091394,98960,317,317,409,
34.46830572605229,98960,316,318,409,
34.47049744886241,98959,317,318,409,
34.48818753644636,98958,318,318,409,
34.507387303569324,98958,317,319,409,
34.50822035518409,98957,318,319,409,
34.51325515008747,98957,317,320,409,
34.519323310882655,98956,318,320,409,
34.52274583603928,98955,319,320,409,
34.525491973446194,98955,319,319,410,
34.52732939007828,98954,320,319,410,
34.53918428182183,98954,319,320,410,
34.54415547809185,98954,318,321,410,
34.550233386733545,98953,319,321,410,
34.551974122828874,98953,318,322,410,
34.55598508292579,98952,319,322,410,
34.55709943208438,98952,319,321,411,
34.55919481373702,98951,320,321,411,
34.56670576947155,98951,319,322,411,
34.570261897327036,98950,320,322,411,
34.57339777768144,98949,321,322,411,
34.58235176546036,98948,322,322,411,
34.58630668687359,98948,321,323,411,
34.58895656158631,98948,320,324,411,
34.59372667578996,98948,319,325,411,
34.6096625751213,98947,320,325,411,
34.62875955350123,98947,319,326,411,
34.63057884917106,98947,319,325,412,
34.6329485445213,98947,318,326,412,
34.638336869630535,98947,317,327,412,
34.64189082593886,98946,318,327,412,
34.64646595034146,98946,317,328,412,
34.64927636846089,98946,317,327,413,
34.649422579047396,98945,318,327,413,
34.6524638956418,98944,319,327,413,
34.66448425940835,98944,318,328,413,
34.66781735528009,98944,317,329,413,
34.667829928716586,98944,316,330,413,
34.67667821393183,98944,316,329,414,
34.68438934668392,98944,315,330,414,
34.686477802482116,98943,316,330,414,
34.697772178601284,98942,317,330,414,
34.7071565763019,98942,316,331,414,
34.71407281870724,98941,317,331,414,
34.718507062201425,98941,316,332,414,
34.71873787296634,98941,316,331,415,
34.72058445913269,98941,316,330,416,
34.72565772951797,98940,317,330,416,
34.7303831589641,98939,318,330,416,
34.742266109220004,98939,317,331,416,
34.74576578715311,98938,318,331,416,
34.75500300307569,98938,317,332,416,
34.761322805987625,98938,317,331,417,
34.76562211501352,98938,316,332,417,
34.7694565404421,98938,315,333,417,
34.7808341961098,98937,316,333,417,
34.78611040306441,98937,316,332,418,
34.78615311558533,98937,315,333,418,
34.78862501946253,98936,316,333,418,
34.790682520340646,98935,317,333,418,
34.79255823636174,98934,318,333,418,
34.79510237213923,98934,318,332,419,
34.801073066542116,98934,318,331,420,
34.8096932096367,98934,318,330,421,
34.81116070145808,98934,318,329,422,
34.816073083094274,98934,317,330,422,
34.824115030619666,98933,318,330,422,
34.82428187495634,98932,319,330,422,
34.83078651605012,98932,319,329,423,
34.84187311841708,98932,318,330,423,
34.84501230969365,98932,318,329,424,
34.846902981381554,98932,317,330,424,
34.84766783922519,98931,318,330,424,
34.849627190119534,98931,318,329,425,
34.86374172574031,98931,318,328,426,
34.86769143981283,98931,317,329,426,
34.87469678336994,98930,318,329,426,
34.87586494582246,98930,318,328,427,
34.88178161246172,98930,318,327,428,
34.88897855627204,98929,319,327,428,
34.89577910545979,98929,319,326,429,
34.902549571189596,98929,318,327,429,
34.90304982330784,98928,319,327,429,
34.9037358563406,98927,320,327,429,
34.90599157985315,98926,321,327,429,
34.912334467977466,98926,321,326,430,
34.91268603155978,98926,320,327,430,
34.91593858619987,98925,321,327,430,
34.92041166870388,98924,322,327,430,
34.93056912459141,98923,323,327,430,
34.936064662946414,98923,323,326,431,
34.936848696451115,98922,324,326,431,
34.936848696451115,98922,324,326,431,
34.93904743675101,98922,323,327,431,
34.94923731418911,98921,324,327,431,
34.96295353094538,98921,323,328,431,
34.963698735455964,98921,322,329,431,
34.96878467800664,98920,323,329,431,
34.97650028676588,98920,322,330,431,
34.97854392961929,98920,322,329,432,
34.979098976937195,98919,323,329,432,
34.97977946106891,98919,322,330,432,
34.98531654035678,98918,323,330,432,
34.990619493527376,98917,324,330,432,
34.9918488820323,98917,323,331,432,
34.99721499385773,98917,322,332,432,
35.01216632334587,98916,323,332,432,
35.01572908374333,98916,322,333,432,
35.01760286723693,98915,323,333,432,
35.02087874026601,98915,322,334,432,
35.02343625944799,98915,321,335,432,
35.04559025193644,98915,320,336,432,
35.04740497970989,98914,321,336,432,
35.05256517365303,98914,321,335,433,
35.053515977475165,98913,322,335,433,
35.06717364357761,98913,321,336,433,
35.067738092313135,98912,322,336,433,
35.07259086118856,98912,321,337,433,
35.091580787559344,98911,322,337,433,
35.1004277118255,98911,321,338,433,
35.10476540183629,98911,321,337,434,
35.108653109982946,98910,322,337,434,
35.110383517112254,98909,323,337,434,
35.11430089809068,98909,322,338,434,
35.116443691432465,98909,322,337,435,
35.12940239687488,98909,321,338,435,
35.13072896034523,98909,321,337,436,
35.133618057687215,98908,322,337,436,
35.13410677993806,98908,322,336,437,
35.13634165724132,98907,323,336,437,
35.141647714353795,98906,324,336,437,
35.16675039219351,98906,324,335,438,
35.175961139034186,98906,323,336,438,
35.184246596632605,98905,324,336,438,
35.18985532994414,98904,325,336,438,
35.19095445028078,98903,326,336,438,
35.19579751080107,98903,326,335,439,
35.20344899432059,98903,325,336,439,
35.21055221894703,98902,326,336,439,
35.21814993928158,98901,327,336,439,
35.219778198385484,98901,327,335,440,
35.23002147732763,98901,327,334,441,
35.23142833111093,98900,328,334,441,
35.23685480154006,98900,327,335,441,
35.23796189032844,98899,328,335,441,
35.23893851557868,98898,329,335,441,
35.24197470165619,98898,328,336,441,
35.243771054399495,98897,329,336,441,
35.24602610424236,98897,328,337,441,
35.25090161989946,98897,327,338,441,
35.258253989954895,98896,328,338,441,
35.259018915797654,98895,329,338,441,
35.26213158083819,98894,330,338,441,
35.26528047884078,98894,330,337,442,
35.27184212974928,98893,331,337,442,
35.27408023848607,98893,330,338,442,
35.27923188987127,98893,329,339,442,
35.28553890268166,98892,330,339,442,
35.288288557876015,98891,331,339,442,
35.29690794006897,98891,330,340,442,
35.299719233548366,98890,331,340,442,
35.302390173974786,98890,330,341,442,
35.30708413402741,98890,329,342,442,
35.3185400707881,98890,329,341,443,
35.328475188225376,98890,328,342,443,
35.33430632087703,98890,327,343,443,
35.35366638108126,98889,328,343,443,
35.35845311149106,98889,328,342,444,
35.36019098382084,98889,328,341,445,
35.36536490662412,98889,327,342,445,
35.37727642290242,98889,327,341,446,
35.37794221339778,98889,326,342,446,
35.382117969215976,98888,327,342,446,
35.38884943728721,98888,326,343,446,
35.3898548638651,98888,325,344,446,
35.39028215210471,98888,324,345,446,
35.39639416709232,98887,325,345,446,
35.399679077385585,98887,325,344,447,
35.40065465463051,98887,325,343,448,
35.40808167377345,98887,325,342,449,
35.422808888408255,98886,326,342,449,
35.4406895910742,98885,327,342,449,
35.444037933659004,98885,327,341,450,
35.446432410181295,98884,328,341,450,
35.45265100149707,98883,329,341,450,
35.45906600491258,98883,328,342,450,
35.46245969414746,98882,329,342,450,
35.462840593152514,98882,328,343,450,
35.463345010035795,98882,328,342,451,
35.47104289300605,98882,328,341,452,
35.475359601818006,98882,327,342,452,
35.480754049112754,98881,328,342,452,
35.48524843603212,98881,328,341,453,
35.48764395685328,98880,329,341,453,
35.49413640617596,98880,328,342,453,
35.49538745370628,98880,327,343,453,
35.50255141773698,98879,328,343,453,
35.504843286754664,98878,329,343,453,
35.51476747077206,98878,328,344,453,
35.52037177707127,98878,327,345,453,
35.53132064038695,98877,328,345,453,
35.533535250637996,98876,329,345,453,
35.534273188913566,98875,330,345,453,
35.53441079124066,98874,331,345,453,
35.53568822451852,98874,331,344,454,
35.53633955620986,98874,330,345,454,
35.53652303703729,98873,331,345,454,
35.53797471208009,98873,331,344,455,
35.55518661774666,98873,330,345,455,
35.55521974744002,98872,331,345,455,
35.55585099077528,98872,331,344,456,
35.55714624497091,98872,330,345,456,
35.5604779174322,98872,329,346,456,
35.564097200957654,98872,329,345,457,
35.567297165055116,98871,330,345,457,
35.56775280390952,98871,329,346,457,
35.571075986578016,98870,330,346,457,
35.57541705685287,98870,330,345,458,
35.57945487280864,98869,331,345,458,
35.58834553301245,98869,331,344,459,
35.594569378247044,98869,331,343,460,
35.601787339270444,98868,332,343,460,
35.602529647244154,98867,333,343,460,
35.6029296889362,98867,332,344,460,
35.605702156380204,98867,332,343,461,
35.609452708665316,98866,333,343,461,
35.611350771204464,98866,332,344,461,
35.61863122137922,98866,331,345,461,
35.620060009577955,98865,332,345,461,
35.630119132613,98864,333,345,461,
35.63164997738212,98863,334,345,461,
35.64033805713363,98863,334,344,462,
35.644200482816665,98862,335,344,462,
35.65099100219214,98861,336,344,462,
35.657155906613454,98861,336,343,463,
35.660210750614695,98861,335,344,463,
35.672642043351956,98860,336,344,463,
35.67537032730156,98860,335,345,463,
35.67598175264012,98860,334,346,463,
35.69060922762262,98859,335,346,463,
35.691017967218876,98859,334,347,463,
35.692240208214336,98859,333,348,463,
35.69538478667661,98858,334,348,463,
35.70253064223427,98858,333,349,463,
35.71002547408262,98858,332,350,463,
35.710911531853384,98858,332,349,464,
35.71534703610863,98858,332,348,465,
35.718868054473056,98857,333,348,465,
35.71993904055521,98857,332,349,465,
35.72021961399924,98856,333,349,465,
35.7267167083957,98856,332,350,465,
35.72790391901242,98855,333,350,465,
35.72887234214073,98855,332,351,465,
35.729177668235856,98855,331,352,465,
35.733487010903254,98854,332,352,465,
35.73602995938022,98854,331,353,465,
35.74223941103659,98853,332,353,465,
35.74235427001563,98853,331,354,465,
35.74572389030601,98852,332,354,465,
35.74855281797407,98852,331,355,465,
35.75325830731858,98851,332,355,465,
35.76233626670859,98851,331,356,465,
35.762364662564444,98851,331,355,466,
35.76360652925813,98851,330,356,466,
35.76646640204876,98851,330,355,467,
35.772679302889976,98851,330,354,468,
35.772717795359114,98851,330,353,469,
35.77433959301301,98851,329,354,469,
35.78024335228805,98850,330,354,469,
35.79115286806856,98849,331,354,469,
35.799513490044625,98849,330,355,469,
35.80004421122247,98848,331,355,469,
35.80317030187095,98847,332,355,469,
35.80598664958414,98847,331,356,469,
35.80775704508231,98846,332,356,469,
35.810162418779775,98846,331,357,469,
35.81344860351089,98845,332,357,469,
35.814539525950664,98844,333,357,469,
35.82438333605953,98844,332,358,469,
35.83130505466167,98844,331,359,469,
35.83424115298555,98844,331,358,470,
35.838483720978175,98844,330,359,470,
35.83894217994021,98843,331,359,470,
35.842852881216736,98842,332,359,470,
35.84444394993424,98841,333,359,470,
35.844648162990325,98840,334,359,470,
35.85104669258992,98839,335,359,470,
35.8547479363062,98838,336,359,470,
35.86215510333008,98837,337,359,470,
35.864136636431844,98837,336,360,470,
35.86423214687319,98836,337,360,470,
35.86604490439543,98836,337,359,471,
35.8688776526897,98835,338,359,471,
35.87678698065971,98835,337,360,471,
35.87953338736507,98835,337,359,472,
35.88330898277971,98834,338,359,472,
35.88900950418331,98834,337,360,472,
35.893083802146315,98834,337,359,473,
35.89490637691555,98833,338,359,473,
35.89599243280906,98832,339,359,473,
35.89999209600676,98831,340,359,473,
35.900379005070505,98831,339,360,473,
35.90504933978041,98830,340,360,473,
35.90538254543858,98829,341,360,473,
35.91252424400748,98829,341,359,474,
35.917701584446505,98828,342,359,474,
35.9179484056593,98828,342,358,475,
35.9202638996413,98827,343,358,475,
35.925634019313165,98826,344,358,475,
35.931692061690725,98825,345,358,475,
35.931692061690725,98825,345,358,475,
35.93713469552574,98824,346,358,475,
35.93959879337323,98824,345,359,475,
35.94528867328846,98824,344,360,475,
35.95544495721875,98823,345,360,475,
35.956816084959634,98823,344,361,475,
35.961441150687335,98822,345,361,475,
35.96372545383923,98822,345,360,476,
35.980167188476095,98821,346,360,476,
35.98345087454737,98820,347,360,476,
35.98752233417708,98820,346,361,476,
35.991142824085024,98819,347,361,476,
35.99258908503455,98819,346,362,476,
35.992878868888084,98819,346,361,477,
35.99719913431605,98819,346,360,478,
35.998260723637685,98819,346,359,479,
35.99933441760157,98818,347,359,479,
36.007237795334476,98817,348,359,479,
36.00772370050343,98816,349,359,479,
36.01231204100262,98816,349,358,480,
36.015808520839734,98816,348,359,480,
36.0275018551438,98815,349,359,480,
36.03572496556173,98815,349,358,481,
36.047554895204684,98815,349,357,482,
36.04952556065879,98815,349,356,483,
36.05621442964547,98814,350,356,483,
36.0677195364666,98814,349,357,483,
36.06912081335176,98813,350,357,483,
36.07262889601062,98812,351,357,483,
36.07404162644651,98812,350,358,483,
36.074311895695836,98812,350,357,484,
36.0774479095111,98812,349,358,484,
36.08431204726127,98812,349,357,485,
36.08628613089632,98811,350,357,485,
36.093203137054246,98811,350,356,486,
36.09661194401005,98811,349,357,486,
36.10061881235683,98811,348,358,486,
36.10116896218971,98811,348,357,487,
36.10397479686499,98810,349,357,487,
36.10815057309318,98810,348,358,487,
36.11741071194107,98810,348,357,488,
36.120153249521024,98809,349,357,488,
36.12015877026787,98808,350,357,488,
36.12396599591946,98807,351,357,488,
36.12596786524185,98807,350,358,488,
36.12914398779898,98807,349,359,488,
36.132418196524846,98807,348,360,488,
36.13424224360235,98807,347,361,488,
36.13524137625811,98807,347,360,489,
36.137294757377816,98807,346,361,489,
36.14397515757738,98806,347,361,489,
36.1529574263101,98805,348,361,489,
36.156672534300235,98804,349,361,489,
36.16045122590025,98803,350,361,489,
36.16165653834894,98803,349,362,489,
36.16363968903437,98802,350,362,489,
36.17024132873412,98802,350,361,490,
36.17276615443293,98802,350,360,491,
36.173493262893025,98801,351,360,491,
36.174539990617916,98800,352,360,491,
36.18172706298671,98800,351,361,491,
36.188329731612754,98800,350,362,491,
36.1895652307861,98800,349,363,491,
36.19167936680163,98800,348,364,491,
36.19319936858137,98800,347,365,491,
36.202343963892446,98799,348,365,491,
36.202384165925096,98799,347,366,491,
36.20971183235278,98799,346,367,491,
36.21148370589157,98799,346,366,492,
36.217183823618434,98798,347,366,492,
36.21816499057667,98798,347,365,493,
36.21990110558121,98798,346,366,493,
36.227563464353416,98798,345,367,493,
36.23801022872881,98797,346,367,493,
36.245306031794435,98797,346,366,494,
36.245970567149016,98796,347,366,494,
36.24620421012475,98795,348,366,494,
36.24723670220378,98795,347,367,494,
36.26497981729545,98795,346,368,494,
36.27425260065719,98794,347,368,494,
36.27623643255808,98794,346,369,494,
36.27740302723965,98793,347,369,494,
36.29606053545119,98793,346,370,494,
36.296208716052625,98792,347,370,494,
36.31142560114648,98792,346,371,494,
36.311538835781526,98792,345,372,494,
36.31316711830662,98792,345,371,495,
36.31616656605531,98791,346,371,495,
36.32208606514957,98790,347,371,495,
36.32449356226052,98789,348,371,495,
36.3283927975407,98789,348,370,496,
36.32855371336862,98788,349,370,496,
36.32865886699071,98787,350,370,496,
36.32953813720723,98786,351,370,496,
36.33013747607422,98785,352,370,496,
36.33048377380113,98784,353,370,496,
36.34141742084006,98784,353,369,497,
36.34550167304111,98783,354,369,497,
36.34948003180962,98782,355,369,497,
36.352162104651164,98782,355,368,498,
36.357958312477564,98782,354,369,498,
36.36063465612181,98781,355,369,498,
36.363998363517645,98780,356,369,498,
36.364309734530075,98780,355,370,498,
36.37328853658618,98779,356,370,498,
36.38327018159531,98779,355,371,498,
36.383285150903006,98778,356,371,498,
36.39245944259433,98777,357,371,498,
36.39456601083175,98776,358,371,498,
36.39931495510243,98775,359,371,498,
36.40166779578095,98774,360,371,498,
36.402446888961286,98774,359,372,498,
36.4129431626457,98774,359,371,499,
36.421894410878465,98774,359,370,500,
36.425119272587885,98774,358,371,500,
36.425270480319604,98773,359,371,500,
36.427570491076466,98772,360,371,500,
36.42959324269037,98771,361,371,500,
36.42968183900989,98771,360,372,500,
36.43421600079067,98770,361,372,500,
36.43715428692171,98769,362,372,500,
36.43871137760636,98768,363,372,500,
36.44083880902072,98768,362,373,500,
36.448621958632366,98768,361,374,500,
36.45565120535437,98767,362,374,500,
36.45618159770945,98767,362,373,501,
36.45897484445447,98766,363,373,501,
36.46248805481176,98765,364,373,501,
36.470889031653726,98764,365,373,501,
36.472826466069506,98764,365,372,502,
36.47314921446719,98764,364,373,502,
36.47745467916718,98764,364,372,503,
36.47856030791136,98764,363,373,503,
36.48542009792987,98764,362,374,503,
36.50061819338882,98763,363,374,503,
36.50247715401452,98763,363,373,504,
36.503384251275584,98763,363,372,505,
36.50528350742848,98762,364,372,505,
36.5093131735518,98761,365,372,505,
36.5106406535564,98761,364,373,505,
36.51067910344212,98760,365,373,505,
36.513384200366,98759,366,373,505,
36.51861533087217,98759,366,372,506,
36.52069374533012,98759,366,371,507,
36.52634150430146,98759,365,372,507,
36.53814327674938,98758,366,372,507,
36.542203464169035,98757,367,372,507,
36.54747263695689,98756,368,372,507,
36.54933859720373,98755,369,372,507,
36.551535575386254,98754,370,372,507,
36.55265812013918,98754,370,371,508,
36.55617471586654,98754,369,372,508,
36.56096072025528,98753,370,372,508,
36.565464737396155,98753,370,371,509,
36.57703809093025,98753,370,370,510,
36.584408308724676,98753,369,371,510,
36.58637097213045,98752,370,371,510,
36.58821004753796,98752,369,372,510,
36.59578549683723,98752,368,373,510,
36.603098320082594,98752,367,374,510,
36.60326296039705,98751,368,374,510,
36.60427440841314,98750,369,374,510,
36.61585956697129,98750,368,375,510,
36.62032675554569,98750,367,376,510,
36.62045911880575,98750,367,375,511,
36.62061469971488,98749,368,375,511,
36.62674882144655,98749,368,374,512,
36.629712981296144,98749,368,373,513,
36.63436137159721,98749,368,372,514,
36.63852379975249,98748,369,372,514,
36.64035450822142,98747,370,372,514,
36.6410979836437,98746,371,372,514,
36.6415583834123,98746,371,371,515,
36.650745491025056,98745,372,371,515,
36.66294158204941,98744,373,371,515,
36.66936233755747,98743,374,371,515,
36.66997348761493,98743,373,372,515,
36.673455812427285,98742,374,372,515,
36.68075277784835,98741,375,372,515,
36.6889685186539,98741,374,373,515,
36.688982988480916,98740,375,373,515,
36.689890663107356,98739,376,373,515,
36.69477800979706,98738,377,373,515,
36.69820195543573,98738,376,374,515,
36.71125118954713,98737,377,374,515,
36.71545765574429,98737,377,373,516,
36.75409731251235,98737,377,372,517,
36.75709403825569,98737,377,371,518,
36.75825130524232,98737,377,370,519,
36.77006968810396,98736,378,370,519,
36.7741980064629,98736,377,371,519,
36.7835194719087,98736,376,372,519,
36.78959871146913,98736,376,371,520,
36.79243733330546,98736,376,370,521,
36.79707583339038,98736,375,371,521,
36.7984721942727,98735,376,371,521,
36.798991553486594,98734,377,371,521,
36.805057481509586,98733,378,371,521,
36.806404481588636,98732,379,371,521,
36.81287312658479,98731,380,371,521,
36.822550385039236,98730,381,371,521,
36.82965472944174,98729,382,371,521,
36.83463483214118,98729,382,370,522,
36.84127970718413,98729,381,371,522,
36.84196152716111,98729,380,372,522,
36.8430277635858,98728,381,372,522,
36.84313672287006,98727,382,372,522,
36.85368055330809,98726,383,372,522,
36.855002432724575,98726,383,371,523,
36.858125158556604,98726,382,372,523,
36.87491880803383,98725,383,372,523,
36.87581501534289,98724,384,372,523,
36.87613864186195,98723,385,372,523,
36.88441640302741,98722,386,372,523,
36.889214979828374,98721,387,372,523,
36.89252417102603,98721,386,373,523,
36.89424884332365,98720,387,373,523,
36.89444723475003,98720,386,374,523,
36.90494661067894,98719,387,374,523,
36.914674104285396,98719,386,375,523,
36.91511113304094,98719,385,376,523,
36.9213796075017,98718,386,376,523,
36.92344805752875,98718,386,375,524,
36.9238782874096,98718,386,374,525,
36.92776465377751,98718,385,375,525,
36.92776465377751,98718,385,375,525,
36.92848119329381,98717,386,375,525,
36.933096468710445,98717,386,374,526,
36.93344280250608,98716,387,374,526,
36.93968326283801,98715,388,374,526,
36.94145929067032,98715,387,375,526,
36.94616315382949,98715,386,376,526,
36.94839062252565,98715,386,375,527,
36.952497109863366,98714,387,375,527,
36.96046348764676,98714,387,374,528,
36.96216872922565,98714,386,375,528,
36.96418860717062,98713,387,375,528,
36.970231262582104,98712,388,375,528,
36.98321897126699,98712,387,376,528,
36.983356862608424,98712,387,375,529,
36.98757453185652,98711,388,375,529,
36.99290646489837,98711,388,374,530,
36.99405378147368,98710,389,374,530,
36.997252494809125,98710,388,375,530,
37.004953369979845,98709,389,375,530,
37.02032368941653,98708,390,375,530,
37.02596625285005,98707,391,375,530,
37.028864899439625,98707,390,376,530,
37.030194484905785,98707,390,375,531,
37.03476200354792,98707,389,376,531,
37.0409138716773,98707,388,377,531,
37.051483830132774,98707,387,378,531,
37.05425578129262,98706,388,378,531,
37.060491763377634,98706,387,379,531,
37.0697244339056,98706,386,380,531,
37.08075666934368,98706,386,379,532,
37.081831206495885,98705,387,379,532,
37.086422088108755,98705,386,380,532,
37.09019255368829,98704,387,380,532,
37.09371684751767,98703,388,380,532,
37.100494141404255,98702,389,380,532,
37.12266729483851,98702,388,381,532,
37.12618828777676,98702,388,380,533,
37.12834455107917,98701,389,380,533,
37.129375924516495,98701,389,379,534,
37.131763483239,98700,390,379,534,
37.13397931180166,98699,391,379,534,
37.13517209790866,98699,390,380,534,
37.13592090193664,98698,391,380,534,
37.137637627638775,98697,392,380,534,
37.14062572849832,98696,393,380,534,
37.14203219319036,98696,392,381,534,
37.1452294778043,98696,391,382,534,
37.14567208789941,98695,392,382,534,
37.14912596741043,98694,393,382,534,
37.15271834031907,98694,393,381,535,
37.15606602197498,98694,392,382,535,
37.15677830777002,98694,391,383,535,
37.15863973305212,98693,392,383,535,
37.15965676030515,98693,392,382,536,
37.15968492161391,98693,392,381,537,
37.16359673557764,98692,393,381,537,
37.167512484691464,98691,394,381,537,
37.17209052915328,98690,395,381,537,
37.172329367269604,98689,396,381,537,
37.18346504051027,98689,395,382,537,
37.186395224655605,98689,395,381,538,
37.18762604880134,98689,394,382,538,
37.196243945358866,98689,394,381,539,
37.2013909114215,98688,395,381,539,
37.20301882511528,98687,396,381,539,
37.20599182597104,98686,397,381,539,
37.21079952715937,98685,398,381,539,
37.21128207523131,98685,398,380,540,
37.213146174346114,98685,398,379,541,
37.21429520174324,98685,398,378,542,
37.21833058425027,98685,397,379,542,
37.21951193580415,98684,398,379,542,
37.21968665795221,98683,399,379,542,
37.23292021601368,98682,400,379,542,
37.23718330670239,98681,401,379,542,
37.244008359884674,98680,402,379,542,
37.24922737548854,98680,401,380,542,
37.25294492014588,98679,402,380,542,
37.2598855866045,98678,403,380,542,
37.267915300933204,98678,403,379,543,
37.268242706693876,98677,404,379,543,
37.269211518188264,98677,403,380,543,
37.269407897151154,98676,404,380,543,
37.27026858617905,98676,403,381,543,
37.27055287885708,98675,404,381,543,
37.271105893311336,98674,405,381,543,
37.27217515968953,98674,404,382,543,
37.27234136607282,98674,404,381,544,
37.27312220894481,98674,404,380,545,
37.279409020374025,98673,405,380,545,
37.28349446872154,98673,405,379,546,
37.28409284061968,98672,406,379,546,
37.287815621962466,98671,407,379,546,
37.29304437727943,98670,408,379,546,
37.295016954918076,98669,409,379,546,
37.29522616017765,98668,410,379,546,
37.2980697968184,98667,411,379,546,
37.30949688822718,98666,412,379,546,
37.31420985309551,98666,411,380,546,
37.31496175926956,98666,411,379,547,
37.3180089358358,98666,411,378,548,
37.32001267998363,98665,412,378,548,
37.325475814026255,98665,412,377,549,
37.32859554941859,98665,411,378,549,
37.33086165587043,98665,411,377,550,
37.332289495079564,98665,410,378,550,
37.34040325611748,98664,411,378,550,
37.35164389882351,98664,411,377,551,
37.3589983491069,98664,411,376,552,
37.36356697988279,98664,411,375,553,
37.36478384456656,98664,410,376,553,
37.365913447916405,98663,411,376,553,
37.368040771104,98662,412,376,553,
37.376016368722865,98662,411,377,553,
37.387213412277724,98662,411,376,554,
37.3885634748099,98661,412,376,554,
37.39065048097032,98661,411,377,554,
37.39319873818031,98661,410,378,554,
37.39466405347511,98660,411,378,554,
37.398694194009515,98659,412,378,554,
37.40513465852551,98659,412,377,555,
37.40636701963806,98658,413,377,555,
37.40888436215448,98658,412,378,555,
37.415638054033714,98658,411,379,555,
37.43322029889888,98657,412,379,555,
37.43482549401324,98657,411,380,555,
37.43558034809874,98656,412,380,555,
37.44306404209715,98656,412,379,556,
37.45349207435225,98655,413,379,556,
37.457474159359336,98655,413,378,557,
37.459675201684036,98654,414,378,557,
37.467743077379176,98653,415,378,557,
37.48170333196963,98652,416,378,557,
37.48504576303792,98651,417,378,557,
37.49562302600073,98651,417,377,558,
37.50001650041516,98651,416,378,558,
37.500422117610874,98650,417,378,558,
37.503601748597205,98649,418,378,558,
37.510921147093164,98649,418,377,559,
37.511485907824614,98649,417,378,559,
37.51250992771673,98649,417,377,560,
37.51361463759258,98649,416,378,560,
37.53849801417967,98649,416,377,561,
37.539085683673804,98648,417,377,561,
37.54118184787878,98647,418,377,561,
37.547909364857816,98647,417,378,561,
37.56022016584281,98647,416,379,561,
37.56996100271919,98647,416,378,562,
37.57585762009604,98647,415,379,562,
37.58218926997528,98646,416,379,562,
37.584124185741494,98646,416,378,563,
37.58951232899689,98645,417,378,563,
37.59103704427549,98644,418,378,563,
37.598439767129754,98644,418,377,564,
37.604869116456676,98643,419,377,564,
37.60594681038591,98642,420,377,564,
37.60609568529307,98641,421,377,564,
37.609004242542085,98640,422,377,564,
37.62190043656085,98639,423,377,564,
37.62380037766706,98639,423,376,565,
37.624575596011354,98639,422,377,565,
37.627916481756806,98639,421,378,565,
37.633782015924204,98638,422,378,565,
37.63859859560538,98638,421,379,565,
37.63936598469888,98637,422,379,565,
37.64141859787816,98637,421,380,565,
37.65594817466501,98636,422,380,565,
37.657132078698105,98636,421,381,565,
37.65801562836439,98636,420,382,565,
37.65925126365925,98636,420,381,566,
37.66070890453542,98635,421,381,566,
37.66263965130935,98634,422,381,566,
37.66384417459898,98633,423,381,566,
37.664118239054275,98632,424,381,566,
37.665823358840655,98632,423,382,566,
37.668557272540085,98631,424,382,566,
37.67213928742136,98631,424,381,567,
37.676637314886676,98631,424,380,568,
37.67689941826301,98631,423,381,568,
37.68815438493873,98631,423,380,569,
37.6884376236526,98630,424,380,569,
37.691320049821,98630,424,379,570,
37.69165730018544,98630,424,378,571,
37.69350886494719,98629,425,378,571,
37.69644274500212,98628,426,378,571,
37.69719017379288,98627,427,378,571,
37.721255713001064,98626,428,378,571,
37.72234105841989,98626,427,379,571,
37.722572682880006,98625,428,379,571,
37.72486246935604,98625,427,380,571,
37.72579338757643,98624,428,380,571,
37.72944571564622,98624,428,379,572,
37.74061822434877,98624,427,380,572,
37.74309193744066,98623,428,380,572,
37.74362090084281,98623,427,381,572,
37.7478655082425,98622,428,381,572,
37.748258114163306,98622,427,382,572,
37.74999891673219,98621,428,382,572,
37.75128627350064,98621,427,383,572,
37.755621559834594,98621,426,384,572,
37.76156754371709,98621,426,383,573,
37.764861223505676,98620,427,383,573,
37.768586089624336,98619,428,383,573,
37.77284607653501,98619,427,384,573,
37.77393608492031,98618,428,384,573,
37.77944850243726,98617,429,384,573,
37.78570097104947,98617,429,383,574,
37.79061663320419,98616,430,383,574,
37.792050115802,98616,429,384,574,
37.79521045641682,98615,430,384,574,
37.795736544241684,98615,430,383,575,
37.795893020008904,98614,431,383,575,
37.797225752476244,98614,430,384,575,
37.798194165463364,98614,429,385,575,
37.79948051474852,98614,428,386,575,
37.803074704884345,98613,429,386,575,
37.80533302527726,98612,430,386,575,
37.80586612522999,98611,431,386,575,
37.81132527498028,98610,432,386,575,
37.812972606230055,98610,431,387,575,
37.8192499280725,98609,432,387,575,
37.821088117338434,98609,432,386,576,
37.823820175921604,98609,432,385,577,
37.824994242481765,98608,433,385,577,
37.8333662773843,98608,432,386,577,
37.83660210731843,98608,432,385,578,
37.841385062242416,98608,431,386,578,
37.84899761286948,98607,432,386,578,
37.8510309534838,98606,433,386,578,
37.85807710193938,98606,433,385,579,
37.861107932619475,98606,433,384,580,
37.86658602190518,98605,434,384,580,
37.86701404012602,98605,434,383,581,
37.878538905860616,98605,434,382,582,
37.881211138161575,98605,433,383,582,
37.88266014380671,98604,434,383,582,
37.88433496237298,98604,434,382,583,
37.90040725977638,98604,433,383,583,
37.90326001284488,98603,434,383,583,
37.90408249975568,98602,435,383,583,
37.90637288267397,98601,436,383,583,
37.908091414109556,98601,435,384,583,
37.91026034300149,98601,434,385,583,
37.91725809851177,98600,435,385,583,
37.92251803551477,98600,435,384,584,
37.92350275622924,98600,434,385,584,
37.924241383413154,98600,434,384,585,
37.924241383413154,98600,434,384,585,
37.92768299672502,98599,435,384,585,
37.94154403841636,98598,436,384,585,
37.942710396393885,98598,436,383,586,
37.94434814288405,98598,435,384,586,
37.9454235406794,98598,434,385,586,
37.94586791820392,98598,434,384,587,
37.951050870177234,98597,435,384,587,
37.95229031667771,98597,435,383,588,
37.955996568354855,98597,435,382,589,
37.95738828690204,98597,434,383,589,
37.95976047708546,98596,435,383,589,
37.963469993266294,98596,435,382,590,
37.96357709113145,98596,434,383,590,
37.96845372381104,98596,433,384,590,
37.96875062326044,98595,434,384,590,
37.97035118062326,98595,434,383,591,
37.97085740688592,98594,435,383,591,
37.97267669412616,98594,434,384,591,
37.97622932098394,98593,435,384,591,
37.97941725632425,98592,436,384,591,
37.985417554905254,98591,437,384,591,
37.98775513651627,98591,436,385,591,
37.989778519955735,98591,435,386,591,
37.99043243201201,98591,434,387,591,
37.99260885082816,98590,435,387,591,
37.994319207814044,98590,434,388,591,
38.005783313436275,98590,433,389,591,
38.00765581969177,98589,434,389,591,
38.01656735315567,98588,435,389,591,
38.021153987000076,98587,436,389,591,
38.02846665117164,98586,437,389,591,
38.02903624756101,98585,438,389,591,
38.03136322263143,98585,438,388,592,
38.04445199382117,98585,437,389,592,
38.0484520800294,98584,438,389,592,
38.051207547907936,98583,439,389,592,
38.061662155663974,98582,440,389,592,
38.06752222468359,98581,441,389,592,
38.06862623992027,98580,442,389,592,
38.06996490489696,98580,441,390,592,
38.07590435533557,98579,442,390,592,
38.07827625648451,98578,443,390,592,
38.08483301755748,98578,443,389,593,
38.085044711278016,98578,442,390,593,
38.087026128089846,98578,442,389,594,
38.10023930349193,98577,443,389,594,
38.101937365416134,98576,444,389,594,
38.10809319762176,98576,444,388,595,
38.10999989092355,98576,443,389,595,
38.11517968887937,98576,442,390,595,
38.12269671229697,98576,441,391,595,
38.1286077200708,98575,442,391,595,
38.140659035119874,98575,441,392,595,
38.15333725807458,98574,442,392,595,
38.153520017253044,98574,441,393,595,
38.15478477025885,98573,442,393,595,
38.155670768330076,98572,443,393,595,
38.157298782954875,98572,443,392,596,
38.15937505865334,98571,444,392,596,
38.16385126185752,98570,445,392,596,
38.167636259741705,98569,446,392,596,
38.16949154609852,98569,445,393,596,
38.1748629348888,98569,444,394,596,
38.176872691858875,98568,445,394,596,
38.18051603298605,98568,444,395,596,
38.191885876566424,98568,443,396,596,
38.20382460795215,98568,443,395,597,
38.20926445420911,98567,444,395,597,
38.217504021365244,98567,444,394,598,
38.22151324241425,98566,445,394,598,
38.22347358526818,98566,444,395,598,
38.225927359727294,98566,443,396,598,
38.2443982053014,98565,444,396,598,
38.24620461771587,98564,445,396,598,
38.24625911558386,98563,446,396,598,
38.248292540960435,98562,447,396,598,
38.25055416684686,98562,446,397,598,
38.253231848229376,98562,445,398,598,
38.26272294636531,98562,444,399,598,
38.26743852823968,98562,443,400,598,
38.267735998742914,98561,444,400,598,
38.27365108851951,98561,443,401,598,
38.281435172878886,98560,444,401,598,
38.28255759127292,98559,445,401,598,
38.28599125409107,98558,446,401,598,
38.28790407886666,98558,445,402,598,
38.2958916992631,98558,444,403,598,
38.29604038708762,98557,445,403,598,
38.2979120556519,98556,446,403,598,
38.301515103011056,98555,447,403,598,
38.303337508354325,98555,446,404,598,
38.30360264829872,98554,447,404,598,
38.3105875113082,98553,448,404,598,
38.31167259661035,98553,448,403,599,
38.31476312384219,98552,449,403,599,
38.318143823017756,98551,450,403,599,
38.32357899007374,98551,450,402,600,
38.32417735544467,98550,451,402,600,
38.32675161000379,98549,452,402,600,
38.326783098707836,98549,451,403,600,
38.33098727254286,98549,450,404,600,
38.33183839668936,98549,449,405,600,
38.34276287228539,98549,448,406,600,
38.346747049935445,98548,449,406,600,
38.35128441864383,98548,448,407,600,
38.364079828703574,98547,449,407,600,
38.37024384061487,98546,450,407,600,
38.373551517784364,98545,451,407,600,
38.374112861073726,98545,450,408,600,
38.37628918298323,98545,449,409,600,
38.39117641459994,98544,450,409,600,
38.39616894430585,98543,451,409,600,
38.39841562556169,98543,451,408,601,
38.399983127129424,98542,452,408,601,
38.40041534670114,98542,451,409,601,
38.400772215075634,98542,450,410,601,
38.40151915786944,98542,449,411,601,
38.4072681687977,98541,450,411,601,
38.413465152692055,98540,451,411,601,
38.41538330411464,98540,450,412,601,
38.421551124295284,98539,451,412,601,
38.42286117701799,98538,452,412,601,
38.42444817537435,98538,451,413,601,
38.436082218913796,98537,452,413,601,
38.44034357695361,98536,453,413,601,
38.44058347289697,98536,453,412,602,
38.44511020374929,98535,454,412,602,
38.446625655779194,98535,454,411,603,
38.45198961144242,98534,455,411,603,
38.457140734264335,98534,455,410,604,
38.45716855208344,98534,454,411,604,
38.46074714224081,98533,455,411,604,
38.46522213580648,98533,454,412,604,
38.468043938645714,98532,455,412,604,
38.47010627189782,98532,454,413,604,
38.472581980439934,98532,453,414,604,
38.478344009722704,98532,453,413,605,
38.480353122082086,98532,453,412,606,
38.48389974262005,98532,452,413,606,
38.48549443179197,98531,453,413,606,
38.48584176924986,98530,454,413,606,
38.48615071715525,98529,455,413,606,
38.486196723518255,98529,454,414,606,
38.48638872190049,98529,453,415,606,
38.49647434379528,98529,453,414,607,
38.497790424906526,98529,452,415,607,
38.50303001027439,98528,453,415,607,
38.50492229432735,98528,453,414,608,
38.50560430056479,98527,454,414,608,
38.50943261238904,98527,453,415,608,
38.51045882870509,98527,452,416,608,
38.51248002349514,98527,451,417,608,
38.51346635412083,98526,452,417,608,
38.521337481330036,98526,452,416,609,
38.52555623613222,98525,453,416,609,
38.54140278440491,98525,453,415,610,
38.543471076870496,98525,453,414,611,
38.54856697549531,98524,454,414,611,
38.54938723886065,98524,453,415,611,
38.55512706735678,98524,452,416,611,
38.56035337436577,98523,453,416,611,
38.56567138705191,98522,454,416,611,
38.575293276001474,98521,455,416,611,
38.584557862211255,98520,456,416,611,
38.58798301044348,98519,457,416,611,
38.588462143559475,98518,458,416,611,
38.58936478431906,98518,457,417,611,
38.589396066465255,98518,456,418,611,
38.59202934944068,98518,455,419,611,
38.59331742239706,98517,456,419,611,
38.603351609552746,98516,457,419,611,
38.60474607659875,98515,458,419,611,
38.61277885796519,98514,459,419,611,
38.61488361510064,98513,460,419,611,
38.62675412908889,98513,460,418,612,
38.63015654271687,98512,461,418,612,
38.636751285909604,98511,462,418,612,
38.638836786777794,98511,462,417,613,
38.64256577139395,98511,461,418,613,
38.64323526301131,98511,460,419,613,
38.65114906882043,98510,461,419,613,
38.65373756344452,98509,462,419,613,
38.65430558201484,98509,462,418,614,
38.65540581980011,98509,461,419,614,
38.65679343544428,98508,462,419,614,
38.657609898172694,98507,463,419,614,
38.66753593848413,98506,464,419,614,
38.678475973867094,98506,463,420,614,
38.68768293645815,98505,464,420,614,
38.69160875151903,98505,464,419,615,
38.69238355868527,98504,465,419,615,
38.69434996079868,98503,466,419,615,
38.69679638801871,98503,466,418,616,
38.69827211377267,98502,467,418,616,
38.69833673098619,98502,467,417,617,
38.700547149697876,98502,466,418,617,
38.70316901078841,98502,465,419,617,
38.717788446135486,98502,464,420,617,
38.7194036308384,98502,464,419,618,
38.721284774009774,98502,463,420,618,
38.72608507990137,98502,463,419,619,
38.73035535418489,98501,464,419,619,
38.73120494393138,98501,463,420,619,
38.73674732323001,98501,462,421,619,
38.73723421204948,98500,463,421,619,
38.74357886381154,98499,464,421,619,
38.75552207824875,98499,463,422,619,
38.76297014915327,98498,464,422,619,
38.77195387622145,98497,465,422,619,
38.77220864237041,98496,466,422,619,
38.77638918447093,98496,465,423,619,
38.783392825173,98496,465,422,620,
38.79233289233153,98496,465,421,621,
38.79432607755408,98496,464,422,621,
38.80032468044917,98495,465,422,621,
38.80418053553596,98495,464,423,621,
38.805035080608164,98494,465,423,621,
38.805542328850954,98494,465,422,622,
38.80714577109455,98493,466,422,622,
38.807960476309674,98492,467,422,622,
38.80809429846193,98491,468,422,622,
38.8105759717114,98491,467,423,622,
38.82290775949327,98491,467,422,623,
38.82801961582205,98491,466,423,623,
38.82930320662141,98490,467,423,623,
38.83578305686476,98489,468,423,623,
38.85261049607801,98489,468,422,624,
38.85617376311147,98488,469,422,624,
38.86282422987956,98487,470,422,624,
38.865263061783224,98486,471,422,624,
38.86995524547738,98486,471,421,625,
38.87610121307891,98486,470,422,625,
38.87842154956436,98486,470,421,626,
38.88043113287771,98485,471,421,626,
38.896420298066595,98485,470,422,626,
38.897212341419774,98484,471,422,626,
38.90145884809717,98484,470,423,626,
38.90395565757224,98484,469,424,626,
38.90891790451342,98484,468,425,626,
38.90923198956194,98483,469,425,626,
38.90954541000726,98483,469,424,627,
38.91964311730574,98482,470,424,627,
38.92188041234049,98481,471,424,627,
38.92188041234049,98481,471,424,627,
38.92406846441263,98480,472,424,627,
38.92841491920508,98480,471,425,627,
38.93507689492903,98480,471,424,628,
38.942146743895385,98479,472,424,628,
38.95033681186127,98478,473,424,628,
38.95633466615835,98478,473,423,629,
38.95941203879114,98477,474,423,629,
38.96888311479136,98477,474,422,630,
38.97007027328213,98477,474,421,631,
38.97073567761056,98476,475,421,631,
38.972240275926666,98475,476,421,631,
38.9739057731091,98475,475,422,631,
38.974010337856875,98475,475,421,632,
38.97628921989073,98474,476,421,632,
38.97849357996495,98474,476,420,633,
38.986490199567605,98473,477,420,633,
38.987681196536144,98473,476,421,633,
38.990583745860334,98472,477,421,633,
38.991369282315695,98472,477,420,634,
38.99423415573282,98472,476,421,634,
38.99558816644207,98472,475,422,634,
39.00201068205883,98472,474,423,634,
39.003465184851756,98472,473,424,634,
39.006193019759195,98472,472,425,634,
39.00622549274262,98471,473,425,634,
39.00675470526708,98470,474,425,634,
39.02586689341389,98470,473,426,634,
39.02900582926543,98470,472,427,634,
39.034558503703536,98469,473,427,634,
39.03630102977109,98469,472,428,634,
39.03786451212764,98468,473,428,634,
39.03862120847018,98467,474,428,634,
39.04908662528315,98467,473,429,634,
39.05502457588369,98467,472,430,634,
39.060367156285544,98467,471,431,634,
39.06147673425346,98467,470,432,634,
39.06496425478865,98467,469,433,634,
39.066253773574246,98466,470,433,634,
39.06805587620451,98465,471,433,634,
39.073455640660555,98464,472,433,634,
39.07742408626,98464,472,432,635,
39.079491122376055,98463,473,432,635,
39.083393669521776,98462,474,432,635,
39.087953927692205,98461,475,432,635,
39.087955665853286,98460,476,432,635,
39.088073144191306,98459,477,432,635,
39.08883367186071,98459,477,431,636,
39.089980610951706,98458,478,431,636,
39.093913484379954,98457,479,431,636,
39.10065686379503,98457,478,432,636,
39.103642274732195,98457,477,433,636,
39.104171002994974,98456,478,433,636,
39.11484789230751,98455,479,433,636,
39.11923817457177,98454,480,433,636,
39.12161260361913,98454,479,434,636,
39.122021208203776,98453,480,434,636,
39.1237337656698,98452,481,434,636,
39.12376546236475,98452,480,435,636,
39.13249705552887,98451,481,435,636,
39.13624433122219,98451,480,436,636,
39.14139995306784,98450,481,436,636,
39.141966053077404,98449,482,436,636,
39.142156951399194,98449,482,435,637,
39.14452097142396,98449,481,436,637,
39.14789138151533,98449,481,435,638,
39.15035803495025,98448,482,435,638,
39.151202379668355,98448,481,436,638,
39.151317421056504,98447,482,436,638,
39.1570014803029,98447,481,437,638,
39.159844158235565,98447,480,438,638,
39.16035130373939,98447,479,439,638,
39.161569954160285,98447,478,440,638,
39.16566633499924,98447,478,439,639,
39.17235393527404,98447,478,438,640,
39.17616344460538,98447,477,439,640,
39.18078343045236,98447,477,438,641,
39.19123862980229,98446,478,438,641,
39.19216812443651,98446,478,437,642,
39.19440787550802,98446,478,436,643,
39.19771258235124,98446,477,437,643,
39.20272407123264,98445,478,437,643,
39.20966963568067,98444,479,437,643,
39.210672257046596,98444,479,436,644,
39.212904007277345,98444,479,435,645,
39.21374223156496,98444,478,436,645,
39.22987449422841,98444,477,437,645,
39.230322461417394,98443,478,437,645,
39.23140354573003,98442,479,437,645,
39.23273783488456,98442,478,438,645,
39.239964007708636,98442,478,437,646,
39.2401446754786,98442,478,436,647,
39.24100223337587,98441,479,436,647,
39.24319620172596,98440,480,436,647,
39.249661331162194,98440,479,437,647,
39.25318899076167,98439,480,437,647,
39.25990810832386,98439,479,438,647,
39.26081624241119,98438,480,438,647,
39.26119930927147,98437,481,438,647,
39.262844449349565,98436,482,438,647,
39.26327769785018,98436,482,437,648,
39.26377631753806,98436,481,438,648,
39.28058686616603,98435,482,438,648,
39.28558625898293,98434,483,438,648,
39.29579679592258,98434,483,437,649,
39.29729823677857,98433,484,437,649,
39.29935552813347,98432,485,437,649,
39.30528898244593,98431,486,437,649,
39.31149807483653,98431,485,438,649,
39.311615024569655,98431,484,439,649,
39.31357481048574,98431,483,440,649,
39.31368093227408,98431,483,439,650,
39.32111537277981,98431,483,438,651,
39.32916931315809,98430,484,438,651,
39.33234721495536,98430,483,439,651,
39.33366321779255,98430,482,440,651,
39.33421900472036,98429,483,440,651,
39.335893756771135,98428,484,440,651,
39.336565041954394,98428,483,441,651,
39.336700476845316,98428,482,442,651,
39.345646479182776,98428,481,443,651,
39.34760594230861,98428,480,444,651,
39.350187170874364,98427,481,444,651,
39.3546846870144,98426,482,444,651,
39.37827626287206,98426,481,445,651,
39.379511702238865,98425,482,445,651,
39.38943583360157,98425,482,444,652,
39.39688674798808,98425,482,443,653,
39.39717716395407,98425,482,442,654,
39.397552475291626,98424,483,442,654,
39.40069628838686,98424,482,443,654,
39.41152875746708,98423,483,443,654,
39.41232151828037,98423,482,444,654,
39.41254064246743,98422,483,444,654,
39.413609062717605,98421,484,444,654,
39.415336970562755,98421,484,443,655,
39.41568177860423,98421,483,444,655,
39.422356324240575,98421,482,445,655,
39.422825557897134,98420,483,445,655,
39.425974941190276,98420,482,446,655,
39.429657337253936,98419,483,446,655,
39.430400416586735,98418,484,446,655,
39.43145527813999,98417,485,446,655,
39.433110822209564,98416,486,446,655,
39.434289329487335,98416,485,447,655,
39.435944392350955,98416,484,448,655,
39.43802460045843,98416,484,447,656,
39.439069162350265,98415,485,447,656,
39.44030158200024,98415,485,446,657,
39.44384244363896,98415,484,447,657,
39.45046954817678,98414,485,447,657,
39.451765050571765,98414,485,446,658,
39.451998718690156,98414,484,447,658,
39.45222512852286,98414,483,448,658,
39.456625035173516,98414,483,447,659,
39.457527626572826,98413,484,447,659,
39.45957023740565,98413,484,446,660,
39.46278798658401,98413,483,447,660,
39.46381649531924,98413,483,446,661,
39.46448198958019,98412,484,446,661,
39.46671421258671,98411,485,446,661,
39.46877216661648,98411,485,445,662,
39.4704197711605,98410,486,445,662,
39.471482208225765,98410,486,444,663,
39.47443724964734,98410,486,443,664,
39.47588034481227,98410,485,444,664,
39.48384758711959,98409,486,444,664,
39.4851689665474,98408,487,444,664,
39.485949743851464,98407,488,444,664,
39.491083019242495,98407,487,445,664,
39.495381106917584,98407,487,444,665,
39.49559894920676,98406,488,444,665,
39.49583069027635,98405,489,444,665,
39.497174733606016,98404,490,444,665,
39.49728550337705,98403,491,444,665,
39.49990837902761,98402,492,444,665,
39.50803271926969,98402,491,445,665,
39.513532649707535,98401,492,445,665,
39.51598006824973,98401,491,446,665,
39.517522425582754,98401,490,447,665,
39.51908794867644,98401,490,446,666,
39.51996249257189,98401,489,447,666,
39.52220934714037,98400,490,447,666,
39.52523501829615,98400,489,448,666,
39.52625951396428,98400,488,449,666,
39.52722241509781,98400,487,450,666,
39.531709364163305,98400,486,451,666,
39.53835978367132,98399,487,451,666,
39.53897873805878,98399,487,450,667,
39.542446060922856,98399,486,451,667,
39.54269055092879,98398,487,451,667,
39.55766198613177,98398,486,452,667,
39.56134335251979,98397,487,452,667,
39.57076301681973,98397,486,453,667,
39.57737320002138,98396,487,453,667,
39.58030202908178,98396,486,454,667,
39.58691204587521,98396,485,455,667,
39.58811613800187,98396,484,456,667,
39.590423192709736,98395,485,456,667,
39.59475908982817,98395,484,457,667,
39.595052633734014,98395,484,456,668,
39.601992625837894,98395,483,457,668,
39.60201164733442,98395,482,458,668,
39.602361298534426,98394,483,458,668,
39.60331671159463,98393,484,458,668,
39.60567471391225,98392,485,458,668,
39.60716355719786,98391,486,458,668,
39.60775872270033,98391,485,459,668,
39.608455283859904,98390,486,459,668,
39.609440418772465,98390,485,460,668,
39.610819317856645,98390,485,459,669,
39.613017817361985,98390,484,460,669,
39.615065511017114,98390,483,461,669,
39.6164142030828,98389,484,461,669,
39.61900944977393,98389,483,462,669,
39.623339258694045,98389,482,463,669,
39.6236246076361,98388,483,463,669,
39.62377310900296,98387,484,463,669,
39.624001806558105,98387,483,464,669,
39.63119054264771,98387,482,465,669,
39.638122798450915,98386,483,465,669,
39.639927232785446,98385,484,465,669,
39.639993283665696,98384,485,465,669,
39.6415364922774,98384,485,464,670,
39.6431681041432,98384,484,465,670,
39.64780567039822,98384,483,466,670,
39.65485722185894,98383,484,466,670,
39.661603901707245,98383,483,467,670,
39.66212448207626,98383,482,468,670,
39.66459031716413,98383,481,469,670,
39.66609654846494,98383,480,470,670,
39.667217813389044,98382,481,470,670,
39.671568371026815,98381,482,470,670,
39.67419953243768,98380,483,470,670,
39.67753594722367,98380,483,469,671,
39.68018985839765,98380,482,470,671,
39.682863121359205,98379,483,470,671,
39.68900363544344,98379,483,469,672,
39.69009565494383,98379,482,470,672,
39.69772881967557,98378,483,470,672,
39.702413917115244,98378,483,469,673,
39.702660011941965,98377,484,469,673,
39.70282759704233,98377,484,468,674,
39.70803440984473,98376,485,468,674,
39.71018475021618,98375,486,468,674,
39.711120845256445,98375,486,467,675,
39.71199865571377,98375,485,468,675,
39.712863866394336,98374,486,468,675,
39.71630213011612,98373,487,468,675,
39.71757754614666,98373,486,469,675,
39.7185525270041,98372,487,469,675,
39.718581347975274,98372,486,470,675,
39.71917851090495,98371,487,470,675,
39.72121741998774,98371,487,469,676,
39.729416414337955,98370,488,469,676,
39.72959761723434,98369,489,469,676,
39.7309034343698,98368,490,469,676,
39.73251118268471,98368,490,468,677,
39.73292029197325,98367,491,468,677,
39.733181842753034,98367,490,469,677,
39.7345655975127,98366,491,469,677,
39.734593035013816,98365,492,469,677,
39.736553855830145,98365,491,470,677,
39.73680390729397,98365,490,471,677,
39.73777019319844,98364,491,471,677,
39.738018602017675,98364,490,472,677,
39.741080088778,98363,491,472,677,
39.74288455233813,98362,492,472,677,
39.74541858248416,98362,492,471,678,
39.75412215515031,98361,493,471,678,
39.75478880330341,98360,494,471,678,
39.75604823071936,98360,493,472,678,
39.7573910464027,98359,494,472,678,
39.75893400138988,98359,494,471,679,
39.76126962594754,98358,495,471,679,
39.761583609950925,98357,496,471,679,
39.76195683176608,98357,496,470,680,
39.7668161126488,98356,497,470,680,
39.769016469793904,98356,497,469,681,
39.76929504542707,98355,498,469,681,
39.77236956527079,98355,497,470,681,
39.77306517388798,98355,496,471,681,
39.77613598554342,98355,495,472,681,
39.78089508220804,98354,496,472,681,
39.78461065550393,98354,495,473,681,
39.79545559505545,98353,496,473,681,
39.79625666727702,98352,497,473,681,
39.799416240150066,98352,496,474,681,
39.802285685119195,98352,496,473,682,
39.80261646244373,98351,497,473,682,
39.803559566112405,98350,498,473,682,
39.82370235275514,98349,499,473,682,
39.82888812141303,98349,499,472,683,
39.83142470435423,98348,500,472,683,
39.83181196608136,98348,499,473,683,
39.83303023635795,98347,500,473,683,
39.836340156536586,98347,500,472,684,
39.84207064624622,98346,501,472,684,
39.84252872598947,98345,502,472,684,
39.842995046994915,98345,501,473,684,
39.84301997221469,98344,502,473,684,
39.85109312214342,98343,503,473,684,
39.85530442930503,98342,504,473,684,
39.85830082108754,98341,505,473,684,
39.861478891899054,98340,506,473,684,
39.86607397733781,98339,507,473,684,
39.86654839359517,98338,508,473,684,
39.867596059022176,98337,509,473,684,
39.86907395590553,98337,508,474,684,
39.86927690396067,98336,509,474,684,
39.86939550746861,98336,509,473,685,
39.87421208178991,98336,509,472,686,
39.87781478077024,98335,510,472,686,
39.87797409677292,98335,509,473,686,
39.88073071049254,98335,509,472,687,
39.88859384237278,98334,510,472,687,
39.89147905162963,98334,509,473,687,
39.89520637551783,98334,508,474,687,
39.897258511744,98333,509,474,687,
39.90553668807654,98332,510,474,687,
39.91007373818525,98332,509,475,687,
39.911199751047285,98332,509,474,688,
39.91303773320237,98331,510,474,688,
39.91875009272427,98330,511,474,688,
39.91875009272427,98330,511,474,688,
39.93139443125406,98330,511,473,689,
39.93998872112816,98330,511,472,690,
39.94528803907779,98330,511,471,691,
39.9574670695959,98330,510,472,691,
39.96112089159809,98329,511,472,691,
39.967043052941584,98329,511,471,692,
39.97188162357751,98328,512,471,692,
39.98069467363818,98328,511,472,692,
39.98434081735038,98328,510,473,692,
39.984767800080434,98327,511,473,692,
39.986173377974,98326,512,473,692,
39.99057183563727,98326,511,474,692,
39.991873942813356,98326,510,475,692,
39.99278532548026,98325,511,475,692,
39.99330427148747,98325,511,474,693,
39.99448694724082,98324,512,474,693,
40.00235499582713,98324,511,475,693,
40.00672368428166,98324,510,476,693,
40.01132157335227,98324,509,477,693,
40.01332174344109,98324,509,476,694,
40.02223479902637,98324,508,477,694,
40.023986384514906,98324,507,478,694,
40.02683966683315,98323,508,478,694,
40.03659086022354,98323,507,479,694,
40.038244460120374,98322,508,479,694,
40.0404723231704,98322,507,480,694,
40.040616566489625,98322,506,481,694,
40.04386245659955,98322,505,482,694,
40.04422422709696,98322,505,481,695,
40.046243034453894,98321,506,481,695,
40.05147009495207,98320,507,481,695,
40.0570225524219,98320,506,482,695,
40.05798135081517,98320,505,483,695,
40.058853028479845,98320,504,484,695,
40.060379649263865,98319,505,484,695,
40.06183373308466,98318,506,484,695,
40.062097801214605,98317,507,484,695,
40.06308361528284,98317,506,485,695,
40.063834209178175,98317,505,486,695,
40.065097009398286,98316,506,486,695,
40.06825867670256,98316,506,485,696,
40.06837862445479,98316,506,484,697,
40.06862648131307,98316,506,483,698,
40.070007029291425,98316,505,484,698,
40.07329264212483,98316,504,485,698,
40.07370946408139,98315,505,485,698,
40.07601388496814,98315,505,484,699,
40.07616070836218,98314,506,484,699,
40.07808085723416,98313,507,484,699,
40.084389553104096,98313,506,485,699,
40.08521185772425,98313,505,486,699,
40.08554812259941,98313,505,485,700,
40.096294461270965,98313,505,484,701,
40.10351079056039,98313,505,483,702,
40.10387190737897,98313,505,482,703,
40.10611154791758,98312,506,482,703,
40.10813631123961,98311,507,482,703,
40.10879133857965,98311,506,483,703,
40.11401202725728,98310,507,483,703,
40.12496219782628,98310,506,484,703,
40.12943729867517,98310,505,485,703,
40.130220952390005,98309,506,485,703,
40.13100389282151,98309,505,486,703,
40.13242936405758,98309,504,487,703,
40.14431091440131,98308,505,487,703,
40.14570213689391,98307,506,487,703,
40.149589788530825,98306,507,487,703,
40.1501241756341,98306,507,486,704,
40.151072181691475,98305,508,486,704,
40.153227589829754,98304,509,486,704,
40.15675953177679,98303,510,486,704,
40.157377579747894,98303,510,485,705,
40.16095536770094,98303,509,486,705,
40.161055067683314,98302,510,486,705,
40.16424428444056,98301,511,486,705,
40.16449140836612,98300,512,486,705,
40.166205371123674,98300,511,487,705,
40.16664236193413,98300,510,488,705,
40.169930600011035,98299,511,488,705,
40.17538443803385,98299,510,489,705,
40.17844821990163,98298,511,489,705,
40.178830917847066,98298,510,490,705,
40.18423560443474,98297,511,490,705,
40.18613223622478,98297,511,489,706,
40.18837926187975,98296,512,489,706,
40.188844497042815,98295,513,489,706,
40.195296280318345,98295,513,488,707,
40.19539109375633,98295,513,487,708,
40.19714597723569,98295,512,488,708,
40.19906921451172,98294,513,488,708,
40.20575699072941,98294,513,487,709,
40.205997188360875,98294,512,488,709,
40.2063528433539,98294,512,487,710,
40.20901331007691,98294,511,488,710,
40.2112823905823,98294,511,487,711,
40.21341887201116,98294,510,488,711,
40.21383137953118,98294,509,489,711,
40.22069317913981,98293,510,489,711,
40.22296931616619,98293,510,488,712,
40.22548442572359,98292,511,488,712,
40.22562672860272,98291,512,488,712,
40.232527691665815,98291,511,489,712,
40.234986933607736,98290,512,489,712,
40.24045652106978,98290,512,488,713,
40.244779532958034,98289,513,488,713,
40.2484200206694,98289,512,489,713,
40.25202615937135,98289,511,490,713,
40.256309506172194,98288,512,490,713,
40.256362249305745,98288,512,489,714,
40.25721286581335,98287,513,489,714,
40.263830189806036,98287,512,490,714,
40.26841394610897,98286,513,490,714,
40.27314541885272,98285,514,490,714,
40.27615904126053,98284,515,490,714,
40.27692897131987,98283,516,490,714,
40.27919436256015,98283,515,491,714,
40.2821550377818,98283,515,490,715,
40.29167358131328,98283,514,491,715,
40.294779236231136,98283,514,490,716,
40.29675259424609,98282,515,490,716,
40.299190059317326,98282,514,491,716,
40.30441869360218,98281,515,491,716,
40.3079735108896,98281,514,492,716,
40.31414051477596,98281,513,493,716,
40.31712686260561,98281,513,492,717,
40.318124663315736,98280,514,492,717,
40.31946019117253,98280,513,493,717,
40.32400703149442,98279,514,493,717,
40.3306628957554,98279,514,492,718,
40.331488383410004,98278,515,492,718,
40.337238293792836,98278,514,493,718,
40.33769551096387,98278,513,494,718,
40.34058365594941,98277,514,494,718,
40.34252467180177,98277,513,495,718,
40.34337600874069,98277,512,496,718,
40.347192328015524,98277,512,495,719,
40.35060914584317,98277,512,494,720,
40.35098736750202,98276,513,494,720,
40.36620940907288,98275,514,494,720,
40.367527485362025,98275,514,493,721,
40.37114155719845,98275,514,492,722,
40.37267643826745,98274,515,492,722,
40.373552977805566,98274,515,491,723,
40.37851029279209,98274,515,490,724,
40.37875951635139,98273,516,490,724,
40.3823171564898,98273,515,491,724,
40.38408860900167,98273,514,492,724,
40.38496755111072,98272,515,492,724,
40.391455484898266,98271,516,492,724,
40.39212333061583,98270,517,492,724,
40.39301485493199,98270,517,491,725,
40.39301726184801,98269,518,491,725,
40.39347928584637,98268,519,491,725,
40.395183112009924,98268,518,492,725,
40.39659790097305,98267,519,492,725,
40.39884190964935,98267,518,493,725,
40.399212337673575,98267,518,492,726,
40.40078875656621,98266,519,492,726,
40.40167149881883,98266,518,493,726,
40.404527606927935,98266,518,492,727,
40.41296432251692,98266,517,493,727,
40.416024908029755,98265,518,493,727,
40.416860744447796,98264,519,493,727,
40.418531367575895,98263,520,493,727,
40.4189195188771,98263,520,492,728,
40.41944406218374,98263,519,493,728,
40.42529224699714,98262,520,493,728,
40.42959079135146,98262,520,492,729,
40.431246899834704,98261,521,492,729,
40.43307904474868,98261,521,491,730,
40.437896334475425,98261,520,492,730,
40.43943518649293,98260,521,492,730,
40.44534070871698,98259,522,492,730,
40.450963457734886,98258,523,492,730,
40.452687394665496,98257,524,492,730,
40.45617756075078,98257,523,493,730,
40.45727781222319,98257,522,494,730,
40.45763005596661,98256,523,494,730,
40.46019139343389,98255,524,494,730,
40.46074520956745,98255,523,495,730,
40.46474726954677,98254,524,495,730,
40.46539270052368,98254,524,494,731,
40.46897035695522,98253,525,494,731,
40.473217598351845,98253,524,495,731,
40.48386419143129,98252,525,495,731,
40.49569848947363,98252,525,494,732,
40.499056725020026,98251,526,494,732,
40.50228014435564,98250,527,494,732,
40.503026253988914,98249,528,494,732,
40.50572930660014,98248,529,494,732,
40.50856388005638,98247,530,494,732,
40.51169356268331,98246,531,494,732,
40.51205547483124,98245,532,494,732,
40.512347173143645,98244,533,494,732,
40.51241651791947,98244,532,495,732,
40.52455181314207,98243,533,495,732,
40.52579452283481,98243,533,494,733,
40.52706969576061,98243,533,493,734,
40.52751621661114,98243,532,494,734,
40.53784193039131,98243,531,495,734,
40.542512289498084,98242,532,495,734,
40.54361877229265,98241,533,495,734,
40.54486672990412,98241,533,494,735,
40.552441119872,98241,532,495,735,
40.55733095808278,98241,531,496,735,
40.566935192206046,98240,532,496,735,
40.56713606235594,98240,531,497,735,
40.56808627449511,98240,530,498,735,
40.5693231293651,98239,531,498,735,
40.57335385586875,98239,530,499,735,
40.575288261122815,98238,531,499,735,
40.57586680895984,98238,530,500,735,
40.57820118585487,98238,529,501,735,
40.58415509240805,98238,529,500,736,
40.585317083535855,98238,528,501,736,
40.58759381956068,98237,529,501,736,
40.590442075713405,98236,530,501,736,
40.59118811340714,98236,530,500,737,
40.59208275847562,98235,531,500,737,
40.59459088438989,98235,530,501,737,
40.59913391559627,98235,529,502,737,
40.60072524969036,98234,530,502,737,
40.60159871792291,98233,531,502,737,
40.602189474978125,98233,530,503,737,
40.60223075979196,98233,530,502,738,
40.60234444583014,98232,531,502,738,
40.60463105984271,98232,530,503,738,
40.60828938990179,98232,529,504,738,
40.60842108033943,98232,529,503,739,
40.60936685846532,98232,529,502,740,
40.611470307013356,98231,530,502,740,
40.61845768595644,98230,531,502,740,
40.62021487947444,98230,531,501,741,
40.62240974960167,98230,531,500,742,
40.63533176653608,98229,532,500,742,
40.640928551478126,98229,531,501,742,
40.64312832437516,98229,530,502,742,
40.6450662766034,98228,531,502,742,
40.64930659962279,98227,532,502,742,
40.650038132911604,98227,531,503,742,
40.65087406856042,98227,530,504,742,
40.65322525702225,98227,530,503,743,
40.653769485300984,98226,531,503,743,
40.65811106806055,98225,532,503,743,
40.66035820393527,98224,533,503,743,
40.66142000011725,98224,532,504,743,
40.66240430597909,98224,531,505,743,
40.671402038040306,98223,532,505,743,
40.67510154569468,98222,533,505,743,
40.67882602209824,98222,532,506,743,
40.68353060588602,98221,533,506,743,
40.68518909601892,98220,534,506,743,
40.69192882199975,98219,535,506,743,
40.69453196278188,98218,536,506,743,
40.70363542799091,98217,537,506,743,
40.70389558408009,98216,538,506,743,
40.70543441191956,98216,538,505,744,
40.706109674040995,98215,539,505,744,
40.706774650754824,98214,540,505,744,
40.70792189936364,98213,541,505,744,
40.708577134993654,98213,541,504,745,
40.70957936409351,98212,542,504,745,
40.714906543464515,98212,541,505,745,
40.71538663644769,98212,540,506,745,
40.71624066550517,98212,539,507,745,
40.72033646004942,98211,540,507,745,
40.724954118362035,98211,540,506,746,
40.72720024691086,98211,540,505,747,
40.73117160479861,98210,541,505,747,
40.738620907441806,98210,540,506,747,
40.74411629319094,98210,539,507,747,
40.75838385253009,98209,540,507,747,
40.76052470161315,98208,541,507,747,
40.760687413062776,98207,542,507,747,
40.77088821672138,98207,541,508,747,
40.77504476787352,98206,542,508,747,
40.778154766263576,98206,541,509,747,
40.78536669400345,98206,541,508,748,
40.788941780078574,98206,541,507,749,
40.78914265177152,98205,542,507,749,
40.78983689720742,98204,543,507,749,
40.79088863073428,98204,542,508,749,
40.79098663965579,98203,543,508,749,
40.79276880932048,98202,544,508,749,
40.79351556019935,98202,544,507,750,
40.79475544628191,98202,543,508,750,
40.79544063340919,98202,542,509,750,
40.800838568855255,98202,542,508,751,
40.80748367313688,98201,543,508,751,
40.81035648833963,98201,542,509,751,
40.811231653405805,98200,543,509,751,
40.82662828832692,98199,544,509,751,
40.82666949024629,98199,544,508,752,
40.82942420161113,98199,543,509,752,
40.830738075825565,98198,544,509,752,
40.83236925237566,98198,543,510,752,
40.8379688626386,98197,544,510,752,
40.83995831695342,98197,544,509,753,
40.8402087264207,98197,544,508,754,
40.84042522524227,98197,543,509,754,
40.84221787046304,98197,543,508,755,
40.84431297356114,98197,543,507,756,
40.85153696688121,98197,542,508,756,
40.85483761557454,98197,541,509,756,
40.85602245275387,98197,541,508,757,
40.86320879402944,98196,542,508,757,
40.86450208362142,98196,542,507,758,
40.87452438685674,98195,543,507,758,
40.87979519987348,98195,542,508,758,
40.88749923170675,98194,543,508,758,
40.88908583598132,98194,542,509,758,
40.891533278341385,98193,543,509,758,
40.89202362809305,98193,543,508,759,
40.901259956780365,98192,544,508,759,
40.90197109945347,98191,545,508,759,
40.903412827336524,98190,546,508,759,
40.912138006939315,98190,545,509,759,
40.912138006939315,98190,545,509,759,
40.91546240058121,98189,546,509,759,
40.91578125970831,98188,547,509,759,
40.9316979128325,98188,546,510,759,
40.9340456404662,98187,547,510,759,
40.94119241226722,98186,548,510,759,
40.94347730795104,98185,549,510,759,
40.94648085189692,98185,549,509,760,
40.957666637175905,98184,550,509,760,
40.96237665321267,98183,551,509,760,
40.97031452090949,98182,552,509,760,
40.97717285935699,98182,552,508,761,
40.980350377155915,98182,552,507,762,
40.98200444514265,98181,553,507,762,
40.98497267690821,98180,554,507,762,
40.9923109593943,98180,554,506,763,
40.994113431046195,98179,555,506,763,
40.99451256979457,98179,554,507,763,
41.001990423722845,98178,555,507,763,
41.00472071622276,98177,556,507,763,
41.00499999221937,98177,555,508,763,
41.014197043122174,98176,556,508,763,
41.02321320541862,98176,555,509,763,
41.02592581532081,98176,554,510,763,
41.028981819291324,98175,555,510,763,
41.03414627756798,98175,555,509,764,
41.03441204137167,98175,554,510,764,
41.04368667306,98175,553,511,764,
41.04487193500703,98175,552,512,764,
41.04548218865757,98174,553,512,764,
41.051800976861365,98174,553,511,765,
41.05336005173417,98174,552,512,765,
41.06207075603323,98174,551,513,765,
41.06508384893403,98174,550,514,765,
41.06560441244183,98174,549,515,765,
41.06785069446913,98173,550,515,765,
41.06834096857643,98173,550,514,766,
41.073274078177484,98172,551,514,766,
41.07628391859293,98172,550,515,766,
41.084491001295895,98172,550,514,767,
41.08492856715792,98171,551,514,767,
41.0875038278743,98171,551,513,768,
41.09069153675834,98170,552,513,768,
41.091315090290955,98170,552,512,769,
41.09276026559589,98170,551,513,769,
41.096869843215735,98170,550,514,769,
41.097745498296035,98169,551,514,769,
41.09793365538154,98168,552,514,769,
41.10110363889675,98167,553,514,769,
41.10209149725191,98167,552,515,769,
41.10744827485551,98167,552,514,770,
41.1124152497241,98167,551,515,770,
41.11768790992924,98167,550,516,770,
41.121039003934996,98167,550,515,771,
41.1224991864371,98166,551,515,771,
41.12959107343377,98166,550,516,771,
41.133643138591076,98166,549,517,771,
41.13559487705544,98166,548,518,771,
41.135759441680555,98166,547,519,771,
41.13754653451444,98166,547,518,772,
41.14031774194209,98166,546,519,772,
41.14060861562763,98165,547,519,772,
41.14287575293038,98165,546,520,772,
41.14422028052242,98165,545,521,772,
41.14493747962241,98164,546,521,772,
41.15388768635907,98163,547,521,772,
41.15466384570352,98162,548,521,772,
41.15779245592185,98161,549,521,772,
41.159384614193804,98161,549,520,773,
41.16059663179906,98161,548,521,773,
41.16114441849847,98160,549,521,773,
41.164532602851324,98160,548,522,773,
41.16455921398919,98159,549,522,773,
41.16830436817846,98158,550,522,773,
41.16935724002081,98158,549,523,773,
41.17160905750039,98158,548,524,773,
41.173200235560294,98158,548,523,774,
41.17532858547288,98158,547,524,774,
41.176368476494495,98157,548,524,774,
41.18580797240341,98156,549,524,774,
41.189205866634374,98156,549,523,775,
41.18939144239474,98156,548,524,775,
41.19162034307954,98156,547,525,775,
41.193872230333646,98155,548,525,775,
41.1971948919103,98155,548,524,776,
41.20070508022801,98154,549,524,776,
41.21131055592732,98153,550,524,776,
41.215292998539404,98153,549,525,776,
41.21960823317095,98153,549,524,777,
41.2230592572046,98153,548,525,777,
41.23415510527459,98152,549,525,777,
41.23452009342644,98151,550,525,777,
41.23520679669433,98150,551,525,777,
41.235451086950484,98150,550,526,777,
41.23791023279028,98150,549,527,777,
41.24436656097565,98150,548,528,777,
41.24633079786464,98149,549,528,777,
41.248455552582115,98148,550,528,777,
41.25202297438464,98147,551,528,777,
41.253484780971846,98147,550,529,777,
41.2638831127723,98146,551,529,777,
41.26522141010466,98145,552,529,777,
41.26647028924281,98144,553,529,777,
41.274660912315845,98144,552,530,777,
41.28250204426265,98144,551,531,777,
41.28310968970257,98144,550,532,777,
41.28727435479584,98144,550,531,778,
41.29044809921869,98143,551,531,778,
41.29117691216917,98143,550,532,778,
41.29131948886278,98143,550,531,779,
41.29373857172128,98142,551,531,779,
41.29728534920864,98141,552,531,779,
41.299936172159136,98141,552,530,780,
41.30020199217528,98140,553,530,780,
41.30334185392001,98140,553,529,781,
41.30795159494202,98140,552,530,781,
41.31083377310049,98139,553,530,781,
41.31249189105947,98138,554,530,781,
41.31399732209185,98138,554,529,782,
41.314496049248184,98137,555,529,782,
41.31596921840084,98137,555,528,783,
41.316339952802814,98136,556,528,783,
41.318178372905436,98136,555,529,783,
41.32285600905223,98136,554,530,783,
41.330828411260434,98135,555,530,783,
41.33526391879724,98135,554,531,783,
41.33789755905238,98134,555,531,783,
41.34333939693439,98134,554,532,783,
41.34379584178403,98133,555,532,783,
41.3477924622671,98133,555,531,784,
41.348273105559535,98132,556,531,784,
41.35371970409111,98132,556,530,785,
41.35449209331532,98131,557,530,785,
41.35984821984944,98130,558,530,785,
41.36040278840437,98130,557,531,785,
41.36099907141345,98129,558,531,785,
41.363262011705416,98129,558,530,786,
41.37252552413205,98128,559,530,786,
41.37690824081789,98127,560,530,786,
41.377497502062155,98127,559,531,786,
41.37925852257011,98126,560,531,786,
41.38174354468418,98126,559,532,786,
41.382407237806945,98126,558,533,786,
41.38415401293118,98126,557,534,786,
41.38621210420976,98125,558,534,786,
41.393302314100126,98124,559,534,786,
41.39346861494542,98123,560,534,786,
41.3978628876181,98122,561,534,786,
41.40255815415632,98121,562,534,786,
41.40354229104837,98121,561,535,786,
41.4048850070799,98121,561,534,787,
41.4069349030975,98120,562,534,787,
41.41986280841434,98120,561,535,787,
41.420059107438156,98119,562,535,787,
41.42037033167574,98119,562,534,788,
41.425174674327735,98118,563,534,788,
41.427920953245106,98117,564,534,788,
41.4307811895501,98117,563,535,788,
41.43877117580996,98116,564,535,788,
41.44047653946221,98116,563,536,788,
41.442132565570894,98115,564,536,788,
41.44301061131972,98115,564,535,789,
41.44517140121795,98114,565,535,789,
41.44857169916499,98114,564,536,789,
41.455731258491184,98114,563,537,789,
41.45908256784714,98113,564,537,789,
41.45949932317786,98113,563,538,789,
41.45961372049626,98112,564,538,789,
41.46717569735816,98112,564,537,790,
41.47193638794278,98112,564,536,791,
41.47608964809506,98111,565,536,791,
41.47907855749219,98110,566,536,791,
41.482380344156546,98110,566,535,792,
41.48718195770666,98109,567,535,792,
41.49069682985124,98109,567,534,793,
41.49097716791124,98109,566,535,793,
41.49963123940492,98108,567,535,793,
41.50130592746364,98108,566,536,793,
41.505559866060025,98107,567,536,793,
41.511048915626425,98106,568,536,793,
41.51720245578801,98106,567,537,793,
41.51983957679671,98106,566,538,793,
41.52025311465746,98105,567,538,793,
41.521823661949895,98105,567,537,794,
41.52194693636949,98105,566,538,794,
41.52229330178609,98105,565,539,794,
41.5235627767578,98104,566,539,794,
41.5269004869495,98103,567,539,794,
41.52989717706389,98102,568,539,794,
41.53397344287966,98102,567,540,794,
41.534901856409235,98101,568,540,794,
41.535322210682374,98100,569,540,794,
41.53741046018078,98100,569,539,795,
41.539178930416554,98099,570,539,795,
41.539576349277105,98099,569,540,795,
41.539971575212874,98098,570,540,795,
41.54342687730845,98097,571,540,795,
41.5436573730677,98096,572,540,795,
41.544625657138134,98096,571,541,795,
41.54495635148455,98096,571,540,796,
41.54629241019315,98096,571,539,797,
41.54933808174919,98095,572,539,797,
41.549928593406314,98094,573,539,797,
41.550813960758425,98093,574,539,797,
41.551423701084666,98092,575,539,797,
41.55606843370325,98091,576,539,797,
41.561768306075145,98091,575,540,797,
41.56453713303408,98091,575,539,798,
41.56581320572104,98090,576,539,798,
41.571384991946246,98090,575,540,798,
41.571634466196166,98090,574,541,798,
41.57739874549896,98090,573,542,798,
41.57794285518693,98089,574,542,798,
41.58040936168835,98088,575,542,798,
41.583123964730945,98088,575,541,799,
41.58320918683357,98088,574,542,799,
41.58552092283018,98087,575,542,799,
41.59136307818563,98087,575,541,800,
41.59200927549467,98087,574,542,800,
41.59406939716196,98086,575,542,800,
41.594109848060135,98086,574,543,800,
41.59579493169535,98086,573,544,800,
41.60546631682145,98085,574,544,800,
41.60813549367754,98085,574,543,801,
41.61051639651739,98084,575,543,801,
41.610925641411484,98084,574,544,801,
41.61578209677836,98083,575,544,801,
41.61936293004847,98083,574,545,801,
41.62020815640322,98082,575,545,801,
41.620245940971934,98082,574,546,801,
41.624698115146124,98081,575,546,801,
41.62525658304152,98081,575,545,802,
41.62572936095101,98080,576,545,802,
41.63070109038586,98080,575,546,802,
41.63266511168795,98080,574,547,802,
41.63299774513586,98080,574,546,803,
41.63463170930674,98080,574,545,804,
41.63919531105412,98080,573,546,804,
41.64036755394612,98079,574,546,804,
41.64061823737419,98079,573,547,804,
41.640992470478565,98078,574,547,804,
41.64155592950185,98077,575,547,804,
41.6458621623231,98076,576,547,804,
41.649505122205916,98076,575,548,804,
41.65498309892584,98075,576,548,804,
41.66181212397457,98074,577,548,804,
41.66710592271048,98073,578,548,804,
41.67286715322989,98072,579,548,804,
41.6745445795445,98072,578,549,804,
41.679053043879,98071,579,549,804,
41.68506458109535,98071,579,548,805,
41.68773810421589,98070,580,548,805,
41.68888480627943,98069,581,548,805,
41.695654447896686,98068,582,548,805,
41.69665280651752,98067,583,548,805,
41.69680938592334,98067,582,549,805,
41.70091392495531,98067,581,550,805,
41.70256964276926,98067,581,549,806,
41.70264174499033,98066,582,549,806,
41.706563671248645,98065,583,549,806,
41.70784244512347,98064,584,549,806,
41.70804726804678,98064,584,548,807,
41.70868657913333,98063,585,548,807,
41.708889507856654,98063,584,549,807,
41.71082921944287,98063,583,550,807,
41.71287734956228,98063,582,551,807,
41.71423749585995,98063,582,550,808,
41.71904332772006,98062,583,550,808,
41.719048015569825,98062,582,551,808,
41.72422299070949,98061,583,551,808,
41.72499091298625,98061,582,552,808,
41.72839169793012,98060,583,552,808,
41.730831862361896,98059,584,552,808,
41.73271577036049,98058,585,552,808,
41.73403409527688,98057,586,552,808,
41.74212783388099,98057,586,551,809,
41.74222233894021,98056,587,551,809,
41.74282786553489,98055,588,551,809,
41.74315781610418,98054,589,551,809,
41.74480205774606,98054,588,552,809,
41.74972081730714,98054,587,553,809,
41.75065402364989,98053,588,553,809,
41.75226590051843,98052,589,553,809,
41.75376915525157,98051,590,553,809,
41.75686407427029,98050,591,553,809,
41.76054052730295,98049,592,553,809,
41.769101089073295,98049,592,552,810,
41.77137516344814,98048,593,552,810,
41.77156746039036,98048,593,551,811,
41.774054256357054,98048,592,552,811,
41.77584863458079,98047,593,552,811,
41.77659732135489,98047,592,553,811,
41.77733759130396,98046,593,553,811,
41.778037009437284,98045,594,553,811,
41.7820381745811,98045,593,554,811,
41.782104971869465,98045,593,553,812,
41.78430448698552,98044,594,553,812,
41.785204173218204,98043,595,553,812,
41.786767329691116,98042,596,553,812,
41.787662192923705,98042,595,554,812,
41.78830200716453,98042,595,553,813,
41.78881297169563,98042,595,552,814,
41.788922521472095,98042,595,551,815,
41.79027686837001,98042,594,552,815,
41.790316911787286,98042,593,553,815,
41.79214674655985,98041,594,553,815,
41.793772160052434,98040,595,553,815,
41.794807825183035,98040,594,554,815,
41.79545238538727,98040,594,553,816,
41.798457853864186,98040,593,554,816,
41.79879798530754,98039,594,554,816,
41.80172776379765,98039,594,553,817,
41.80435925549973,98038,595,553,817,
41.8064998597705,98037,596,553,817,
41.807004421214074,98037,596,552,818,
41.81699931910427,98037,595,553,818,
41.81766875352309,98037,595,552,819,
41.81854505245039,98037,594,553,819,
41.81893902763226,98037,594,552,820,
41.821092811516856,98037,593,553,820,
41.82511569194616,98036,594,553,820,
41.84616129789905,98035,595,553,820,
41.8477481869173,98035,595,552,821,
41.84831755839076,98034,596,552,821,
41.84843732784775,98034,595,553,821,
41.850216761932465,98033,596,553,821,
41.85178297334969,98033,596,552,822,
41.852645849176916,98033,596,551,823,
41.85412901139106,98033,595,552,823,
41.85462528597594,98032,596,552,823,
41.85839068409139,98031,597,552,823,
41.85973278107315,98030,598,552,823,
41.86206679207847,98030,598,551,824,
41.86412335585127,98029,599,551,824,
41.86503244675701,98028,600,551,824,
41.86551809898314,98028,599,552,824,
41.86679222531843,98027,600,552,824,
41.886589324642046,98027,599,553,824,
41.888067284466295,98027,598,554,824,
41.891649528510115,98027,597,555,824,
41.90380694590376,98027,597,554,825,
41.90472971600052,98026,598,554,825,
41.906065249497594,98025,599,554,825,
41.908546248317606,98024,600,554,825,
41.908546248317606,98024,600,554,825,
41.910522504236376,98023,601,554,825,
41.91181311822899,98023,600,555,825,
41.912149733945085,98022,601,555,825,
41.91702306175589,98022,600,556,825,
41.91702674129039,98021,601,556,825,
41.918485225054816,98021,600,557,825,
41.92104749077453,98021,599,558,825,
41.922580965103435,98021,598,559,825,
41.92473052584529,98020,599,559,825,
41.92501219296196,98020,599,558,826,
41.92774812073345,98019,600,558,826,
41.928324855706805,98019,600,557,827,
41.928668445512244,98019,599,558,827,
41.92916684768782,98019,598,559,827,
41.93016524321879,98019,597,560,827,
41.93476383204835,98018,598,560,827,
41.93739517291428,98017,599,560,827,
41.944740888447356,98016,600,560,827,
41.9469343006319,98016,599,561,827,
41.94800067539328,98016,598,562,827,
41.9484662453704,98015,599,562,827,
41.94857639992113,98014,600,562,827,
41.95959464598839,98014,600,561,828,
41.95970350464738,98014,599,562,828,
41.96064339317807,98014,599,561,829,
41.96358437017411,98014,599,560,830,
41.963778079241116,98013,600,560,830,
41.97716851377243,98013,599,561,830,
41.97783574631112,98012,600,561,830,
41.97916946066991,98011,601,561,830,
41.98324154550229,98010,602,561,830,
41.98550329871808,98010,601,562,830,
41.99390539183874,98010,601,561,831,
41.99607252654081,98010,600,562,831,
42.00615247725002,98009,601,562,831,
42.0133502585084,98009,600,563,831,
42.017057070759385,98009,599,564,831,
42.01742276507258,98008,600,564,831,
42.01800076796042,98007,601,564,831,
42.019740036348765,98007,600,565,831,
42.02147778076397,98007,599,566,831,
42.02288880485179,98006,600,566,831,
42.02554498008676,98006,599,567,831,
42.0266400458977,98005,600,567,831,
42.0366831142306,98005,599,568,831,
42.037860247554256,98004,600,568,831,
42.04131536492109,98003,601,568,831,
42.04168486115602,98002,602,568,831,
42.04284599296448,98002,601,569,831,
42.05205920505344,98002,600,570,831,
42.05215308336014,98001,601,570,831,
42.053795212958086,98000,602,570,831,
42.05859394800071,98000,602,569,832,
42.05998201018649,98000,602,568,833,
42.06004700450998,97999,603,568,833,
42.07284233891547,97998,604,568,833,
42.075424204349375,97997,605,568,833,
42.078809501646056,97997,605,567,834,
42.08130881401913,97996,606,567,834,
42.08520885693542,97996,605,568,834,
42.08531049072306,97996,604,569,834,
42.08626806197842,97995,605,569,834,
42.092607675810804,97995,604,570,834,
42.092925421255856,97994,605,570,834,
42.09564936042021,97993,606,570,834,
42.0960040039943,97992,607,570,834,
42.096592873319466,97992,606,571,834,
42.099164690903294,97992,605,572,834,
42.10099715756091,97992,605,571,835,
42.10148195387515,97992,604,572,835,
42.10297569552899,97992,603,573,835,
42.108058917153606,97992,603,572,836,
42.10865462082272,97992,602,573,836,
42.111955062283464,97991,603,573,836,
42.113683182913455,97991,602,574,836,
42.11543826548158,97991,601,575,836,
42.11623054632345,97990,602,575,836,
42.116401506053684,97989,603,575,836,
42.11653792576243,97989,602,576,836,
42.117984097119994,97988,603,576,836,
42.11953397258618,97987,604,576,836,
42.12038801023689,97987,603,577,836,
42.12268681181383,97986,604,577,836,
42.125534233230894,97986,604,576,837,
42.13029910742277,97985,605,576,837,
42.1335632639106,97984,606,576,837,
42.13528438949146,97983,607,576,837,
42.13745418063131,97982,608,576,837,
42.13961810189503,97982,608,575,838,
42.14393362571444,97981,609,575,838,
42.145443485443074,97981,609,574,839,
42.14571892379899,97980,610,574,839,
42.147653564547966,97979,611,574,839,
42.148397080471874,97979,610,575,839,
42.1507549292129,97979,610,574,840,
42.151433847221995,97978,611,574,840,
42.15731308064153,97978,610,575,840,
42.16089102488192,97977,611,575,840,
42.161900380577926,97976,612,575,840,
42.16485391047634,97975,613,575,840,
42.1653445947009,97975,612,576,840,
42.167793978316844,97975,612,575,841,
42.168246480855316,97975,611,576,841,
42.17230643462862,97974,612,576,841,
42.18060327267436,97974,611,577,841,
42.19029436977002,97974,610,578,841,
42.19065807388063,97973,611,578,841,
42.19092488846386,97972,612,578,841,
42.191446629798264,97971,613,578,841,
42.193890428874,97971,612,579,841,
42.1965061428026,97971,611,580,841,
42.19714510868335,97971,610,581,841,
42.20119839588105,97971,610,580,842,
42.20243155602635,97970,611,580,842,
42.20412779321745,97970,611,579,843,
42.20544413190099,97970,610,580,843,
42.207356835265664,97969,611,580,843,
42.21213020644288,97968,612,580,843,
42.21256279687521,97968,612,579,844,
42.21277111450614,97967,613,579,844,
42.213942122006124,97967,613,578,845,
42.215714826724174,97967,613,577,846,
42.21609519042451,97967,612,578,846,
42.22056433635508,97967,612,577,847,
42.22642002860316,97966,613,577,847,
42.2276222838751,97966,612,578,847,
42.23575732575264,97965,613,578,847,
42.23755549320718,97965,613,577,848,
42.239720097069174,97964,614,577,848,
42.241162899849726,97964,613,578,848,
42.24490478469609,97964,613,577,849,
42.24596943300057,97964,613,576,850,
42.2499617715644,97963,614,576,850,
42.25160186613901,97963,613,577,850,
42.255322865581675,97962,614,577,850,
42.25532757508474,97962,613,578,850,
42.26147876152794,97961,614,578,850,
42.26204108282149,97960,615,578,850,
42.26876649470196,97959,616,578,850,
42.2712223559194,97959,616,577,851,
42.272515660736126,97959,616,576,852,
42.27324601527272,97959,616,575,853,
42.2785199965234,97959,615,576,853,
42.278732927789235,97959,614,577,853,
42.28521872854296,97959,613,578,853,
42.28565162083359,97958,614,578,853,
42.287184569891664,97958,613,579,853,
42.28814244280103,97957,614,579,853,
42.28847724508704,97956,615,579,853,
42.30241477796686,97956,615,578,854,
42.30392870677322,97956,615,577,855,
42.30756940351134,97956,615,576,856,
42.31110207196352,97955,616,576,856,
42.3165184365023,97955,615,577,856,
42.32019704743016,97954,616,577,856,
42.32024046195289,97953,617,577,856,
42.32881096139754,97953,617,576,857,
42.34288146538494,97953,617,575,858,
42.344558586755554,97952,618,575,858,
42.34854001782438,97952,618,574,859,
42.35072451955435,97951,619,574,859,
42.353781554689164,97951,618,575,859,
42.3554267050451,97950,619,575,859,
42.36677144425528,97950,619,574,860,
42.36792256110999,97949,620,574,860,
42.37153914461687,97949,619,575,860,
42.37516157080626,97949,618,576,860,
42.37838145336441,97949,617,577,860,
42.381295332358896,97949,617,576,861,
42.390097582824716,97949,616,577,861,
42.39507981492033,97949,615,578,861,
42.39761134353688,97948,616,578,861,
42.3982006186169,97948,615,579,861,
42.40139341417703,97947,616,579,861,
42.402405945988626,97946,617,579,861,
42.415771804901674,97946,616,580,861,
42.422535617466785,97945,617,580,861,
42.430633959777666,97944,618,580,861,
42.4357697120273,97944,618,579,862,
42.44069282459314,97944,617,580,862,
42.44102478475013,97944,616,581,862,
42.44312083452944,97944,616,580,863,
42.44492290968085,97943,617,580,863,
42.44597773144086,97942,618,580,863,
42.44861455964732,97941,619,580,863,
42.455325407267104,97940,620,580,863,
42.45625852606026,97939,621,580,863,
42.46825580884998,97938,622,580,863,
42.468779727877994,97938,621,581,863,
42.47444215658762,97937,622,581,863,
42.47525287069569,97936,623,581,863,
42.475618955892244,97936,622,582,863,
42.48036202756301,97935,623,582,863,
42.48196697055676,97934,624,582,863,
42.482679175194846,97934,623,583,863,
42.48332648985454,97934,623,582,864,
42.4868251074228,97933,624,582,864,
42.494195810636796,97933,623,583,864,
42.49800663173884,97932,624,583,864,
42.50187123639361,97931,625,583,864,
42.503866938479106,97931,625,582,865,
42.50408437906087,97930,626,582,865,
42.50455827942747,97930,625,583,865,
42.50475151985902,97929,626,583,865,
42.505245610285144,97929,626,582,866,
42.50828339946194,97929,625,583,866,
42.51210915119328,97928,626,583,866,
42.51328869533685,97928,626,582,867,
42.514407514029294,97927,627,582,867,
42.51447723989105,97926,628,582,867,
42.52243789949468,97925,629,582,867,
42.523670598533116,97924,630,582,867,
42.52495739784815,97924,629,583,867,
42.52503575714869,97924,628,584,867,
42.52655240152426,97924,627,585,867,
42.53163237986317,97924,627,584,868,
42.533737267912244,97923,628,584,868,
42.53379092721873,97923,627,585,868,
42.53674034091389,97922,628,585,868,
42.54041393142907,97921,629,585,868,
42.548214698379475,97920,630,585,868,
42.548660367363816,97920,629,586,868,
42.55160417931527,97920,628,587,868,
42.55552698306133,97919,629,587,868,
42.55688976693522,97918,630,587,868,
42.55890132552767,97917,631,587,868,
42.56391286990149,97916,632,587,868,
42.56408121695234,97916,631,588,868,
42.565126520102254,97916,631,587,869,
42.56538731386007,97915,632,587,869,
42.57052972816236,97915,632,586,870,
42.57854803798934,97914,633,586,870,
42.5790277372266,97914,632,587,870,
42.580787525954825,97914,631,588,870,
42.58111874058489,97913,632,588,870,
42.58221275297784,97912,633,588,870,
42.58346253546377,97912,633,587,871,
42.583978425305325,97911,634,587,871,
42.58562729000458,97911,633,588,871,
42.58800864196982,97911,632,589,871,
42.58959785274406,97911,632,588,872,
42.5962968766483,97910,633,588,872,
42.596743553169844,97909,634,588,872,
42.597385463098,97908,635,588,872,
42.60173186818267,97907,636,588,872,
42.60214901525864,97907,636,587,873,
42.606646281800934,97907,635,588,873,
42.60861505123183,97907,635,587,874,
42.60865909411371,97906,636,587,874,
42.61067363976331,97906,635,588,874,
42.61224264458467,97906,634,589,874,
42.61397646064681,97906,634,588,875,
42.61418578974964,97905,635,588,875,
42.61925349027948,97904,636,588,875,
42.62243481254538,97904,636,587,876,
42.62327762191639,97904,635,588,876,
42.62457684540423,97904,634,589,876,
42.624809436496186,97904,633,590,876,
42.624819431925424,97903,634,590,876,
42.62526737463674,97902,635,590,876,
42.62884335061665,97901,636,590,876,
42.636898091470485,97901,635,591,876,
42.642709320805366,97901,634,592,876,
42.64289847468984,97901,633,593,876,
42.64430842687699,97901,632,594,876,
42.647703590475615,97901,632,593,877,
42.650003241162025,97901,631,594,877,
42.65121485177081,97900,632,594,877,
42.65152835490906,97900,631,595,877,
42.65193539758543,97900,630,596,877,
42.65326207987196,97899,631,596,877,
42.65422471914291,97898,632,596,877,
42.65973164186725,97897,633,596,877,
42.65992102730325,97896,634,596,877,
42.66275401124419,97896,633,597,877,
42.66770275836126,97896,633,596,878,
42.67288519700389,97896,632,597,878,
42.67828449255365,97895,633,597,878,
42.68175465770051,97894,634,597,878,
42.68241365447624,97894,634,596,879,
42.68477552581758,97894,634,595,880,
42.68652315449489,97894,633,596,880,
42.68812477324382,97893,634,596,880,
42.68916902267818,97893,633,597,880,
42.69321291319258,97893,633,596,881,
42.70152626042439,97893,632,597,881,
42.717207421986565,97892,633,597,881,
42.719689648391665,97891,634,597,881,
42.72251886712911,97890,635,597,881,
42.72903504689911,97890,634,598,881,
42.7319866578873,97889,635,598,881,
42.736014445451985,97889,634,599,881,
42.73613885117862,97889,633,600,881,
42.738466780894456,97888,634,600,881,
42.739485145999666,97888,633,601,881,
42.744946718480755,97888,633,600,882,
42.74676165550824,97887,634,600,882,
42.749677850531164,97886,635,600,882,
42.75588332147711,97886,634,601,882,
42.76029695733496,97885,635,601,882,
42.76576285983714,97884,636,601,882,
42.767742784335276,97883,637,601,882,
42.768947300765745,97883,637,600,883,
42.769663031782294,97882,638,600,883,
42.77209980065982,97881,639,600,883,
42.7741274478747,97881,639,599,884,
42.77451220398583,97880,640,599,884,
42.774983371991084,97879,641,599,884,
42.77544626937157,97879,641,598,885,
42.777075300671804,97879,641,597,886,
42.778544757014664,97879,641,596,887,
42.79008956649668,97879,641,595,888,
42.79199266784948,97879,640,596,888,
42.7931806386496,97879,639,597,888,
42.7975139861026,97879,639,596,889,
42.79787910514379,97879,638,597,889,
42.798219983056235,97878,639,597,889,
42.80014734647422,97877,640,597,889,
42.80076195134648,97877,640,596,890,
42.800857467234565,97877,640,595,891,
42.803485517557355,97877,639,596,891,
42.804075510220166,97876,640,596,891,
42.80507490613168,97876,640,595,892,
42.80965848711338,97875,641,595,892,
42.8111059283076,97874,642,595,892,
42.81160829213863,97874,641,596,892,
42.8129104351408,97874,640,597,892,
42.8264585030688,97874,640,596,893,
42.82891832515068,97873,641,596,893,
42.82989169336154,97872,642,596,893,
42.831453540165846,97871,643,596,893,
42.83167460587625,97870,644,596,893,
42.83936829426195,97870,644,595,894,
42.83960078705535,97870,643,596,894,
42.84098899417633,97870,642,597,894,
42.8426067476904,97870,641,598,894,
42.84263814722265,97869,642,598,894,
42.84648547518901,97869,641,599,894,
42.85262175548625,97868,642,599,894,
42.85318084616281,97868,642,598,895,
42.861405554779054,97867,643,598,895,
42.861865616527865,97866,644,598,895,
42.86240331373072,97866,643,599,895,
42.86989912318306,97866,643,598,896,
42.87116747929762,97865,644,598,896,
42.87117006637974,97865,643,599,896,
42.87171244391792,97865,642,600,896,
42.8742751023468,97864,643,600,896,
42.87650371011606,97863,644,600,896,
42.87831865645364,97863,644,599,897,
42.87866769801398,97863,643,600,897,
42.8843753567205,97862,644,600,897,
42.88568845438789,97861,645,600,897,
42.88679262114943,97860,646,600,897,
42.88679964106758,97860,646,599,898,
42.89356705891198,97859,647,599,898,
42.895751754332515,97859,646,600,898,
42.89762457710098,97859,645,601,898,
42.899201814829254,97858,646,601,898,
42.899201814829254,97858,646,601,898,
42.89960571435314,97857,647,601,898,
42.90246267732828,97857,646,602,898,
42.90762984791422,97856,647,602,898,
42.91481463171206,97855,648,602,898,
42.919288499797766,97855,648,601,899,
42.93263126791461,97855,648,600,900,
42.93702575738267,97855,647,601,900,
42.940898941035776,97854,648,601,900,
42.94121449549935,97854,648,600,901,
42.94565981896406,97854,647,601,901,
42.948197964888706,97854,647,600,902,
42.948806736209804,97854,646,601,902,
42.953319145205256,97854,645,602,902,
42.9544853446652,97853,646,602,902,
42.95590301812292,97853,645,603,902,
42.95978960152095,97853,644,604,902,
42.96191265845608,97852,645,604,902,
42.96252525635533,97852,644,605,902,
42.96261366838204,97852,643,606,902,
42.963845231747236,97851,644,606,902,
42.97639001753338,97850,645,606,902,
42.980404550128085,97849,646,606,902,
42.98119145621648,97849,645,607,902,
42.983489283763944,97849,644,608,902,
42.98454826657952,97849,643,609,902,
42.98458113685294,97849,642,610,902,
42.985753732615656,97849,642,609,903,
42.98707889521723,97848,643,609,903,
42.987967589787054,97847,644,609,903,
42.99050756659772,97847,643,610,903,
42.990950073064035,97846,644,610,903,
42.99293471574814,97845,645,610,903,
42.994921880508585,97845,644,611,903,
42.99699848012275,97844,645,611,903,
42.99754724883773,97844,645,610,904,
42.99814017267357,97844,644,611,904,
42.999177043026684,97843,645,611,904,
43.00510190463812,97843,645,610,905,
43.005832552377484,97842,646,610,905,
43.00619986040502,97841,647,610,905,
43.02106095805328,97841,647,609,906,
43.02173688566698,97840,648,609,906,
43.025533580824664,97840,648,608,907,
43.02622333738317,97840,648,607,908,
43.02653127483628,97839,649,607,908,
43.03093702436574,97838,650,607,908,
43.031339061253526,97837,651,607,908,
43.03674899508444,97836,652,607,908,
43.04050803862318,97836,651,608,908,
43.04494195111192,97835,652,608,908,
43.04642348539857,97835,652,607,909,
43.049049689668514,97835,652,606,910,
43.05257007738881,97835,651,607,910,
43.05300542614837,97834,652,607,910,
43.05638741635265,97834,651,608,910,
43.05683696845025,97833,652,608,910,
43.060949229714105,97832,653,608,910,
43.0612543830362,97832,652,609,910,
43.062015982310236,97831,653,609,910,
43.06337714010058,97831,653,608,911,
43.064813836243694,97830,654,608,911,
43.06970368661702,97829,655,608,911,
43.070254147931706,97829,655,607,912,
43.07142850915988,97829,655,606,913,
43.07300760638024,97829,654,607,913,
43.07598333881399,97828,655,607,913,
43.07649668849035,97828,654,608,913,
43.080659050535765,97827,655,608,913,
43.08144386212984,97826,656,608,913,
43.087353305432565,97826,656,607,914,
43.09233879535816,97825,657,607,914,
43.09573765181377,97825,656,608,914,
43.099235193789035,97824,657,608,914,
43.10023806431627,97823,658,608,914,
43.10228787283386,97823,657,609,914,
43.10311137760581,97822,658,609,914,
43.103470191733976,97822,657,610,914,
43.10692926748568,97821,658,610,914,
43.10846647135971,97820,659,610,914,
43.11554194326004,97820,658,611,914,
43.118914745483146,97819,659,611,914,
43.12333948133588,97819,659,610,915,
43.12548978101377,97819,659,609,916,
43.13048232282,97818,660,609,916,
43.13404811161512,97817,661,609,916,
43.136716057451444,97817,661,608,917,
43.13887086451196,97817,660,609,917,
43.142306248013256,97817,659,610,917,
43.14895718302419,97816,660,610,917,
43.15029392535413,97815,661,610,917,
43.15286144239632,97815,660,611,917,
43.15746299108869,97814,661,611,917,
43.15944903370617,97813,662,611,917,
43.16335091442098,97812,663,611,917,
43.166174148183025,97811,664,611,917,
43.16864906901474,97811,664,610,918,
43.17146692180386,97810,665,610,918,
43.175627196633805,97810,664,611,918,
43.18067910710997,97810,664,610,919,
43.18218893782842,97810,663,611,919,
43.1823699770518,97810,662,612,919,
43.185889772282266,97809,663,612,919,
43.18718823239803,97809,662,613,919,
43.18925403156516,97808,663,613,919,
43.194840253090874,97807,664,613,919,
43.19709802306367,97806,665,613,919,
43.20216558041365,97806,664,614,919,
43.20427511096193,97805,665,614,919,
43.2055892673914,97804,666,614,919,
43.205749991835006,97804,665,615,919,
43.20589803752532,97804,664,616,919,
43.210668294884314,97803,665,616,919,
43.211893946537785,97802,666,616,919,
43.21298567143163,97801,667,616,919,
43.21837854935014,97801,666,617,919,
43.22353725507524,97800,667,617,919,
43.223721784928834,97800,666,618,919,
43.23159970622057,97799,667,618,919,
43.23631967487037,97798,668,618,919,
43.238505245438354,97797,669,618,919,
43.244425549824946,97797,668,619,919,
43.24506671955284,97796,669,619,919,
43.24776643591063,97795,670,619,919,
43.24954108221576,97795,669,620,919,
43.250161741228595,97794,670,620,919,
43.25079117249364,97794,669,621,919,
43.252171022800674,97794,668,622,919,
43.261790447722845,97793,669,622,919,
43.26210077338694,97793,668,623,919,
43.264739197899864,97793,667,624,919,
43.270205496618516,97792,668,624,919,
43.27090625171609,97791,669,624,919,
43.27724983605521,97790,670,624,919,
43.281840696992724,97789,671,624,919,
43.28562215679244,97788,672,624,919,
43.287196207049355,97788,672,623,920,
43.287613369508726,97788,671,624,920,
43.293883044918736,97787,672,624,920,
43.29653469286007,97787,672,623,921,
43.29769083566892,97787,671,624,921,
43.30446991347001,97786,672,624,921,
43.3087215587817,97786,671,625,921,
43.30891680984281,97785,672,625,921,
43.30913630556984,97785,672,624,922,
43.30995756271769,97785,672,623,923,
43.311518337150126,97785,671,624,923,
43.31154772073744,97784,672,624,923,
43.31202719667694,97784,672,623,924,
43.31284215204282,97784,671,624,924,
43.317054070254194,97784,670,625,924,
43.318737436651446,97783,671,625,924,
43.32044335953692,97782,672,625,924,
43.32294804244481,97782,672,624,925,
43.32973884391042,97781,673,624,925,
43.33741003651036,97781,672,625,925,
43.3389732168025,97781,671,626,925,
43.33966734998135,97780,672,626,925,
43.33974943582047,97779,673,626,925,
43.34561448177376,97778,674,626,925,
43.35224237441717,97778,673,627,925,
43.35242733396375,97778,673,626,926,
43.35267864874022,97778,672,627,926,
43.35581544224097,97777,673,627,926,
43.35627236109304,97777,672,628,926,
43.36139309382563,97776,673,628,926,
43.363718734483314,97775,674,628,926,
43.36495512158887,97775,674,627,927,
43.370110809549175,97775,674,626,928,
43.371538961554414,97775,674,625,929,
43.372888665452,97774,675,625,929,
43.377668143095796,97773,676,625,929,
43.38682245830893,97772,677,625,929,
43.388303700184856,97771,678,625,929,
43.38839809708811,97770,679,625,929,
43.389834912004446,97769,680,625,929,
43.391569894034966,97768,681,625,929,
43.391885269439534,97768,680,626,929,
43.39510749113576,97768,680,625,930,
43.39743681763392,97768,679,626,930,
43.39959381204541,97767,680,626,930,
43.402505984748835,97766,681,626,930,
43.40361360477093,97766,680,627,930,
43.40608730078788,97766,680,626,931,
43.40831557823803,97766,680,625,932,
43.41013155332983,97765,681,625,932,
43.41045764384003,97765,680,626,932,
43.414912985702586,97765,680,625,933,
43.42309320918588,97764,681,625,933,
43.42404812533654,97764,680,626,933,
43.425262721190464,97763,681,626,933,
43.43300212707065,97763,680,627,933,
43.433016105932616,97763,679,628,933,
43.43638320607712,97762,680,628,933,
43.43797392249721,97761,681,628,933,
43.442038645751055,97761,680,629,933,
43.4423093577456,97760,681,629,933,
43.44362354142341,97759,682,629,933,
43.44775041707724,97758,683,629,933,
43.44846868381874,97758,683,628,934,
43.44926463863366,97757,684,628,934,
43.4501132171255,97756,685,628,934,
43.46524796400864,97756,685,627,935,
43.470601949530675,97755,686,627,935,
43.470635427274885,97755,686,626,936,
43.47343021527924,97755,686,625,937,
43.47666711725672,97755,686,624,938,
43.478740452847816,97754,687,624,938,
43.48030479153444,97754,686,625,938,
43.48047222976436,97754,685,626,938,
43.483843596279605,97754,684,627,938,
43.4857958612906,97754,683,628,938,
43.486879348075966,97753,684,628,938,
43.48986572066988,97753,683,629,938,
43.49075554486548,97753,682,630,938,
43.49396085887434,97753,681,631,938,
43.498094535962935,97752,682,631,938,
43.50181252517564,97752,681,632,938,
43.50845113681691,97752,680,633,938,
43.51118642436866,97751,681,633,938,
43.51288186235591,97751,681,632,939,
43.51322260007829,97751,681,631,940,
43.51421659284438,97750,682,631,940,
43.51795667099975,97749,683,631,940,
43.52304440493397,97749,682,632,940,
43.5272838748267,97749,681,633,940,
43.528756690738305,97748,682,633,940,
43.5341425155794,97748,682,632,941,
43.538434354443446,97748,681,633,941,
43.54532745813657,97748,680,634,941,
43.545913355824936,97748,680,633,942,
43.54664519985646,97747,681,633,942,
43.54694253589403,97746,682,633,942,
43.54783589709495,97746,681,634,942,
43.54831307864663,97745,682,634,942,
43.54871978945423,97745,682,633,943,
43.54890244671171,97744,683,633,943,
43.550160646409665,97743,684,633,943,
43.55016700196648,97742,685,633,943,
43.55034238777571,97741,686,633,943,
43.55159713830423,97741,686,632,944,
43.556364441893706,97740,687,632,944,
43.558413701828606,97739,688,632,944,
43.56398811574624,97739,687,633,944,
43.56463582264268,97738,688,633,944,
43.5671359155048,97737,689,633,944,
43.57247835105427,97737,689,632,945,
43.57520229314826,97737,688,633,945,
43.58199937397822,97737,688,632,946,
43.587379629618184,97736,689,632,946,
43.5896272792757,97736,688,633,946,
43.5909959342672,97736,687,634,946,
43.59208209361906,97735,688,634,946,
43.594532653607615,97734,689,634,946,
43.597300431259356,97734,688,635,946,
43.59995966894176,97734,688,634,947,
43.60547255315992,97734,688,633,948,
43.605820453385554,97733,689,633,948,
43.612057722053386,97733,689,632,949,
43.61487810296882,97732,690,632,949,
43.61537302199804,97731,691,632,949,
43.618706775505665,97730,692,632,949,
43.619609514328275,97730,692,631,950,
43.62416242071663,97729,693,631,950,
43.62596128452423,97729,692,632,950,
43.62600012372664,97728,693,632,950,
43.62620329909534,97728,693,631,951,
43.62739307610546,97727,694,631,951,
43.627487365955346,97726,695,631,951,
43.62903228194594,97725,696,631,951,
43.62961768696207,97725,695,632,951,
43.63107258779269,97725,695,631,952,
43.63440546066484,97724,696,631,952,
43.63672250356286,97723,697,631,952,
43.63818698393788,97722,698,631,952,
43.650233033612096,97721,699,631,952,
43.66042120108792,97720,700,631,952,
43.668571592525474,97719,701,631,952,
43.67059845215808,97718,702,631,952,
43.672282045316656,97717,703,631,952,
43.67377732990923,97716,704,631,952,
43.67493736861093,97716,703,632,952,
43.67608462433949,97715,704,632,952,
43.680258943592555,97715,704,631,953,
43.69181199871598,97715,703,632,953,
43.69183305710879,97715,703,631,954,
43.69319168875072,97715,702,632,954,
43.69379318035285,97715,701,633,954,
43.69813999204735,97715,700,634,954,
43.70293697030455,97715,700,633,955,
43.70439852866268,97714,701,633,955,
43.707235931022225,97713,702,633,955,
43.70989940977624,97712,703,633,955,
43.71112577976565,97711,704,633,955,
43.71302652765948,97710,705,633,955,
43.71662470337217,97709,706,633,955,
43.71802080996538,97708,707,633,955,
43.72021986302348,97708,706,634,955,
43.721688869422024,97708,706,633,956,
43.72937405050005,97707,707,633,956,
43.73691389635911,97707,706,634,956,
43.73984913850799,97707,705,635,956,
43.741907127228586,97707,704,636,956,
43.74291087796289,97707,704,635,957,
43.74612560135892,97706,705,635,957,
43.75244597639045,97705,706,635,957,
43.7553298867148,97704,707,635,957,
43.75841455530282,97704,706,636,957,
43.76445035520486,97703,707,636,957,
43.76461624840509,97702,708,636,957,
43.76848651806027,97702,707,637,957,
43.7697730739672,97702,706,638,957,
43.770973388094795,97701,707,638,957,
43.77213535191009,97701,706,639,957,
43.77439852668756,97700,707,639,957,
43.78423692489599,97700,706,640,957,
43.786491654350115,97700,705,641,957,
43.7866939856741,97699,706,641,957,
43.78733008754273,97699,706,640,958,
43.792033465629906,97698,707,640,958,
43.79255316254516,97697,708,640,958,
43.794348551347795,97696,709,640,958,
43.798269979145815,97696,708,641,958,
43.8004257200934,97696,708,640,959,
43.80130852538438,97695,709,640,959,
43.80214379760108,97694,710,640,959,
43.8031636805218,97694,709,641,959,
43.804503616680776,97693,710,641,959,
43.80748972815634,97693,709,642,959,
43.809177351905504,97692,710,642,959,
43.81150680963368,97692,709,643,959,
43.813183621836174,97691,710,643,959,
43.81612179313074,97691,709,644,959,
43.81838182276539,97691,708,645,959,
43.82105120396192,97691,707,646,959,
43.82135088347257,97691,706,647,959,
43.82564847816282,97690,707,647,959,
43.82910617687766,97689,708,647,959,
43.83275319013301,97689,707,648,959,
43.834708508898025,97689,706,649,959,
43.834830569618696,97688,707,649,959,
43.83974145333036,97688,706,650,959,
43.84110470198375,97688,705,651,959,
43.84409164201227,97688,704,652,959,
43.845138814307546,97688,703,653,959,
43.84571511079107,97688,703,652,960,
43.846266103883636,97688,702,653,960,
43.85109151496678,97687,703,653,960,
43.85162769941458,97687,702,654,960,
43.85219873761846,97687,702,653,961,
43.85540074137651,97686,703,653,961,
43.85853120176122,97685,704,653,961,
43.86017774569182,97685,704,652,962,
43.86442883363659,97684,705,652,962,
43.86803508756063,97683,706,652,962,
43.868657895382306,97683,705,653,962,
43.87152857386826,97683,705,652,963,
43.87444045218217,97682,706,652,963,
43.87626846086938,97682,705,653,963,
43.876274790782674,97682,705,652,964,
43.87652902903741,97682,704,653,964,
43.87753449171478,97681,705,653,964,
43.880480775861805,97680,706,653,964,
43.882864903778895,97680,705,654,964,
43.88335318935876,97680,704,655,964,
43.88763135282026,97679,705,655,964,
43.88857918550817,97679,704,656,964,
43.89045520716206,97679,703,657,964,
43.89201045670555,97678,704,657,964,
43.89269053869421,97678,704,656,965,
43.894334420095674,97677,705,656,965,
43.89499632477853,97677,704,657,965,
43.89710885299889,97677,704,656,966,
43.89710885299889,97677,704,656,966,
43.90343158148082,97677,703,657,966,
43.904170266276296,97676,704,657,966,
43.90505427324827,97675,705,657,966,
43.91123528175952,97674,706,657,966,
43.913490905167656,97673,707,657,966,
43.914528265892685,97673,706,658,966,
43.91535625137367,97672,707,658,966,
43.91932304285432,97671,708,658,966,
43.91989968768525,97670,709,658,966,
43.923249811736284,97670,708,659,966,
43.92413091857441,97669,709,659,966,
43.92651941791997,97668,710,659,966,
43.92786450480415,97668,709,660,966,
43.92979568312922,97668,709,659,967,
43.929852329604174,97668,708,660,967,
43.93044097025015,97668,708,659,968,
43.93274848940286,97667,709,659,968,
43.936743836893676,97667,709,658,969,
43.93744109949584,97666,710,658,969,
43.93760638185745,97666,709,659,969,
43.93797004211956,97665,710,659,969,
43.938476780763324,97665,709,660,969,
43.94120560809079,97665,708,661,969,
43.94748263635099,97665,707,662,969,
43.94779308042811,97665,707,661,970,
43.94787923757621,97664,708,661,970,
43.949346580632415,97664,708,660,971,
43.94947437025747,97664,707,661,971,
43.94971330374018,97664,707,660,972,
43.95104065878251,97664,706,661,972,
43.95195194519084,97663,707,661,972,
43.95210886108791,97663,707,660,973,
43.952349146059,97663,706,661,973,
43.95272251893666,97662,707,661,973,
43.96202566201283,97661,708,661,973,
43.96417438794638,97661,707,662,973,
43.96537654836,97661,706,663,973,
43.96647265844777,97661,706,662,974,
43.96941047541395,97661,705,663,974,
43.971899220434786,97660,706,663,974,
43.975183173179225,97660,705,664,974,
43.97700400019865,97660,704,665,974,
43.97862971114639,97659,705,665,974,
43.9799466320927,97659,704,666,974,
43.98101760705937,97659,704,665,975,
43.98636284524474,97658,705,665,975,
43.98978984092417,97657,706,665,975,
43.990344752641526,97656,707,665,975,
43.99162381683097,97655,708,665,975,
43.99515542070139,97654,709,665,975,
43.999046220290374,97654,708,666,975,
43.99933793989611,97653,709,666,975,
43.999357153699165,97653,708,667,975,
44.00036202813631,97653,708,666,976,
44.00114995589055,97653,708,665,977,
44.00196776545136,97653,707,666,977,
44.007004924327916,97653,706,667,977,
44.00821638605481,97652,707,667,977,
44.00946046390008,97651,708,667,977,
44.015388127820245,97651,707,668,977,
44.01626533007569,97651,706,669,977,
44.01686834960182,97651,705,670,977,
44.01818566364962,97650,706,670,977,
44.02117394628013,97649,707,670,977,
44.02168558073223,97649,707,669,978,
44.02189370454689,97648,708,669,978,
44.02239357196843,97648,707,670,978,
44.02295798153186,97648,706,671,978,
44.02347107317437,97647,707,671,978,
44.023938325501945,97647,706,672,978,
44.02500647554866,97646,707,672,978,
44.029308093582756,97646,706,673,978,
44.033382227324616,97646,705,674,978,
44.03928259084421,97646,705,673,979,
44.039705409456694,97646,705,672,980,
44.04095909376534,97645,706,672,980,
44.04505636579048,97644,707,672,980,
44.04598976444611,97644,706,673,980,
44.047584184564265,97644,706,672,981,
44.04772267590887,97643,707,672,981,
44.049016274935,97642,708,672,981,
44.050349090652716,97641,709,672,981,
44.05052889182187,97641,708,673,981,
44.050921485746066,97641,707,674,981,
44.053447777056114,97640,708,674,981,
44.05377321668019,97639,709,674,981,
44.05411331317249,97639,708,675,981,
44.0565411375718,97638,709,675,981,
44.05733016810966,97637,710,675,981,
44.0634082668179,97637,710,674,982,
44.064843855074464,97636,711,674,982,
44.065055685073105,97636,710,675,982,
44.06670108566654,97636,709,676,982,
44.06876863585527,97635,710,676,982,
44.07270560666495,97634,711,676,982,
44.074125982965725,97633,712,676,982,
44.07653868957829,97633,711,677,982,
44.07818334819834,97632,712,677,982,
44.085376430021604,97631,713,677,982,
44.08744465647207,97630,714,677,982,
44.09176164956279,97630,713,678,982,
44.096570914437066,97629,714,678,982,
44.10178465223342,97628,715,678,982,
44.10268379964526,97627,716,678,982,
44.10811106323969,97627,716,677,983,
44.10953636194317,97626,717,677,983,
44.109576524217616,97625,718,677,983,
44.1101111778906,97624,719,677,983,
44.110627806273584,97623,720,677,983,
44.111775883843265,97622,721,677,983,
44.11361205545871,97622,720,678,983,
44.11494955429332,97621,721,678,983,
44.11734213081557,97620,722,678,983,
44.12457978543793,97620,721,679,983,
44.12894800205051,97619,722,679,983,
44.13034003049274,97618,723,679,983,
44.13054104086382,97618,722,680,983,
44.13080293210382,97617,723,680,983,
44.13393684243205,97617,723,679,984,
44.13670135002285,97617,722,680,984,
44.13783343809155,97617,722,679,985,
44.147902522000344,97617,722,678,986,
44.148906525819385,97616,723,678,986,
44.14903385447489,97615,724,678,986,
44.14950250978961,97615,724,677,987,
44.15090742680987,97615,723,678,987,
44.1574890410687,97614,724,678,987,
44.15811365879733,97614,723,679,987,
44.15884525855216,97613,724,679,987,
44.160833050015604,97612,725,679,987,
44.16256922033771,97611,726,679,987,
44.1684494141783,97611,725,680,987,
44.16852214628296,97610,726,680,987,
44.170741848381745,97610,725,681,987,
44.17081928110235,97610,724,682,987,
44.171261637434725,97610,723,683,987,
44.17267428183464,97610,722,684,987,
44.17567230302107,97609,723,684,987,
44.18385048588438,97609,722,685,987,
44.18445788160611,97608,723,685,987,
44.19024898472704,97607,724,685,987,
44.19146668372067,97607,723,686,987,
44.198910902331896,97606,724,686,987,
44.19925706877228,97605,725,686,987,
44.20203989268129,97604,726,686,987,
44.20324498892075,97604,725,687,987,
44.20415366359487,97603,726,687,987,
44.205333791711844,97603,725,688,987,
44.205410641122405,97603,725,687,988,
44.208508748630145,97602,726,687,988,
44.21261593052872,97602,725,688,988,
44.213868383570215,97602,724,689,988,
44.21649334613777,97602,724,688,989,
44.21718940373147,97601,725,688,989,
44.21782108669952,97600,726,688,989,
44.217967331948714,97599,727,688,989,
44.21867475155788,97599,727,687,990,
44.22343207184893,97598,728,687,990,
44.224217544594985,97597,729,687,990,
44.22435451656625,97597,729,686,991,
44.22493725787504,97597,728,687,991,
44.23106533159778,97597,728,686,992,
44.2321185745608,97597,727,687,992,
44.23420925147123,97597,726,688,992,
44.235309577476485,97597,725,689,992,
44.23536175026973,97596,726,689,992,
44.235366079517554,97596,725,690,992,
44.237078178229105,97596,724,691,992,
44.237371143690275,97596,724,690,993,
44.23833580822363,97595,725,690,993,
44.24208792989788,97594,726,690,993,
44.24843733722389,97594,725,691,993,
44.24933661881586,97594,724,692,993,
44.25496095293982,97594,723,693,993,
44.25529015271234,97593,724,693,993,
44.2601279641157,97593,723,694,993,
44.26145972366037,97592,724,694,993,
44.262846928381244,97591,725,694,993,
44.267878448333825,97591,725,693,994,
44.272866262525696,97591,724,694,994,
44.273014180137764,97590,725,694,994,
44.27611919610455,97589,726,694,994,
44.27691158724616,97588,727,694,994,
44.27987966260566,97588,727,693,995,
44.28046421357532,97587,728,693,995,
44.28193243637697,97587,728,692,996,
44.2838723121443,97587,727,693,996,
44.28810323432785,97587,726,694,996,
44.28869806655599,97587,725,695,996,
44.29031524461574,97587,724,696,996,
44.294996447133926,97587,724,695,997,
44.29579234443302,97587,724,694,998,
44.297174183761776,97587,723,695,998,
44.30053296766807,97587,722,696,998,
44.30056828958271,97587,722,695,999,
44.30124080447816,97587,721,696,999,
44.30302970212185,97586,722,696,999,
44.30437088668905,97586,721,697,999,
44.307298933659325,97586,720,698,999,
44.30930949186575,97586,719,699,999,
44.31202269425673,97585,720,699,999,
44.315908272711525,97585,720,698,1000,
44.31808171555856,97585,720,697,1001,
44.31865704829083,97584,721,697,1001,
44.31936247123834,97584,721,696,1002,
44.319633394600324,97583,722,696,1002,
44.32794530322708,97583,722,695,1003,
44.33424017872318,97583,721,696,1003,
44.33494902381954,97582,722,696,1003,
44.336800585730806,97582,721,697,1003,
44.33761045202086,97581,722,697,1003,
44.339108148387716,97581,721,698,1003,
44.3458404002845,97580,722,698,1003,
44.35345804983882,97579,723,698,1003,
44.353879378166944,97578,724,698,1003,
44.35500770222075,97578,723,699,1003,
44.36320658312044,97578,722,700,1003,
44.36685995939074,97577,723,700,1003,
44.37046762322258,97576,724,700,1003,
44.37356450479672,97576,723,701,1003,
44.37457022830328,97576,722,702,1003,
44.374636883195905,97575,723,702,1003,
44.37573333663582,97575,722,703,1003,
44.37732057460337,97575,721,704,1003,
44.37759899842194,97575,720,705,1003,
44.38284657618429,97575,719,706,1003,
44.38359664444657,97574,720,706,1003,
44.38499726095229,97573,721,706,1003,
44.38553435813351,97572,722,706,1003,
44.38642197928976,97571,723,706,1003,
44.3956928982755,97571,722,707,1003,
44.397301575725876,97571,721,708,1003,
44.402261570776034,97571,720,709,1003,
44.40631097174258,97571,719,710,1003,
44.4067364459971,97571,718,711,1003,
44.410776038263606,97570,719,711,1003,
44.411502578036384,97570,718,712,1003,
44.4126249719971,97570,718,711,1004,
44.413680810808344,97569,719,711,1004,
44.4137922959285,97568,720,711,1004,
44.417522273485595,97567,721,711,1004,
44.41843854297086,97567,720,712,1004,
44.4188837353721,97567,719,713,1004,
44.41974036989627,97566,720,713,1004,
44.420610470327695,97565,721,713,1004,
44.42519662838387,97565,721,712,1005,
44.426181018570446,97564,722,712,1005,
44.427982455665536,97563,723,712,1005,
44.429067098799784,97563,722,713,1005,
44.43347700279315,97562,723,713,1005,
44.433744879191686,97562,722,714,1005,
44.43431155870702,97562,722,713,1006,
44.435264753200656,97562,721,714,1006,
44.43724170388047,97561,722,714,1006,
44.438616851389575,97560,723,714,1006,
44.44058539637151,97559,724,714,1006,
44.4416620385699,97558,725,714,1006,
44.44293193510833,97558,725,713,1007,
44.44519255839975,97557,726,713,1007,
44.44702029966491,97557,726,712,1008,
44.447368647516626,97556,727,712,1008,
44.44880744084684,97555,728,712,1008,
44.45248510856333,97555,727,713,1008,
44.454616021486146,97555,727,712,1009,
44.45855139022937,97554,728,712,1009,
44.46107656549902,97554,727,713,1009,
44.46469515336103,97554,726,714,1009,
44.47004512813739,97554,726,713,1010,
44.474931738807456,97553,727,713,1010,
44.47573520205787,97553,727,712,1011,
44.47934451895849,97552,728,712,1011,
44.47949671810395,97551,729,712,1011,
44.48135233259411,97550,730,712,1011,
44.482949989349805,97550,729,713,1011,
44.4832957010221,97550,728,714,1011,
44.48350666721523,97549,729,714,1011,
44.48428181617714,97549,729,713,1012,
44.485202255269535,97548,730,713,1012,
44.48726534011277,97547,731,713,1012,
44.48992581301565,97547,731,712,1013,
44.48999188849009,97547,731,711,1014,
44.49071369619533,97546,732,711,1014,
44.492478442911775,97545,733,711,1014,
44.49486440399616,97544,734,711,1014,
44.49505402106829,97544,733,712,1014,
44.49580696195599,97543,734,712,1014,
44.49689481164973,97542,735,712,1014,
44.49713407301218,97541,736,712,1014,
44.498564694188175,97541,735,713,1014,
44.499894250724864,97540,736,713,1014,
44.50069022401399,97540,735,714,1014,
44.50124556052195,97540,735,713,1015,
44.501843571470566,97540,735,712,1016,
44.503302145614555,97540,734,713,1016,
44.5040847761955,97539,735,713,1016,
44.5056905937621,97539,734,714,1016,
44.506593540077255,97538,735,714,1016,
44.511370652400366,97538,735,713,1017,
44.512967194616664,97538,735,712,1018,
44.51424991883512,97537,736,712,1018,
44.51686914697124,97537,736,711,1019,
44.517574416229266,97537,736,710,1020,
44.52675522325119,97536,737,710,1020,
44.528316643091436,97536,736,711,1020,
44.52847490720487,97535,737,711,1020,
44.53010704912014,97534,738,711,1020,
44.532675940863335,97534,737,712,1020,
44.53694951406997,97533,738,712,1020,
44.538691592646,97533,738,711,1021,
44.53935768255029,97532,739,711,1021,
44.540796149692795,97531,740,711,1021,
44.54474788307676,97531,739,712,1021,
44.54631635592433,97530,740,712,1021,
44.54932152047579,97529,741,712,1021,
44.55606383865751,97528,742,712,1021,
44.556664520246194,97528,741,713,1021,
44.556823235156784,97527,742,713,1021,
44.55728272020372,97526,743,713,1021,
44.561239927590165,97526,743,712,1022,
44.56321207348913,97526,743,711,1023,
44.56358537194668,97525,744,711,1023,
44.56567760828706,97525,744,710,1024,
44.5692195670251,97525,743,711,1024,
44.571782085992325,97524,744,711,1024,
44.57774309892269,97523,745,711,1024,
44.577969893701535,97523,744,712,1024,
44.583707860172396,97522,745,712,1024,
44.58555948525809,97521,746,712,1024,
44.58719664050842,97520,747,712,1024,
44.58875961472074,97520,746,713,1024,
44.589799986764284,97520,745,714,1024,
44.593180682540925,97519,746,714,1024,
44.594249868079466,97518,747,714,1024,
44.59649925040369,97517,748,714,1024,
44.597795220921775,97517,747,715,1024,
44.599562925419455,97517,746,716,1024,
44.60464065686996,97516,747,716,1024,
44.61025220777438,97516,747,715,1025,
44.61323991565948,97515,748,715,1025,
44.62023411777381,97515,747,716,1025,
44.62149257300524,97514,748,716,1025,
44.62754597343586,97513,749,716,1025,
44.629379755604205,97513,748,717,1025,
44.62992495649697,97513,747,718,1025,
44.635159358897475,97513,746,719,1025,
44.63536840115423,97512,747,719,1025,
44.63696091052182,97511,748,719,1025,
44.64235430028099,97511,747,720,1025,
44.642770009903785,97510,748,720,1025,
44.649958839838995,97510,748,719,1026,
44.65177517515134,97510,748,718,1027,
44.65544150671679,97509,749,718,1027,
44.6577361203734,97508,750,718,1027,
44.65866629628308,97507,751,718,1027,
44.6625490841422,97506,752,718,1027,
44.67117335563488,97506,751,719,1027,
44.672378397236635,97505,752,719,1027,
44.673286209730044,97505,751,720,1027,
44.677267524784725,97505,750,721,1027,
44.6851319618678,97505,749,722,1027,
44.687543181738775,97504,750,722,1027,
44.69001457491175,97503,751,722,1027,
44.69117808425058,97503,751,721,1028,
44.69193511691128,97503,750,722,1028,
44.693235104777976,97503,750,721,1029,
44.69331816746522,97502,751,721,1029,
44.694942993481426,97502,750,722,1029,
44.69581098699838,97501,751,722,1029,
44.697859632098215,97501,751,721,1030,
44.69896958017266,97500,752,721,1030,
44.7069129809467,97500,752,720,1031,
44.70915424376952,97499,753,720,1031,
44.709195034285216,97498,754,720,1031,
44.710326542470455,97497,755,720,1031,
44.71072289638133,97496,756,720,1031,
44.71091522705147,97495,757,720,1031,
44.71804608752584,97495,757,719,1032,
44.72310791110241,97494,758,719,1032,
44.72383196612511,97493,759,719,1032,
44.72651521443804,97493,759,718,1033,
44.73130745712496,97492,760,718,1033,
44.73654193821849,97492,759,719,1033,
44.73733596790688,97492,759,718,1034,
44.73894808931108,97491,760,718,1034,
44.74121290831414,97491,759,719,1034,
44.74765155018225,97490,760,719,1034,
44.748863024360794,97489,761,719,1034,
44.75302869742948,97489,760,720,1034,
44.75690062762315,97489,760,719,1035,
44.758106553816845,97489,760,718,1036,
44.759991712463886,97488,761,718,1036,
44.76067382723905,97488,760,719,1036,
44.76657509452749,97488,759,720,1036,
44.76670073480396,97487,760,720,1036,
44.76826245796102,97487,759,721,1036,
44.76842392796567,97486,760,721,1036,
44.76885790898233,97486,760,720,1037,
44.77001797222227,97485,761,720,1037,
44.772605292129704,97485,760,721,1037,
44.77326373899532,97484,761,721,1037,
44.778272886006725,97484,760,722,1037,
44.780485787224514,97483,761,722,1037,
44.78323308704805,97482,762,722,1037,
44.78483709083498,97481,763,722,1037,
44.7873289122514,97480,764,722,1037,
44.788272706026405,97480,763,723,1037,
44.788873197605845,97480,763,722,1038,
44.78895926432486,97480,762,723,1038,
44.78896530669215,97479,763,723,1038,
44.79017784245362,97479,762,724,1038,
44.79082066815281,97479,762,723,1039,
44.79306896785685,97479,761,724,1039,
44.794682128698554,97479,761,723,1040,
44.79550525617295,97479,760,724,1040,
44.80254752016419,97479,759,725,1040,
44.803364075140756,97479,758,726,1040,
44.803792184012096,97479,757,727,1040,
44.80479133775596,97478,758,727,1040,
44.80639718291028,97477,759,727,1040,
44.807479422091596,97477,758,728,1040,
44.807756790280045,97477,758,727,1041,
44.80996891433729,97477,757,728,1041,
44.81229670119005,97476,758,728,1041,
44.813665546223156,97475,759,728,1041,
44.81534829989189,97474,760,728,1041,
44.819052359949275,97474,759,729,1041,
44.819183337471806,97474,759,728,1042,
44.82254355829573,97473,760,728,1042,
44.8240068282001,97472,761,728,1042,
44.82526750828465,97471,762,728,1042,
44.82545560610722,97470,763,728,1042,
44.826964215688434,97469,764,728,1042,
44.830371005625075,97468,765,728,1042,
44.83206536112545,97467,766,728,1042,
44.833584672327824,97466,767,728,1042,
44.8352543144744,97466,767,727,1043,
44.83618910459866,97466,767,726,1044,
44.83852088619844,97465,768,726,1044,
44.84018140323321,97465,768,725,1045,
44.84316656204186,97465,767,726,1045,
44.844951660926434,97465,766,727,1045,
44.84762376709675,97465,765,728,1045,
44.85221198664064,97465,765,727,1046,
44.85382675009116,97465,764,728,1046,
44.85519672762568,97465,763,729,1046,
44.85675485001194,97464,764,729,1046,
44.85885400913919,97464,764,728,1047,
44.860864981714094,97464,764,727,1048,
44.86180289133407,97463,765,727,1048,
44.86713813861302,97463,765,726,1049,
44.86861057139239,97462,766,726,1049,
44.87058958214938,97462,765,727,1049,
44.871716257664666,97461,766,727,1049,
44.87178192895686,97461,765,728,1049,
44.87828369509285,97460,766,728,1049,
44.87894807328159,97460,765,729,1049,
44.88017139780061,97460,764,730,1049,
44.88076661135357,97459,765,730,1049,
44.882012451090915,97458,766,730,1049,
44.882550492387836,97458,765,731,1049,
44.89133801570369,97458,764,732,1049,
44.89438002033491,97457,765,732,1049,
44.89438002033491,97457,765,732,1049,
44.89598602816507,97456,766,732,1049,
44.89748374800699,97456,765,733,1049,
44.90251477230048,97455,766,733,1049,
44.90315139323095,97454,767,733,1049,
44.90491127541901,97453,768,733,1049,
44.90843309586333,97452,769,733,1049,
44.91481044335778,97452,768,734,1049,
44.91491051412723,97452,768,733,1050,
44.91545743468686,97452,767,734,1050,
44.91615478844939,97451,768,734,1050,
44.91711165883676,97450,769,734,1050,
44.922436080945396,97450,768,735,1050,
44.925037130417785,97449,769,735,1050,
44.92687988973866,97448,770,735,1050,
44.929488890934046,97448,769,736,1050,
44.930752513761846,97448,768,737,1050,
44.93162854984471,97448,767,738,1050,
44.936791396531916,97447,768,738,1050,
44.9382890949313,97447,768,737,1051,
44.93995141579011,97446,769,737,1051,
44.940742175464386,97446,768,738,1051,
44.94086528051577,97445,769,738,1051,
44.94152380806406,97445,769,737,1052,
44.94676294674908,97445,769,736,1053,
44.94952788456449,97445,769,735,1054,
44.95207981631605,97444,770,735,1054,
44.955199253550745,97444,770,734,1055,
44.95973302980355,97444,769,735,1055,
44.96092788825035,97444,768,736,1055,
44.962763567539476,97443,769,736,1055,
44.96517292463137,97442,770,736,1055,
44.96835325536238,97441,771,736,1055,
44.97810686578454,97440,772,736,1055,
44.97936244356038,97440,771,737,1055,
44.98340056655311,97440,770,738,1055,
44.9874805234029,97439,771,738,1055,
44.98851383162783,97438,772,738,1055,
44.98940586970602,97437,773,738,1055,
44.98996516441341,97437,772,739,1055,
44.99477076845254,97437,771,740,1055,
44.99497585229082,97437,770,741,1055,
44.99639572587708,97436,771,741,1055,
44.99815773511698,97436,770,742,1055,
45.00121441589667,97435,771,742,1055,
45.003513702425685,97434,772,742,1055,
45.00724365021108,97434,772,741,1056,
45.00925787365905,97433,773,741,1056,
45.0119557347198,97433,772,742,1056,
45.01256889405743,97432,773,742,1056,
45.013460082147574,97432,772,743,1056,
45.01349160242947,97432,771,744,1056,
45.01392082817534,97431,772,744,1056,
45.01884339136146,97431,772,743,1057,
45.02140960049918,97431,772,742,1058,
45.022263041029575,97430,773,742,1058,
45.02387339902166,97429,774,742,1058,
45.02449431017378,97428,775,742,1058,
45.027335792093574,97427,776,742,1058,
45.028895626347726,97426,777,742,1058,
45.03083954164012,97425,778,742,1058,
45.03343312786413,97424,779,742,1058,
45.03418913318337,97424,778,743,1058,
45.03899854648282,97423,779,743,1058,
45.039946266784774,97423,778,744,1058,
45.04017154777264,97423,777,745,1058,
45.04201754746898,97422,778,745,1058,
45.04282289587565,97422,778,744,1059,
45.04343742411158,97422,777,745,1059,
45.04377650163472,97422,776,746,1059,
45.048567622703,97421,777,746,1059,
45.04940173544103,97421,777,745,1060,
45.05132406986893,97420,778,745,1060,
45.052200958668216,97420,778,744,1061,
45.052613030105505,97420,777,745,1061,
45.05542831346649,97419,778,745,1061,
45.05890754553641,97418,779,745,1061,
45.061719822415675,97418,778,746,1061,
45.063883745564354,97417,779,746,1061,
45.06553508537562,97416,780,746,1061,
45.0655387314208,97416,779,747,1061,
45.070194412381895,97415,780,747,1061,
45.07141840040285,97414,781,747,1061,
45.071469533498984,97414,781,746,1062,
45.071634086806796,97414,781,745,1063,
45.07217144823698,97414,781,744,1064,
45.07234913719126,97414,780,745,1064,
45.07946837428564,97414,779,746,1064,
45.08080028795612,97414,778,747,1064,
45.08187995543291,97414,778,746,1065,
45.086886849124895,97414,778,745,1066,
45.08936098944827,97414,778,744,1067,
45.0920916725648,97414,777,745,1067,
45.0938653654577,97413,778,745,1067,
45.09437354985527,97413,777,746,1067,
45.094895464130225,97412,778,746,1067,
45.09527785899729,97412,777,747,1067,
45.09846070989247,97411,778,747,1067,
45.10038594731509,97411,777,748,1067,
45.10130915910873,97411,776,749,1067,
45.104357514389385,97410,777,749,1067,
45.10574764131025,97410,777,748,1068,
45.107281613615164,97410,777,747,1069,
45.10788905011566,97409,778,747,1069,
45.10901255099712,97409,777,748,1069,
45.110373865131564,97408,778,748,1069,
45.116148401332765,97408,777,749,1069,
45.11719568553604,97407,778,749,1069,
45.117768093277455,97406,779,749,1069,
45.11925637783568,97405,780,749,1069,
45.11989209073714,97404,781,749,1069,
45.12059337106932,97403,782,749,1069,
45.12822284155518,97403,781,750,1069,
45.12879973989525,97403,780,751,1069,
45.129349378059345,97402,781,751,1069,
45.13800290188885,97402,781,750,1070,
45.14041512309386,97401,782,750,1070,
45.14170149164646,97401,782,749,1071,
45.14256322364905,97401,781,750,1071,
45.14339684194567,97401,780,751,1071,
45.14446492891292,97400,781,751,1071,
45.14626184989173,97400,780,752,1071,
45.1488787003948,97399,781,752,1071,
45.15200982163124,97399,780,753,1071,
45.15384425871941,97399,780,752,1072,
45.15656006184457,97399,780,751,1073,
45.15769408542216,97398,781,751,1073,
45.16048315701048,97398,780,752,1073,
45.16073074923191,97397,781,752,1073,
45.164813730510204,97397,781,751,1074,
45.164846866070384,97397,780,752,1074,
45.166638370402545,97397,779,753,1074,
45.16825884921332,97397,778,754,1074,
45.171689052218944,97397,777,755,1074,
45.180257682689735,97396,778,755,1074,
45.1826385765314,97395,779,755,1074,
45.18810564288164,97394,780,755,1074,
45.19191911553882,97393,781,755,1074,
45.19696564040097,97392,782,755,1074,
45.19977933189935,97391,783,755,1074,
45.201309583499274,97390,784,755,1074,
45.20216803843813,97390,783,756,1074,
45.206855127656475,97390,782,757,1074,
45.207422987323824,97390,781,758,1074,
45.21372309959237,97389,782,758,1074,
45.21732583851757,97389,781,759,1074,
45.22654708759289,97389,780,760,1074,
45.229873189959456,97388,781,760,1074,
45.23219960574793,97388,781,759,1075,
45.234108632285945,97388,781,758,1076,
45.2374129005348,97387,782,758,1076,
45.23924659528015,97386,783,758,1076,
45.24259192042553,97385,784,758,1076,
45.24348286019673,97384,785,758,1076,
45.244932716285156,97383,786,758,1076,
45.245796333864945,97382,787,758,1076,
45.249035189500816,97382,786,759,1076,
45.25403991465458,97381,787,759,1076,
45.254947669956906,97381,786,760,1076,
45.25616679883593,97381,786,759,1077,
45.25734004085952,97380,787,759,1077,
45.26064071688319,97380,786,760,1077,
45.264149600612335,97379,787,760,1077,
45.265136262924656,97378,788,760,1077,
45.267875866274736,97377,789,760,1077,
45.269583690375875,97377,789,759,1078,
45.270802486142756,97377,789,758,1079,
45.271785436934486,97376,790,758,1079,
45.27310587928829,97376,789,759,1079,
45.27376317897614,97376,788,760,1079,
45.27465679477177,97375,789,760,1079,
45.275563643732134,97375,789,759,1080,
45.27639295563363,97374,790,759,1080,
45.280830946469976,97374,789,760,1080,
45.28124470445865,97373,790,760,1080,
45.28225229520141,97373,789,761,1080,
45.28412960140437,97373,789,760,1081,
45.284863890625616,97373,788,761,1081,
45.28803089802602,97372,789,761,1081,
45.29147705210895,97371,790,761,1081,
45.297101842936584,97370,791,761,1081,
45.29951104062521,97369,792,761,1081,
45.30386723823697,97369,791,762,1081,
45.30467385804258,97368,792,762,1081,
45.306201676440374,97368,791,763,1081,
45.306424260330594,97368,790,764,1081,
45.3077467995258,97368,789,765,1081,
45.30978282528454,97367,790,765,1081,
45.31028489954697,97367,790,764,1082,
45.31220921590736,97367,789,765,1082,
45.31226206342914,97366,790,765,1082,
45.31498053070263,97365,791,765,1082,
45.327510505381184,97364,792,765,1082,
45.32966672422922,97363,793,765,1082,
45.337931276826694,97363,793,764,1083,
45.338600755474154,97362,794,764,1083,
45.3397359978622,97361,795,764,1083,
45.345412024229624,97360,796,764,1083,
45.3467577199865,97360,796,763,1084,
45.34769638823485,97360,795,764,1084,
45.35014637077718,97359,796,764,1084,
45.35226745723697,97359,795,765,1084,
45.35674714079154,97359,794,766,1084,
45.35685593405696,97358,795,766,1084,
45.35846464537679,97357,796,766,1084,
45.363167408624605,97356,797,766,1084,
45.364753748263816,97356,797,765,1085,
45.36789442076572,97356,796,766,1085,
45.37220542591156,97355,797,766,1085,
45.37275278295842,97354,798,766,1085,
45.37421420897682,97353,799,766,1085,
45.37445460777516,97353,798,767,1085,
45.37898104979011,97353,797,768,1085,
45.38145177740457,97353,797,767,1086,
45.385592517906225,97352,798,767,1086,
45.386963134367356,97352,797,768,1086,
45.38868440720596,97351,798,768,1086,
45.3892931478646,97351,797,769,1086,
45.39122334631253,97350,798,769,1086,
45.39235106832448,97349,799,769,1086,
45.392689999515355,97348,800,769,1086,
45.39278419929233,97348,799,770,1086,
45.393550136436644,97348,798,771,1086,
45.39478022661487,97348,798,770,1087,
45.39899118190108,97348,797,771,1087,
45.40013892049149,97347,798,771,1087,
45.40923018127146,97347,797,772,1087,
45.4131626457439,97347,796,773,1087,
45.413245810791196,97347,796,772,1088,
45.41506044016211,97346,797,772,1088,
45.41554170010384,97345,798,772,1088,
45.416989703114766,97344,799,772,1088,
45.419710944345994,97343,800,772,1088,
45.424008803445794,97343,799,773,1088,
45.424626791454585,97343,799,772,1089,
45.42609831701666,97343,798,773,1089,
45.42761425746144,97343,797,774,1089,
45.42879636609372,97342,798,774,1089,
45.42911724203651,97342,797,775,1089,
45.429403605474754,97342,796,776,1089,
45.43005587378502,97342,795,777,1089,
45.43082658090636,97341,796,777,1089,
45.43409423448506,97340,797,777,1089,
45.43741068725114,97339,798,777,1089,
45.44107362742543,97338,799,777,1089,
45.44361430676681,97338,798,778,1089,
45.44770518921243,97337,799,778,1089,
45.448201025681165,97337,799,777,1090,
45.45054191250847,97336,800,777,1090,
45.451104074258744,97335,801,777,1090,
45.45398818458721,97334,802,777,1090,
45.45474273070527,97334,801,778,1090,
45.45561917060838,97334,800,779,1090,
45.45616263592199,97333,801,779,1090,
45.457962928514775,97333,801,778,1091,
45.46250446528366,97333,800,779,1091,
45.463166199261565,97333,800,778,1092,
45.46405213199983,97333,799,779,1092,
45.46451190847347,97333,798,780,1092,
45.46489249518915,97332,799,780,1092,
45.4680731503961,97331,800,780,1092,
45.468258364122974,97331,800,779,1093,
45.46887896473742,97331,800,778,1094,
45.47007671422868,97330,801,778,1094,
45.471342453979894,97329,802,778,1094,
45.47163087910741,97329,801,779,1094,
45.47183581318423,97328,802,779,1094,
45.47403810195558,97327,803,779,1094,
45.4769551791717,97327,802,780,1094,
45.47872069718429,97327,801,781,1094,
45.48362576110994,97327,800,782,1094,
45.486248535310736,97326,801,782,1094,
45.48737787815224,97325,802,782,1094,
45.489806967265345,97325,802,781,1095,
45.48996726955516,97325,802,780,1096,
45.490045353305305,97324,803,780,1096,
45.4913603284161,97324,803,779,1097,
45.491955294049305,97324,802,780,1097,
45.492244146068295,97324,802,779,1098,
45.49445196985295,97323,803,779,1098,
45.49576711048499,97323,802,780,1098,
45.49689870603767,97322,803,780,1098,
45.49762817440848,97322,803,779,1099,
45.498466630730505,97322,802,780,1099,
45.4996709609618,97321,803,780,1099,
45.502607415170324,97320,804,780,1099,
45.50301847115432,97319,805,780,1099,
45.504134298388045,97318,806,780,1099,
45.50563782533803,97318,806,779,1100,
45.50651144681211,97317,807,779,1100,
45.51042508756503,97316,808,779,1100,
45.511042849866236,97315,809,779,1100,
45.514637676816335,97315,808,780,1100,
45.52490755788721,97314,809,780,1100,
45.52509851525757,97314,808,781,1100,
45.52844279309337,97314,807,782,1100,
45.531819230639215,97314,807,781,1101,
45.53265978643006,97313,808,781,1101,
45.53321460326655,97312,809,781,1101,
45.53396871285086,97312,808,782,1101,
45.535505513986855,97311,809,782,1101,
45.53758772314518,97311,808,783,1101,
45.539232145045126,97311,808,782,1102,
45.54022711203317,97310,809,782,1102,
45.54118369151906,97310,808,783,1102,
45.54575414298824,97310,807,784,1102,
45.54658018014898,97309,808,784,1102,
45.54659194287263,97308,809,784,1102,
45.547074467465336,97308,808,785,1102,
45.547546483902664,97307,809,785,1102,
45.5490496848709,97307,808,786,1102,
45.55739556598832,97306,809,786,1102,
45.56199778617206,97305,810,786,1102,
45.5624698229447,97304,811,786,1102,
45.564186442881464,97303,812,786,1102,
45.5676262259119,97302,813,786,1102,
45.56814667990189,97302,812,787,1102,
45.57344818369989,97301,813,787,1102,
45.57488143724181,97300,814,787,1102,
45.576476140359,97300,813,788,1102,
45.57662778801985,97300,812,789,1102,
45.577482679394805,97300,812,788,1103,
45.58006935360337,97299,813,788,1103,
45.58308029510187,97299,812,789,1103,
45.58332510671943,97299,811,790,1103,
45.58466903684863,97298,812,790,1103,
45.58505229122961,97297,813,790,1103,
45.58573930796834,97297,812,791,1103,
45.58612590276372,97297,811,792,1103,
45.58796102551944,97297,810,793,1103,
45.589833574626454,97296,811,793,1103,
45.59362006147157,97295,812,793,1103,
45.59665884706403,97295,811,794,1103,
45.59680253772433,97294,812,794,1103,
45.59747815783849,97294,811,795,1103,
45.59802220055902,97293,812,795,1103,
45.598843113994455,97292,813,795,1103,
45.60025298326372,97292,813,794,1104,
45.604835699389604,97292,813,793,1105,
45.606007969855405,97291,814,793,1105,
45.60781116982014,97291,813,794,1105,
45.60784007127058,97291,812,795,1105,
45.61055549104463,97291,811,796,1105,
45.61138820109304,97290,812,796,1105,
45.61169243586463,97289,813,796,1105,
45.614163964028435,97289,813,795,1106,
45.61452794676419,97288,814,795,1106,
45.61694978754561,97288,814,794,1107,
45.622730430860564,97288,813,795,1107,
45.62375176699015,97287,814,795,1107,
45.62384796005907,97286,815,795,1107,
45.62655169613584,97285,816,795,1107,
45.6287498308411,97285,815,796,1107,
45.63036621899559,97284,816,796,1107,
45.63037296902132,97284,815,797,1107,
45.63048109753406,97284,815,796,1108,
45.630970537151704,97284,814,797,1108,
45.632845577850894,97283,815,797,1108,
45.63309494739223,97283,814,798,1108,
45.63437711222657,97283,813,799,1108,
45.63472817440839,97283,812,800,1108,
45.63733474497589,97283,811,801,1108,
45.64144518084262,97283,810,802,1108,
45.64593571111937,97282,811,802,1108,
45.64983536127407,97282,811,801,1109,
45.65007093440012,97282,810,802,1109,
45.65945165842515,97282,809,803,1109,
45.660361485079235,97281,810,803,1109,
45.66138949184159,97281,810,802,1110,
45.66771055498198,97280,811,802,1110,
45.66848370222464,97280,810,803,1110,
45.670173020741125,97280,809,804,1110,
45.671762133063815,97279,810,804,1110,
45.67373636478736,97279,810,803,1111,
45.678025639521316,97278,811,803,1111,
45.67866869026574,97278,810,804,1111,
45.678900178785725,97278,809,805,1111,
45.678986503054865,97278,808,806,1111,
45.68380195215895,97278,807,807,1111,
45.684736941472345,97277,808,807,1111,
45.6850608687165,97276,809,807,1111,
45.6913399272711,97275,810,807,1111,
45.69232424543988,97274,811,807,1111,
45.6934472641988,97274,811,806,1112,
45.69601023403487,97273,812,806,1112,
45.69779466851995,97273,812,805,1113,
45.70131266811896,97273,812,804,1114,
45.706650065891,97273,811,805,1114,
45.70994713921191,97273,810,806,1114,
45.71575100226251,97273,809,807,1114,
45.71785179764487,97272,810,807,1114,
45.722611871562485,97271,811,807,1114,
45.72294598642279,97271,810,808,1114,
45.72410901849942,97271,810,807,1115,
45.72475667870849,97270,811,807,1115,
45.72501200925361,97269,812,807,1115,
45.72657101759793,97268,813,807,1115,
45.7314795462352,97268,812,808,1115,
45.731520563007386,97268,812,807,1116,
45.73393109848867,97268,811,808,1116,
45.73522442650093,97267,812,808,1116,
45.73732742163535,97266,813,808,1116,
45.737565023044915,97265,814,808,1116,
45.73767263743816,97264,815,808,1116,
45.742124087958985,97263,816,808,1116,
45.74316414333604,97262,817,808,1116,
45.74477660347185,97262,816,809,1116,
45.748574482477544,97262,816,808,1117,
45.74865866163922,97262,815,809,1117,
45.75199633298946,97262,814,810,1117,
45.7537227440552,97261,815,810,1117,
45.75781224584088,97260,816,810,1117,
45.76153283690719,97259,817,810,1117,
45.769494416368765,97258,818,810,1117,
45.769573915009246,97258,818,809,1118,
45.770465053651975,97257,819,809,1118,
45.77181084561643,97256,820,809,1118,
45.77828286164488,97256,820,808,1119,
45.78095911130129,97255,821,808,1119,
45.78265954143292,97255,820,809,1119,
45.78464114571978,97255,819,810,1119,
45.78851839785351,97254,820,810,1119,
45.78986083487183,97253,821,810,1119,
45.792475967844865,97252,822,810,1119,
45.79411488265261,97252,821,811,1119,
45.79451503095434,97251,822,811,1119,
45.797795203159446,97251,821,812,1119,
45.79906459264646,97251,820,813,1119,
45.80100388056786,97251,819,814,1119,
45.801442728138554,97250,820,814,1119,
45.806269826326414,97250,819,815,1119,
45.80674493828875,97250,819,814,1120,
45.81219064172917,97249,820,814,1120,
45.81378055582614,97248,821,814,1120,
45.816553959116426,97248,821,813,1121,
45.81950861117058,97247,822,813,1121,
45.82015381645544,97247,822,812,1122,
45.82373887429834,97247,821,813,1122,
45.82397153668157,97247,820,814,1122,
45.82595775288984,97247,819,815,1122,
45.827240115599714,97247,818,816,1122,
45.83114866971737,97247,817,817,1122,
45.832013077089,97246,818,817,1122,
45.83246089179585,97246,817,818,1122,
45.83444299368047,97246,816,819,1122,
45.83480169076613,97246,816,818,1123,
45.83540250131156,97245,817,818,1123,
45.837180403807714,97244,818,818,1123,
45.83811957537153,97244,818,817,1124,
45.83929340840891,97244,818,816,1125,
45.83943705519366,97243,819,816,1125,
45.84145802525724,97242,820,816,1125,
45.848602907096584,97241,821,816,1125,
45.84892733497803,97240,822,816,1125,
45.84953681605875,97240,821,817,1125,
45.85011308536941,97240,820,818,1125,
45.850685925024635,97240,820,817,1126,
45.85348517347876,97239,821,817,1126,
45.854743981936586,97239,821,816,1127,
45.85527683656646,97238,822,816,1127,
45.85555333461084,97238,821,817,1127,
45.85644540396824,97238,820,818,1127,
45.85861558808435,97238,820,817,1128,
45.86001170773577,97237,821,817,1128,
45.86064036141009,97236,822,817,1128,
45.864452447367626,97236,822,816,1129,
45.8667981737926,97236,822,815,1130,
45.87326760533489,97236,822,814,1131,
45.87882029144227,97235,823,814,1131,
45.88240797116651,97235,823,813,1132,
45.882409930355315,97235,822,814,1132,
45.88287061643479,97234,823,814,1132,
45.88585663975006,97233,824,814,1132,
45.886156104721756,97233,823,815,1132,
45.88651075454481,97232,824,815,1132,
45.8868086848306,97231,825,815,1132,
45.88685700966467,97230,826,815,1132,
45.88772237790529,97229,827,815,1132,
45.88991025174069,97229,826,816,1132,
45.89011268372721,97229,826,815,1133,
45.89367843009072,97228,827,815,1133,
45.89367843009072,97228,827,815,1133,
45.89372766640334,97227,828,815,1133,
45.89892236282239,97227,828,814,1134,
45.899381758487166,97226,829,814,1134,
45.90032321866878,97225,830,814,1134,
45.90329413414561,97225,830,813,1135,
45.90648567227742,97224,831,813,1135,
45.91167350799044,97223,832,813,1135,
45.91545371665427,97223,832,812,1136,
45.91806940944565,97222,833,812,1136,
45.919267876177486,97221,834,812,1136,
45.921148184058204,97220,835,812,1136,
45.921284799593955,97220,834,813,1136,
45.924932563615386,97220,834,812,1137,
45.925487983763865,97220,834,811,1138,
45.92611470341603,97220,833,812,1138,
45.92860082116928,97220,832,813,1138,
45.93018826700658,97219,833,813,1138,
45.93020782688701,97218,834,813,1138,
45.93212586754696,97217,835,813,1138,
45.932139864244476,97216,836,813,1138,
45.9332299736607,97216,836,812,1139,
45.934089144039426,97216,835,813,1139,
45.93585428541222,97216,834,814,1139,
45.93631341177108,97216,833,815,1139,
45.93794252749699,97216,832,816,1139,
45.93860444186432,97216,832,815,1140,
45.939702515567205,97216,831,816,1140,
45.94076235252778,97216,830,817,1140,
45.94261800135903,97215,831,817,1140,
45.94514431989575,97214,832,817,1140,
45.948028995406325,97213,833,817,1140,
45.94902833634963,97213,832,818,1140,
45.952274766415655,97212,833,818,1140,
45.954418857641635,97211,834,818,1140,
45.95560724269136,97210,835,818,1140,
45.95645845248829,97210,834,819,1140,
45.95915154354437,97210,833,820,1140,
45.959677730475086,97210,833,819,1141,
45.960809128747826,97210,833,818,1142,
45.962684735825185,97210,832,819,1142,
45.96347185852259,97209,833,819,1142,
45.96372356121042,97208,834,819,1142,
45.96417118936987,97208,833,820,1142,
45.96787696699824,97207,834,820,1142,
45.969444183749154,97207,833,821,1142,
45.97196859073396,97206,834,821,1142,
45.97323798683323,97206,833,822,1142,
45.97437083068713,97206,832,823,1142,
45.97487553360425,97206,832,822,1143,
45.97784855063199,97205,833,822,1143,
45.97900340903599,97204,834,822,1143,
45.98014525588146,97204,833,823,1143,
45.981802712720885,97203,834,823,1143,
45.98216749488919,97203,833,824,1143,
45.98231064481864,97202,834,824,1143,
45.982363232345556,97201,835,824,1143,
45.98548629164981,97200,836,824,1143,
45.98646346110338,97199,837,824,1143,
45.990950377738166,97198,838,824,1143,
45.99699804243631,97197,839,824,1143,
45.99817324299967,97197,838,825,1143,
45.99946728284445,97196,839,825,1143,
46.00409798674061,97195,840,825,1143,
46.00419928523504,97195,839,826,1143,
46.008466468858785,97195,838,827,1143,
46.009488994255285,97194,839,827,1143,
46.0104577762388,97193,840,827,1143,
46.01138386289718,97192,841,827,1143,
46.0118769037742,97191,842,827,1143,
46.01250140187907,97191,841,828,1143,
46.01639365248179,97191,841,827,1144,
46.01731383836515,97190,842,827,1144,
46.017922096493315,97189,843,827,1144,
46.01847788000695,97188,844,827,1144,
46.02243933899403,97188,843,828,1144,
46.024665649768245,97188,843,827,1145,
46.026074806357464,97188,842,828,1145,
46.02647260485813,97188,841,829,1145,
46.02917489083755,97188,840,830,1145,
46.03370796512108,97188,839,831,1145,
46.03499799846574,97188,838,832,1145,
46.037102794741976,97188,837,833,1145,
46.03734702464361,97187,838,833,1145,
46.04041735856322,97186,839,833,1145,
46.04742835319583,97186,838,834,1145,
46.05157288348907,97186,837,835,1145,
46.05376166369875,97186,836,836,1145,
46.055502442456586,97185,837,836,1145,
46.05692494418952,97185,836,837,1145,
46.05820904512777,97184,837,837,1145,
46.05892723219588,97184,836,838,1145,
46.05989250342702,97184,835,839,1145,
46.061358125404354,97184,834,840,1145,
46.061616859068764,97183,835,840,1145,
46.0618253780741,97182,836,840,1145,
46.06663746365369,97181,837,840,1145,
46.06921969774001,97180,838,840,1145,
46.06953122196033,97180,838,839,1146,
46.07232958208876,97179,839,839,1146,
46.07317358743649,97179,839,838,1147,
46.07961151952247,97179,839,837,1148,
46.084202500308514,97179,838,838,1148,
46.08708422409683,97179,837,839,1148,
46.08795585555174,97178,838,839,1148,
46.091443469617154,97177,839,839,1148,
46.09359291226602,97177,838,840,1148,
46.102986831034094,97176,839,840,1148,
46.10378998808143,97176,838,841,1148,
46.104485030318884,97175,839,841,1148,
46.10612545265352,97175,838,842,1148,
46.10701914743686,97175,837,843,1148,
46.10839326792157,97175,836,844,1148,
46.11051373513403,97174,837,844,1148,
46.11251118497562,97174,837,843,1149,
46.115893497430385,97173,838,843,1149,
46.11739031441844,97173,838,842,1150,
46.1241629275138,97173,838,841,1151,
46.125578351241,97173,838,840,1152,
46.12733125002419,97172,839,840,1152,
46.129659050068,97172,839,839,1153,
46.129895431114136,97171,840,839,1153,
46.13065803097384,97170,841,839,1153,
46.13084947374562,97170,840,840,1153,
46.134376861437126,97169,841,840,1153,
46.137911236305285,97169,840,841,1153,
46.14909114585001,97169,840,840,1154,
46.15061412544566,97168,841,840,1154,
46.15069681780494,97167,842,840,1154,
46.15097651294428,97166,843,840,1154,
46.1513365611058,97165,844,840,1154,
46.15180093157833,97165,843,841,1154,
46.15535614939899,97164,844,841,1154,
46.15623666912824,97164,844,840,1155,
46.15634911419092,97163,845,840,1155,
46.15703791244924,97163,845,839,1156,
46.16437359067221,97163,844,840,1156,
46.166540918783795,97163,844,839,1157,
46.16728217317473,97163,843,840,1157,
46.16857337087183,97162,844,840,1157,
46.16890900683516,97161,845,840,1157,
46.17329619189397,97160,846,840,1157,
46.17337782530065,97159,847,840,1157,
46.1741298636292,97159,847,839,1158,
46.17451805653083,97159,846,840,1158,
46.17504408358198,97159,845,841,1158,
46.176766560446424,97158,846,841,1158,
46.18020887606042,97158,846,840,1159,
46.181406027992,97157,847,840,1159,
46.18305646154533,97157,846,841,1159,
46.1845586154521,97157,845,842,1159,
46.18475587869448,97157,844,843,1159,
46.19083379096385,97156,845,843,1159,
46.19461288074635,97155,846,843,1159,
46.195091158504155,97155,845,844,1159,
46.197488050860024,97154,846,844,1159,
46.20419586815931,97154,846,843,1160,
46.206232359195305,97154,846,842,1161,
46.207292423379656,97154,845,843,1161,
46.20813482737439,97153,846,843,1161,
46.21413651860111,97152,847,843,1161,
46.2144795574781,97151,848,843,1161,
46.21761002364051,97150,849,843,1161,
46.2176689878452,97149,850,843,1161,
46.218266352568186,97149,850,842,1162,
46.22055154455499,97148,851,842,1162,
46.2226343162907,97147,852,842,1162,
46.22292101399683,97146,853,842,1162,
46.22314155582571,97146,852,843,1162,
46.22452412490934,97146,852,842,1163,
46.22494034402572,97146,851,843,1163,
46.2284922767826,97146,850,844,1163,
46.2293188210049,97146,850,843,1164,
46.22971025593329,97145,851,843,1164,
46.231941744551186,97144,852,843,1164,
46.23201340846484,97143,853,843,1164,
46.23265752884932,97143,852,844,1164,
46.23412687224934,97143,852,843,1165,
46.23646929075683,97142,853,843,1165,
46.23670560991114,97141,854,843,1165,
46.239433451429825,97140,855,843,1165,
46.24004679371281,97140,854,844,1165,
46.247227697315,97140,854,843,1166,
46.2475274260318,97139,855,843,1166,
46.2480649932667,97139,854,844,1166,
46.248156956890675,97139,854,843,1167,
46.24847318935887,97139,854,842,1168,
46.24991613235338,97138,855,842,1168,
46.2505271738795,97137,856,842,1168,
46.257865920798395,97137,855,843,1168,
46.260755703985694,97137,855,842,1169,
46.262909388264795,97137,855,841,1170,
46.26389823947344,97136,856,841,1170,
46.268096311205014,97135,857,841,1170,
46.269015552315686,97135,856,842,1170,
46.272910459423045,97135,855,843,1170,
46.27660266584447,97134,856,843,1170,
46.280067681446766,97134,856,842,1171,
46.28031853347491,97134,855,843,1171,
46.281517826801156,97133,856,843,1171,
46.284010108739295,97132,857,843,1171,
46.28969762765943,97131,858,843,1171,
46.293768147375616,97131,857,844,1171,
46.29609106467613,97131,856,845,1171,
46.300140866840124,97130,857,845,1171,
46.304697503855,97130,857,844,1172,
46.304782660298976,97130,857,843,1173,
46.30588217412786,97129,858,843,1173,
46.30630450094522,97129,858,842,1174,
46.30777390055107,97129,857,843,1174,
46.310628269899645,97129,856,844,1174,
46.311710112922775,97129,856,843,1175,
46.31171362875611,97128,857,843,1175,
46.31187914478263,97127,858,843,1175,
46.31225948301608,97126,859,843,1175,
46.31406448960919,97126,858,844,1175,
46.31485580988192,97126,858,843,1176,
46.31642730320577,97125,859,843,1176,
46.316833465199096,97124,860,843,1176,
46.317454823284656,97124,859,844,1176,
46.32084819081154,97123,860,844,1176,
46.322631394972916,97122,861,844,1176,
46.325276161467514,97122,860,845,1176,
46.325887186492864,97122,859,846,1176,
46.32984212953962,97122,859,845,1177,
46.33702213286301,97121,860,845,1177,
46.337603673050786,97121,859,846,1177,
46.3396932608199,97121,858,847,1177,
46.33970012902332,97121,857,848,1177,
46.34064482823885,97120,858,848,1177,
46.34259711902799,97120,857,849,1177,
46.34283704622619,97119,858,849,1177,
46.342867114342454,97118,859,849,1177,
46.345793607466824,97118,859,848,1178,
46.34786967494806,97118,859,847,1179,
46.3481171259398,97117,860,847,1179,
46.349420622555904,97117,859,848,1179,
46.351320780765825,97117,858,849,1179,
46.35200931692171,97117,857,850,1179,
46.354979244973485,97116,858,850,1179,
46.35506364711924,97115,859,850,1179,
46.358701457314,97115,858,851,1179,
46.35977360320876,97114,859,851,1179,
46.359930225128636,97113,860,851,1179,
46.36138311084171,97112,861,851,1179,
46.3669333220761,97111,862,851,1179,
46.367035974198004,97111,862,850,1180,
46.36879926248404,97111,861,851,1180,
46.36918089017499,97110,862,851,1180,
46.372357477527736,97110,862,850,1181,
46.373431917167665,97109,863,850,1181,
46.374237157361314,97108,864,850,1181,
46.38089844534505,97107,865,850,1181,
46.3834122142636,97107,865,849,1182,
46.384520674894574,97106,866,849,1182,
46.386026729750036,97105,867,849,1182,
46.38619778734231,97105,866,850,1182,
46.386315763232055,97105,865,851,1182,
46.38883431043276,97105,864,852,1182,
46.38925603477067,97105,863,853,1182,
46.39054905075101,97105,862,854,1182,
46.39068213518245,97105,861,855,1182,
46.39182561959652,97105,860,856,1182,
46.39244070676198,97104,861,856,1182,
46.39365692227533,97104,861,855,1183,
46.39649861228696,97104,860,856,1183,
46.39818005694564,97103,861,856,1183,
46.39891229020661,97103,861,855,1184,
46.399327261199836,97103,860,856,1184,
46.4012986791044,97102,861,856,1184,
46.40446537861251,97102,861,855,1185,
46.40510063373766,97101,862,855,1185,
46.4060868313844,97101,862,854,1186,
46.40627571707155,97100,863,854,1186,
46.406871835251415,97100,863,853,1187,
46.408428275741606,97100,862,854,1187,
46.41021565390513,97099,863,854,1187,
46.414906230099675,97099,862,855,1187,
46.41829164423029,97098,863,855,1187,
46.42123590101095,97097,864,855,1187,
46.42308046791732,97096,865,855,1187,
46.424549563256384,97095,866,855,1187,
46.428073082822536,97094,867,855,1187,
46.430002440779504,97093,868,855,1187,
46.43662004921907,97092,869,855,1187,
46.43713997613335,97092,869,854,1188,
46.440026508932334,97091,870,854,1188,
46.44444741594818,97090,871,854,1188,
46.446188262772715,97090,871,853,1189,
46.44810997483499,97090,870,854,1189,
46.44963264691328,97090,869,855,1189,
46.45029848607226,97090,868,856,1189,
46.451889071259444,97089,869,856,1189,
46.452120630246164,97089,868,857,1189,
46.45316482622131,97088,869,857,1189,
46.4535793517985,97087,870,857,1189,
46.45692865882115,97087,869,858,1189,
46.45785610489268,97087,869,857,1190,
46.458808552279564,97086,870,857,1190,
46.46064455718921,97086,870,856,1191,
46.46278224548797,97085,871,856,1191,
46.4634118048674,97084,872,856,1191,
46.46345486460298,97083,873,856,1191,
46.46369032143398,97082,874,856,1191,
46.46437334886875,97081,875,856,1191,
46.466267928780574,97081,874,857,1191,
46.46696003176118,97080,875,857,1191,
46.4700910148263,97079,876,857,1191,
46.4704753695126,97079,875,858,1191,
46.471525694047365,97079,874,859,1191,
46.47251013532985,97079,873,860,1191,
46.47424399727524,97079,873,859,1192,
46.47534174306299,97079,873,858,1193,
46.475612626143864,97078,874,858,1193,
46.476441564068686,97078,873,859,1193,
46.477511753169026,97077,874,859,1193,
46.47876697396215,97076,875,859,1193,
46.47972869792497,97075,876,859,1193,
46.47997895567299,97074,877,859,1193,
46.48451222657293,97074,877,858,1194,
46.48470031203032,97073,878,858,1194,
46.486957764882504,97072,879,858,1194,
46.48713762658866,97072,879,857,1195,
46.488722608082426,97071,880,857,1195,
46.49360444057443,97071,880,856,1196,
46.494114239994836,97071,879,857,1196,
46.49445105043925,97071,879,856,1197,
46.495174520755356,97071,878,857,1197,
46.497833093277,97070,879,857,1197,
46.50019640358206,97070,878,858,1197,
46.50037125370845,97069,879,858,1197,
46.504536710345114,97069,879,857,1198,
46.50551043621526,97069,878,858,1198,
46.50930510758213,97069,878,857,1199,
46.51168009008556,97068,879,857,1199,
46.51345042890356,97068,879,856,1200,
46.51365689529145,97068,878,857,1200,
46.51489988909737,97068,877,858,1200,
46.51542238596738,97068,876,859,1200,
46.517557194007445,97067,877,859,1200,
46.518612955404535,97066,878,859,1200,
46.518868497551026,97065,879,859,1200,
46.519229037401374,97065,878,860,1200,
46.52016660248529,97065,877,861,1200,
46.520483362665594,97065,877,860,1201,
46.52050882475786,97064,878,860,1201,
46.52093585775439,97064,878,859,1202,
46.521498085788586,97063,879,859,1202,
46.5225300389386,97063,878,860,1202,
46.52291929961469,97063,877,861,1202,
46.52472981715563,97063,877,860,1203,
46.52691716792725,97063,876,861,1203,
46.527819623781944,97062,877,861,1203,
46.529064857194335,97061,878,861,1203,
46.52945661274511,97061,877,862,1203,
46.53032080353133,97061,876,863,1203,
46.53299473519793,97061,876,862,1204,
46.53320782009072,97061,875,863,1204,
46.533613142952035,97061,874,864,1204,
46.53362602809375,97060,875,864,1204,
46.542461557225316,97059,876,864,1204,
46.54343411980951,97059,875,865,1204,
46.54795660041994,97058,876,865,1204,
46.55112427191092,97057,877,865,1204,
46.55159785732531,97057,876,866,1204,
46.5518025212552,97057,876,865,1205,
46.55220016163623,97056,877,865,1205,
46.554614007511006,97055,878,865,1205,
46.55468878474132,97055,877,866,1205,
46.5555530578176,97054,878,866,1205,
46.55693321825661,97053,879,866,1205,
46.55953338580376,97052,880,866,1205,
46.56113321659632,97051,881,866,1205,
46.5649445015196,97051,881,865,1206,
46.56636448050877,97051,881,864,1207,
46.56898270977267,97050,882,864,1207,
46.56899317877825,97049,883,864,1207,
46.57079893624708,97049,882,865,1207,
46.570868616065326,97049,881,866,1207,
46.57735418575962,97048,882,866,1207,
46.57887671620584,97048,882,865,1208,
46.59057029532958,97047,883,865,1208,
46.59285402890173,97046,884,865,1208,
46.59287446374924,97046,883,866,1208,
46.594370696003665,97046,882,867,1208,
46.59470679793487,97046,881,868,1208,
46.5962955834345,97045,882,868,1208,
46.59733899003414,97044,883,868,1208,
46.59916235769358,97044,882,869,1208,
46.60155929549605,97043,883,869,1208,
46.60166678457973,97043,882,870,1208,
46.60169299048001,97043,881,871,1208,
46.60357606658087,97042,882,871,1208,
46.60412503940365,97042,881,872,1208,
46.60424704981405,97041,882,872,1208,
46.606090784980665,97041,881,873,1208,
46.6062137522455,97041,880,874,1208,
46.61021238394872,97041,879,875,1208,
46.61139557450937,97041,878,876,1208,
46.61290628130534,97040,879,876,1208,
46.61292029476485,97039,880,876,1208,
46.61414630487597,97039,879,877,1208,
46.61570016366918,97039,879,876,1209,
46.6170698732763,97038,880,876,1209,
46.617195794468124,97038,879,877,1209,
46.617473663599206,97037,880,877,1209,
46.61776686959848,97036,881,877,1209,
46.624336914114075,97036,880,878,1209,
46.624388521411625,97035,881,878,1209,
46.62960176766043,97034,882,878,1209,
46.630031329135264,97034,881,879,1209,
46.63144449474232,97034,880,880,1209,
46.63167034701137,97034,879,881,1209,
46.631886073395414,97034,878,882,1209,
46.63341603500792,97034,878,881,1210,
46.633425686997484,97034,877,882,1210,
46.634220395028926,97034,877,881,1211,
46.63501260414829,97034,876,882,1211,
46.63631353706206,97034,876,881,1212,
46.6383690285038,97034,875,882,1212,
46.64166994666859,97034,875,881,1213,
46.64421808678541,97033,876,881,1213,
46.64587191054799,97033,875,882,1213,
46.64671260940641,97032,876,882,1213,
46.646785116927276,97032,876,881,1214,
46.6480874432588,97031,877,881,1214,
46.64821401407971,97031,876,882,1214,
46.64921380154164,97031,875,883,1214,
46.65115512011284,97030,876,883,1214,
46.65429937325057,97030,875,884,1214,
46.65760703464459,97030,874,885,1214,
46.65995802482272,97030,873,886,1214,
46.661423305602845,97029,874,886,1214,
46.66223560536892,97028,875,886,1214,
46.664650752063714,97027,876,886,1214,
46.664956710532316,97026,877,886,1214,
46.66635611816463,97025,878,886,1214,
46.66906388741996,97024,879,886,1214,
46.66985124433351,97023,880,886,1214,
46.670483014007424,97023,879,887,1214,
46.68018795475263,97023,878,888,1214,
46.682312182330605,97023,877,889,1214,
46.683696203026635,97023,876,890,1214,
46.687489232008936,97023,875,891,1214,
46.68796248801596,97023,875,890,1215,
46.69128559029445,97023,875,889,1216,
46.69293713432652,97023,875,888,1217,
46.69426390021031,97022,876,888,1217,
46.69619173069735,97021,877,888,1217,
46.69801161878503,97021,876,889,1217,
46.69894745802685,97021,876,888,1218,
46.71104070384368,97021,876,887,1219,
46.712625141320636,97021,876,886,1220,
46.714526388804885,97021,876,885,1221,
46.71494948223787,97020,877,885,1221,
46.719773823398334,97020,877,884,1222,
46.72185196395842,97019,878,884,1222,
46.72286495373633,97019,877,885,1222,
46.72340755768817,97019,876,886,1222,
46.72431219975811,97018,877,886,1222,
46.726930682280255,97017,878,886,1222,
46.728123597044146,97016,879,886,1222,
46.72997244494505,97016,878,887,1222,
46.72998773119156,97015,879,887,1222,
46.73017954117737,97015,878,888,1222,
46.73182366620482,97015,877,889,1222,
46.73260647922227,97014,878,889,1222,
46.73904325308258,97013,879,889,1222,
46.73946254431056,97013,879,888,1223,
46.740317934961695,97012,880,888,1223,
46.74137468683577,97012,879,889,1223,
46.74264411797946,97011,880,889,1223,
46.74275782726512,97011,879,890,1223,
46.74357712447903,97010,880,890,1223,
46.74365971119413,97010,879,891,1223,
46.74856345294955,97010,879,890,1224,
46.74874172066201,97009,880,890,1224,
46.755129391834664,97008,881,890,1224,
46.75589439793312,97007,882,890,1224,
46.75872277456759,97006,883,890,1224,
46.75953100436854,97006,882,891,1224,
46.762602694423315,97006,881,892,1224,
46.76335839338441,97006,881,891,1225,
46.76566626651076,97005,882,891,1225,
46.765902960988605,97004,883,891,1225,
46.76726110042883,97004,883,890,1226,
46.76789071461706,97004,882,891,1226,
46.76792180335616,97004,882,890,1227,
46.768252492608255,97004,881,891,1227,
46.77026891605624,97004,880,892,1227,
46.772485841377915,97004,880,891,1228,
46.77333251219888,97003,881,891,1228,
46.77401621856214,97003,880,892,1228,
46.77475510487366,97003,879,893,1228,
46.775267205325584,97003,878,894,1228,
46.780112343471096,97003,878,893,1229,
46.780167068420575,97002,879,893,1229,
46.78037173443045,97001,880,893,1229,
46.783747582210644,97001,879,894,1229,
46.78651071519065,97001,878,895,1229,
46.78655362438707,97000,879,895,1229,
46.78724495694718,97000,878,896,1229,
46.789030529529995,96999,879,896,1229,
46.790724591182254,96999,878,897,1229,
46.79147653083216,96998,879,897,1229,
46.792144394489064,96997,880,897,1229,
46.793471110594425,96997,880,896,1230,
46.79373399122532,96997,880,895,1231,
46.79665351573737,96997,879,896,1231,
46.79695445813732,96997,878,897,1231,
46.79946675231422,96996,879,897,1231,
46.80571147219971,96996,878,898,1231,
46.80713191889392,96996,878,897,1232,
46.808619722364966,96996,878,896,1233,
46.8122149366737,96995,879,896,1233,
46.81323475091014,96994,880,896,1233,
46.81482446428118,96994,880,895,1234,
46.81562572421304,96994,879,896,1234,
46.817724112576315,96994,878,897,1234,
46.82223731720417,96994,878,896,1235,
46.82651518917801,96994,877,897,1235,
46.82840169708043,96994,877,896,1236,
46.830165972188865,96993,878,896,1236,
46.83189134697869,96993,877,897,1236,
46.8334676603773,96993,877,896,1237,
46.83347833899416,96993,876,897,1237,
46.834116191199705,96992,877,897,1237,
46.836278068621766,96991,878,897,1237,
46.83669097936356,96991,878,896,1238,
46.839338619138765,96990,879,896,1238,
46.840191494259216,96990,879,895,1239,
46.840309307247765,96989,880,895,1239,
46.84654240440041,96988,881,895,1239,
46.84946802267225,96987,882,895,1239,
46.851495257933045,96986,883,895,1239,
46.85194614909268,96985,884,895,1239,
46.85320537414402,96985,883,896,1239,
46.8576593883511,96985,882,897,1239,
46.85843628041485,96984,883,897,1239,
46.86094786896058,96983,884,897,1239,
46.861468589712175,96982,885,897,1239,
46.86310895225396,96981,886,897,1239,
46.863866882319726,96981,886,896,1240,
46.86440251539755,96981,885,897,1240,
46.86567494916289,96980,886,897,1240,
46.87618234911072,96979,887,897,1240,
46.87891124730057,96978,888,897,1240,
46.8821252230709,96978,887,898,1240,
46.882690182589954,96977,888,898,1240,
46.88831098034541,96976,889,898,1240,
46.888429641388484,96976,888,899,1240,
46.88869864672722,96976,887,900,1240,
46.89281338397145,96975,888,900,1240,
46.89281338397145,96975,888,900,1240,
46.89541164472143,96974,889,900,1240,
46.89636599426391,96974,888,901,1240,
46.89646180175396,96974,887,902,1240,
46.89681200581048,96973,888,902,1240,
46.89686786654064,96973,887,903,1240,
46.897351951624415,96972,888,903,1240,
46.8991002736346,96971,889,903,1240,
46.89957644880507,96970,890,903,1240,
46.901049573010404,96970,889,904,1240,
46.901474799197295,96969,890,904,1240,
46.904848696061535,96968,891,904,1240,
46.906177604311125,96967,892,904,1240,
46.906526103427446,96967,892,903,1241,
46.907645400908244,96967,891,904,1241,
46.90873179375572,96966,892,904,1241,
46.91503300004936,96965,893,904,1241,
46.916236888727546,96964,894,904,1241,
46.916896639722474,96963,895,904,1241,
46.91814148878615,96963,894,905,1241,
46.919930347653455,96963,894,904,1242,
46.920259323374076,96962,895,904,1242,
46.92161840968588,96962,894,905,1242,
46.92201420230439,96961,895,905,1242,
46.92217437511716,96960,896,905,1242,
46.922763792040904,96960,895,906,1242,
46.927716108960695,96960,895,905,1243,
46.927949678213906,96959,896,905,1243,
46.9304010346061,96958,897,905,1243,
46.93068815121447,96957,898,905,1243,
46.93164300141909,96957,898,904,1244,
46.93550770527154,96956,899,904,1244,
46.9368718072886,96955,900,904,1244,
46.93689304494742,96954,901,904,1244,
46.94000828979669,96954,900,905,1244,
46.94001484949233,96953,901,905,1244,
46.94347353316583,96953,900,906,1244,
46.944202735115205,96952,901,906,1244,
46.94529290415635,96952,900,907,1244,
46.9493444255821,96951,901,907,1244,
46.95163971707033,96950,902,907,1244,
46.9556119013921,96950,901,908,1244,
46.955789431297546,96950,900,909,1244,
46.955898315458334,96950,899,910,1244,
46.957346021512244,96950,898,911,1244,
46.95822656813106,96949,899,911,1244,
46.96097277738341,96949,898,912,1244,
46.96125172338327,96948,899,912,1244,
46.961632352698,96948,899,911,1245,
46.96259556276668,96947,900,911,1245,
46.965084296922896,96947,899,912,1245,
46.968040737132334,96947,899,911,1246,
46.969181097861366,96946,900,911,1246,
46.96959657048721,96946,900,910,1247,
46.96995591990353,96945,901,910,1247,
46.97171165847168,96944,902,910,1247,
46.97198040119459,96944,901,911,1247,
46.97486766676857,96943,902,911,1247,
46.980260174040936,96943,902,910,1248,
46.98174486788113,96943,901,911,1248,
46.98503097630382,96943,900,912,1248,
46.99584959835863,96943,900,911,1249,
46.99617780601149,96943,899,912,1249,
46.99697470040517,96942,900,912,1249,
47.00044226856227,96942,899,913,1249,
47.0012173230195,96941,900,913,1249,
47.0042791112807,96941,899,914,1249,
47.00582783550656,96940,900,914,1249,
47.0099341914694,96940,900,913,1250,
47.01003875032719,96940,900,912,1251,
47.010736056319665,96940,899,913,1251,
47.01140571006527,96939,900,913,1251,
47.01336465625792,96939,899,914,1251,
47.01423814064397,96938,900,914,1251,
47.016209737559954,96938,900,913,1252,
47.01647167734612,96937,901,913,1252,
47.016882665931384,96937,901,912,1253,
47.01903739174267,96937,900,913,1253,
47.01944861007998,96936,901,913,1253,
47.01954816771719,96935,902,913,1253,
47.02127699675148,96935,902,912,1254,
47.02298058145157,96934,903,912,1254,
47.026528798674434,96934,903,911,1255,
47.027012321276395,96933,904,911,1255,
47.027610841288606,96932,905,911,1255,
47.03021466838042,96931,906,911,1255,
47.03106698709424,96930,907,911,1255,
47.031618341042645,96929,908,911,1255,
47.03270248960536,96928,909,911,1255,
47.033781250203816,96928,909,910,1256,
47.03906180865887,96927,910,910,1256,
47.04238538136606,96926,911,910,1256,
47.04411995353435,96926,910,911,1256,
47.04708978864205,96926,909,912,1256,
47.049594378574945,96925,910,912,1256,
47.04980500119659,96925,909,913,1256,
47.051096179398876,96924,910,913,1256,
47.05412731604129,96923,911,913,1256,
47.058093699029335,96922,912,913,1256,
47.05864287504137,96922,911,914,1256,
47.05905972000121,96922,911,913,1257,
47.06091323993499,96921,912,913,1257,
47.06207215049758,96920,913,913,1257,
47.06250688582261,96919,914,913,1257,
47.064647006500095,96919,913,914,1257,
47.064911640638215,96918,914,914,1257,
47.06642740369799,96918,913,915,1257,
47.06678500863553,96917,914,915,1257,
47.06920667448427,96917,913,916,1257,
47.07060505180312,96917,912,917,1257,
47.07288916806058,96917,911,918,1257,
47.0734957318924,96917,910,919,1257,
47.07381993757021,96916,911,919,1257,
47.074590446194385,96916,910,920,1257,
47.07477309516012,96916,909,921,1257,
47.07505362416891,96915,910,921,1257,
47.075265767847554,96915,909,922,1257,
47.07691449924462,96914,910,922,1257,
47.0794172266201,96914,910,921,1258,
47.0806936579847,96913,911,921,1258,
47.083064853914095,96912,912,921,1258,
47.083556239035055,96911,913,921,1258,
47.08469999712487,96911,912,922,1258,
47.085290995458514,96910,913,922,1258,
47.087937605910284,96909,914,922,1258,
47.08909019505314,96909,914,921,1259,
47.09022936136987,96909,914,920,1260,
47.091325235959225,96908,915,920,1260,
47.09323219355139,96908,914,921,1260,
47.09748810346864,96908,913,922,1260,
47.097676441733995,96907,914,922,1260,
47.1000049106524,96907,913,923,1260,
47.10281287151116,96906,914,923,1260,
47.106462296970996,96905,915,923,1260,
47.109780788099506,96904,916,923,1260,
47.11198986952957,96904,915,924,1260,
47.11416915011168,96903,916,924,1260,
47.11513003614921,96903,915,925,1260,
47.11594718478424,96902,916,925,1260,
47.11693249832912,96902,915,926,1260,
47.11733271456404,96901,916,926,1260,
47.117350068998284,96900,917,926,1260,
47.121295578059986,96900,917,925,1261,
47.123717315604274,96899,918,925,1261,
47.12675904842624,96899,917,926,1261,
47.126932136515606,96899,916,927,1261,
47.12977347352984,96899,915,928,1261,
47.131339145522816,96899,914,929,1261,
47.13211165851246,96899,914,928,1262,
47.13466013682182,96899,913,929,1262,
47.13603794631505,96899,913,928,1263,
47.13805201967697,96899,912,929,1263,
47.13806121875442,96898,913,929,1263,
47.138790968226495,96897,914,929,1263,
47.14268223146149,96896,915,929,1263,
47.14289265770143,96896,915,928,1264,
47.14320626703548,96895,916,928,1264,
47.14492835300496,96895,916,927,1265,
47.145111283103,96894,917,927,1265,
47.1478697713951,96894,917,926,1266,
47.149535792251214,96893,918,926,1266,
47.15166840131302,96893,917,927,1266,
47.15171567746215,96893,916,928,1266,
47.15581044813283,96893,915,929,1266,
47.15746847721862,96893,915,928,1267,
47.15773809963778,96893,914,929,1267,
47.16007914540123,96893,914,928,1268,
47.16060387526321,96892,915,928,1268,
47.16098945550458,96891,916,928,1268,
47.16297471556502,96891,916,927,1269,
47.16377823657661,96891,915,928,1269,
47.165480747461594,96890,916,928,1269,
47.1663305766805,96889,917,928,1269,
47.17300311250722,96889,917,927,1270,
47.176939641945594,96889,916,928,1270,
47.17985952882889,96888,917,928,1270,
47.182726863082884,96888,916,929,1270,
47.18401444604377,96887,917,929,1270,
47.18452638986831,96886,918,929,1270,
47.18469740847114,96886,918,928,1271,
47.185313192748005,96886,918,927,1272,
47.187497914491615,96886,917,928,1272,
47.18852654537485,96885,918,928,1272,
47.19125784700704,96884,919,928,1272,
47.19188247590983,96884,919,927,1273,
47.19278974524764,96883,920,927,1273,
47.193563869403945,96882,921,927,1273,
47.19565034030214,96881,922,927,1273,
47.197055070211384,96881,921,928,1273,
47.19709476878827,96881,921,927,1274,
47.19754785715429,96880,922,927,1274,
47.20086303243793,96880,922,926,1275,
47.204733070226666,96880,921,927,1275,
47.2050877167879,96880,921,926,1276,
47.20659679693511,96880,921,925,1277,
47.206909080783234,96880,921,924,1278,
47.20693775898389,96880,920,925,1278,
47.209724462268476,96879,921,925,1278,
47.21516126039741,96879,921,924,1279,
47.21533418568285,96879,921,923,1280,
47.21703221726544,96879,920,924,1280,
47.21748345251372,96879,920,923,1281,
47.21808313685083,96879,919,924,1281,
47.21904404375858,96878,920,924,1281,
47.219315352537265,96877,921,924,1281,
47.22135933713267,96877,921,923,1282,
47.22149118850343,96876,922,923,1282,
47.222162233076425,96876,921,924,1282,
47.22240812675287,96876,921,923,1283,
47.225026259432774,96876,921,922,1284,
47.23086130449018,96876,920,923,1284,
47.23093727440565,96876,920,922,1285,
47.232538589386515,96875,921,922,1285,
47.2339356371444,96874,922,922,1285,
47.24256343810346,96873,923,922,1285,
47.24284449444449,96872,924,922,1285,
47.2433096415585,96872,924,921,1286,
47.24491588654583,96871,925,921,1286,
47.24741906013491,96870,926,921,1286,
47.24864927012238,96870,925,922,1286,
47.251755464176185,96869,926,922,1286,
47.25176297766538,96869,926,921,1287,
47.25446558984562,96868,927,921,1287,
47.254839515655604,96868,926,922,1287,
47.25821888852079,96868,925,923,1287,
47.26179948073522,96867,926,923,1287,
47.26248272450053,96866,927,923,1287,
47.26592440856775,96865,928,923,1287,
47.26644629695446,96865,927,924,1287,
47.26644826338993,96865,926,925,1287,
47.26682692449671,96864,927,925,1287,
47.27366122193166,96864,926,926,1287,
47.27609292494476,96864,925,927,1287,
47.27643614796127,96863,926,927,1287,
47.27737102692442,96862,927,927,1287,
47.280069311002684,96861,928,927,1287,
47.28136008301261,96861,928,926,1288,
47.28272506254738,96860,929,926,1288,
47.2840520208209,96859,930,926,1288,
47.28488035282407,96859,930,925,1289,
47.28495453090548,96859,930,924,1290,
47.29139763942319,96859,929,925,1290,
47.2916430952541,96858,930,925,1290,
47.29339998245826,96858,929,926,1290,
47.295452284436244,96857,930,926,1290,
47.29659290360226,96857,929,927,1290,
47.30352307501563,96857,929,926,1291,
47.30582322666967,96856,930,926,1291,
47.30645248924023,96855,931,926,1291,
47.30688567627394,96855,930,927,1291,
47.30748849396398,96855,929,928,1291,
47.308276235121994,96854,930,928,1291,
47.31107949881871,96854,930,927,1292,
47.311106934138984,96853,931,927,1292,
47.31202859339447,96853,930,928,1292,
47.31361287388069,96853,930,927,1293,
47.31594598893923,96853,930,926,1294,
47.3172607455892,96852,931,926,1294,
47.318369954593095,96851,932,926,1294,
47.31861648370128,96850,933,926,1294,
47.318804236024384,96850,933,925,1295,
47.320898656212535,96849,934,925,1295,
47.321146119487246,96849,933,926,1295,
47.321275884968436,96848,934,926,1295,
47.322265576928416,96848,933,927,1295,
47.32492057022997,96848,932,928,1295,
47.3249421921991,96847,933,928,1295,
47.33114132091746,96847,932,929,1295,
47.33455449364836,96846,933,929,1295,
47.34198332025866,96845,934,929,1295,
47.34230485177349,96844,935,929,1295,
47.342568015985826,96844,934,930,1295,
47.343416701589994,96844,934,929,1296,
47.34470961003564,96844,933,930,1296,
47.35177969912218,96843,934,930,1296,
47.35192449117667,96843,933,931,1296,
47.353243422449935,96843,933,930,1297,
47.35331323744923,96843,933,929,1298,
47.35434779848532,96842,934,929,1298,
47.35436059762893,96841,935,929,1298,
47.357239141875205,96840,936,929,1298,
47.35916270508671,96840,935,930,1298,
47.36018745172569,96840,934,931,1298,
47.36099948119645,96839,935,931,1298,
47.36231046660788,96839,934,932,1298,
47.371712726779535,96839,933,933,1298,
47.37409735742299,96839,933,932,1299,
47.37549279215543,96839,932,933,1299,
47.375734957295904,96839,931,934,1299,
47.37750092834073,96838,932,934,1299,
47.37845604052029,96838,931,935,1299,
47.379572628764734,96837,932,935,1299,
47.38419578427919,96837,931,936,1299,
47.385293917720155,96836,932,936,1299,
47.38641859658492,96836,931,937,1299,
47.3865087996807,96835,932,937,1299,
47.388695825401285,96834,933,937,1299,
47.389333809077044,96834,932,938,1299,
47.390677310494745,96833,933,938,1299,
47.391311350820935,96832,934,938,1299,
47.394143786198796,96831,935,938,1299,
47.3992265471838,96830,936,938,1299,
47.4035664825507,96829,937,938,1299,
47.404702212117385,96829,936,939,1299,
47.41280098231892,96829,936,938,1300,
47.413125615698014,96828,937,938,1300,
47.41329255205752,96828,937,937,1301,
47.413950645278526,96828,936,938,1301,
47.417304264200055,96827,937,938,1301,
47.417949653038704,96826,938,938,1301,
47.42182585076487,96826,937,939,1301,
47.42255855461013,96826,936,940,1301,
47.42340029254196,96826,935,941,1301,
47.426306134169835,96826,934,942,1301,
47.427621089584676,96825,935,942,1301,
47.430557891551494,96825,935,941,1302,
47.431660409284284,96824,936,941,1302,
47.43488990216071,96824,935,942,1302,
47.43594274273954,96823,936,942,1302,
47.43648365164696,96823,935,943,1302,
47.43899460520609,96823,934,944,1302,
47.44562268117972,96822,935,944,1302,
47.44863628444969,96821,936,944,1302,
47.450269575872,96821,935,945,1302,
47.45170157922212,96820,936,945,1302,
47.45393554673698,96820,935,946,1302,
47.45447709299041,96820,934,947,1302,
47.45575232996437,96820,933,948,1302,
47.45902975702892,96819,934,948,1302,
47.464229434803414,96819,933,949,1302,
47.46475479336917,96818,934,949,1302,
47.46929951845507,96818,934,948,1303,
47.469618606726016,96817,935,948,1303,
47.47020460688501,96816,936,948,1303,
47.47056807497488,96816,935,949,1303,
47.47231918472981,96816,934,950,1303,
47.47409999272307,96815,935,950,1303,
47.47422337520288,96814,936,950,1303,
47.47604782537056,96813,937,950,1303,
47.4778844690897,96813,936,951,1303,
47.47829157335008,96812,937,951,1303,
47.478447539086986,96812,936,952,1303,
47.48185296160776,96812,935,953,1303,
47.48328026257274,96812,934,954,1303,
47.486173561395276,96812,933,955,1303,
47.4869250564596,96811,934,955,1303,
47.487091135342745,96810,935,955,1303,
47.488132782009735,96810,934,956,1303,
47.4886394703034,96809,935,956,1303,
47.490878576700034,96809,935,955,1304,
47.49250471194673,96808,936,955,1304,
47.49623468653588,96807,937,955,1304,
47.49811917687061,96807,936,956,1304,
47.499580523964966,96806,937,956,1304,
47.50344598379697,96805,938,956,1304,
47.50443658893949,96805,938,955,1305,
47.50468686265143,96805,937,956,1305,
47.50524599650965,96804,938,956,1305,
47.505548544090864,96803,939,956,1305,
47.50626867628474,96802,940,956,1305,
47.51130580429729,96801,941,956,1305,
47.511378331256076,96801,941,955,1306,
47.516438661489275,96801,940,956,1306,
47.5165905876525,96800,941,956,1306,
47.5168163306951,96799,942,956,1306,
47.51705755365046,96799,941,957,1306,
47.51899865788038,96798,942,957,1306,
47.519817488310174,96798,941,958,1306,
47.52126454202126,96797,942,958,1306,
47.522908521284215,96797,942,957,1307,
47.52329387621916,96796,943,957,1307,
47.52513329274867,96796,942,958,1307,
47.52869674263961,96796,941,959,1307,
47.5288409350522,96795,942,959,1307,
47.53316596645837,96794,943,959,1307,
47.533285025494855,96793,944,959,1307,
47.533665803623414,96793,943,960,1307,
47.533700405432796,96792,944,960,1307,
47.53468613323102,96792,943,961,1307,
47.53640775002,96791,944,961,1307,
47.53683792558205,96791,943,962,1307,
47.53774108116364,96791,942,963,1307,
47.53847298636977,96790,943,963,1307,
47.53883658626817,96789,944,963,1307,
47.539006672885556,96788,945,963,1307,
47.53986441296975,96787,946,963,1307,
47.54340684189902,96787,946,962,1308,
47.548085996129565,96786,947,962,1308,
47.548175724987104,96786,947,961,1309,
47.549039677252395,96785,948,961,1309,
47.55149963717717,96785,947,962,1309,
47.55160863258146,96785,946,963,1309,
47.553523252711656,96784,947,963,1309,
47.55567131465781,96784,946,964,1309,
47.55753428771321,96783,947,964,1309,
47.55843498040138,96782,948,964,1309,
47.55920906656215,96781,949,964,1309,
47.5613571197087,96780,950,964,1309,
47.56459539386865,96780,950,963,1310,
47.56488338423585,96779,951,963,1310,
47.56521931464464,96779,950,964,1310,
47.5654523227826,96779,950,963,1311,
47.56708534123459,96778,951,963,1311,
47.57136330952082,96778,950,964,1311,
47.57154882635485,96778,949,965,1311,
47.57282788593372,96777,950,965,1311,
47.57997390862103,96777,949,966,1311,
47.58274208408932,96776,950,966,1311,
47.58314044648225,96775,951,966,1311,
47.583332714219516,96774,952,966,1311,
47.58356581699003,96774,952,965,1312,
47.584371703351934,96773,953,965,1312,
47.588532475099626,96773,952,966,1312,
47.58977986466666,96772,953,966,1312,
47.59046219193866,96771,954,966,1312,
47.591110585535,96770,955,966,1312,
47.59356655921273,96769,956,966,1312,
47.5944814188687,96769,955,967,1312,
47.596536487022156,96768,956,967,1312,
47.59655260320027,96768,955,968,1312,
47.60175593037764,96767,956,968,1312,
47.60269947396425,96766,957,968,1312,
47.60342814532231,96765,958,968,1312,
47.60408616641017,96765,958,967,1313,
47.6048346119464,96764,959,967,1313,
47.60655110985182,96763,960,967,1313,
47.60728386287696,96762,961,967,1313,
47.607861805447854,96762,960,968,1313,
47.60804157972716,96761,961,968,1313,
47.60831329089559,96760,962,968,1313,
47.60876413775515,96759,963,968,1313,
47.61082593129404,96758,964,968,1313,
47.610853223539,96758,964,967,1314,
47.61284922766035,96757,965,967,1314,
47.614353251569376,96757,965,966,1315,
47.61613990520691,96757,964,967,1315,
47.61643351060632,96757,963,968,1315,
47.61648133894943,96757,963,967,1316,
47.6173974723032,96757,962,968,1316,
47.618381018119685,96756,963,968,1316,
47.622033728094195,96756,962,969,1316,
47.62337665689912,96756,961,970,1316,
47.623589002921086,96755,962,970,1316,
47.62363824155976,96754,963,970,1316,
47.62574997329726,96754,962,971,1316,
47.62770329228374,96754,961,972,1316,
47.62977663961126,96753,962,972,1316,
47.62990821429149,96752,963,972,1316,
47.631899275454806,96752,963,971,1317,
47.63190242969241,96752,962,972,1317,
47.63501626847384,96752,961,973,1317,
47.636506790841125,96751,962,973,1317,
47.645878886871294,96750,963,973,1317,
47.647004373819286,96749,964,973,1317,
47.64746576157441,96748,965,973,1317,
47.64776073858345,96748,965,972,1318,
47.648578450990854,96747,966,972,1318,
47.65095302226906,96746,967,972,1318,
47.65167064851875,96746,966,973,1318,
47.6520969554472,96746,966,972,1319,
47.65282529056079,96745,967,972,1319,
47.6568235921876,96745,967,971,1320,
47.65750789465233,96744,968,971,1320,
47.65756382348584,96744,968,970,1321,
47.65977161806528,96743,969,970,1321,
47.660184368053486,96742,970,970,1321,
47.66110063558487,96741,971,970,1321,
47.663636067533524,96741,971,969,1322,
47.66366713718437,96740,972,969,1322,
47.664086644495605,96739,973,969,1322,
47.66450665876765,96738,974,969,1322,
47.66494204332453,96738,973,970,1322,
47.6650676471618,96737,974,970,1322,
47.66581144790544,96737,973,971,1322,
47.667994388797396,96736,974,971,1322,
47.67626723765649,96735,975,971,1322,
47.678110962202126,96735,974,972,1322,
47.679540252161736,96735,973,973,1322,
47.68518773933036,96734,974,973,1322,
47.68541978967286,96733,975,973,1322,
47.690114796132235,96733,974,974,1322,
47.690776248999754,96733,973,975,1322,
47.69258674332841,96732,974,975,1322,
47.692663711457726,96732,973,976,1322,
47.69598894113212,96731,974,976,1322,
47.69655483537691,96731,974,975,1323,
47.69820546475118,96730,975,975,1323,
47.6983310196883,96730,974,976,1323,
47.7003271788135,96729,975,976,1323,
47.70590105817671,96729,974,977,1323,
47.7067363418229,96729,973,978,1323,
47.710076932669146,96729,972,979,1323,
47.71182783574237,96729,971,980,1323,
47.71260768855387,96729,971,979,1324,
47.71421484293826,96729,970,980,1324,
47.715292679475496,96728,971,980,1324,
47.715628544673685,96728,971,979,1325,
47.72060317009063,96727,972,979,1325,
47.72277386595464,96727,971,980,1325,
47.725706109764545,96726,972,980,1325,
47.727762210138025,96726,971,981,1325,
47.72935798151489,96725,972,981,1325,
47.730199417194314,96724,973,981,1325,
47.73104628316219,96723,974,981,1325,
47.732996511058,96722,975,981,1325,
47.733165448947304,96722,975,980,1326,
47.73332700732391,96722,975,979,1327,
47.73433885582937,96721,976,979,1327,
47.7345502922249,96721,975,980,1327,
47.7350686068195,96720,976,980,1327,
47.73639616477052,96720,975,981,1327,
47.73954640626314,96719,976,981,1327,
47.73987430896206,96718,977,981,1327,
47.739913580757744,96718,976,982,1327,
47.74012002214148,96718,976,981,1328,
47.740821657233376,96718,976,980,1329,
47.746149491306134,96717,977,980,1329,
47.74736243878371,96717,977,979,1330,
47.74899067841653,96716,978,979,1330,
47.75115047707411,96716,978,978,1331,
47.75535815711875,96715,979,978,1331,
47.75822536252195,96715,979,977,1332,
47.76027816340259,96714,980,977,1332,
47.76202463170197,96714,979,978,1332,
47.7621697427577,96714,979,977,1333,
47.76293749784015,96714,979,976,1334,
47.76380656015684,96713,980,976,1334,
47.76430844832319,96712,981,976,1334,
47.764755012060476,96712,980,977,1334,
47.76833096842143,96712,979,978,1334,
47.76962043608499,96712,978,979,1334,
47.76990009328618,96711,979,979,1334,
47.770108497990606,96711,979,978,1335,
47.77316287836038,96711,979,977,1336,
47.7739704376823,96710,980,977,1336,
47.774642140320736,96710,979,978,1336,
47.77478758369769,96709,980,978,1336,
47.77661064360449,96709,980,977,1337,
47.77975656651251,96709,979,978,1337,
47.78079127157827,96708,980,978,1337,
47.78098330388313,96708,979,979,1337,
47.781254944843,96708,979,978,1338,
47.781791792137334,96707,980,978,1338,
47.78248505818304,96707,980,977,1339,
47.78357221315662,96707,979,978,1339,
47.78493702471025,96707,979,977,1340,
47.78550649639651,96707,978,978,1340,
47.79036044235328,96707,977,979,1340,
47.79213030620704,96706,978,979,1340,
47.79303520386906,96706,978,978,1341,
47.794524433690945,96706,977,979,1341,
47.795245821513554,96706,977,978,1342,
47.795369669152024,96706,976,979,1342,
47.79760811738593,96705,977,979,1342,
47.7985585711253,96705,976,980,1342,
47.799495209003425,96705,975,981,1342,
47.799903410856835,96704,976,981,1342,
47.801252235794024,96703,977,981,1342,
47.80181816881201,96703,977,980,1343,
47.80421308632319,96703,976,981,1343,
47.804510502420115,96703,975,982,1343,
47.806212811696625,96702,976,982,1343,
47.806223988867956,96702,975,983,1343,
47.81099312064696,96701,976,983,1343,
47.81373915035797,96700,977,983,1343,
47.816062098352226,96700,977,982,1344,
47.81617859598196,96700,976,983,1344,
47.81650236360842,96699,977,983,1344,
47.81872281934718,96699,976,984,1344,
47.818992078185985,96699,975,985,1344,
47.819306694006414,96698,976,985,1344,
47.819422535285504,96697,977,985,1344,
47.82117552117113,96697,976,986,1344,
47.82299500827877,96696,977,986,1344,
47.82391205377675,96695,978,986,1344,
47.82666765288073,96695,978,985,1345,
47.82824446281777,96695,978,984,1346,
47.83255647233512,96695,977,985,1346,
47.83259354460049,96694,978,985,1346,
47.83347860399777,96694,978,984,1347,
47.83427610049662,96694,978,983,1348,
47.83475977420791,96693,979,983,1348,
47.83551886675504,96692,980,983,1348,
47.83599866524009,96692,979,984,1348,
47.836211979604464,96691,980,984,1348,
47.83666310569787,96691,980,983,1349,
47.84084147038388,96691,979,984,1349,
47.84091402186567,96691,978,985,1349,
47.84326411505479,96690,979,985,1349,
47.844663638328264,96690,979,984,1350,
47.84884408014944,96690,978,985,1350,
47.849147641487846,96690,978,984,1351,
47.85086275696481,96690,977,985,1351,
47.854469754309946,96690,976,986,1351,
47.85681235051136,96689,977,986,1351,
47.85844336354161,96689,976,987,1351,
47.863347710216246,96689,976,986,1352,
47.86369451145498,96689,975,987,1352,
47.86508492854476,96688,976,987,1352,
47.86540358863433,96688,975,988,1352,
47.867209259156326,96688,974,989,1352,
47.869186088543984,96687,975,989,1352,
47.87029449490434,96687,975,988,1353,
47.872764268050446,96686,976,988,1353,
47.87310469236287,96685,977,988,1353,
47.87560667428436,96685,977,987,1354,
47.8777361285937,96684,978,987,1354,
47.87822729595347,96684,977,988,1354,
47.87829976792615,96684,977,987,1355,
47.87898290120153,96683,978,987,1355,
47.88481573148583,96683,977,988,1355,
47.88667793777494,96683,976,989,1355,
47.88667793777494,96683,976,989,1355,
47.89022179721347,96683,975,990,1355,
47.89336773912667,96683,974,991,1355,
47.893398740497574,96682,975,991,1355,
47.89518009739734,96682,975,990,1356,
47.89743420901935,96682,974,991,1356,
47.89890949199295,96681,975,991,1356,
47.901977820227074,96680,976,991,1356,
47.905192036299745,96680,975,992,1356,
47.90706394335765,96679,976,992,1356,
47.90803438972962,96679,976,991,1357,
47.910054425425216,96679,976,990,1358,
47.911304706311455,96679,975,991,1358,
47.91194740975599,96679,974,992,1358,
47.91843194338567,96678,975,992,1358,
47.9184583813935,96678,974,993,1358,
47.918761807678536,96678,973,994,1358,
47.92107829018698,96678,972,995,1358,
47.92171502170146,96678,971,996,1358,
47.92183843996762,96677,972,996,1358,
47.924308748516275,96676,973,996,1358,
47.92468369553177,96675,974,996,1358,
47.92508589109577,96674,975,996,1358,
47.92607372388173,96674,975,995,1359,
47.93013604560897,96674,974,996,1359,
47.930516899927326,96673,975,996,1359,
47.93081086650676,96673,975,995,1360,
47.93104663391879,96672,976,995,1360,
47.9322136897845,96672,975,996,1360,
47.934058306110394,96672,974,997,1360,
47.93426392115969,96671,975,997,1360,
47.93563193522848,96670,976,997,1360,
47.939207428065494,96669,977,997,1360,
47.93945002840365,96669,976,998,1360,
47.93946146927603,96669,976,997,1361,
47.94321806942964,96668,977,997,1361,
47.94389534613852,96668,977,996,1362,
47.94465054341875,96668,977,995,1363,
47.94497140677375,96668,976,996,1363,
47.945319312016366,96668,975,997,1363,
47.945414435261476,96668,975,996,1364,
47.945588268052596,96668,974,997,1364,
47.945969925381796,96667,975,997,1364,
47.94609264426218,96666,976,997,1364,
47.94714893566484,96666,976,996,1365,
47.94799857651914,96666,975,997,1365,
47.95173719910177,96666,975,996,1366,
47.96159964480888,96666,975,995,1367,
47.96252611591614,96665,976,995,1367,
47.963095140755215,96665,975,996,1367,
47.96446260169103,96665,974,997,1367,
47.96587000716142,96665,973,998,1367,
47.968231292355924,96664,974,998,1367,
47.97055686322682,96664,973,999,1367,
47.97625968150109,96664,972,1000,1367,
47.98055826307206,96663,973,1000,1367,
47.98272144806872,96662,974,1000,1367,
47.98300239514031,96662,974,999,1368,
47.98328359234811,96661,975,999,1368,
47.98390734989819,96661,975,998,1369,
47.98622310933193,96660,976,998,1369,
47.98724500446025,96660,975,999,1369,
47.99052043265169,96659,976,999,1369,
47.99408291368779,96659,975,1000,1369,
47.99645972527617,96659,974,1001,1369,
47.996671850757004,96658,975,1001,1369,
47.99735031839297,96657,976,1001,1369,
47.99791700099502,96656,977,1001,1369,
47.998038617449794,96655,978,1001,1369,
47.99869114038011,96655,977,1002,1369,
48.0004356649486,96655,976,1003,1369,
48.001546437008315,96655,975,1004,1369,
48.00734805685738,96655,974,1005,1369,
48.0097873637238,96654,975,1005,1369,
48.010946173720804,96653,976,1005,1369,
48.0118241903838,96653,975,1006,1369,
48.0136398737916,96653,975,1005,1370,
48.01583708119695,96653,974,1006,1370,
48.01761863257792,96652,975,1006,1370,
48.018352426944105,96651,976,1006,1370,
48.02192601821688,96651,975,1007,1370,
48.02380188649717,96651,974,1008,1370,
48.02404362769947,96650,975,1008,1370,
48.02918617060619,96650,974,1009,1370,
48.03085566469948,96649,975,1009,1370,
48.032586646063976,96648,976,1009,1370,
48.034895681894824,96647,977,1009,1370,
48.035845952275466,96646,978,1009,1370,
48.03819439429323,96645,979,1009,1370,
48.03840644255267,96644,980,1009,1370,
48.04133515620613,96643,981,1009,1370,
48.04166911020714,96643,981,1008,1371,
48.043876119390134,96643,981,1007,1372,
48.04545085586709,96642,982,1007,1372,
48.04745945425766,96642,981,1008,1372,
48.060211096181035,96641,982,1008,1372,
48.06085184809152,96641,982,1007,1373,
48.061845873926174,96641,982,1006,1374,
48.06305880741617,96641,981,1007,1374,
48.06452999496996,96640,982,1007,1374,
48.068147519196046,96640,981,1008,1374,
48.07324064416439,96639,982,1008,1374,
48.07362556926584,96638,983,1008,1374,
48.07441483109097,96638,983,1007,1375,
48.074687112415944,96638,982,1008,1375,
48.07497413501376,96638,981,1009,1375,
48.07578104242584,96637,982,1009,1375,
48.07758358066029,96636,983,1009,1375,
48.07841317792112,96635,984,1009,1375,
48.078895733344766,96634,985,1009,1375,
48.07999199207816,96633,986,1009,1375,
48.08096506310164,96632,987,1009,1375,
48.08099981780673,96632,987,1008,1376,
48.08106806921965,96632,987,1007,1377,
48.082022204493285,96631,988,1007,1377,
48.08213161948314,96630,989,1007,1377,
48.08221682222864,96629,990,1007,1377,
48.0827815531335,96628,991,1007,1377,
48.08297417665829,96627,992,1007,1377,
48.08344208022112,96626,993,1007,1377,
48.08489038067629,96625,994,1007,1377,
48.085114724831605,96625,994,1006,1378,
48.08524344125232,96625,994,1005,1379,
48.08662484260125,96625,993,1006,1379,
48.088625650111524,96625,992,1007,1379,
48.08970609227115,96625,991,1008,1379,
48.090233230295354,96625,991,1007,1380,
48.09176088419314,96624,992,1007,1380,
48.097801448425706,96624,992,1006,1381,
48.09933701393142,96623,993,1006,1381,
48.10150363334569,96622,994,1006,1381,
48.10398091896407,96622,994,1005,1382,
48.10718124722645,96622,993,1006,1382,
48.10916539098862,96621,994,1006,1382,
48.1102026320714,96620,995,1006,1382,
48.1109541520868,96619,996,1006,1382,
48.113359357055046,96618,997,1006,1382,
48.11382575709426,96618,996,1007,1382,
48.119010166886085,96618,996,1006,1383,
48.11937372501544,96618,996,1005,1384,
48.1200832903859,96618,995,1006,1384,
48.125506200618275,96618,994,1007,1384,
48.12649555103158,96617,995,1007,1384,
48.12682857007432,96617,994,1008,1384,
48.12758391332012,96617,993,1009,1384,
48.13017464335479,96616,994,1009,1384,
48.130247342510195,96615,995,1009,1384,
48.1307657664496,96614,996,1009,1384,
48.13232664751826,96613,997,1009,1384,
48.13390636566052,96613,996,1010,1384,
48.133926977477074,96613,996,1009,1385,
48.139699894245204,96613,995,1010,1385,
48.140361775019834,96612,996,1010,1385,
48.14625388326326,96611,997,1010,1385,
48.14758265118404,96610,998,1010,1385,
48.154282346226275,96609,999,1010,1385,
48.154386282390966,96609,999,1009,1386,
48.15563374332113,96609,998,1010,1386,
48.15596086144995,96608,999,1010,1386,
48.157757903986486,96607,1000,1010,1386,
48.160307519181444,96606,1001,1010,1386,
48.1610834406648,96605,1002,1010,1386,
48.167288925404726,96604,1003,1010,1386,
48.169159232473,96603,1004,1010,1386,
48.17012372899027,96603,1003,1011,1386,
48.17405273597571,96602,1004,1011,1386,
48.17667260374914,96601,1005,1011,1386,
48.177162842371374,96601,1005,1010,1387,
48.17778438962606,96600,1006,1010,1387,
48.1801254310899,96600,1006,1009,1388,
48.183403540045695,96599,1007,1009,1388,
48.18363670910324,96599,1006,1010,1388,
48.18630606542614,96598,1007,1010,1388,
48.18682424424671,96597,1008,1010,1388,
48.1870421563608,96597,1007,1011,1388,
48.18718996547855,96596,1008,1011,1388,
48.18875918334496,96596,1007,1012,1388,
48.190436437000464,96595,1008,1012,1388,
48.19302160046864,96594,1009,1012,1388,
48.194476083743716,96594,1009,1011,1389,
48.194550579650716,96593,1010,1011,1389,
48.195946822918216,96592,1011,1011,1389,
48.19622508931586,96592,1011,1010,1390,
48.19772612288532,96591,1012,1010,1390,
48.19860779931265,96590,1013,1010,1390,
48.19919064043938,96589,1014,1010,1390,
48.20048003149256,96588,1015,1010,1390,
48.20130939513697,96587,1016,1010,1390,
48.21292994958628,96587,1016,1009,1391,
48.21453397197281,96587,1015,1010,1391,
48.21686557848239,96587,1014,1011,1391,
48.21890294474308,96586,1015,1011,1391,
48.22166522910903,96585,1016,1011,1391,
48.22314857707482,96585,1015,1012,1391,
48.22454565487259,96584,1016,1012,1391,
48.2271254942324,96584,1015,1013,1391,
48.227275237442505,96584,1015,1012,1392,
48.232542279281766,96584,1015,1011,1393,
48.236080548322036,96584,1015,1010,1394,
48.23833599339846,96583,1016,1010,1394,
48.24021338481043,96582,1017,1010,1394,
48.24083100479013,96581,1018,1010,1394,
48.242780526752775,96581,1017,1011,1394,
48.24603459868979,96580,1018,1011,1394,
48.24866832975961,96579,1019,1011,1394,
48.2489536025051,96578,1020,1011,1394,
48.25499013304318,96577,1021,1011,1394,
48.25617463708298,96577,1020,1012,1394,
48.257991459862566,96577,1019,1013,1394,
48.26036187029115,96577,1018,1014,1394,
48.26216832354414,96577,1017,1015,1394,
48.26227288816494,96577,1017,1014,1395,
48.26408495518549,96576,1018,1014,1395,
48.26535008474826,96575,1019,1014,1395,
48.265599442934416,96575,1018,1015,1395,
48.26843239556511,96574,1019,1015,1395,
48.27152267388012,96573,1020,1015,1395,
48.27182841349763,96573,1019,1016,1395,
48.27231162671672,96572,1020,1016,1395,
48.273809261450566,96571,1021,1016,1395,
48.27459458488279,96571,1021,1015,1396,
48.27531463368036,96571,1020,1016,1396,
48.27842276506117,96571,1020,1015,1397,
48.27950600645535,96570,1021,1015,1397,
48.27980606640264,96570,1021,1014,1398,
48.28014836674602,96570,1020,1015,1398,
48.28106184599164,96570,1019,1016,1398,
48.28232896691617,96569,1020,1016,1398,
48.288173809980734,96569,1019,1017,1398,
48.28880308924153,96568,1020,1017,1398,
48.28992459715325,96567,1021,1017,1398,
48.290307944062185,96566,1022,1017,1398,
48.29408042484906,96566,1021,1018,1398,
48.29505374181298,96566,1020,1019,1398,
48.29607505278184,96566,1020,1018,1399,
48.299653530970076,96565,1021,1018,1399,
48.303638967584504,96565,1020,1019,1399,
48.30389520153564,96564,1021,1019,1399,
48.30666961340936,96563,1022,1019,1399,
48.307160291094824,96563,1021,1020,1399,
48.30899221675942,96563,1021,1019,1400,
48.310080912646995,96563,1020,1020,1400,
48.311767386975504,96563,1019,1021,1400,
48.31305234253301,96562,1020,1021,1400,
48.31551916417442,96562,1019,1022,1400,
48.317962250073755,96561,1020,1022,1400,
48.318607681505725,96560,1021,1022,1400,
48.31926638068398,96560,1021,1021,1401,
48.31950813036941,96559,1022,1021,1401,
48.3199461370456,96559,1021,1022,1401,
48.32148395136111,96559,1020,1023,1401,
48.322524844323624,96558,1021,1023,1401,
48.32367807371439,96558,1021,1022,1402,
48.324173176440866,96557,1022,1022,1402,
48.32424471395397,96556,1023,1022,1402,
48.324547744501196,96556,1022,1023,1402,
48.32693976260369,96555,1023,1023,1402,
48.32753240391653,96555,1022,1024,1402,
48.32757838085657,96554,1023,1024,1402,
48.327997112645775,96553,1024,1024,1402,
48.328199144890014,96553,1023,1025,1402,
48.3289212954448,96552,1024,1025,1402,
48.32936298300628,96552,1023,1026,1402,
48.329865784401626,96552,1022,1027,1402,
48.33129862901062,96552,1021,1028,1402,
48.33226003780065,96551,1022,1028,1402,
48.33456607277853,96550,1023,1028,1402,
48.33629323202117,96549,1024,1028,1402,
48.3372193554055,96548,1025,1028,1402,
48.3396313089127,96548,1024,1029,1402,
48.340203357163034,96547,1025,1029,1402,
48.34254942010255,96547,1024,1030,1402,
48.3445386225241,96546,1025,1030,1402,
48.344626258265784,96545,1026,1030,1402,
48.34502857633907,96544,1027,1030,1402,
48.34578286112975,96543,1028,1030,1402,
48.34592559967814,96543,1028,1029,1403,
48.34661567590077,96543,1028,1028,1404,
48.34790276607716,96542,1029,1028,1404,
48.350185327531115,96542,1028,1029,1404,
48.35128455392906,96542,1027,1030,1404,
48.354407876530395,96542,1026,1031,1404,
48.354920095187126,96542,1026,1030,1405,
48.356851316401205,96542,1025,1031,1405,
48.35704729277871,96542,1024,1032,1405,
48.35890416999928,96541,1025,1032,1405,
48.360075816282176,96540,1026,1032,1405,
48.36446390453382,96540,1026,1031,1406,
48.364642555335,96540,1026,1030,1407,
48.36553413685495,96540,1025,1031,1407,
48.366798986535436,96540,1024,1032,1407,
48.36874464043956,96540,1023,1033,1407,
48.370207326920934,96539,1024,1033,1407,
48.37092581870723,96538,1025,1033,1407,
48.37178966154689,96538,1024,1034,1407,
48.377670541708284,96538,1023,1035,1407,
48.37962400482488,96537,1024,1035,1407,
48.382256183110556,96536,1025,1035,1407,
48.38231317483843,96535,1026,1035,1407,
48.382561689336825,96534,1027,1035,1407,
48.38310076728639,96534,1026,1036,1407,
48.38492726924307,96534,1025,1037,1407,
48.38828476852476,96533,1026,1037,1407,
48.389212176198434,96532,1027,1037,1407,
48.39150439912125,96532,1026,1038,1407,
48.392975463114226,96532,1025,1039,1407,
48.394674417170975,96531,1026,1039,1407,
48.39748637525901,96531,1026,1038,1408,
48.39856416769886,96530,1027,1038,1408,
48.400694828595384,96530,1026,1039,1408,
48.400802372648904,96530,1025,1040,1408,
48.4008620164093,96529,1026,1040,1408,
48.404474347852705,96528,1027,1040,1408,
48.40615288312656,96528,1026,1041,1408,
48.407059758845776,96527,1027,1041,1408,
48.40791188686165,96526,1028,1041,1408,
48.409255107120124,96526,1027,1042,1408,
48.411071528150465,96525,1028,1042,1408,
48.41304468941972,96525,1027,1043,1408,
48.41429202111904,96525,1027,1042,1409,
48.41522567039008,96524,1028,1042,1409,
48.417542757440856,96524,1027,1043,1409,
48.41904420936423,96523,1028,1043,1409,
48.42177543161021,96522,1029,1043,1409,
48.42355221174469,96521,1030,1043,1409,
48.425950509048725,96521,1029,1044,1409,
48.42668526061792,96520,1030,1044,1409,
48.426930189183935,96519,1031,1044,1409,
48.429284969486034,96519,1030,1045,1409,
48.42938507002506,96518,1031,1045,1409,
48.430327931452716,96518,1030,1046,1409,
48.43099467115678,96518,1029,1047,1409,
48.43135019596622,96518,1028,1048,1409,
48.431469642677726,96518,1027,1049,1409,
48.435480236929315,96518,1026,1050,1409,
48.43662378430495,96517,1027,1050,1409,
48.43697975819484,96516,1028,1050,1409,
48.43776362496541,96515,1029,1050,1409,
48.439731656908194,96514,1030,1050,1409,
48.440440658180094,96513,1031,1050,1409,
48.44072355516604,96513,1030,1051,1409,
48.4409996520364,96512,1031,1051,1409,
48.44115488557189,96512,1031,1050,1410,
48.4439172949346,96512,1031,1049,1411,
48.4439316661767,96512,1030,1050,1411,
48.44662194715824,96512,1030,1049,1412,
48.449500196834066,96512,1030,1048,1413,
48.451945750437766,96511,1031,1048,1413,
48.45353176895268,96511,1031,1047,1414,
48.455186855868774,96510,1032,1047,1414,
48.45607449348552,96510,1031,1048,1414,
48.456142051569856,96510,1031,1047,1415,
48.45759707376554,96509,1032,1047,1415,
48.45795759133128,96508,1033,1047,1415,
48.46060062988102,96507,1034,1047,1415,
48.462213420961525,96507,1034,1046,1416,
48.464012058495065,96507,1033,1047,1416,
48.46445549745228,96506,1034,1047,1416,
48.465620844351186,96505,1035,1047,1416,
48.46655324711007,96504,1036,1047,1416,
48.46702228252362,96504,1035,1048,1416,
48.46990263839119,96503,1036,1048,1416,
48.47010760782895,96503,1036,1047,1417,
48.4746081701998,96503,1036,1046,1418,
48.47559707400458,96502,1037,1046,1418,
48.47573121996504,96501,1038,1046,1418,
48.4758743106228,96501,1037,1047,1418,
48.477255260826354,96501,1037,1046,1419,
48.477479155364584,96501,1036,1047,1419,
48.481650955535834,96500,1037,1047,1419,
48.48240895673761,96499,1038,1047,1419,
48.486724616808935,96498,1039,1047,1419,
48.48728346833021,96497,1040,1047,1419,
48.48867688780859,96497,1039,1048,1419,
48.49056208469711,96497,1038,1049,1419,
48.49224817293256,96497,1037,1050,1419,
48.49393688411401,96497,1037,1049,1420,
48.49449487161499,96496,1038,1049,1420,
48.495442464112664,96496,1037,1050,1420,
48.49670975074218,96495,1038,1050,1420,
48.49694582819927,96495,1037,1051,1420,
48.500240994401196,96495,1037,1050,1421,
48.50092234038882,96494,1038,1050,1421,
48.50262106364156,96493,1039,1050,1421,
48.503431180343654,96493,1039,1049,1422,
48.50403290879572,96493,1038,1050,1422,
48.50449468585423,96493,1037,1051,1422,
48.50745523961903,96492,1038,1051,1422,
48.5103164756153,96492,1037,1052,1422,
48.51185287558956,96492,1037,1051,1423,
48.51375495253039,96492,1037,1050,1424,
48.51395774020714,96491,1038,1050,1424,
48.51456480220447,96490,1039,1050,1424,
48.51594635912087,96490,1038,1051,1424,
48.51922093603085,96489,1039,1051,1424,
48.52288563057509,96489,1039,1050,1425,
48.52289409110838,96489,1038,1051,1425,
48.52520675605855,96488,1039,1051,1425,
48.52627367550671,96488,1038,1052,1425,
48.528417110341486,96487,1039,1052,1425,
48.52959653049965,96486,1040,1052,1425,
48.531204464312225,96485,1041,1052,1425,
48.531569766701665,96484,1042,1052,1425,
48.534111954750664,96483,1043,1052,1425,
48.53457463502652,96482,1044,1052,1425,
48.538306713771576,96482,1043,1053,1425,
48.54029326613166,96481,1044,1053,1425,
48.54051253512968,96480,1045,1053,1425,
48.541044816875754,96479,1046,1053,1425,
48.54174216776693,96479,1045,1054,1425,
48.541866866951835,96478,1046,1054,1425,
48.542036783860304,96477,1047,1054,1425,
48.54810725427606,96476,1048,1054,1425,
48.549151692676105,96475,1049,1054,1425,
48.551765412404215,96474,1050,1054,1425,
48.55212791516897,96473,1051,1054,1425,
48.5528792706591,96473,1051,1053,1426,
48.5543477022452,96472,1052,1053,1426,
48.56029466444538,96471,1053,1053,1426,
48.56151482261626,96471,1053,1052,1427,
48.56205217533254,96471,1053,1051,1428,
48.56369114418314,96471,1052,1052,1428,
48.56370008997713,96471,1051,1053,1428,
48.56434397861669,96471,1051,1052,1429,
48.56659276393765,96470,1052,1052,1429,
48.567222095904405,96470,1051,1053,1429,
48.567718996099025,96470,1050,1054,1429,
48.56847708801758,96470,1049,1055,1429,
48.57400386197649,96469,1050,1055,1429,
48.578289943162005,96468,1051,1055,1429,
48.5809864709633,96467,1052,1055,1429,
48.58343105973099,96466,1053,1055,1429,
48.583794614564674,96465,1054,1055,1429,
48.58477250829297,96465,1054,1054,1430,
48.58665283679005,96465,1053,1055,1430,
48.58805806183809,96464,1054,1055,1430,
48.59079657297144,96464,1054,1054,1431,
48.59126367967144,96464,1053,1055,1431,
48.592955762031494,96464,1052,1056,1431,
48.59399352613998,96463,1053,1056,1431,
48.598551466892474,96463,1053,1055,1432,
48.59880669506529,96462,1054,1055,1432,
48.602179163456746,96461,1055,1055,1432,
48.60481336078176,96460,1056,1055,1432,
48.609238453885474,96460,1056,1054,1433,
48.60950685181812,96460,1055,1055,1433,
48.613939607759335,96459,1056,1055,1433,
48.618463598685146,96459,1055,1056,1433,
48.61898003749955,96458,1056,1056,1433,
48.620709588033804,96458,1055,1057,1433,
48.6214398618156,96457,1056,1057,1433,
48.62426467621076,96457,1055,1058,1433,
48.62755125140532,96456,1056,1058,1433,
48.63192575758838,96456,1055,1059,1433,
48.63208953975176,96455,1056,1059,1433,
48.63229870442013,96454,1057,1059,1433,
48.63339978207648,96454,1057,1058,1434,
48.63347854589423,96453,1058,1058,1434,
48.63385842876654,96452,1059,1058,1434,
48.634185672870565,96452,1059,1057,1435,
48.63700574812549,96451,1060,1057,1435,
48.63799223137718,96450,1061,1057,1435,
48.64270343819692,96450,1060,1058,1435,
48.64316418698674,96450,1059,1059,1435,
48.644559330064716,96450,1059,1058,1436,
48.645821020237975,96450,1059,1057,1437,
48.646302008884625,96449,1060,1057,1437,
48.64686473516484,96448,1061,1057,1437,
48.64735149787624,96448,1060,1058,1437,
48.65027580826824,96447,1061,1058,1437,
48.651350075256055,96446,1062,1058,1437,
48.65436523759505,96445,1063,1058,1437,
48.6551655325686,96445,1063,1057,1438,
48.65520928149877,96445,1063,1056,1439,
48.656946297533345,96445,1062,1057,1439,
48.65708961915286,96444,1063,1057,1439,
48.6611303699513,96444,1062,1058,1439,
48.66194706999196,96443,1063,1058,1439,
48.66417155674047,96443,1062,1059,1439,
48.664575504844166,96443,1061,1060,1439,
48.66461105057295,96443,1060,1061,1439,
48.66594936445928,96442,1061,1061,1439,
48.66621864893742,96441,1062,1061,1439,
48.667363719229364,96440,1063,1061,1439,
48.66753621321748,96440,1062,1062,1439,
48.667884967573535,96440,1062,1061,1440,
48.66860649693869,96439,1063,1061,1440,
48.67038123583736,96438,1064,1061,1440,
48.6707039428625,96437,1065,1061,1440,
48.67189636823476,96437,1064,1062,1440,
48.674243780453494,96437,1064,1061,1441,
48.67632731881325,96436,1065,1061,1441,
48.67695365931207,96435,1066,1061,1441,
48.67862820764823,96434,1067,1061,1441,
48.67940341339723,96434,1067,1060,1442,
48.67971602641384,96434,1066,1061,1442,
48.68001519327941,96434,1065,1062,1442,
48.68383169497608,96433,1066,1062,1442,
48.689349251540165,96433,1065,1063,1442,
48.69153629099961,96432,1066,1063,1442,
48.69162573085525,96431,1067,1063,1442,
48.6919437722556,96430,1068,1063,1442,
48.693341792915646,96429,1069,1063,1442,
48.69486960995639,96428,1070,1063,1442,
48.697100061440096,96428,1069,1064,1442,
48.69720170714013,96427,1070,1064,1442,
48.69905365710151,96426,1071,1064,1442,
48.70317245849751,96426,1070,1065,1442,
48.703186429005505,96426,1070,1064,1443,
48.70577683219459,96426,1069,1065,1443,
48.70873314010719,96426,1069,1064,1444,
48.709510925051546,96425,1070,1064,1444,
48.710679569631,96424,1071,1064,1444,
48.7110796684925,96424,1071,1063,1445,
48.71450689326754,96423,1072,1063,1445,
48.71481030857594,96423,1071,1064,1445,
48.71511414211952,96423,1071,1063,1446,
48.71592567148036,96423,1070,1064,1446,
48.716892646659026,96423,1070,1063,1447,
48.71954197961835,96422,1071,1063,1447,
48.721803709315445,96421,1072,1063,1447,
48.72404757584429,96420,1073,1063,1447,
48.724918736708865,96419,1074,1063,1447,
48.7283914815551,96419,1073,1064,1447,
48.72982862672926,96419,1073,1063,1448,
48.7324889111753,96418,1074,1063,1448,
48.73324606599597,96418,1074,1062,1449,
48.73349315195188,96417,1075,1062,1449,
48.73352264026166,96416,1076,1062,1449,
48.73476263140835,96415,1077,1062,1449,
48.73503787717021,96414,1078,1062,1449,
48.73770006335228,96413,1079,1062,1449,
48.74073180365315,96413,1079,1061,1450,
48.743886306048445,96413,1078,1062,1450,
48.74481567858593,96412,1079,1062,1450,
48.74503040311395,96412,1078,1063,1450,
48.75176636262351,96411,1079,1063,1450,
48.75364932070434,96411,1079,1062,1451,
48.754019932858526,96411,1079,1061,1452,
48.7558383261239,96411,1079,1060,1453,
48.756342445966965,96411,1079,1059,1454,
48.75751012952965,96411,1078,1060,1454,
48.75792677894511,96410,1079,1060,1454,
48.75923804359371,96410,1079,1059,1455,
48.75975711185429,96410,1078,1060,1455,
48.76078425823653,96409,1079,1060,1455,
48.76145614620289,96409,1079,1059,1456,
48.766788714901125,96408,1080,1059,1456,
48.76924747020981,96408,1079,1060,1456,
48.76936985360977,96407,1080,1060,1456,
48.77827671639908,96406,1081,1060,1456,
48.78027369732912,96405,1082,1060,1456,
48.78115411074449,96405,1081,1061,1456,
48.78250577805834,96405,1080,1062,1456,
48.78506945940981,96405,1079,1063,1456,
48.790663366409376,96404,1080,1063,1456,
48.79103040287605,96404,1080,1062,1457,
48.7921755906238,96404,1080,1061,1458,
48.79394280840372,96403,1081,1061,1458,
48.795520088529834,96402,1082,1061,1458,
48.7976684057222,96401,1083,1061,1458,
48.79792912968914,96401,1082,1062,1458,
48.801005112421095,96400,1083,1062,1458,
48.8020563177336,96400,1083,1061,1459,
48.80218372392938,96400,1082,1062,1459,
48.80442358822845,96399,1083,1062,1459,
48.80637977017496,96399,1083,1061,1460,
48.80806550300722,96398,1084,1061,1460,
48.80817052054107,96398,1083,1062,1460,
48.808400712925824,96397,1084,1062,1460,
48.80904079888269,96397,1083,1063,1460,
48.80934504889454,96397,1082,1064,1460,
48.81152770248476,96396,1083,1064,1460,
48.81272736494694,96396,1083,1063,1461,
48.81388993295845,96395,1084,1063,1461,
48.815697838226676,96395,1083,1064,1461,
48.816714252068536,96394,1084,1064,1461,
48.817585028395264,96393,1085,1064,1461,
48.81874590198179,96393,1084,1065,1461,
48.820435751280414,96393,1083,1066,1461,
48.82085258974951,96393,1082,1067,1461,
48.82272712722033,96392,1083,1067,1461,
48.82294792330409,96392,1082,1068,1461,
48.82777892102533,96391,1083,1068,1461,
48.827910461419556,96391,1082,1069,1461,
48.82817078395529,96391,1081,1070,1461,
48.829865203881496,96390,1082,1070,1461,
48.8314308898412,96390,1082,1069,1462,
48.831663958834966,96390,1082,1068,1463,
48.8319667952511,96390,1081,1069,1463,
48.832641326920644,96390,1080,1070,1463,
48.83375287212173,96389,1081,1070,1463,
48.83562940564178,96389,1081,1069,1464,
48.83827801482845,96389,1081,1068,1465,
48.84408309740677,96388,1082,1068,1465,
48.844625154284074,96388,1082,1067,1466,
48.84600421160463,96388,1081,1068,1466,
48.84699930815134,96388,1081,1067,1467,
48.85245016984385,96388,1080,1068,1467,
48.85501487617785,96387,1081,1068,1467,
48.85555143373528,96387,1080,1069,1467,
48.85737188876205,96387,1080,1068,1468,
48.85845033442704,96387,1079,1069,1468,
48.85973515908528,96387,1079,1068,1469,
48.861996992350505,96387,1078,1069,1469,
48.86259373933353,96387,1078,1068,1470,
48.86336853259417,96386,1079,1068,1470,
48.8633802073634,96385,1080,1068,1470,
48.863842161902774,96385,1079,1069,1470,
48.86462014389923,96384,1080,1069,1470,
48.8647390072076,96383,1081,1069,1470,
48.86664254020714,96382,1082,1069,1470,
48.8671048814348,96382,1082,1068,1471,
48.867318283693784,96381,1083,1068,1471,
48.86867573141373,96381,1082,1069,1471,
48.86967394294069,96381,1081,1070,1471,
48.87018838433643,96381,1080,1071,1471,
48.87559783695904,96380,1081,1071,1471,
48.876031781172074,96380,1080,1072,1471,
48.878936841244034,96379,1081,1072,1471,
48.88030828955682,96379,1080,1073,1471,
48.88296021913505,96378,1081,1073,1471,
48.88296021913505,96378,1081,1073,1471,
48.88300261358654,96377,1082,1073,1471,
48.883688670689374,96377,1082,1072,1472,
48.889024063922854,96376,1083,1072,1472,
48.89124990829366,96376,1082,1073,1472,
48.89168636777249,96376,1081,1074,1472,
48.8977083426982,96376,1081,1073,1473,
48.89879118462951,96376,1080,1074,1473,
48.89978219982367,96376,1079,1075,1473,
48.899967273115024,96376,1079,1074,1474,
48.90075682198181,96376,1078,1075,1474,
48.905996947401675,96376,1077,1076,1474,
48.9067683341894,96375,1078,1076,1474,
48.909969077356074,96375,1078,1075,1475,
48.90999700665741,96375,1078,1074,1476,
48.911158397417715,96375,1078,1073,1477,
48.9114225741598,96375,1077,1074,1477,
48.91579107470837,96374,1078,1074,1477,
48.91860377690287,96374,1078,1073,1478,
48.91867600942298,96374,1078,1072,1479,
48.91992719348005,96374,1077,1073,1479,
48.92002537210708,96373,1078,1073,1479,
48.921872361140416,96373,1077,1074,1479,
48.92530706948741,96373,1077,1073,1480,
48.93242174558781,96372,1078,1073,1480,
48.94028798265794,96372,1078,1072,1481,
48.94159206450384,96372,1078,1071,1482,
48.94204945111478,96372,1077,1072,1482,
48.94308210299033,96371,1078,1072,1482,
48.94530253205001,96370,1079,1072,1482,
48.947052741838036,96370,1078,1073,1482,
48.94765141403188,96369,1079,1073,1482,
48.94962170384251,96368,1080,1073,1482,
48.94990762484391,96367,1081,1073,1482,
48.94991187887528,96367,1080,1074,1482,
48.95088148224049,96367,1080,1073,1483,
48.95290536907447,96367,1079,1074,1483,
48.954086220488406,96367,1079,1073,1484,
48.956942165139495,96367,1079,1072,1485,
48.95770364193437,96366,1080,1072,1485,
48.9596924690554,96365,1081,1072,1485,
48.96416056514497,96364,1082,1072,1485,
48.96491057227206,96364,1081,1073,1485,
48.964953120475386,96364,1081,1072,1486,
48.96538601799531,96364,1080,1073,1486,
48.96552791976853,96364,1079,1074,1486,
48.96584528159126,96364,1078,1075,1486,
48.966841917094094,96364,1078,1074,1487,
48.968789614334526,96364,1078,1073,1488,
48.969095430304044,96364,1077,1074,1488,
48.97179111934242,96364,1076,1075,1488,
48.97580799116365,96363,1077,1075,1488,
48.98062619287394,96362,1078,1075,1488,
48.98297948833704,96362,1077,1076,1488,
48.989205652060996,96362,1076,1077,1488,
48.98924073093711,96362,1075,1078,1488,
48.98929907680702,96362,1074,1079,1488,
48.99058855843985,96362,1074,1078,1489,
48.99119752541597,96362,1073,1079,1489,
48.99166409507956,96362,1072,1080,1489,
48.993880985577306,96362,1072,1079,1490,
48.99929042434522,96362,1071,1080,1490,
49.00843140518913,96362,1070,1081,1490,
49.01197126377738,96362,1069,1082,1490,
49.013257166489545,96361,1070,1082,1490,
49.01343799568555,96360,1071,1082,1490,
49.01673110992441,96360,1071,1081,1491,
49.01967509090568,96360,1070,1082,1491,
49.021111519974895,96360,1069,1083,1491,
49.027021251645785,96360,1069,1082,1492,
49.02738967127926,96360,1068,1083,1492,
49.02859422517726,96360,1067,1084,1492,
49.02915620291704,96360,1066,1085,1492,
49.030139819833984,96360,1066,1084,1493,
49.034055654729464,96360,1066,1083,1494,
49.034508233078384,96359,1067,1083,1494,
49.034619658102486,96358,1068,1083,1494,
49.036123623054614,96358,1067,1084,1494,
49.03643200176933,96358,1066,1085,1494,
49.03843238169916,96357,1067,1085,1494,
49.03857501554638,96357,1067,1084,1495,
49.039614989285994,96357,1066,1085,1495,
49.039907536871176,96357,1066,1084,1496,
49.04092109375983,96357,1065,1085,1496,
49.04125434184395,96357,1065,1084,1497,
49.04193293842925,96357,1064,1085,1497,
49.042038492044654,96357,1063,1086,1497,
49.04230463500312,96357,1062,1087,1497,
49.042425131988445,96357,1061,1088,1497,
49.04355999322202,96356,1062,1088,1497,
49.04898319999275,96356,1061,1089,1497,
49.049298041985324,96355,1062,1089,1497,
49.050628717924006,96355,1062,1088,1498,
49.052637777826966,96355,1062,1087,1499,
49.054058050135126,96355,1061,1088,1499,
49.05458212547228,96354,1062,1088,1499,
49.05595716065009,96354,1061,1089,1499,
49.057776254892666,96354,1061,1088,1500,
49.05849969510774,96354,1060,1089,1500,
49.062211671722885,96353,1061,1089,1500,
49.06246130856096,96353,1060,1090,1500,
49.064050809157116,96353,1059,1091,1500,
49.07069528570417,96352,1060,1091,1500,
49.07193009419702,96352,1060,1090,1501,
49.07514317793258,96352,1059,1091,1501,
49.07628691422946,96352,1059,1090,1502,
49.076823961069834,96352,1058,1091,1502,
49.07935821620529,96352,1057,1092,1502,
49.08158764198531,96351,1058,1092,1502,
49.08206805580171,96351,1057,1093,1502,
49.084166898559175,96351,1056,1094,1502,
49.085060799502116,96351,1055,1095,1502,
49.085384003038314,96351,1054,1096,1502,
49.08696912830357,96351,1053,1097,1502,
49.087119195434234,96351,1052,1098,1502,
49.08905849048108,96350,1053,1098,1502,
49.08981549541165,96350,1053,1097,1503,
49.09053463419637,96350,1053,1096,1504,
49.092956708344374,96350,1053,1095,1505,
49.09558428833523,96350,1053,1094,1506,
49.09806171168624,96350,1052,1095,1506,
49.09806396528726,96349,1053,1095,1506,
49.100052396408515,96349,1053,1094,1507,
49.102692399936856,96348,1054,1094,1507,
49.10447575106264,96347,1055,1094,1507,
49.10548232058086,96347,1054,1095,1507,
49.11048921626655,96347,1053,1096,1507,
49.11139278239567,96347,1052,1097,1507,
49.11459132574106,96347,1051,1098,1507,
49.11878434405363,96346,1052,1098,1507,
49.118834130441016,96346,1051,1099,1507,
49.12048119064047,96346,1051,1098,1508,
49.12434716249475,96346,1050,1099,1508,
49.132373637178894,96345,1051,1099,1508,
49.132833308284326,96345,1050,1100,1508,
49.13301843549107,96345,1050,1099,1509,
49.13306373557063,96344,1051,1099,1509,
49.13701529707874,96343,1052,1099,1509,
49.13750162027568,96343,1052,1098,1510,
49.14017080523462,96342,1053,1098,1510,
49.14059246091286,96342,1052,1099,1510,
49.14263262978264,96342,1051,1100,1510,
49.143663319690944,96342,1050,1101,1510,
49.15721344432681,96341,1051,1101,1510,
49.158324587552805,96341,1051,1100,1511,
49.16025097822995,96340,1052,1100,1511,
49.16177934171229,96340,1051,1101,1511,
49.16556770136877,96339,1052,1101,1511,
49.16754719565237,96339,1052,1100,1512,
49.168750008887045,96339,1051,1101,1512,
49.170869010295746,96339,1050,1102,1512,
49.171881414789745,96339,1050,1101,1513,
49.172187718653284,96339,1049,1102,1513,
49.17327355051183,96339,1048,1103,1513,
49.17335725111067,96339,1048,1102,1514,
49.173788204373956,96339,1047,1103,1514,
49.17442429409223,96339,1046,1104,1514,
49.1757542569463,96339,1045,1105,1514,
49.17661852738201,96338,1046,1105,1514,
49.17693260300321,96338,1046,1104,1515,
49.17768225513743,96338,1046,1103,1516,
49.180347313248774,96338,1046,1102,1517,
49.181449861050645,96338,1045,1103,1517,
49.184236000380245,96338,1044,1104,1517,
49.186575086443135,96338,1043,1105,1517,
49.18905081093318,96338,1042,1106,1517,
49.189683676322815,96337,1043,1106,1517,
49.20016288906485,96337,1042,1107,1517,
49.2057649193935,96337,1042,1106,1518,
49.20668440521674,96337,1041,1107,1518,
49.20827849650439,96336,1042,1107,1518,
49.20879961922283,96335,1043,1107,1518,
49.211700188616625,96334,1044,1107,1518,
49.21447589550208,96333,1045,1107,1518,
49.215275254457104,96332,1046,1107,1518,
49.21848497825304,96332,1045,1108,1518,
49.2193962436339,96331,1046,1108,1518,
49.21988824697507,96331,1045,1109,1518,
49.22138721992823,96331,1044,1110,1518,
49.2219208351146,96330,1045,1110,1518,
49.22318494799191,96330,1045,1109,1519,
49.224672027888765,96330,1045,1108,1520,
49.226915637289565,96330,1045,1107,1521,
49.2273435909901,96330,1044,1108,1521,
49.22901888447933,96330,1043,1109,1521,
49.23889927733282,96330,1043,1108,1522,
49.23915132733987,96330,1042,1109,1522,
49.23950291481566,96330,1041,1110,1522,
49.24558625288139,96330,1040,1111,1522,
49.24684250397886,96330,1040,1110,1523,
49.24904596036396,96330,1039,1111,1523,
49.250517563354954,96329,1040,1111,1523,
49.25232444074582,96328,1041,1111,1523,
49.25369880430124,96328,1040,1112,1523,
49.2558976098656,96328,1039,1113,1523,
49.25715848124855,96328,1038,1114,1523,
49.25813866829375,96328,1038,1113,1524,
49.26145957131967,96328,1037,1114,1524,
49.26206839837057,96328,1036,1115,1524,
49.263307931016534,96328,1035,1116,1524,
49.26371614685641,96328,1034,1117,1524,
49.265985291724924,96328,1033,1118,1524,
49.266271398235666,96328,1032,1119,1524,
49.26975700353429,96327,1033,1119,1524,
49.2712956579543,96326,1034,1119,1524,
49.27282214383122,96326,1033,1120,1524,
49.27481934732047,96326,1032,1121,1524,
49.27830876781534,96325,1033,1121,1524,
49.27851855103307,96324,1034,1121,1524,
49.27944664464184,96324,1033,1122,1524,
49.281463916673225,96324,1033,1121,1525,
49.28211185928758,96324,1032,1122,1525,
49.286969991692395,96324,1031,1123,1525,
49.29364992238534,96324,1030,1124,1525,
49.29516531716931,96324,1029,1125,1525,
49.296318644448014,96323,1030,1125,1525,
49.29847126760974,96323,1029,1126,1525,
49.304666662060825,96323,1028,1127,1525,
49.30557775692581,96323,1027,1128,1525,
49.30680730870678,96322,1028,1128,1525,
49.30858522841587,96321,1029,1128,1525,
49.31019866543457,96321,1028,1129,1525,
49.3133559428038,96321,1028,1128,1526,
49.314985761293414,96321,1027,1129,1526,
49.31508313658827,96321,1026,1130,1526,
49.31522033071058,96321,1025,1131,1526,
49.31587536951688,96321,1024,1132,1526,
49.318032854784974,96321,1023,1133,1526,
49.31838588509435,96321,1022,1134,1526,
49.31938228596267,96321,1021,1135,1526,
49.32132949321055,96321,1020,1136,1526,
49.32229532645648,96321,1020,1135,1527,
49.323458187346894,96320,1021,1135,1527,
49.32445050221853,96320,1021,1134,1528,
49.3247644894058,96319,1022,1134,1528,
49.327111633689675,96319,1022,1133,1529,
49.3273207811587,96319,1022,1132,1530,
49.328374120751846,96318,1023,1132,1530,
49.33163297909573,96318,1023,1131,1531,
49.33243093644533,96318,1022,1132,1531,
49.333378212057426,96318,1022,1131,1532,
49.33338702973676,96317,1023,1131,1532,
49.34042078064782,96317,1022,1132,1532,
49.35372110188206,96317,1021,1133,1532,
49.35837139399792,96317,1021,1132,1533,
49.36197621897718,96317,1020,1133,1533,
49.36210818546866,96317,1019,1134,1533,
49.36572345418022,96317,1018,1135,1533,
49.37259904829407,96317,1017,1136,1533,
49.373391926804864,96317,1016,1137,1533,
49.375025220009434,96317,1015,1138,1533,
49.37554337539714,96317,1014,1139,1533,
49.380639075770496,96317,1014,1138,1534,
49.382709913909395,96317,1013,1139,1534,
49.38285926315949,96317,1012,1140,1534,
49.38352340318722,96317,1011,1141,1534,
49.384417408216876,96316,1012,1141,1534,
49.38586729924525,96316,1012,1140,1535,
49.387963131135066,96316,1011,1141,1535,
49.39070565607685,96316,1011,1140,1536,
49.39368959297102,96315,1012,1140,1536,
49.394556361701184,96315,1011,1141,1536,
49.39644512230515,96315,1011,1140,1537,
49.39990372709407,96315,1011,1139,1538,
49.4017651175557,96315,1010,1140,1538,
49.402629224389074,96314,1011,1140,1538,
49.40268154315998,96313,1012,1140,1538,
49.41011609365432,96313,1012,1139,1539,
49.41321992626121,96312,1013,1139,1539,
49.414791890075804,96312,1012,1140,1539,
49.41615831011524,96311,1013,1140,1539,
49.419474296191126,96310,1014,1140,1539,
49.42134814842641,96310,1013,1141,1539,
49.427584292869724,96309,1014,1141,1539,
49.430600080888055,96309,1013,1142,1539,
49.43240255917299,96309,1012,1143,1539,
49.4343776155602,96309,1011,1144,1539,
49.43498793257721,96309,1010,1145,1539,
49.43631224962367,96308,1011,1145,1539,
49.43904705051178,96307,1012,1145,1539,
49.44016071440891,96307,1012,1144,1540,
49.440925034171315,96307,1011,1145,1540,
49.44137896021248,96307,1010,1146,1540,
49.44303004309902,96307,1010,1145,1541,
49.44457094139217,96306,1011,1145,1541,
49.44575158439181,96306,1011,1144,1542,
49.44650189233978,96305,1012,1144,1542,
49.44694078778249,96304,1013,1144,1542,
49.447658266218134,96304,1012,1145,1542,
49.44768243880297,96304,1011,1146,1542,
49.456426917978106,96303,1012,1146,1542,
49.46178038653285,96303,1012,1145,1543,
49.46538648540628,96303,1011,1146,1543,
49.46876552888239,96303,1010,1147,1543,
49.47732847386568,96303,1009,1148,1543,
49.479695712210386,96302,1010,1148,1543,
49.480823385489074,96302,1009,1149,1543,
49.48115443820519,96302,1008,1150,1543,
49.48309819682379,96302,1007,1151,1543,
49.49109252135914,96301,1008,1151,1543,
49.49361102918607,96301,1008,1150,1544,
49.49863508205294,96300,1009,1150,1544,
49.50041235617804,96300,1009,1149,1545,
49.50115336689322,96299,1010,1149,1545,
49.50448085675899,96298,1011,1149,1545,
49.50548116731921,96298,1010,1150,1545,
49.505574803970084,96298,1009,1151,1545,
49.50908406348038,96298,1009,1150,1546,
49.50997269972909,96298,1009,1149,1547,
49.51143846481635,96298,1008,1150,1547,
49.51597211143038,96297,1009,1150,1547,
49.516268504299596,96297,1008,1151,1547,
49.51725890619225,96296,1009,1151,1547,
49.51747473043696,96296,1009,1150,1548,
49.51765530066366,96296,1009,1149,1549,
49.519888122552366,96296,1009,1148,1550,
49.51992526312191,96296,1009,1147,1551,
49.52378426146788,96295,1010,1147,1551,
49.52587706888621,96295,1009,1148,1551,
49.526141886962115,96295,1008,1149,1551,
49.527781371716664,96295,1007,1150,1551,
49.53147163046789,96295,1006,1151,1551,
49.53157841670843,96295,1005,1152,1551,
49.532143746690615,96295,1004,1153,1551,
49.53260106120022,96295,1003,1154,1551,
49.53592654807627,96294,1004,1154,1551,
49.53968657447472,96294,1004,1153,1552,
49.54345807864854,96294,1003,1154,1552,
49.543837955135054,96294,1003,1153,1553,
49.54615121634301,96293,1004,1153,1553,
49.54799288370355,96293,1003,1154,1553,
49.54910711831829,96292,1004,1154,1553,
49.55768145538725,96292,1003,1155,1553,
49.564060405464,96292,1002,1156,1553,
49.56496185080247,96292,1001,1157,1553,
49.565985771171604,96291,1002,1157,1553,
49.56766705853092,96291,1001,1158,1553,
49.57013686270428,96291,1000,1159,1553,
49.572886257294705,96290,1001,1159,1553,
49.577356775664846,96289,1002,1159,1553,
49.577545646229446,96289,1001,1160,1553,
49.577963075758674,96288,1002,1160,1553,
49.57879197306924,96287,1003,1160,1553,
49.58099318328257,96287,1002,1161,1553,
49.585645525273755,96287,1001,1162,1553,
49.58570647473163,96286,1002,1162,1553,
49.58703500161802,96286,1002,1161,1554,
49.587266335877125,96285,1003,1161,1554,
49.589299324680724,96285,1003,1160,1555,
49.59029436039481,96285,1003,1159,1556,
49.59480712405069,96285,1003,1158,1557,
49.599416435544185,96285,1003,1157,1558,
49.600944802470615,96285,1003,1156,1559,
49.602617942673405,96285,1002,1157,1559,
49.60376591119231,96285,1001,1158,1559,
49.60807369011103,96284,1002,1158,1559,
49.60930121869371,96284,1002,1157,1560,
49.609552868867965,96283,1003,1157,1560,
49.611598817413885,96282,1004,1157,1560,
49.61182074444578,96282,1003,1158,1560,
49.611993510114196,96282,1002,1159,1560,
49.61232291040425,96282,1001,1160,1560,
49.61243422392172,96282,1001,1159,1561,
49.613025455346076,96282,1001,1158,1562,
49.61360476295652,96282,1000,1159,1562,
49.622878948227644,96281,1001,1159,1562,
49.62598777951589,96280,1002,1159,1562,
49.62634442672638,96279,1003,1159,1562,
49.62778111257394,96279,1002,1160,1562,
49.629053454652706,96279,1001,1161,1562,
49.63398821153279,96279,1000,1162,1562,
49.63477044217556,96279,999,1163,1562,
49.63637769426063,96279,998,1164,1562,
49.63897676801905,96279,998,1163,1563,
49.64158558809268,96279,998,1162,1564,
49.64377721979969,96279,997,1163,1564,
49.647927630048066,96278,998,1163,1564,
49.64919536416481,96278,998,1162,1565,
49.64949388539154,96278,997,1163,1565,
49.65007609780296,96278,996,1164,1565,
49.65348953924066,96278,996,1163,1566,
49.65468382388864,96277,997,1163,1566,
49.65551389244935,96276,998,1163,1566,
49.65693719076036,96276,998,1162,1567,
49.65774950526102,96275,999,1162,1567,
49.66404235652172,96274,1000,1162,1567,
49.666513177938256,96274,1000,1161,1568,
49.66697264122961,96274,999,1162,1568,
49.66863385790917,96274,999,1161,1569,
49.66976787648636,96274,998,1162,1569,
49.670473385694514,96274,997,1163,1569,
49.67280483865822,96273,998,1163,1569,
49.67451026136188,96272,999,1163,1569,
49.67805232799731,96271,1000,1163,1569,
49.67813189210709,96270,1001,1163,1569,
49.67846196892373,96270,1000,1164,1569,
49.67876388632483,96270,1000,1163,1570,
49.68187389463358,96269,1001,1163,1570,
49.68191121937106,96268,1002,1163,1570,
49.683102021063945,96268,1001,1164,1570,
49.68420004443905,96268,1000,1165,1570,
49.68980698164848,96268,999,1166,1570,
49.692410432030506,96268,999,1165,1571,
49.69348855764594,96267,1000,1165,1571,
49.69699403695078,96267,999,1166,1571,
49.70046668550367,96267,999,1165,1572,
49.70185661195057,96267,999,1164,1573,
49.7051709878389,96266,1000,1164,1573,
49.70723107805431,96266,999,1165,1573,
49.710278402420705,96266,998,1166,1573,
49.716735493471596,96266,998,1165,1574,
49.72108727652287,96266,997,1166,1574,
49.72312246306062,96266,996,1167,1574,
49.72449659627903,96265,997,1167,1574,
49.72597608034168,96264,998,1167,1574,
49.726167732380134,96264,997,1168,1574,
49.72813631336459,96264,996,1169,1574,
49.72865548491741,96263,997,1169,1574,
49.72905700557893,96263,996,1170,1574,
49.73070857069168,96263,996,1169,1575,
49.73423666099593,96262,997,1169,1575,
49.73619719744808,96262,996,1170,1575,
49.73664694670876,96261,997,1170,1575,
49.73734836660455,96261,996,1171,1575,
49.7391753718779,96261,995,1172,1575,
49.74111351758153,96261,994,1173,1575,
49.74187173757268,96260,995,1173,1575,
49.74267843559854,96260,994,1174,1575,
49.74495765319141,96260,994,1173,1576,
49.74995075585099,96260,993,1174,1576,
49.75312591948679,96260,992,1175,1576,
49.75521878075375,96259,993,1175,1576,
49.75696777524267,96258,994,1175,1576,
49.75840837013501,96257,995,1175,1576,
49.759021613521234,96257,994,1176,1576,
49.75965597157402,96256,995,1176,1576,
49.75991864347642,96256,995,1175,1577,
49.76064633018318,96255,996,1175,1577,
49.761935913520524,96255,995,1176,1577,
49.76196273852586,96255,994,1177,1577,
49.763605727331935,96255,994,1176,1578,
49.76374227433473,96255,994,1175,1579,
49.764474926755355,96254,995,1175,1579,
49.76566358898758,96253,996,1175,1579,
49.765664573674556,96253,996,1174,1580,
49.768095874503494,96253,996,1173,1581,
49.76843726013409,96252,997,1173,1581,
49.77328552967127,96252,996,1174,1581,
49.774102561468375,96252,995,1175,1581,
49.775620324684574,96252,994,1176,1581,
49.77658249761568,96252,994,1175,1582,
49.77881625209591,96251,995,1175,1582,
49.780692859921395,96251,994,1176,1582,
49.78938696010158,96251,993,1177,1582,
49.79163111707023,96251,993,1176,1583,
49.7960477454443,96250,994,1176,1583,
49.79934273161345,96250,993,1177,1583,
49.80138417814776,96250,992,1178,1583,
49.80155281802082,96250,991,1179,1583,
49.802481696000505,96249,992,1179,1583,
49.80319101867169,96249,992,1178,1584,
49.80396861816638,96249,991,1179,1584,
49.804444883949586,96249,990,1180,1584,
49.80895515192057,96249,989,1181,1584,
49.8111357834201,96249,988,1182,1584,
49.81199953662592,96249,987,1183,1584,
49.819547176428564,96248,988,1183,1584,
49.81966267479714,96248,988,1182,1585,
49.82356303883918,96248,987,1183,1585,
49.82547665452418,96248,986,1184,1585,
49.82627828145869,96248,986,1183,1586,
49.82800985620959,96247,987,1183,1586,
49.8303960466962,96247,986,1184,1586,
49.83116688242889,96247,985,1185,1586,
49.83226922458736,96247,984,1186,1586,
49.832382860366295,96247,984,1185,1587,
49.832950175315624,96247,983,1186,1587,
49.833615484159964,96247,982,1187,1587,
49.83577285037347,96247,982,1186,1588,
49.8362504647695,96247,981,1187,1588,
49.83633772585805,96247,980,1188,1588,
49.83657020670678,96247,979,1189,1588,
49.837883997677416,96247,979,1188,1589,
49.840457726793275,96246,980,1188,1589,
49.84063597394857,96246,979,1189,1589,
49.845345735551604,96246,979,1188,1590,
49.84597506734353,96245,980,1188,1590,
49.846321023132155,96245,979,1189,1590,
49.84988080523242,96245,978,1190,1590,
49.85078283440674,96245,978,1189,1591,
49.85094411647802,96245,978,1188,1592,
49.85690012700467,96245,978,1187,1593,
49.857214298516695,96245,978,1186,1594,
49.85755627483679,96245,977,1187,1594,
49.85881960553247,96245,977,1186,1595,
49.859023986054126,96245,976,1187,1595,
49.86519188173364,96245,975,1188,1595,
49.86536926425805,96245,975,1187,1596,
49.86548545761598,96245,975,1186,1597,
49.867439936327074,96244,976,1186,1597,
49.868114874010125,96244,976,1185,1598,
49.8700395103808,96244,976,1184,1599,
49.8759030384655,96244,975,1185,1599,
49.87642324193513,96244,974,1186,1599,
49.87652452297151,96244,973,1187,1599,
49.87725119230596,96244,972,1188,1599,
49.87827463075359,96244,971,1189,1599,
49.879763905255,96244,971,1188,1600,
49.8815523962736,96243,972,1188,1600,
49.8819012656974,96243,971,1189,1600,
49.883484015423626,96242,972,1189,1600,
49.88746007592634,96241,973,1189,1600,
49.888986026839675,96240,974,1189,1600,
49.88979209870422,96240,973,1190,1600,
49.89120140983262,96240,973,1189,1601,
49.895603642388565,96239,974,1189,1601,
49.896862558457414,96239,974,1188,1602,
49.9011382979748,96239,973,1189,1602,
49.90169313101174,96239,972,1190,1602,
49.90199008030863,96239,971,1191,1602,
49.902242366960905,96239,970,1192,1602,
49.90384725505904,96239,969,1193,1602,
49.90606703439065,96239,968,1194,1602,
49.90831000252362,96238,969,1194,1602,
49.9088795483845,96237,970,1194,1602,
49.91058061030514,96237,969,1195,1602,
49.91271529752963,96237,969,1194,1603,
49.912982046897035,96236,970,1194,1603,
49.9166146293663,96235,971,1194,1603,
49.92173492826141,96235,971,1193,1604,
49.92340983950733,96235,971,1192,1605,
49.92369566562301,96234,972,1192,1605,
49.92670233329948,96234,971,1193,1605,
49.929454484346635,96234,970,1194,1605,
49.92998425192139,96234,970,1193,1606,
49.9303811985892,96234,969,1194,1606,
49.93304425023136,96234,969,1193,1607,
49.933825133079935,96234,968,1194,1607,
49.93525976904889,96234,968,1193,1608,
49.9366816500137,96234,967,1194,1608,
49.9375034348728,96234,967,1193,1609,
49.93967041456914,96234,966,1194,1609,
49.940189501110474,96234,966,1193,1610,
49.94136969905435,96233,967,1193,1610,
49.947534472818404,96232,968,1193,1610,
49.94825656584784,96232,968,1192,1611,
49.94846587695964,96232,967,1193,1611,
49.9487602657536,96232,967,1192,1612,
49.95091094288317,96231,968,1192,1612,
49.954124032332885,96231,967,1193,1612,
49.9565431351699,96231,967,1192,1613,
49.95691859931664,96230,968,1192,1613,
49.958277782551924,96230,967,1193,1613,
49.96189091181203,96230,967,1192,1614,
49.96247140093721,96229,968,1192,1614,
49.96414328303779,96229,967,1193,1614,
49.96760130634655,96229,967,1192,1615,
49.968324257953505,96229,967,1191,1616,
49.9703640236271,96229,967,1190,1617,
49.97109171281845,96228,968,1190,1617,
49.975361754493,96227,969,1190,1617,
49.98199545995515,96227,969,1189,1618,
49.983940066471234,96227,968,1190,1618,
49.98540390217705,96227,968,1189,1619,
49.99072011192785,96227,968,1188,1620,
49.99160560926339,96227,968,1187,1621,
49.998979011109256,96226,969,1187,1621,
50.00451502956613,96226,968,1188,1621,
50.005436927037024,96226,968,1187,1622,
50.00590917655873,96226,967,1188,1622,
50.00620387495122,96226,967,1187,1623,
50.00723717616242,96226,967,1186,1624,
50.00800032683254,96226,967,1185,1625,
50.01428877371285,96226,966,1186,1625,
50.015806086265016,96225,967,1186,1625,
50.016588684678275,96225,966,1187,1625,
50.01790690643442,96225,965,1188,1625,
50.018733637164274,96225,964,1189,1625,
50.019908760740904,96225,963,1190,1625,
50.02053950180186,96224,964,1190,1625,
50.02656910882652,96224,963,1191,1625,
50.02660834298944,96224,963,1190,1626,
50.02710186774006,96224,963,1189,1627,
50.029389220342644,96224,962,1190,1627,
50.03187156524766,96223,963,1190,1627,
50.033556657648234,96223,963,1189,1628,
50.0397203592682,96223,963,1188,1629,
50.0431893163461,96223,962,1189,1629,
50.04341341668522,96223,961,1190,1629,
50.04424372358876,96223,960,1191,1629,
50.04445476281468,96223,959,1192,1629,
50.048094737233434,96223,958,1193,1629,
50.05416243762994,96222,959,1193,1629,
50.05981272043567,96222,959,1192,1630,
50.061203637566365,96221,960,1192,1630,
50.06329721730831,96220,961,1192,1630,
50.06566911491938,96220,961,1191,1631,
50.06800678801411,96219,962,1191,1631,
50.07001380748401,96219,962,1190,1632,
50.071450065886616,96219,962,1189,1633,
50.07458089846398,96218,963,1189,1633,
50.07719674454528,96218,962,1190,1633,
50.078449762509706,96217,963,1190,1633,
50.08143999310611,96217,962,1191,1633,
50.082552178481926,96217,962,1190,1634,
50.08324026225065,96216,963,1190,1634,
50.08339554733756,96216,962,1191,1634,
50.0838134766089,96216,962,1190,1635,
50.0847924400109,96215,963,1190,1635,
50.08552478918916,96215,963,1189,1636,
50.08673385600468,96215,963,1188,1637,
50.08824443188741,96215,962,1189,1637,
50.09294658758678,96215,961,1190,1637,
50.0977849620557,96215,961,1189,1638,
50.098544277921896,96215,960,1190,1638,
50.09944778382088,96215,960,1189,1639,
50.10017454848897,96215,960,1188,1640,
50.10512207636985,96215,960,1187,1641,
50.10597541919344,96215,959,1188,1641,
50.10801737337428,96215,959,1187,1642,
50.108351825456865,96214,960,1187,1642,
50.10991448381382,96213,961,1187,1642,
50.111908556538836,96213,961,1186,1643,
50.1139408065606,96212,962,1186,1643,
50.121197544746785,96212,962,1185,1644,
50.121358745365605,96211,963,1185,1644,
50.12279744634907,96211,963,1184,1645,
50.12448214636978,96211,962,1185,1645,
50.127243601136215,96211,961,1186,1645,
50.130475944398334,96210,962,1186,1645,
50.13597965270448,96210,962,1185,1646,
50.137635905745334,96209,963,1185,1646,
50.138464560326646,96209,963,1184,1647,
50.13916586276183,96208,964,1184,1647,
50.13939477641985,96208,964,1183,1648,
50.14369725052929,96208,963,1184,1648,
50.14425678132833,96207,964,1184,1648,
50.144640024602836,96206,965,1184,1648,
50.14489154345269,96206,964,1185,1648,
50.14558961533557,96205,965,1185,1648,
50.14571292534935,96204,966,1185,1648,
50.14684834063857,96204,965,1186,1648,
50.15444711533764,96203,966,1186,1648,
50.156893816089735,96203,966,1185,1649,
50.15751548585901,96202,967,1185,1649,
50.158238521254866,96202,967,1184,1650,
50.16001925301662,96202,966,1185,1650,
50.16381262094119,96201,967,1185,1650,
50.16406584366261,96201,967,1184,1651,
50.16429204885266,96200,968,1184,1651,
50.16664812731917,96200,967,1185,1651,
50.167173971733966,96199,968,1185,1651,
50.16800801978467,96199,968,1184,1652,
50.168191267471755,96199,967,1185,1652,
50.170063936527995,96199,966,1186,1652,
50.17075570050832,96199,965,1187,1652,
50.17084360940822,96199,964,1188,1652,
50.17127814702708,96199,964,1187,1653,
50.17763334327246,96199,964,1186,1654,
50.17838931830775,96199,964,1185,1655,
50.17866039148362,96199,964,1184,1656,
50.1790992344661,96199,964,1183,1657,
50.17959913647121,96199,963,1184,1657,
50.18052036405256,96199,963,1183,1658,
50.180613140663155,96199,962,1184,1658,
50.18359902447961,96198,963,1184,1658,
50.18699404803715,96198,962,1185,1658,
50.19075998898621,96198,961,1186,1658,
50.19110966470973,96198,960,1187,1658,
50.191472444126596,96198,959,1188,1658,
50.194268741531594,96198,958,1189,1658,
50.19439309676661,96197,959,1189,1658,
50.19780810398514,96197,959,1188,1659,
50.19837278072169,96196,960,1188,1659,
50.2018245488486,96195,961,1188,1659,
50.205572603046846,96195,960,1189,1659,
50.20622798747234,96195,960,1188,1660,
50.210015433436126,96195,959,1189,1660,
50.2111945878503,96195,958,1190,1660,
50.2171619730676,96195,957,1191,1660,
50.219624197059936,96195,956,1192,1660,
50.21992610203905,96194,957,1192,1660,
50.219960340718494,96194,956,1193,1660,
50.22086317247933,96194,955,1194,1660,
50.22376601158812,96194,955,1193,1661,
50.22521606117989,96194,954,1194,1661,
50.22790805236507,96193,955,1194,1661,
50.22948103711787,96192,956,1194,1661,
50.23004299251914,96192,956,1193,1662,
50.23031055592541,96192,955,1194,1662,
50.230883071303765,96192,954,1195,1662,
50.231939950649135,96192,953,1196,1662,
50.232914259550114,96191,954,1196,1662,
50.23393701098094,96191,953,1197,1662,
50.236683334960624,96191,952,1198,1662,
50.23690450953076,96190,953,1198,1662,
50.24070468304466,96189,954,1198,1662,
50.24089958698726,96188,955,1198,1662,
50.24455157877061,96187,956,1198,1662,
50.24494972287825,96187,955,1199,1662,
50.2462309476801,96187,954,1200,1662,
50.2542822402828,96186,955,1200,1662,
50.25835703928173,96186,955,1199,1663,
50.26108764344188,96186,955,1198,1664,
50.26282343084501,96185,956,1198,1664,
50.265277025123524,96185,955,1199,1664,
50.26552490318876,96184,956,1199,1664,
50.26746671850401,96184,956,1198,1665,
50.26797068544462,96184,955,1199,1665,
50.27338080315484,96184,955,1198,1666,
50.27469007097996,96184,955,1197,1667,
50.277532315236094,96183,956,1197,1667,
50.2790513717048,96182,957,1197,1667,
50.2808558296655,96182,956,1198,1667,
50.28134410515382,96182,955,1199,1667,
50.28448372156971,96181,956,1199,1667,
50.28685040095891,96181,956,1198,1668,
50.28701250544826,96181,955,1199,1668,
50.28717111111763,96181,955,1198,1669,
50.288584052026124,96181,954,1199,1669,
50.28865318962983,96181,954,1198,1670,
50.2896306269883,96181,953,1199,1670,
50.29008442101412,96180,954,1199,1670,
50.29308541499886,96180,953,1200,1670,
50.29319591332992,96180,952,1201,1670,
50.298895450603275,96180,952,1200,1671,
50.29991154902754,96180,951,1201,1671,
50.303317118750726,96180,950,1202,1671,
50.306967967803224,96180,950,1201,1672,
50.30795529025088,96179,951,1201,1672,
50.30823356029939,96179,951,1200,1673,
50.31067498400752,96178,952,1200,1673,
50.3120738273887,96178,952,1199,1674,
50.31386506615567,96178,952,1198,1675,
50.314668682332666,96178,952,1197,1676,
50.31939381181023,96178,951,1198,1676,
50.32048246415887,96178,950,1199,1676,
50.3242422896898,96178,949,1200,1676,
50.32664545410813,96177,950,1200,1676,
50.32919731637377,96176,951,1200,1676,
50.33408418482238,96176,950,1201,1676,
50.33434013115889,96176,950,1200,1677,
50.334635728366926,96176,950,1199,1678,
50.33678063995945,96175,951,1199,1678,
50.33926497614422,96174,952,1199,1678,
50.34381248070553,96174,952,1198,1679,
50.34433840204556,96174,951,1199,1679,
50.34505102181765,96174,950,1200,1679,
50.345146569456446,96174,950,1199,1680,
50.34612365032543,96174,950,1198,1681,
50.34627358031276,96174,949,1199,1681,
50.347627825284526,96174,948,1200,1681,
50.34923189329524,96174,947,1201,1681,
50.35394512042493,96173,948,1201,1681,
50.354811491168874,96173,948,1200,1682,
50.35882461860414,96173,947,1201,1682,
50.359485363386334,96172,948,1201,1682,
50.36215192044442,96172,948,1200,1683,
50.363343694655434,96172,947,1201,1683,
50.36462219229097,96171,948,1201,1683,
50.36505067257359,96171,947,1202,1683,
50.36599451922162,96171,946,1203,1683,
50.36778434918412,96170,947,1203,1683,
50.368499723089755,96170,946,1204,1683,
50.37413543679499,96169,947,1204,1683,
50.37643981279572,96168,948,1204,1683,
50.37988758623692,96168,947,1205,1683,
50.38021530716356,96168,947,1204,1684,
50.38603767544906,96168,947,1203,1685,
50.38617586129731,96168,946,1204,1685,
50.38735101242667,96168,945,1205,1685,
50.39495007722608,96168,944,1206,1685,
50.395310671392814,96168,943,1207,1685,
50.39672873954694,96168,942,1208,1685,
50.40512931543111,96168,941,1209,1685,
50.40803823862991,96168,940,1210,1685,
50.40877476336124,96168,940,1209,1686,
50.40884990276228,96168,939,1210,1686,
50.40979036071248,96168,938,1211,1686,
50.410384163241844,96167,939,1211,1686,
50.41078706398237,96167,939,1210,1687,
50.41191275036123,96167,939,1209,1688,
50.41509440796153,96167,938,1210,1688,
50.41551128409028,96166,939,1210,1688,
50.41650906700396,96166,939,1209,1689,
50.418618910375514,96166,939,1208,1690,
50.42042351900111,96165,940,1208,1690,
50.42269798571034,96165,940,1207,1691,
50.42575251242486,96165,939,1208,1691,
50.42609384001733,96165,938,1209,1691,
50.426970360757906,96165,937,1210,1691,
50.428377994888926,96164,938,1210,1691,
50.432753715075485,96164,938,1209,1692,
50.43588647136419,96163,939,1209,1692,
50.43827920483169,96162,940,1209,1692,
50.43894788120224,96162,939,1210,1692,
50.440889802492144,96162,939,1209,1693,
50.44417589887643,96161,940,1209,1693,
50.44651063383907,96160,941,1209,1693,
50.44700387072943,96160,941,1208,1694,
50.4474606319555,96160,940,1209,1694,
50.450595946097316,96160,939,1210,1694,
50.452249559408614,96160,939,1209,1695,
50.452382910359596,96160,939,1208,1696,
50.452489306304145,96159,940,1208,1696,
50.453551473738074,96159,940,1207,1697,
50.45494805577733,96158,941,1207,1697,
50.45704176688805,96157,942,1207,1697,
50.45917391453353,96157,942,1206,1698,
50.45944622755361,96156,943,1206,1698,
50.46415933929333,96156,942,1207,1698,
50.46815515169664,96156,942,1206,1699,
50.46816457569005,96156,941,1207,1699,
50.4685215662418,96156,941,1206,1700,
50.470259791196376,96156,941,1205,1701,
50.47051000300257,96155,942,1205,1701,
50.47228495832592,96155,941,1206,1701,
50.478458303812616,96154,942,1206,1701,
50.478570049042816,96154,942,1205,1702,
50.47985404165823,96153,943,1205,1702,
50.48518525973221,96153,943,1204,1703,
50.48968732993964,96153,943,1203,1704,
50.491427341932095,96153,943,1202,1705,
50.496259164940405,96152,944,1202,1705,
50.49777351463683,96151,945,1202,1705,
50.500598310724655,96151,945,1201,1706,
50.502410864007366,96151,944,1202,1706,
50.505087455454614,96150,945,1202,1706,
50.50615244473047,96149,946,1202,1706,
50.50912334010158,96149,945,1203,1706,
50.513348171343964,96148,946,1203,1706,
50.52044191683269,96148,945,1204,1706,
50.520718309500836,96148,945,1203,1707,
50.52265427703164,96148,945,1202,1708,
50.523203803920644,96148,944,1203,1708,
50.52342029711763,96148,943,1204,1708,
50.52518645791704,96147,944,1204,1708,
50.52706425150269,96147,943,1205,1708,
50.527918282686514,96147,943,1204,1709,
50.531512014765646,96147,942,1205,1709,
50.53312074899897,96146,943,1205,1709,
50.53841978199399,96145,944,1205,1709,
50.53914184457023,96145,943,1206,1709,
50.54037273284541,96144,944,1206,1709,
50.54087995307035,96144,944,1205,1710,
50.54143055297011,96144,944,1204,1711,
50.54148497993183,96144,943,1205,1711,
50.54319585646038,96144,943,1204,1712,
50.54364467157883,96143,944,1204,1712,
50.54449676547043,96143,944,1203,1713,
50.54457878757557,96142,945,1203,1713,
50.5487606871674,96141,946,1203,1713,
50.55003726794676,96140,947,1203,1713,
50.55166721966818,96139,948,1203,1713,
50.5522504863568,96138,949,1203,1713,
50.554716933902036,96138,948,1204,1713,
50.556650873989796,96137,949,1204,1713,
50.55820224994122,96137,949,1203,1714,
50.55880031278017,96137,948,1204,1714,
50.5606882331701,96137,948,1203,1715,
50.561260279049435,96137,948,1202,1716,
50.56208587253349,96136,949,1202,1716,
50.57033481852429,96136,948,1203,1716,
50.57076166437131,96135,949,1203,1716,
50.572047795230944,96135,948,1204,1716,
50.5744053656049,96134,949,1204,1716,
50.574835899136794,96134,949,1203,1717,
50.57684475544227,96134,949,1202,1718,
50.57819903793466,96134,949,1201,1719,
50.58035275453586,96134,949,1200,1720,
50.58103367041762,96134,948,1201,1720,
50.58165419970288,96133,949,1201,1720,
50.58394248387386,96133,948,1202,1720,
50.58739919163129,96132,949,1202,1720,
50.58915255372377,96132,948,1203,1720,
50.58928228132933,96132,947,1204,1720,
50.590833831240886,96132,947,1203,1721,
50.59486310259133,96132,947,1202,1722,
50.59926625979933,96132,946,1203,1722,
50.60111473447924,96131,947,1203,1722,
50.60401815007181,96131,947,1202,1723,
50.60622918254993,96131,946,1203,1723,
50.60696331598398,96131,945,1204,1723,
50.60727452008736,96131,945,1203,1724,
50.60829480716166,96130,946,1203,1724,
50.60904746282631,96130,945,1204,1724,
50.60959468058518,96130,945,1203,1725,
50.61096654161196,96130,944,1204,1725,
50.61098893738139,96130,943,1205,1725,
50.61698348648619,96130,942,1206,1725,
50.6184719047636,96129,943,1206,1725,
50.62177644517963,96128,944,1206,1725,
50.62267029312143,96128,943,1207,1725,
50.62314054023947,96127,944,1207,1725,
50.62635661960543,96126,945,1207,1725,
50.6342571189488,96125,946,1207,1725,
50.63740342396797,96125,946,1206,1726,
50.638886057745204,96125,946,1205,1727,
50.63905492138708,96125,945,1206,1727,
50.63996468885539,96125,944,1207,1727,
50.640240865528106,96125,943,1208,1727,
50.640724696212686,96125,942,1209,1727,
50.64363970297138,96125,941,1210,1727,
50.646829726874785,96125,941,1209,1728,
50.64774460368042,96125,940,1210,1728,
50.648577195481174,96124,941,1210,1728,
50.650970757367894,96124,940,1211,1728,
50.65593908203006,96123,941,1211,1728,
50.6580304109516,96122,942,1211,1728,
50.65851588261768,96121,943,1211,1728,
50.65931813883199,96121,943,1210,1729,
50.660405886721776,96121,943,1209,1730,
50.66319560269965,96120,944,1209,1730,
50.66398003223239,96120,943,1210,1730,
50.665431032622635,96120,942,1211,1730,
50.66736725478055,96119,943,1211,1730,
50.66758179250239,96118,944,1211,1730,
50.6689763513268,96118,943,1212,1730,
50.669086009976134,96118,943,1211,1731,
50.670116780664884,96118,942,1212,1731,
50.67025217378785,96118,941,1213,1731,
50.67054878634512,96118,941,1212,1732,
50.67077334181914,96117,942,1212,1732,
50.6714242007333,96116,943,1212,1732,
50.67392925014441,96115,944,1212,1732,
50.67493384734328,96114,945,1212,1732,
50.67843354071835,96113,946,1212,1732,
50.679685803848365,96113,946,1211,1733,
50.67987615253978,96113,945,1212,1733,
50.68280204550528,96113,944,1213,1733,
50.684586081940466,96113,943,1214,1733,
50.68654757515247,96113,943,1213,1734,
50.686600672467385,96113,943,1212,1735,
50.68801859271895,96113,942,1213,1735,
50.68832898425685,96112,943,1213,1735,
50.688391875845895,96111,944,1213,1735,
50.689340032327735,96110,945,1213,1735,
50.69113886698578,96110,944,1214,1735,
50.69308512573906,96110,943,1215,1735,
50.69519527506691,96109,944,1215,1735,
50.698169849666805,96108,945,1215,1735,
50.70018347132003,96107,946,1215,1735,
50.700934056677475,96106,947,1215,1735,
50.70200390079866,96105,948,1215,1735,
50.70246290319056,96105,947,1216,1735,
50.70390164545109,96105,947,1215,1736,
50.70581231945339,96104,948,1215,1736,
50.705965846484226,96104,947,1216,1736,
50.70653964274197,96104,947,1215,1737,
50.70738879178485,96104,946,1216,1737,
50.71192962167633,96104,946,1215,1738,
50.71374202722763,96104,945,1216,1738,
50.71604226494187,96104,945,1215,1739,
50.71615779767114,96104,944,1216,1739,
50.7174892654044,96103,945,1216,1739,
50.71995813472585,96103,945,1215,1740,
50.72079851868755,96103,945,1214,1741,
50.725171678825845,96103,945,1213,1742,
50.73026493086748,96102,946,1213,1742,
50.7320913320147,96101,947,1213,1742,
50.733340265575336,96101,947,1212,1743,
50.73720035249497,96101,946,1213,1743,
50.737287784428105,96101,945,1214,1743,
50.73749416698453,96101,945,1213,1744,
50.738097085801904,96101,944,1214,1744,
50.739118440536856,96101,944,1213,1745,
50.7399815597755,96101,943,1214,1745,
50.74369885068988,96100,944,1214,1745,
50.74650522795006,96099,945,1214,1745,
50.747273425817106,96099,945,1213,1746,
50.75024840830968,96098,946,1213,1746,
50.75349383653949,96098,946,1212,1747,
50.75398498812573,96098,946,1211,1748,
50.755040416743284,96098,945,1212,1748,
50.756811695065,96098,945,1211,1749,
50.760164206217574,96098,944,1212,1749,
50.760279868354154,96098,944,1211,1750,
50.7648693802163,96097,945,1211,1750,
50.76598812200068,96097,945,1210,1751,
50.7659961658032,96097,944,1211,1751,
50.76679995078453,96096,945,1211,1751,
50.768019029379126,96096,944,1212,1751,
50.770700231910794,96096,944,1211,1752,
50.77237056744489,96095,945,1211,1752,
50.77237200473136,96095,944,1212,1752,
50.77467230525759,96095,944,1211,1753,
50.77851983197877,96095,943,1212,1753,
50.78590676533833,96095,942,1213,1753,
50.787291249577684,96095,941,1214,1753,
50.78818693332671,96094,942,1214,1753,
50.79040463138868,96094,942,1213,1754,
50.79097096161368,96094,941,1214,1754,
50.79483662043274,96094,941,1213,1755,
50.797833240571336,96094,940,1214,1755,
50.79941174708384,96094,940,1213,1756,
50.80286501086961,96094,940,1212,1757,
50.8033603424546,96093,941,1212,1757,
50.80532045644798,96092,942,1212,1757,
50.80556932942133,96092,942,1211,1758,
50.806029452134744,96092,941,1212,1758,
50.808587122754126,96091,942,1212,1758,
50.80943013214194,96091,941,1213,1758,
50.81130940847663,96090,942,1213,1758,
50.81209800929023,96090,942,1212,1759,
50.820192155121326,96090,941,1213,1759,
50.8231718106116,96089,942,1213,1759,
50.82359673597241,96088,943,1213,1759,
50.82423401219392,96088,942,1214,1759,
50.82576753385178,96088,941,1215,1759,
50.830600270582025,96088,941,1214,1760,
50.831577548326806,96088,940,1215,1760,
50.83180784064904,96088,940,1214,1761,
50.83418938748766,96088,939,1215,1761,
50.83706555468561,96087,940,1215,1761,
50.83757187116754,96087,939,1216,1761,
50.83794611247125,96086,940,1216,1761,
50.84144235408784,96085,941,1216,1761,
50.8419779244294,96084,942,1216,1761,
50.843755521444855,96084,941,1217,1761,
50.84394887914742,96083,942,1217,1761,
50.84397703532684,96083,941,1218,1761,
50.848432067942305,96083,941,1217,1762,
50.85707178731028,96082,942,1217,1762,
50.85824654564292,96081,943,1217,1762,
50.86061328155908,96081,942,1218,1762,
50.86347601128136,96081,941,1219,1762,
50.86573282351337,96080,942,1219,1762,
50.86729128672282,96079,943,1219,1762,
50.86780389316994,96079,942,1220,1762,
50.867931675339314,96079,942,1219,1763,
50.87425395959269,96078,943,1219,1763,
50.87509508274726,96078,942,1220,1763,
50.87518983888324,96078,941,1221,1763,
50.87863997639491,96078,941,1220,1764,
50.87917189947784,96077,942,1220,1764,
50.88297319214207,96076,943,1220,1764,
50.8842363924914,96076,942,1221,1764,
50.886630381989335,96076,941,1222,1764,
50.88791694719979,96076,940,1223,1764,
50.89233079074561,96076,939,1224,1764,
50.89303709771775,96076,939,1223,1765,
50.89319333991166,96076,939,1222,1766,
50.89331809685916,96076,938,1223,1766,
50.89725106944877,96075,939,1223,1766,
50.89964949409592,96074,940,1223,1766,
50.90102180126383,96074,940,1222,1767,
50.90128049387435,96074,939,1223,1767,
50.90181552476356,96074,938,1224,1767,
50.90431193245977,96074,938,1223,1768,
50.90545188484667,96074,937,1224,1768,
50.90721209096178,96073,938,1224,1768,
50.91072231252701,96072,939,1224,1768,
50.91266507602343,96071,940,1224,1768,
50.91580513086972,96070,941,1224,1768,
50.91683922845354,96070,941,1223,1769,
50.917326703141285,96070,941,1222,1770,
50.92174791500588,96070,940,1223,1770,
50.92298713964488,96069,941,1223,1770,
50.92407687379331,96068,942,1223,1770,
50.925111677817846,96067,943,1223,1770,
50.925408034353524,96066,944,1223,1770,
50.92645621675324,96065,945,1223,1770,
50.92706674404844,96065,944,1224,1770,
50.92982063285166,96065,944,1223,1771,
50.93150789076218,96065,944,1222,1772,
50.931711597416154,96065,943,1223,1772,
50.93848288213719,96064,944,1223,1772,
50.94419352866557,96063,945,1223,1772,
50.9450028139696,96063,945,1222,1773,
50.94566152789039,96063,944,1223,1773,
50.946544979791426,96063,943,1224,1773,
50.94674119760578,96063,942,1225,1773,
50.94745948313511,96063,941,1226,1773,
50.94770635196488,96063,940,1227,1773,
50.95312569888453,96062,941,1227,1773,
50.95375641864089,96061,942,1227,1773,
50.9541359623818,96060,943,1227,1773,
50.955376476256355,96059,944,1227,1773,
50.956702360898,96058,945,1227,1773,
50.95687424591385,96057,946,1227,1773,
50.96004753358827,96057,945,1228,1773,
50.96019039381803,96056,946,1228,1773,
50.960256964555796,96056,946,1227,1774,
50.960895320852785,96056,945,1228,1774,
50.96733529588952,96056,944,1229,1774,
50.96777107851638,96056,943,1230,1774,
50.97462816423634,96055,944,1230,1774,
50.97489115405656,96055,944,1229,1775,
50.97499475702093,96054,945,1229,1775,
50.975252651083366,96054,945,1228,1776,
50.977458848875386,96054,944,1229,1776,
50.981983219683094,96054,944,1228,1777,
50.984072142239846,96053,945,1228,1777,
50.98498929639499,96053,944,1229,1777,
50.98684351453642,96053,943,1230,1777,
50.988453349472955,96053,943,1229,1778,
50.990991765967195,96053,943,1228,1779,
50.99181127109864,96053,942,1229,1779,
50.99782360680877,96053,941,1230,1779,
51.000752513151866,96053,940,1231,1779,
51.00546671547718,96053,939,1232,1779,
51.011107220909125,96053,939,1231,1780,
51.01267895439856,96053,938,1232,1780,
51.01357840211998,96053,938,1231,1781,
51.017832920923276,96053,938,1230,1782,
51.02334935903934,96052,939,1230,1782,
51.02638025492268,96052,938,1231,1782,
51.036968624875186,96051,939,1231,1782,
51.03782840811036,96050,940,1231,1782,
51.0391604548322,96050,940,1230,1783,
51.04042144137813,96050,940,1229,1784,
51.04255653191996,96049,941,1229,1784,
51.044176445082456,96049,940,1230,1784,
51.04458249838822,96049,939,1231,1784,
51.04474257662641,96048,940,1231,1784,
51.0475968110653,96048,939,1232,1784,
51.05009717984261,96048,938,1233,1784,
51.050832405794544,96048,938,1232,1785,
51.05179415594564,96048,937,1233,1785,
51.05980168344426,96047,938,1233,1785,
51.06064135447562,96047,938,1232,1786,
51.06570694742897,96047,938,1231,1787,
51.06826901825044,96047,937,1232,1787,
51.07023409293805,96047,936,1233,1787,
51.07128298766577,96047,935,1234,1787,
51.078409735190704,96047,935,1233,1788,
51.0818775013382,96047,935,1232,1789,
51.0826547181681,96047,934,1233,1789,
51.08369407122513,96046,935,1233,1789,
51.090045800622924,96046,934,1234,1789,
51.09362285813956,96046,934,1233,1790,
51.094719794615685,96046,934,1232,1791,
51.09480863432642,96046,933,1233,1791,
51.09903838556111,96046,932,1234,1791,
51.099113028198495,96046,931,1235,1791,
51.10331843078503,96046,930,1236,1791,
51.10710946698621,96046,930,1235,1792,
51.10752097765077,96046,930,1234,1793,
51.11008845895171,96046,929,1235,1793,
51.113176617179676,96046,929,1234,1794,
51.11506952797315,96045,930,1234,1794,
51.11566551800839,96045,929,1235,1794,
51.11589008593065,96044,930,1235,1794,
51.116261391232925,96043,931,1235,1794,
51.11660622645254,96043,931,1234,1795,
51.12071935775029,96043,931,1233,1796,
51.121843961485965,96043,930,1234,1796,
51.1236717748438,96043,930,1233,1797,
51.12387955065658,96042,931,1233,1797,
51.12636504102082,96042,930,1234,1797,
51.128714809887065,96042,929,1235,1797,
51.131212758762025,96042,929,1234,1798,
51.13216678674266,96042,929,1233,1799,
51.13393262007821,96042,928,1234,1799,
51.13499280795323,96042,928,1233,1800,
51.13513215859439,96042,927,1234,1800,
51.13688722335753,96041,928,1234,1800,
51.13951770045344,96041,928,1233,1801,
51.14170605711554,96041,927,1234,1801,
51.147412308636326,96040,928,1234,1801,
51.15122124803407,96040,928,1233,1802,
51.1514492733419,96039,929,1233,1802,
51.152614886051225,96039,928,1234,1802,
51.152731830403845,96039,927,1235,1802,
51.15676424825408,96039,927,1234,1803,
51.165796404510864,96039,927,1233,1804,
51.16587785419906,96039,926,1234,1804,
51.169946169707394,96039,925,1235,1804,
51.170638931107575,96039,924,1236,1804,
51.17516082974978,96039,923,1237,1804,
51.17630312676106,96039,922,1238,1804,
51.17729827111123,96039,922,1237,1805,
51.17774680511519,96039,922,1236,1806,
51.17884843981911,96039,921,1237,1806,
51.1836728336622,96039,921,1236,1807,
51.18699897465034,96038,922,1236,1807,
51.19008408496083,96038,922,1235,1808,
51.191472141924265,96038,921,1236,1808,
51.19163951189165,96038,921,1235,1809,
51.20032609804333,96038,920,1236,1809,
51.20061633216771,96038,920,1235,1810,
51.20580736143179,96038,919,1236,1810,
51.207406288145386,96038,918,1237,1810,
51.20902716513913,96038,918,1236,1811,
51.210868521003476,96038,917,1237,1811,
51.21301596122747,96038,916,1238,1811,
51.215202363798845,96038,915,1239,1811,
51.215549741320245,96038,915,1238,1812,
51.215758893772446,96038,914,1239,1812,
51.21675485243838,96038,913,1240,1812,
51.2177129303197,96038,913,1239,1813,
51.21890923378233,96037,914,1239,1813,
51.22096331988139,96036,915,1239,1813,
51.22120018637647,96036,914,1240,1813,
51.22459422346721,96036,913,1241,1813,
51.22608841646496,96036,913,1240,1814,
51.22631106955363,96036,912,1241,1814,
51.2300941292821,96035,913,1241,1814,
51.23119536193605,96034,914,1241,1814,
51.231700495854945,96034,913,1242,1814,
51.24165685836306,96033,914,1242,1814,
51.24179057971937,96032,915,1242,1814,
51.24210196009986,96031,916,1242,1814,
51.24416533660428,96031,915,1243,1814,
51.24485651966302,96031,914,1244,1814,
51.24893126797128,96031,914,1243,1815,
51.24919149443678,96031,914,1242,1816,
51.25511876176149,96031,914,1241,1817,
51.25900192641575,96031,913,1242,1817,
51.260116675832435,96031,913,1241,1818,
51.260987995909886,96031,912,1242,1818,
51.262904974091455,96031,912,1241,1819,
51.26491340241112,96031,911,1242,1819,
51.26535644044968,96031,910,1243,1819,
51.26563540302175,96030,911,1243,1819,
51.266137267183645,96030,911,1242,1820,
51.27200328947814,96030,911,1241,1821,
51.281499645958476,96030,911,1240,1822,
51.28275451406002,96029,912,1240,1822,
51.28460571614254,96028,913,1240,1822,
51.288499531745096,96028,913,1239,1823,
51.29289653659939,96028,912,1240,1823,
51.29443070056161,96028,912,1239,1824,
51.29542254017703,96027,913,1239,1824,
51.29589516804758,96027,913,1238,1825,
51.29683371775345,96027,912,1239,1825,
51.29792265580257,96027,911,1240,1825,
51.30205382568575,96027,911,1239,1826,
51.30482905047172,96026,912,1239,1826,
51.30546298011149,96026,911,1240,1826,
51.305601923370716,96026,911,1239,1827,
51.30665215723424,96026,911,1238,1828,
51.31414119275851,96025,912,1238,1828,
51.314960114238424,96025,911,1239,1828,
51.31756941115357,96025,910,1240,1828,
51.318028620266354,96025,909,1241,1828,
51.321367087306456,96025,909,1240,1829,
51.32255141761542,96025,908,1241,1829,
51.32258060141279,96025,908,1240,1830,
51.32332540661446,96025,908,1239,1831,
51.326328836859794,96025,908,1238,1832,
51.326679763623055,96024,909,1238,1832,
51.32687165336998,96023,910,1238,1832,
51.32802215897969,96023,909,1239,1832,
51.32909017462785,96022,910,1239,1832,
51.329741868116805,96021,911,1239,1832,
51.3321443550157,96021,910,1240,1832,
51.332372761264935,96020,911,1240,1832,
51.33490985397284,96020,910,1241,1832,
51.3372156924894,96020,910,1240,1833,
51.34260876265067,96019,911,1240,1833,
51.34302354846199,96019,911,1239,1834,
51.34400752868801,96019,911,1238,1835,
51.34553508123711,96019,911,1237,1836,
51.35184482279811,96019,910,1238,1836,
51.353623389397164,96019,909,1239,1836,
51.35397207392124,96019,909,1238,1837,
51.35475423653169,96018,910,1238,1837,
51.35747210848216,96018,910,1237,1838,
51.3583371601528,96018,909,1238,1838,
51.35873714047218,96017,910,1238,1838,
51.359739480396684,96016,911,1238,1838,
51.370008691818086,96016,910,1239,1838,
51.37222587378461,96016,910,1238,1839,
51.372731924378556,96015,911,1238,1839,
51.373137051846165,96015,910,1239,1839,
51.37397611202185,96014,911,1239,1839,
51.37407637954797,96014,911,1238,1840,
51.37598447864614,96014,911,1237,1841,
51.38091112147067,96014,910,1238,1841,
51.382588893529565,96014,910,1237,1842,
51.387332888665256,96014,910,1236,1843,
51.38849747885002,96014,909,1237,1843,
51.392422874891366,96014,908,1238,1843,
51.39440946777376,96013,909,1238,1843,
51.3960431303501,96012,910,1238,1843,
51.39632860902289,96011,911,1238,1843,
51.40297594655073,96011,910,1239,1843,
51.40403843448859,96011,909,1240,1843,
51.40529698651698,96010,910,1240,1843,
51.40552018513993,96010,910,1239,1844,
51.405623670811,96009,911,1239,1844,
51.405853446382196,96008,912,1239,1844,
51.41329286918801,96007,913,1239,1844,
51.414990354059206,96006,914,1239,1844,
51.416591093529355,96005,915,1239,1844,
51.41739159019302,96005,914,1240,1844,
51.41827586474581,96005,913,1241,1844,
51.42269989414439,96004,914,1241,1844,
51.42271935815135,96004,913,1242,1844,
51.42454870516095,96004,913,1241,1845,
51.42502378949508,96004,913,1240,1846,
51.425610372409736,96004,913,1239,1847,
51.42799071895581,96004,912,1240,1847,
51.42803399768301,96004,912,1239,1848,
51.44026492102469,96004,911,1240,1848,
51.44117793279286,96003,912,1240,1848,
51.4419693520265,96003,912,1239,1849,
51.44453150051474,96003,912,1238,1850,
51.44876537143319,96003,911,1239,1850,
51.44878240187481,96003,911,1238,1851,
51.44892655819706,96003,910,1239,1851,
51.449921494503265,96002,911,1239,1851,
51.455404080888876,96002,910,1240,1851,
51.45924049494086,96002,910,1239,1852,
51.460347258819475,96002,909,1240,1852,
51.461312193986146,96001,910,1240,1852,
51.46179632928148,96001,909,1241,1852,
51.47056151803274,96000,910,1241,1852,
51.47107326947474,95999,911,1241,1852,
51.473211100674746,95999,911,1240,1853,
51.47956816264525,95998,912,1240,1853,
51.481012743753055,95998,911,1241,1853,
51.481128371772215,95998,910,1242,1853,
51.48174561570337,95998,910,1241,1854,
51.48303299421008,95997,911,1241,1854,
51.48659926493386,95997,910,1242,1854,
51.48707314795279,95997,910,1241,1855,
51.48724134512239,95996,911,1241,1855,
51.48801666126297,95996,911,1240,1856,
51.48917503355352,95995,912,1240,1856,
51.489234453289306,95995,911,1241,1856,
51.49229888819395,95994,912,1241,1856,
51.492507260825086,95994,911,1242,1856,
51.493967016123676,95994,910,1243,1856,
51.496278832351436,95993,911,1243,1856,
51.502832937909204,95992,912,1243,1856,
51.502961212948264,95992,911,1244,1856,
51.522847210022476,95991,912,1244,1856,
51.524626193949885,95991,911,1245,1856,
51.52834368355405,95991,910,1246,1856,
51.52925121142092,95991,910,1245,1857,
51.53112054986466,95991,909,1246,1857,
51.533269617193675,95990,910,1246,1857,
51.534970916893734,95990,910,1245,1858,
51.537591153118576,95990,909,1246,1858,
51.54016320361937,95989,910,1246,1858,
51.54030771725115,95989,910,1245,1859,
51.54357488284751,95989,910,1244,1860,
51.54431396755022,95989,909,1245,1860,
51.54625878699814,95989,908,1246,1860,
51.54864411526977,95989,907,1247,1860,
51.5488936838234,95989,906,1248,1860,
51.55060118258591,95988,907,1248,1860,
51.55062241863236,95987,908,1248,1860,
51.551020675172275,95987,908,1247,1861,
51.55235196462006,95986,909,1247,1861,
51.552556814640795,95986,908,1248,1861,
51.55398019250689,95986,907,1249,1861,
51.555321114984245,95986,906,1250,1861,
51.55663099964551,95986,905,1251,1861,
51.55776373491606,95985,906,1251,1861,
51.55793168375102,95984,907,1251,1861,
51.56199365897521,95984,906,1252,1861,
51.56255255901526,95984,905,1253,1861,
51.562932398186554,95984,905,1252,1862,
51.564090534196694,95983,906,1252,1862,
51.564209392957,95983,905,1253,1862,
51.564250573477004,95982,906,1253,1862,
51.56515940571827,95982,905,1254,1862,
51.56982950774114,95982,904,1255,1862,
51.56992048881276,95982,904,1254,1863,
51.571112935794815,95982,903,1255,1863,
51.57180590501692,95982,902,1256,1863,
51.57336020434676,95982,901,1257,1863,
51.57564762297713,95982,901,1256,1864,
51.57710523416412,95982,901,1255,1865,
51.57950054482822,95982,900,1256,1865,
51.57981089106464,95982,899,1257,1865,
51.58002061596622,95982,898,1258,1865,
51.580399403607814,95982,897,1259,1865,
51.584526999612656,95982,897,1258,1866,
51.584558685860806,95981,898,1258,1866,
51.58623923895482,95980,899,1258,1866,
51.586518097449975,95979,900,1258,1866,
51.5912069162889,95979,900,1257,1867,
51.59130002055784,95978,901,1257,1867,
51.59330192076954,95978,900,1258,1867,
51.59562566984962,95977,901,1258,1867,
51.597668987302775,95977,901,1257,1868,
51.599219877527545,95977,901,1256,1869,
51.604042555147686,95977,901,1255,1870,
51.604262333041824,95977,900,1256,1870,
51.60690343957731,95976,901,1256,1870,
51.60706145621241,95976,901,1255,1871,
51.61105476218489,95975,902,1255,1871,
51.61172170178322,95974,903,1255,1871,
51.61217440534843,95974,903,1254,1872,
51.613635549660884,95974,903,1253,1873,
51.61398616510587,95973,904,1253,1873,
51.61416272035854,95972,905,1253,1873,
51.61525216547495,95972,904,1254,1873,
51.61572870068582,95971,905,1254,1873,
51.616517365968896,95970,906,1254,1873,
51.617991958504746,95970,905,1255,1873,
51.618730297504406,95970,904,1256,1873,
51.62132008220875,95970,904,1255,1874,
51.62142931932384,95970,903,1256,1874,
51.621560841932926,95969,904,1256,1874,
51.62230613245831,95968,905,1256,1874,
51.62253845925059,95968,904,1257,1874,
51.624071529468125,95968,904,1256,1875,
51.62495665391512,95968,904,1255,1876,
51.62690265405884,95968,903,1256,1876,
51.62813178431695,95968,903,1255,1877,
51.62833769286944,95968,903,1254,1878,
51.633762169553314,95967,904,1254,1878,
51.635867301033265,95967,904,1253,1879,
51.63697661609082,95967,904,1252,1880,
51.6407682981189,95966,905,1252,1880,
51.64162091084812,95966,904,1253,1880,
51.64283716743645,95966,904,1252,1881,
51.648236973154326,95966,904,1251,1882,
51.65310066548944,95966,903,1252,1882,
51.65670305380069,95966,902,1253,1882,
51.66141529390561,95965,903,1253,1882,
51.663128933656346,95964,904,1253,1882,
51.66519425227584,95964,903,1254,1882,
51.66581509480133,95964,903,1253,1883,
51.6667357597864,95964,903,1252,1884,
51.668943775271984,95964,903,1251,1885,
51.671291832197625,95963,904,1251,1885,
51.67250211782406,95963,903,1252,1885,
51.68078093689499,95962,904,1252,1885,
51.68815335560447,95962,903,1253,1885,
51.68850184713127,95962,902,1254,1885,
51.689625363203795,95961,903,1254,1885,
51.689658509764044,95961,902,1255,1885,
51.690331181535825,95961,901,1256,1885,
51.694751501776885,95961,900,1257,1885,
51.700175385337815,95960,901,1257,1885,
51.700299013081526,95960,901,1256,1886,
51.702800218089784,95959,902,1256,1886,
51.70359976382565,95959,902,1255,1887,
51.7057627392597,95959,902,1254,1888,
51.711616984424325,95959,902,1253,1889,
51.71216989914708,95958,903,1253,1889,
51.71376796444883,95957,904,1253,1889,
51.71394120124485,95957,903,1254,1889,
51.71475446614288,95957,903,1253,1890,
51.71761164493895,95957,902,1254,1890,
51.719377167684,95957,901,1255,1890,
51.72534975542854,95957,901,1254,1891,
51.72744449661872,95957,900,1255,1891,
51.728153016888434,95957,899,1256,1891,
51.731244110767676,95957,898,1257,1891,
51.731960085893235,95957,898,1256,1892,
51.732794923082665,95956,899,1256,1892,
51.736288311319655,95956,899,1255,1893,
51.73997996336833,95956,899,1254,1894,
51.75145742204513,95955,900,1254,1894,
51.755287585761586,95955,900,1253,1895,
51.75817240218374,95955,899,1254,1895,
51.759234143605376,95955,899,1253,1896,
51.7656950697891,95955,898,1254,1896,
51.76971712480545,95955,897,1255,1896,
51.77007995263961,95954,898,1255,1896,
51.77153355382832,95954,898,1254,1897,
51.77337493639665,95954,898,1253,1898,
51.77345554275755,95954,897,1254,1898,
51.77420047008465,95953,898,1254,1898,
51.77515460246977,95952,899,1254,1898,
51.776912751548416,95952,899,1253,1899,
51.77802531426091,95952,898,1254,1899,
51.780237778840146,95952,898,1253,1900,
51.781184821977654,95952,897,1254,1900,
51.7827906548128,95951,898,1254,1900,
51.784601918558934,95951,898,1253,1901,
51.78472047967086,95950,899,1253,1901,
51.78530741382272,95950,899,1252,1902,
51.791292453052236,95950,899,1251,1903,
51.793540696768844,95949,900,1251,1903,
51.79532346562869,95948,901,1251,1903,
51.80196200009853,95948,900,1252,1903,
51.80330005557821,95948,900,1251,1904,
51.80470157635759,95948,900,1250,1905,
51.80729452845184,95948,899,1251,1905,
51.81025556955762,95948,898,1252,1905,
51.81119577204067,95948,897,1253,1905,
51.81145254877747,95947,898,1253,1905,
51.812919705507376,95947,898,1252,1906,
51.81502472300405,95947,898,1251,1907,
51.81826624490595,95946,899,1251,1907,
51.82201480071019,95945,900,1251,1907,
51.824447419947695,95944,901,1251,1907,
51.8263304612029,95943,902,1251,1907,
51.826570684739465,95943,901,1252,1907,
51.82682898645651,95943,900,1253,1907,
51.83139422643394,95942,901,1253,1907,
51.831611585673734,95941,902,1253,1907,
51.83309852776121,95940,903,1253,1907,
51.83577283134515,95939,904,1253,1907,
51.83581663672302,95939,904,1252,1908,
51.84373501472623,95938,905,1252,1908,
51.845651738701584,95937,906,1252,1908,
51.847391787924145,95937,905,1253,1908,
51.849878462948155,95937,904,1254,1908,
51.851224789188464,95937,904,1253,1909,
51.85480137856491,95937,904,1252,1910,
51.85701823021462,95937,903,1253,1910,
51.85964535500738,95937,902,1254,1910,
51.86050639496423,95936,903,1254,1910,
51.86153854411111,95935,904,1254,1910,
51.864772077747176,95934,905,1254,1910,
51.86608734210835,95934,905,1253,1911,
51.867926314226274,95933,906,1253,1911,
51.868333726344595,95932,907,1253,1911,
51.87081635928519,95932,906,1254,1911,
51.871852881007754,95932,905,1255,1911,
51.87568631430238,95932,904,1256,1911,
51.87828511405552,95932,903,1257,1911,
51.87838492270009,95932,903,1256,1912,
51.87843032702493,95932,903,1255,1913,
51.88477628469914,95932,902,1256,1913,
51.88726357850172,95932,902,1255,1914,
51.88780201783784,95931,903,1255,1914,
51.888587447837594,95931,902,1256,1914,
51.89305490617149,95930,903,1256,1914,
51.89464440520775,95930,903,1255,1915,
51.895139589052505,95929,904,1255,1915,
51.89608145788139,95929,904,1254,1916,
51.8966985042648,95929,904,1253,1917,
51.89763338013956,95928,905,1253,1917,
51.89806079157829,95927,906,1253,1917,
51.901171315866804,95927,905,1254,1917,
51.90747142621708,95926,906,1254,1917,
51.909144015680326,95926,905,1255,1917,
51.90960675148626,95926,904,1256,1917,
51.909797255987364,95926,903,1257,1917,
51.91004436448307,95925,904,1257,1917,
51.91456750255532,95924,905,1257,1917,
51.91507948702287,95924,905,1256,1918,
51.91615223650781,95924,904,1257,1918,
51.91680709844145,95923,905,1257,1918,
51.91806977662277,95923,904,1258,1918,
51.91915627031786,95923,904,1257,1919,
51.92048867842626,95923,904,1256,1920,
51.92296626616404,95923,903,1257,1920,
51.928810095712386,95922,904,1257,1920,
51.93032042064415,95922,903,1258,1920,
51.932678282671425,95921,904,1258,1920,
51.93404424294241,95921,903,1259,1920,
51.93424912120658,95921,902,1260,1920,
51.9345969150623,95921,901,1261,1920,
51.93561287157929,95921,901,1260,1921,
51.93612004222761,95920,902,1260,1921,
51.93628629020832,95919,903,1260,1921,
51.93695185557736,95919,903,1259,1922,
51.93699624602807,95919,903,1258,1923,
51.939380532858635,95918,904,1258,1923,
51.943392245047164,95918,903,1259,1923,
51.94514040193866,95918,903,1258,1924,
51.95211830863012,95918,903,1257,1925,
51.96038403802324,95917,904,1257,1925,
51.96046878213323,95917,903,1258,1925,
51.96257505465356,95917,903,1257,1926,
51.96393770505081,95917,903,1256,1927,
51.96504469780953,95916,904,1256,1927,
51.967807182839415,95916,904,1255,1928,
51.972415404893496,95916,903,1256,1928,
51.97352323827296,95916,902,1257,1928,
51.974776940521885,95916,901,1258,1928,
51.98023537993577,95916,901,1257,1929,
51.98054122540015,95916,900,1258,1929,
51.982828428580184,95916,900,1257,1930,
51.988011003114686,95916,900,1256,1931,
51.98826606646932,95915,901,1256,1931,
51.988284559213845,95915,901,1255,1932,
51.989060383627084,95915,900,1256,1932,
51.989945858765225,95915,899,1257,1932,
51.99500392390116,95915,899,1256,1933,
51.99796967572976,95915,899,1255,1934,
51.9989753736732,95915,898,1256,1934,
52.00041805569709,95915,898,1255,1935,
52.00044319647287,95915,898,1254,1936,
52.00367308876152,95915,898,1253,1937,
52.005995428749124,95914,899,1253,1937,
52.006597195625375,95913,900,1253,1937,
52.01141287286181,95913,900,1252,1938,
52.011464121502904,95912,901,1252,1938,
52.012643266594225,95912,901,1251,1939,
52.01540709062977,95912,900,1252,1939,
52.019374883412496,95912,900,1251,1940,
52.020528018478686,95911,901,1251,1940,
52.02086247536548,95911,901,1250,1941,
52.023437002535495,95911,900,1251,1941,
52.025178774251124,95911,899,1252,1941,
52.02705774468249,95910,900,1252,1941,
52.02979673440392,95910,900,1251,1942,
52.032297100307446,95910,900,1250,1943,
52.0338735108965,95910,899,1251,1943,
52.039453982500575,95910,899,1250,1944,
52.041975622089225,95910,899,1249,1945,
52.0425789016495,95909,900,1249,1945,
52.048203930460396,95908,901,1249,1945,
52.04880727765303,95908,900,1250,1945,
52.05119170139235,95908,899,1251,1945,
52.05199301218232,95908,899,1250,1946,
52.053759732181675,95908,899,1249,1947,
52.054511905049,95908,899,1248,1948,
52.06400568396217,95908,898,1249,1948,
52.06437377824624,95908,897,1250,1948,
52.06471301863777,95907,898,1250,1948,
52.0676831889758,95907,898,1249,1949,
52.069994514789435,95906,899,1249,1949,
52.07516049910052,95905,900,1249,1949,
52.08102660933926,95905,899,1250,1949,
52.08128946715876,95905,898,1251,1949,
52.08142929351062,95905,898,1250,1950,
52.08363950904939,95905,898,1249,1951,
52.08502705667104,95905,898,1248,1952,
52.08551962067986,95905,897,1249,1952,
52.08552462621551,95905,896,1250,1952,
52.08882842886562,95905,895,1251,1952,
52.08998073722908,95905,894,1252,1952,
52.09280441720515,95905,894,1251,1953,
52.096605915190324,95905,893,1252,1953,
52.09718101062117,95905,893,1251,1954,
52.10098060610781,95905,892,1252,1954,
52.104567262629125,95904,893,1252,1954,
52.10477084024312,95904,892,1253,1954,
52.107362458638754,95904,892,1252,1955,
52.10850444389588,95903,893,1252,1955,
52.11974520648213,95903,893,1251,1956,
52.120617630134944,95903,893,1250,1957,
52.12621398428091,95903,892,1251,1957,
52.13045201356485,95902,893,1251,1957,
52.13192161777223,95902,892,1252,1957,
52.131994103054005,95902,892,1251,1958,
52.13237434067125,95901,893,1251,1958,
52.132659314491775,95901,892,1252,1958,
52.13535179694201,95901,892,1251,1959,
52.13536124042275,95901,891,1252,1959,
52.136270489152544,95900,892,1252,1959,
52.138815279232496,95900,891,1253,1959,
52.140350878845894,95899,892,1253,1959,
52.14140940088386,95899,891,1254,1959,
52.14245773681965,95898,892,1254,1959,
52.143483144332166,95897,893,1254,1959,
52.14693259344163,95896,894,1254,1959,
52.14751036518213,95896,893,1255,1959,
52.15407382601605,95895,894,1255,1959,
52.15570934995525,95895,894,1254,1960,
52.15706428575198,95894,895,1254,1960,
52.157239686835254,95894,894,1255,1960,
52.157400792783896,95894,893,1256,1960,
52.15930727121004,95894,892,1257,1960,
52.16574989933857,95894,891,1258,1960,
52.1664417597422,95893,892,1258,1960,
52.17078606874825,95893,892,1257,1961,
52.17788322271202,95892,893,1257,1961,
52.17998314192056,95892,893,1256,1962,
52.18366696942735,95892,892,1257,1962,
52.1872474772995,95891,893,1257,1962,
52.18891220167181,95891,892,1258,1962,
52.19060555678189,95890,893,1258,1962,
52.193225425864256,95889,894,1258,1962,
52.19481940208543,95889,893,1259,1962,
52.196032878657725,95889,893,1258,1963,
52.19698348468559,95889,892,1259,1963,
52.199585034382565,95889,892,1258,1964,
52.21024059416434,95888,893,1258,1964,
52.21100362526797,95888,893,1257,1965,
52.211356457406055,95888,892,1258,1965,
52.214182743314666,95887,893,1258,1965,
52.21468379792759,95887,893,1257,1966,
52.21535495899899,95887,892,1258,1966,
52.21666241276295,95887,891,1259,1966,
52.21972240267465,95887,890,1260,1966,
52.22291216906475,95886,891,1260,1966,
52.22353656507864,95886,890,1261,1966,
52.227203527480555,95886,890,1260,1967,
52.22765092096333,95886,889,1261,1967,
52.229727085408584,95885,890,1261,1967,
52.23079075947405,95885,889,1262,1967,
52.23259451009433,95885,888,1263,1967,
52.236094171896724,95884,889,1263,1967,
52.237139536167916,95884,888,1264,1967,
52.245354759035905,95884,887,1265,1967,
52.25302836317016,95884,886,1266,1967,
52.25433653310789,95884,885,1267,1967,
52.258154367802675,95884,884,1268,1967,
52.26172807476016,95884,884,1267,1968,
52.26242603265397,95883,885,1267,1968,
52.2659972378621,95883,885,1266,1969,
52.27191412890236,95883,884,1267,1969,
52.27361396624381,95883,883,1268,1969,
52.27544653797302,95882,884,1268,1969,
52.27613099451977,95882,884,1267,1970,
52.2767833332822,95882,883,1268,1970,
52.276999721970704,95882,882,1269,1970,
52.27703308723589,95882,881,1270,1970,
52.2800566587593,95882,880,1271,1970,
52.28194850316606,95882,880,1270,1971,
52.282931273713416,95882,880,1269,1972,
52.285039866724446,95882,879,1270,1972,
52.286390285269235,95881,880,1270,1972,
52.28849201097874,95881,879,1271,1972,
52.29061365401526,95881,878,1272,1972,
52.29140141673482,95881,877,1273,1972,
52.293230472595674,95881,876,1274,1972,
52.29326024768302,95881,876,1273,1973,
52.29600691211231,95880,877,1273,1973,
52.296676280967034,95880,876,1274,1973,
52.2976294967829,95880,875,1275,1973,
52.30012689628445,95880,875,1274,1974,
52.30092793816349,95880,875,1273,1975,
52.30373974155683,95880,874,1274,1975,
52.30722511017305,95879,875,1274,1975,
52.31444592474618,95879,875,1273,1976,
52.314769658158596,95879,875,1272,1977,
52.31599867605744,95879,875,1271,1978,
52.31818459964065,95878,876,1271,1978,
52.319090812924436,95878,875,1272,1978,
52.32323292399252,95877,876,1272,1978,
52.32599234200389,95877,875,1273,1978,
52.32606457459338,95877,875,1272,1979,
52.32614696109455,95877,874,1273,1979,
52.326784408442585,95877,873,1274,1979,
52.32759080204516,95876,874,1274,1979,
52.33388066331346,95876,873,1275,1979,
52.336099937880164,95876,872,1276,1979,
52.33755564071245,95876,871,1277,1979,
52.33870383137702,95875,872,1277,1979,
52.34495826077963,95874,873,1277,1979,
52.345621694754534,95874,872,1278,1979,
52.34615981268928,95874,872,1277,1980,
52.34630822413758,95874,872,1276,1981,
52.346679003974295,95874,871,1277,1981,
52.34677085389974,95874,871,1276,1982,
52.346788213038494,95874,870,1277,1982,
52.35192359013236,95874,870,1276,1983,
52.35428978664646,95874,870,1275,1984,
52.3599271340758,95873,871,1275,1984,
52.36123306940015,95873,871,1274,1985,
52.36217754985905,95872,872,1274,1985,
52.366930791276985,95872,871,1275,1985,
52.369535958151474,95871,872,1275,1985,
52.37103773915234,95871,872,1274,1986,
52.37249620029982,95870,873,1274,1986,
52.37454530388719,95869,874,1274,1986,
52.37862814921292,95869,873,1275,1986,
52.3798573157761,95869,872,1276,1986,
52.38162427862892,95869,872,1275,1987,
52.38229166800303,95869,871,1276,1987,
52.385391829493706,95869,870,1277,1987,
52.38730817476204,95869,869,1278,1987,
52.38982897714203,95868,870,1278,1987,
52.397277576558864,95868,869,1279,1987,
52.401915637870864,95868,868,1280,1987,
52.40211034934155,95867,869,1280,1987,
52.404733415709316,95867,869,1279,1988,
52.40525285494193,95866,870,1279,1988,
52.40587071421517,95866,869,1280,1988,
52.40695165957599,95866,869,1279,1989,
52.40794466793195,95865,870,1279,1989,
52.409119355626245,95864,871,1279,1989,
52.41115527275448,95864,870,1280,1989,
52.41580898204201,95863,871,1280,1989,
52.41609759763459,95862,872,1280,1989,
52.42026950781558,95862,871,1281,1989,
52.424243816201695,95861,872,1281,1989,
52.425124775426625,95861,871,1282,1989,
52.427861727963,95860,872,1282,1989,
52.428143679737076,95859,873,1282,1989,
52.43057128218166,95859,872,1283,1989,
52.43289122151749,95859,872,1282,1990,
52.433255725361704,95859,872,1281,1991,
52.43333071020193,95859,871,1282,1991,
52.43441914496738,95859,870,1283,1991,
52.43543379424036,95859,870,1282,1992,
52.436642205137055,95858,871,1282,1992,
52.43997938747171,95857,872,1282,1992,
52.44150992299673,95857,872,1281,1993,
52.44274686622066,95856,873,1281,1993,
52.44385736188741,95855,874,1281,1993,
52.445065321049306,95855,874,1280,1994,
52.445508270361536,95854,875,1280,1994,
52.446110082296094,95854,875,1279,1995,
52.451212980066984,95854,874,1280,1995,
52.45166675105749,95854,873,1281,1995,
52.454073644478946,95853,874,1281,1995,
52.454773279850066,95853,874,1280,1996,
52.45826029839216,95853,873,1281,1996,
52.45979752523963,95853,873,1280,1997,
52.4604306972322,95852,874,1280,1997,
52.464193238314614,95852,873,1281,1997,
52.46591408302791,95851,874,1281,1997,
52.468640291286704,95851,874,1280,1998,
52.468762879607674,95851,874,1279,1999,
52.46918484867576,95850,875,1279,1999,
52.47276584119173,95850,875,1278,2000,
52.474757438513116,95849,876,1278,2000,
52.47850548488574,95848,877,1278,2000,
52.479225293264186,95848,876,1279,2000,
52.482483161228835,95848,876,1278,2001,
52.48258265703628,95848,876,1277,2002,
52.48413389216714,95847,877,1277,2002,
52.484279220768165,95847,877,1276,2003,
52.48848862387837,95847,877,1275,2004,
52.49359740842478,95847,877,1274,2005,
52.494028398400815,95847,877,1273,2006,
52.49770109930062,95846,878,1273,2006,
52.50081485930703,95846,877,1274,2006,
52.50388156172968,95846,876,1275,2006,
52.504983403406,95845,877,1275,2006,
52.50539042675785,95844,878,1275,2006,
52.50724748616725,95844,878,1274,2007,
52.509166716384485,95843,879,1274,2007,
52.51240585594567,95843,878,1275,2007,
52.51961493460152,95843,877,1276,2007,
52.51964159206905,95842,878,1276,2007,
52.52181016478532,95842,877,1277,2007,
52.524898320078314,95842,876,1278,2007,
52.52789365995303,95841,877,1278,2007,
52.531758511762085,95841,877,1277,2008,
52.53255758827451,95840,878,1277,2008,
52.53306214271356,95839,879,1277,2008,
52.53333327386016,95839,878,1278,2008,
52.5338000810947,95839,877,1279,2008,
52.5348013199365,95839,876,1280,2008,
52.53559787956585,95839,876,1279,2009,
52.53659136217925,95839,875,1280,2009,
52.541072137399006,95839,875,1279,2010,
52.54277259814044,95839,874,1280,2010,
52.544458053163495,95839,874,1279,2011,
52.54577249085163,95839,874,1278,2012,
52.54954695470269,95839,873,1279,2012,
52.55069431417989,95839,873,1278,2013,
52.55076108590024,95839,872,1279,2013,
52.55084969520979,95838,873,1279,2013,
52.55374249887447,95838,873,1278,2014,
52.55861240730456,95838,873,1277,2015,
52.562146155023775,95837,874,1277,2015,
52.563292407928515,95836,875,1277,2015,
52.56364428202795,95835,876,1277,2015,
52.567050208654585,95835,875,1278,2015,
52.570095430280496,95835,875,1277,2016,
52.57371367629446,95834,876,1277,2016,
52.57397897824184,95834,876,1276,2017,
52.57673023681323,95834,875,1277,2017,
52.57750964255282,95834,875,1276,2018,
52.58286747806345,95834,874,1277,2018,
52.587393691998436,95834,874,1276,2019,
52.58825164607327,95833,875,1276,2019,
52.58834681281322,95833,874,1277,2019,
52.58943122913021,95833,873,1278,2019,
52.58951355026107,95833,872,1279,2019,
52.59118234192503,95833,871,1280,2019,
52.59553709181438,95833,871,1279,2020,
52.59746702162535,95833,870,1280,2020,
52.598499257210506,95832,871,1280,2020,
52.599165431892956,95832,870,1281,2020,
52.60190261333679,95832,869,1282,2020,
52.60588298534874,95832,869,1281,2021,
52.60832125511489,95831,870,1281,2021,
52.60983744709958,95831,869,1282,2021,
52.61106882624402,95830,870,1282,2021,
52.61180776443794,95830,869,1283,2021,
52.616275399578086,95829,870,1283,2021,
52.6182493286152,95828,871,1283,2021,
52.62277926644081,95827,872,1283,2021,
52.62542656938465,95827,871,1284,2021,
52.629998477013984,95827,871,1283,2022,
52.632270220772845,95826,872,1283,2022,
52.63642432467809,95826,871,1284,2022,
52.637487580032925,95826,870,1285,2022,
52.6420806033469,95826,869,1286,2022,
52.64439227133336,95826,868,1287,2022,
52.644657816857354,95826,868,1286,2023,
52.647312134731756,95825,869,1286,2023,
52.64938330908095,95825,869,1285,2024,
52.65193263173038,95824,870,1285,2024,
52.65298825888984,95824,869,1286,2024,
52.653775018252695,95824,869,1285,2025,
52.65410565147668,95824,868,1286,2025,
52.65425736351382,95824,868,1285,2026,
52.65581742973344,95824,867,1286,2026,
52.66140899770408,95823,868,1286,2026,
52.66660103169418,95823,868,1285,2027,
52.67039599572459,95822,869,1285,2027,
52.67611320170427,95822,869,1284,2028,
52.67929852404888,95821,870,1284,2028,
52.681154468261525,95820,871,1284,2028,
52.6816814069531,95820,870,1285,2028,
52.6843797405241,95819,871,1285,2028,
52.685502032829106,95819,870,1286,2028,
52.689426983219185,95818,871,1286,2028,
52.69258765277888,95818,871,1285,2029,
52.69656858105546,95818,871,1284,2030,
52.69933919343192,95817,872,1284,2030,
52.69937648863306,95816,873,1284,2030,
52.7013143235808,95816,873,1283,2031,
52.70990815833861,95816,872,1284,2031,
52.71219515744628,95816,872,1283,2032,
52.716538861412566,95816,872,1282,2033,
52.718172638425685,95816,872,1281,2034,
52.72025060407426,95816,872,1280,2035,
52.72192151841497,95816,871,1281,2035,
52.723384889094596,95816,871,1280,2036,
52.72354700397908,95816,871,1279,2037,
52.72418487472768,95816,871,1278,2038,
52.724621277489625,95815,872,1278,2038,
52.725648311876704,95815,871,1279,2038,
52.727937389671325,95814,872,1279,2038,
52.72875273947342,95813,873,1279,2038,
52.73096472653654,95813,872,1280,2038,
52.731505718585765,95813,871,1281,2038,
52.73266824828167,95813,871,1280,2039,
52.733477408764344,95813,871,1279,2040,
52.73422350735579,95813,871,1278,2041,
52.735609566631844,95813,871,1277,2042,
52.74002132131953,95813,870,1278,2042,
52.740788012095656,95812,871,1278,2042,
52.74190571298743,95811,872,1278,2042,
52.74279461074817,95810,873,1278,2042,
52.74346660693493,95809,874,1278,2042,
52.74520110100347,95808,875,1278,2042,
52.750864458799406,95808,875,1277,2043,
52.75208939064913,95808,875,1276,2044,
52.75991308295981,95808,874,1277,2044,
52.761866475796346,95808,873,1278,2044,
52.7623187296031,95808,872,1279,2044,
52.764160315793305,95808,872,1278,2045,
52.76723955792067,95808,872,1277,2046,
52.76929947139549,95808,871,1278,2046,
52.77183884039134,95807,872,1278,2046,
52.77244314588948,95806,873,1278,2046,
52.77246842492008,95806,873,1277,2047,
52.77251030166969,95805,874,1277,2047,
52.77667875151884,95804,875,1277,2047,
52.77669220780551,95803,876,1277,2047,
52.7807243195485,95803,875,1278,2047,
52.782152671779784,95803,875,1277,2048,
52.78589289551986,95802,876,1277,2048,
52.78589966255711,95802,875,1278,2048,
52.78705920553319,95802,874,1279,2048,
52.789311505955745,95802,873,1280,2048,
52.79248281893401,95802,873,1279,2049,
52.79410735640072,95802,873,1278,2050,
52.79578871184527,95802,872,1279,2050,
52.79632480373046,95802,872,1278,2051,
52.79793490048979,95802,871,1279,2051,
52.79930243924271,95802,870,1280,2051,
52.799893894327155,95802,870,1279,2052,
52.800640052189365,95802,869,1280,2052,
52.804418796659725,95802,869,1279,2053,
52.80685069261596,95801,870,1279,2053,
52.80790154503903,95801,870,1278,2054,
52.80860492756163,95801,869,1279,2054,
52.8093747378938,95800,870,1279,2054,
52.81536226474365,95799,871,1279,2054,
52.8162008137986,95799,870,1280,2054,
52.818817116476446,95799,870,1279,2055,
52.82153870549552,95799,869,1280,2055,
52.822409765380456,95799,869,1279,2056,
52.82703896892178,95799,868,1280,2056,
52.82735777302162,95799,867,1281,2056,
52.82759919485807,95799,867,1280,2057,
52.8282135137911,95798,868,1280,2057,
52.82975308845206,95798,868,1279,2058,
52.83040961491152,95797,869,1279,2058,
52.83433656932016,95797,868,1280,2058,
52.83574039485082,95796,869,1280,2058,
52.838292761479345,95796,868,1281,2058,
52.83970352345193,95795,869,1281,2058,
52.842985523781635,95795,869,1280,2059,
52.84676792847696,95794,870,1280,2059,
52.851194673051836,95794,870,1279,2060,
52.854633587455126,95794,869,1280,2060,
52.85485148653701,95794,868,1281,2060,
52.85577641965128,95793,869,1281,2060,
52.85695202379626,95793,868,1282,2060,
52.8604281992918,95793,867,1283,2060,
52.860490753167255,95793,866,1284,2060,
52.86395423057585,95793,865,1285,2060,
52.866453502203015,95793,864,1286,2060,
52.870522964269675,95792,865,1286,2060,
52.87282647606186,95792,865,1285,2061,
52.875096080157995,95791,866,1285,2061,
52.87643802159261,95791,866,1284,2062,
52.877622189386706,95791,865,1285,2062,
52.88099545280583,95790,866,1285,2062,
52.881027095974666,95789,867,1285,2062,
52.881724204460625,95789,866,1286,2062,
52.88177143485309,95789,865,1287,2062,
52.88240199290169,95789,864,1288,2062,
52.88392175413848,95789,864,1287,2063,
52.88540179291148,95789,863,1288,2063,
52.88574634706149,95789,862,1289,2063,
52.88772664510958,95789,861,1290,2063,
52.888074895644074,95789,861,1289,2064,
52.88900196132107,95789,860,1290,2064,
52.889526162789785,95789,859,1291,2064,
52.891686365189024,95789,859,1290,2065,
52.89217257121188,95789,858,1291,2065,
52.89836060610759,95788,859,1291,2065,
52.90211291545758,95788,858,1292,2065,
52.90244857014836,95788,857,1293,2065,
52.904591077880255,95787,858,1293,2065,
52.904670153362474,95787,858,1292,2066,
52.906750571368605,95787,858,1291,2067,
52.91112828018027,95787,858,1290,2068,
52.91522214722686,95786,859,1290,2068,
52.91939060463389,95786,859,1289,2069,
52.923332418724094,95785,860,1289,2069,
52.924594161607615,95784,861,1289,2069,
52.92538448408936,95784,861,1288,2070,
52.92723261162341,95784,860,1289,2070,
52.931128140842056,95784,859,1290,2070,
52.931391811994686,95784,858,1291,2070,
52.93175295913223,95784,858,1290,2071,
52.934101568738875,95784,858,1289,2072,
52.93535244244187,95784,858,1288,2073,
52.936373687872674,95784,858,1287,2074,
52.93777681568948,95784,858,1286,2075,
52.945189667167355,95784,857,1287,2075,
52.94568540927559,95784,856,1288,2075,
52.94688042882021,95784,856,1287,2076,
52.94978107401824,95784,856,1286,2077,
52.953031537283394,95784,855,1287,2077,
52.95401296481081,95783,856,1287,2077,
52.95435899892816,95782,857,1287,2077,
52.95607191219855,95782,857,1286,2078,
52.95721330224316,95782,857,1285,2079,
52.957803935700184,95782,857,1284,2080,
52.95870947716809,95782,856,1285,2080,
52.96053830864218,95782,855,1286,2080,
52.960901406014386,95782,855,1285,2081,
52.961576998813,95782,855,1284,2082,
52.96478341001579,95782,854,1285,2082,
52.96732747394775,95781,855,1285,2082,
52.96738801717919,95781,854,1286,2082,
52.967461407095726,95781,854,1285,2083,
52.96982062844549,95781,853,1286,2083,
52.9698779243405,95781,853,1285,2084,
52.97001346651115,95781,852,1286,2084,
52.97190952634887,95780,853,1286,2084,
52.97255164630444,95780,852,1287,2084,
52.97292357091768,95780,851,1288,2084,
52.976987445125665,95780,851,1287,2085,
52.97902497310873,95780,850,1288,2085,
52.98094426552546,95780,850,1287,2086,
52.98339497161617,95780,849,1288,2086,
52.987322679374294,95780,848,1289,2086,
52.98774829669557,95779,849,1289,2086,
52.98851477541749,95778,850,1289,2086,
52.99044573185384,95777,851,1289,2086,
52.99052733326956,95777,850,1290,2086,
52.99658525046551,95776,851,1290,2086,
52.99864037409955,95776,851,1289,2087,
53.00038913548955,95776,851,1288,2088,
53.003261864559875,95776,850,1289,2088,
53.00611361996558,95775,851,1289,2088,
53.00855729935191,95775,851,1288,2089,
53.014641704226904,95775,851,1287,2090,
53.01644983079602,95775,851,1286,2091,
53.018043596631614,95775,850,1287,2091,
53.01836399584302,95774,851,1287,2091,
53.01983486057972,95774,851,1286,2092,
53.02520895912715,95774,851,1285,2093,
53.025958122900946,95774,851,1284,2094,
53.026791362417505,95773,852,1284,2094,
53.02954462375317,95773,852,1283,2095,
53.036356934750714,95773,852,1282,2096,
53.043913463787376,95772,853,1282,2096,
53.04708407106146,95772,853,1281,2097,
53.04783304808605,95772,853,1280,2098,
53.051090531420996,95772,853,1279,2099,
53.0587468929656,95772,853,1278,2100,
53.05937491471204,95772,853,1277,2101,
53.06024944600401,95772,852,1278,2101,
53.060701601460046,95771,853,1278,2101,
53.06442683724388,95771,852,1279,2101,
53.06457325999833,95771,852,1278,2102,
53.06754350804088,95770,853,1278,2102,
53.0702194696011,95770,852,1279,2102,
53.07211411365324,95770,851,1280,2102,
53.07465926596852,95769,852,1280,2102,
53.076541971973455,95768,853,1280,2102,
53.0773720740508,95767,854,1280,2102,
53.085071147490275,95766,855,1280,2102,
53.08668422302326,95766,854,1281,2102,
53.0885671671756,95765,855,1281,2102,
53.0887257825901,95765,855,1280,2103,
53.094191934680595,95765,854,1281,2103,
53.10040998564462,95765,853,1282,2103,
53.10259622343436,95764,854,1282,2103,
53.10347702184751,95764,854,1281,2104,
53.10453571862208,95764,854,1280,2105,
53.107270468761584,95764,853,1281,2105,
53.109046744218716,95764,853,1280,2106,
53.11075527693562,95764,853,1279,2107,
53.111488208487174,95764,853,1278,2108,
53.11182256538724,95763,854,1278,2108,
53.1135607930651,95763,853,1279,2108,
53.11402049961622,95762,854,1279,2108,
53.11560778273412,95762,853,1280,2108,
53.12048283712626,95761,854,1280,2108,
53.12105712750356,95761,853,1281,2108,
53.12201076265551,95761,852,1282,2108,
53.12342811355636,95761,852,1281,2109,
53.12432450359814,95761,851,1282,2109,
53.126376879639395,95760,852,1282,2109,
53.1343845061431,95759,853,1282,2109,
53.14050790921479,95759,852,1283,2109,
53.1414501104458,95759,852,1282,2110,
53.142057795469384,95758,853,1282,2110,
53.14552577063209,95758,853,1281,2111,
53.14882173911527,95757,854,1281,2111,
53.149206493544455,95757,853,1282,2111,
53.14991880052885,95756,854,1282,2111,
53.15354575341765,95755,855,1282,2111,
53.15451813371212,95755,854,1283,2111,
53.155244400086,95755,854,1282,2112,
53.15868665086345,95755,853,1283,2112,
53.159134113188315,95755,852,1284,2112,
53.16538732074106,95755,852,1283,2113,
53.16908710157651,95754,853,1283,2113,
53.17155140925777,95754,852,1284,2113,
53.17487355955454,95754,852,1283,2114,
53.1752819335892,95753,853,1283,2114,
53.175792219178476,95753,853,1282,2115,
53.176018782656655,95753,852,1283,2115,
53.17752822833245,95753,851,1284,2115,
53.17927404914802,95752,852,1284,2115,
53.18102270883419,95751,853,1284,2115,
53.18135994931141,95751,853,1283,2116,
53.18436702524686,95751,853,1282,2117,
53.1864416960548,95750,854,1282,2117,
53.18717738990617,95749,855,1282,2117,
53.188008264646186,95749,855,1281,2118,
53.197427996844276,95749,855,1280,2119,
53.19795416969521,95749,855,1279,2120,
53.20004796329359,95749,855,1278,2121,
53.200176679464725,95748,856,1278,2121,
53.20174555505634,95747,857,1278,2121,
53.20400162613824,95747,857,1277,2122,
53.20621211378694,95747,857,1276,2123,
53.206522573270334,95747,857,1275,2124,
53.21325541004808,95746,858,1275,2124,
53.21536677936788,95746,858,1274,2125,
53.2154957528032,95746,857,1275,2125,
53.21823119783762,95746,857,1274,2126,
53.21856429042997,95745,858,1274,2126,
53.2188607321847,95744,859,1274,2126,
53.22565282329833,95744,859,1273,2127,
53.22882662812047,95744,859,1272,2128,
53.22907571096221,95744,858,1273,2128,
53.22941005572241,95744,858,1272,2129,
53.229670609358536,95744,857,1273,2129,
53.233466010942024,95743,858,1273,2129,
53.23431356284736,95743,857,1274,2129,
53.23538300040697,95743,856,1275,2129,
53.23659363953923,95743,856,1274,2130,
53.23711849435214,95743,856,1273,2131,
53.2395911147583,95743,855,1274,2131,
53.24259742449264,95743,854,1275,2131,
53.24416358078572,95742,855,1275,2131,
53.24658875753483,95741,856,1275,2131,
53.24712848357924,95740,857,1275,2131,
53.24764132218477,95740,857,1274,2132,
53.24925138818982,95740,856,1275,2132,
53.249881540592455,95740,856,1274,2133,
53.25149253264381,95739,857,1274,2133,
53.25329201867861,95739,856,1275,2133,
53.2590840869066,95739,856,1274,2134,
53.26007692084874,95739,855,1275,2134,
53.2616944154547,95739,854,1276,2134,
53.26249121361964,95738,855,1276,2134,
53.26304265057078,95738,855,1275,2135,
53.265072175284494,95737,856,1275,2135,
53.26520460167607,95736,857,1275,2135,
53.26622501942358,95736,856,1276,2135,
53.26750454174387,95736,855,1277,2135,
53.268083698684826,95736,854,1278,2135,
53.26820615794194,95736,853,1279,2135,
53.270240489701536,95735,854,1279,2135,
53.27095311791217,95735,854,1278,2136,
53.27435136150477,95735,853,1279,2136,
53.27539004540258,95735,853,1278,2137,
53.27644190019887,95735,852,1279,2137,
53.27979070684823,95734,853,1279,2137,
53.27987563373231,95733,854,1279,2137,
53.28013161248468,95733,853,1280,2137,
53.28048208805351,95732,854,1280,2137,
53.28310941949414,95732,854,1279,2138,
53.2857182866548,95732,853,1280,2138,
53.28954219810051,95732,852,1281,2138,
53.28977254398392,95731,853,1281,2138,
53.290023688487764,95731,853,1280,2139,
53.291614339357,95731,852,1281,2139,
53.29206881434234,95730,853,1281,2139,
53.29306224799689,95730,853,1280,2140,
53.293433819974865,95729,854,1280,2140,
53.29392045850455,95729,854,1279,2141,
53.29576112190281,95729,853,1280,2141,
53.296706246616374,95729,853,1279,2142,
53.29751907397187,95729,853,1278,2143,
53.299059298089546,95728,854,1278,2143,
53.301214407908084,95728,854,1277,2144,
53.30128240988343,95727,855,1277,2144,
53.30142429732374,95727,855,1276,2145,
53.30438347377232,95726,856,1276,2145,
53.30603729970328,95725,857,1276,2145,
53.30706114325321,95724,858,1276,2145,
53.31124208371972,95724,857,1277,2145,
53.312453329526164,95723,858,1277,2145,
53.315544933952495,95723,858,1276,2146,
53.31850702603334,95723,858,1275,2147,
53.320095519187774,95723,858,1274,2148,
53.32043965852277,95723,857,1275,2148,
53.32401517548094,95723,856,1276,2148,
53.32423049206788,95723,855,1277,2148,
53.329847359414,95722,856,1277,2148,
53.332176155297375,95722,856,1276,2149,
53.335204251484235,95721,857,1276,2149,
53.33592294366308,95720,858,1276,2149,
53.340799768593655,95719,859,1276,2149,
53.341150507657574,95718,860,1276,2149,
53.34123463570236,95718,859,1277,2149,
53.34283060022862,95718,858,1278,2149,
53.345089852142124,95717,859,1278,2149,
53.34587035344461,95717,859,1277,2150,
53.3465603396456,95716,860,1277,2150,
53.347925821687795,95716,860,1276,2151,
53.351109986827694,95716,860,1275,2152,
53.35136424145521,95715,861,1275,2152,
53.35268493860997,95714,862,1275,2152,
53.35354048873438,95714,862,1274,2153,
53.3539470960223,95714,861,1275,2153,
53.35501158076579,95714,860,1276,2153,
53.35511001163043,95713,861,1276,2153,
53.35947826059645,95713,861,1275,2154,
53.361646732329596,95713,860,1276,2154,
53.36354686833395,95712,861,1276,2154,
53.36361960601876,95712,860,1277,2154,
53.36671057276758,95711,861,1277,2154,
53.37159804303592,95711,860,1278,2154,
53.37197995412691,95711,860,1277,2155,
53.37278950736059,95711,859,1278,2155,
53.378923141773065,95711,859,1277,2156,
53.38201356881336,95711,859,1276,2157,
53.38843308117041,95711,858,1277,2157,
53.3918706916776,95710,859,1277,2157,
53.392470271393464,95710,858,1278,2157,
53.39435908878191,95709,859,1278,2157,
53.39666364117117,95709,858,1279,2157,
53.39666775261805,95709,857,1280,2157,
53.39728465586948,95709,856,1281,2157,
53.397965534766676,95708,857,1281,2157,
53.40123589187165,95708,857,1280,2158,
53.40432393067659,95708,857,1279,2159,
53.404918145059355,95707,858,1279,2159,
53.40522565594243,95707,858,1278,2160,
53.41593372405457,95706,859,1278,2160,
53.417073493216776,95705,860,1278,2160,
53.41799547912077,95704,861,1278,2160,
53.42425257275493,95703,862,1278,2160,
53.42747330115053,95702,863,1278,2160,
53.42974161539394,95702,863,1277,2161,
53.430586759185374,95702,862,1278,2161,
53.432121390181685,95702,862,1277,2162,
53.43289907847288,95702,862,1276,2163,
53.43386305819567,95702,861,1277,2163,
53.43464015518043,95702,861,1276,2164,
53.434642476935046,95702,860,1277,2164,
53.43518463082739,95702,859,1278,2164,
53.43548031091081,95701,860,1278,2164,
53.43653621598575,95700,861,1278,2164,
53.43764695544206,95700,861,1277,2165,
53.43870606354677,95699,862,1277,2165,
53.439451434274595,95699,861,1278,2165,
53.44105707614516,95699,861,1277,2166,
53.450388299876096,95699,860,1278,2166,
53.452440006564444,95698,861,1278,2166,
53.45295543925806,95698,860,1279,2166,
53.45436115552835,95697,861,1279,2166,
53.456938561400996,95697,860,1280,2166,
53.45780363817586,95697,859,1281,2166,
53.45879001731832,95697,858,1282,2166,
53.466952362539516,95696,859,1282,2166,
53.46777806887371,95696,859,1281,2167,
53.46947847230577,95696,859,1280,2168,
53.47476398331952,95696,859,1279,2169,
53.478700348419586,95696,859,1278,2170,
53.47953345139727,95696,859,1277,2171,
53.48408042482042,95695,860,1277,2171,
53.485600331183534,95695,859,1278,2171,
53.48720630802296,95694,860,1278,2171,
53.492235317964166,95694,859,1279,2171,
53.495784863646676,95694,858,1280,2171,
53.495970305273595,95694,858,1279,2172,
53.49600218573564,95693,859,1279,2172,
53.4961724200875,95692,860,1279,2172,
53.49641929800741,95692,859,1280,2172,
53.497440932131575,95692,858,1281,2172,
53.498824899668115,95692,858,1280,2173,
53.499287119368084,95692,857,1281,2173,
53.49934863836179,95692,857,1280,2174,
53.50108284105905,95692,857,1279,2175,
53.50404042224749,95691,858,1279,2175,
53.508504158222834,95690,859,1279,2175,
53.509340735038634,95690,859,1278,2176,
53.51025477384446,95690,859,1277,2177,
53.51275742690657,95690,858,1278,2177,
53.52515535972085,95690,857,1279,2177,
53.52657092968618,95689,858,1279,2177,
53.527687232672434,95689,858,1278,2178,
53.527726635828934,95689,857,1279,2178,
53.527956393536776,95688,858,1279,2178,
53.52870624875941,95688,857,1280,2178,
53.52933658515646,95688,856,1281,2178,
53.52952428839875,95688,856,1280,2179,
53.53312468723077,95687,857,1280,2179,
53.53316133151303,95687,856,1281,2179,
53.5352969075997,95687,856,1280,2180,
53.53596334903232,95686,857,1280,2180,
53.537900503639335,95685,858,1280,2180,
53.542284174072094,95684,859,1280,2180,
53.54262286245844,95684,858,1281,2180,
53.54332021244871,95683,859,1281,2180,
53.545308823498786,95683,858,1282,2180,
53.54698502541413,95683,857,1283,2180,
53.552309997385585,95683,856,1284,2180,
53.55373719417107,95683,855,1285,2180,
53.5539158216139,95683,855,1284,2181,
53.55476659853989,95683,855,1283,2182,
53.55497191320199,95683,855,1282,2183,
53.556338061341336,95682,856,1282,2183,
53.558847000274426,95682,856,1281,2184,
53.560817573276154,95681,857,1281,2184,
53.56444435703177,95680,858,1281,2184,
53.567925714481945,95680,858,1280,2185,
53.571101394090356,95680,857,1281,2185,
53.5716805130779,95680,856,1282,2185,
53.572915285449795,95680,855,1283,2185,
53.576593348861785,95679,856,1283,2185,
53.5784047950227,95678,857,1283,2185,
53.58095257625778,95678,856,1284,2185,
53.582028091366375,95678,855,1285,2185,
53.58776253187371,95677,856,1285,2185,
53.590070916211545,95677,856,1284,2186,
53.59403669884351,95677,856,1283,2187,
53.59441729448571,95676,857,1283,2187,
53.59462366828947,95676,856,1284,2187,
53.60161360541491,95676,855,1285,2187,
53.603514495411844,95676,855,1284,2188,
53.60529216363087,95676,855,1283,2189,
53.6054852357057,95676,854,1284,2189,
53.605572338020636,95675,855,1284,2189,
53.61006887353197,95675,854,1285,2189,
53.61060030961283,95674,855,1285,2189,
53.610612586981,95674,855,1284,2190,
53.61077870042084,95673,856,1284,2190,
53.61130945464332,95673,855,1285,2190,
53.61559488777346,95673,855,1284,2191,
53.61714474623195,95673,854,1285,2191,
53.61857503870264,95673,853,1286,2191,
53.62442018182237,95673,853,1285,2192,
53.625961704958335,95673,853,1284,2193,
53.62909053453074,95673,852,1285,2193,
53.63202880401031,95672,853,1285,2193,
53.63404087885103,95672,852,1286,2193,
53.634877644826275,95672,851,1287,2193,
53.63572747853689,95671,852,1287,2193,
53.63602844989316,95670,853,1287,2193,
53.636337905934376,95670,853,1286,2194,
53.6368043164301,95670,853,1285,2195,
53.637419378938006,95669,854,1285,2195,
53.63762769649835,95669,854,1284,2196,
53.6391628674534,95669,853,1285,2196,
53.64028741535539,95669,852,1286,2196,
53.64841072987603,95669,852,1285,2197,
53.65608127561697,95669,852,1284,2198,
53.65897685367951,95669,852,1283,2199,
53.66071970614858,95669,852,1282,2200,
53.66185142361065,95669,851,1283,2200,
53.665653938071365,95668,852,1283,2200,
53.66764971233106,95668,851,1284,2200,
53.66965186356393,95668,850,1285,2200,
53.66999164074851,95668,849,1286,2200,
53.67037551390212,95668,849,1285,2201,
53.67081475594976,95668,848,1286,2201,
53.674809149839035,95668,848,1285,2202,
53.67603419927417,95668,847,1286,2202,
53.67787500614392,95668,846,1287,2202,
53.68053229085721,95668,846,1286,2203,
53.68054485029635,95668,846,1285,2204,
53.68502447853265,95667,847,1285,2204,
53.69513664476667,95666,848,1285,2204,
53.69537777647278,95665,849,1285,2204,
53.69565118616309,95664,850,1285,2204,
53.69638253549732,95663,851,1285,2204,
53.70057896109417,95663,850,1286,2204,
53.709341564484404,95663,850,1285,2205,
53.70941280885869,95663,850,1284,2206,
53.71035791058999,95663,850,1283,2207,
53.71045137140922,95663,849,1284,2207,
53.71158736126358,95662,850,1284,2207,
53.71749052704156,95662,849,1285,2207,
53.72204978079416,95662,848,1286,2207,
53.72427836945084,95662,847,1287,2207,
53.724321555413304,95662,846,1288,2207,
53.728576231895616,95662,845,1289,2207,
53.73700490033587,95662,844,1290,2207,
53.742044198681114,95661,845,1290,2207,
53.74387062056161,95661,845,1289,2208,
53.74489233833433,95661,845,1288,2209,
53.74504246480561,95660,846,1288,2209,
53.74743004693657,95660,845,1289,2209,
53.75194258077461,95660,844,1290,2209,
53.759168043652345,95659,845,1290,2209,
53.7603112672504,95659,844,1291,2209,
53.7630821782294,95659,844,1290,2210,
53.76460971526879,95658,845,1290,2210,
53.7656555465758,95658,844,1291,2210,
53.76616647383411,95658,843,1292,2210,
53.766706407392896,95658,843,1291,2211,
53.76783725127558,95657,844,1291,2211,
53.768968787264996,95657,843,1292,2211,
53.771890241539694,95657,842,1293,2211,
53.7734389751848,95657,842,1292,2212,
53.773936291376565,95657,842,1291,2213,
53.773983497134246,95656,843,1291,2213,
53.774028775231514,95656,843,1290,2214,
53.77586826537974,95656,843,1289,2215,
53.77646138357176,95656,843,1288,2216,
53.780195820785586,95655,844,1288,2216,
53.78071922666418,95654,845,1288,2216,
53.78357213633787,95653,846,1288,2216,
53.78399297128909,95653,846,1287,2217,
53.7840124287787,95652,847,1287,2217,
53.78566101536726,95652,847,1286,2218,
53.78677774242125,95651,848,1286,2218,
53.78773052405906,95650,849,1286,2218,
53.790610735868476,95650,848,1287,2218,
53.79312533356474,95649,849,1287,2218,
53.79402329141686,95648,850,1287,2218,
53.79565528970104,95647,851,1287,2218,
53.80154082156375,95647,850,1288,2218,
53.80624266428126,95647,849,1289,2218,
53.80744611710007,95646,850,1289,2218,
53.80840551426609,95645,851,1289,2218,
53.81002013022774,95645,850,1290,2218,
53.81136722244266,95645,850,1289,2219,
53.81333394269036,95644,851,1289,2219,
53.81744974602737,95644,850,1290,2219,
53.821612438439956,95644,849,1291,2219,
53.822411668939935,95644,848,1292,2219,
53.82273803036409,95644,847,1293,2219,
53.8235005112257,95644,846,1294,2219,
53.82372737364841,95643,847,1294,2219,
53.82429993951908,95643,846,1295,2219,
53.827708444889275,95643,846,1294,2220,
53.82853357377067,95643,845,1295,2220,
53.83087985439261,95643,844,1296,2220,
53.83277739467176,95642,845,1296,2220,
53.83549074312506,95641,846,1296,2220,
53.83764332043564,95641,846,1295,2221,
53.84145726601912,95641,845,1296,2221,
53.84268501117033,95641,844,1297,2221,
53.84337032465093,95640,845,1297,2221,
53.846186854561346,95639,846,1297,2221,
53.84922950649439,95639,846,1296,2222,
53.850294780414195,95639,845,1297,2222,
53.857182706930594,95638,846,1297,2222,
53.86413529257638,95638,845,1298,2222,
53.86778901694352,95638,845,1297,2223,
53.86812021876457,95638,845,1296,2224,
53.86920834201771,95637,846,1296,2224,
53.87114262457956,95637,845,1297,2224,
53.87189695055568,95637,844,1298,2224,
53.87849815934378,95637,844,1297,2225,
53.879130782400736,95637,844,1296,2226,
53.879954232312905,95636,845,1296,2226,
53.8816565693764,95636,844,1297,2226,
53.88322682480676,95635,845,1297,2226,
53.884890182081584,95635,845,1296,2227,
53.88602194919089,95635,845,1295,2228,
53.88615899916543,95635,844,1296,2228,
53.88830100366144,95635,843,1297,2228,
53.889377682308485,95635,842,1298,2228,
53.88944661675892,95635,841,1299,2228,
53.89854039244876,95635,840,1300,2228,
53.899077072366445,95635,840,1299,2229,
53.90022623182591,95635,839,1300,2229,
53.90065356582872,95634,840,1300,2229,
53.902111128286045,95634,839,1301,2229,
53.90240286174608,95633,840,1301,2229,
53.90566768868284,95633,839,1302,2229,
53.90712571592718,95633,839,1301,2230,
53.90749083843101,95633,839,1300,2231,
53.90825134675608,95633,839,1299,2232,
53.9146472416929,95633,838,1300,2232,
53.91500276119419,95632,839,1300,2232,
53.91578263326328,95632,838,1301,2232,
53.921672410303195,95632,838,1300,2233,
53.92312372800361,95632,838,1299,2234,
53.92617899924146,95632,838,1298,2235,
53.92843833087831,95632,838,1297,2236,
53.9313205173453,95632,837,1298,2236,
53.93309563175838,95632,836,1299,2236,
53.93923578658293,95632,836,1298,2237,
53.9395800589999,95631,837,1298,2237,
53.94012258941357,95631,837,1297,2238,
53.94109599910507,95630,838,1297,2238,
53.94197137318311,95630,837,1298,2238,
53.943237080408416,95630,837,1297,2239,
53.94684285510598,95629,838,1297,2239,
53.947611181895965,95629,838,1296,2240,
53.94843733380672,95629,838,1295,2241,
53.95024550712252,95629,837,1296,2241,
53.95120296102851,95629,836,1297,2241,
53.95552188324305,95629,835,1298,2241,
53.95996286810695,95628,836,1298,2241,
53.96191679260081,95628,836,1297,2242,
53.965407639907895,95628,836,1296,2243,
53.967805329368744,95628,835,1297,2243,
53.9680171792869,95628,835,1296,2244,
53.96977900980042,95627,836,1296,2244,
53.971205000140365,95627,835,1297,2244,
53.97244253429311,95626,836,1297,2244,
53.97287844976417,95625,837,1297,2244,
53.97578000829699,95625,836,1298,2244,
53.97727688905655,95624,837,1298,2244,
53.97780258939999,95623,838,1298,2244,
53.97872115778061,95623,837,1299,2244,
53.9801556272165,95622,838,1299,2244,
53.98131518504477,95621,839,1299,2244,
53.98486646501178,95621,838,1300,2244,
53.99006572455423,95621,838,1299,2245,
53.992452978708485,95621,838,1298,2246,
53.99315504195354,95620,839,1298,2246,
53.99415416185654,95619,840,1298,2246,
53.99481312660611,95618,841,1298,2246,
53.99548614790848,95618,841,1297,2247,
53.99944997923099,95617,842,1297,2247,
54.00085583323399,95617,842,1296,2248,
54.00163976621816,95617,841,1297,2248,
54.003511750812194,95617,840,1298,2248,
54.00469697600824,95617,839,1299,2248,
54.004991971487755,95617,839,1298,2249,
54.00560933021106,95616,840,1298,2249,
54.00974858137868,95616,840,1297,2250,
54.01161238111698,95616,839,1298,2250,
54.012294002925756,95616,839,1297,2251,
54.01244925650692,95615,840,1297,2251,
54.01250560194055,95614,841,1297,2251,
54.01487063331442,95613,842,1297,2251,
54.014950497065854,95613,841,1298,2251,
54.01676092181391,95613,840,1299,2251,
54.01767565660605,95613,839,1300,2251,
54.02001788163429,95613,838,1301,2251,
54.02017622948995,95613,838,1300,2252,
54.0327500155831,95612,839,1300,2252,
54.036054215638714,95611,840,1300,2252,
54.03620882140192,95611,840,1299,2253,
54.03721289811224,95611,839,1300,2253,
54.037470120990385,95611,839,1299,2254,
54.03855079918732,95611,838,1300,2254,
54.03889675020995,95611,837,1301,2254,
54.039007279636394,95611,837,1300,2255,
54.0417918134402,95611,837,1299,2256,
54.046964685852004,95611,836,1300,2256,
54.050642789935004,95611,835,1301,2256,
54.050814798557305,95610,836,1301,2256,
54.053949359452744,95609,837,1301,2256,
54.05420552097611,95609,836,1302,2256,
54.05528500149266,95609,835,1303,2256,
54.06077717932001,95608,836,1303,2256,
54.07023572348228,95608,836,1302,2257,
54.07197235121236,95608,836,1301,2258,
54.07235180840185,95608,836,1300,2259,
54.07327394713153,95608,836,1299,2260,
54.08041914162459,95608,836,1298,2261,
54.08073295700035,95608,836,1297,2262,
54.08189254953024,95608,835,1298,2262,
54.08552341888591,95607,836,1298,2262,
54.08809319836392,95607,836,1297,2263,
54.089412740601176,95606,837,1297,2263,
54.09147807629745,95605,838,1297,2263,
54.09562348617259,95604,839,1297,2263,
54.0980716648399,95603,840,1297,2263,
54.09896457548372,95603,840,1296,2264,
54.100597242775656,95603,839,1297,2264,
54.10092580896374,95602,840,1297,2264,
54.106102227448815,95602,839,1298,2264,
54.10878207310083,95602,839,1297,2265,
54.110130137709696,95602,838,1298,2265,
54.111979367376236,95602,837,1299,2265,
54.11305259235756,95601,838,1299,2265,
54.11451657155069,95600,839,1299,2265,
54.11484473844895,95599,840,1299,2265,
54.115296853632174,95599,839,1300,2265,
54.11570564375615,95598,840,1300,2265,
54.12076704043068,95598,840,1299,2266,
54.12284803528851,95598,840,1298,2267,
54.1231257701418,95598,839,1299,2267,
54.12336651433569,95598,838,1300,2267,
54.12992542722061,95598,838,1299,2268,
54.136844536815296,95597,839,1299,2268,
54.142504667933316,95597,838,1300,2268,
54.14500434624087,95596,839,1300,2268,
54.14887334203112,95595,840,1300,2268,
54.15024779272584,95595,840,1299,2269,
54.154323426817385,95595,840,1298,2270,
54.16054411616286,95595,839,1299,2270,
54.163971665119035,95594,840,1299,2270,
54.16540356019574,95593,841,1299,2270,
54.16543063773478,95593,840,1300,2270,
54.16852788186229,95593,840,1299,2271,
54.170424894550926,95593,839,1300,2271,
54.17119629035548,95593,839,1299,2272,
54.171470718372014,95593,838,1300,2272,
54.171717312034076,95592,839,1300,2272,
54.17260065463863,95592,838,1301,2272,
54.17500993712566,95592,838,1300,2273,
54.17603770408501,95591,839,1300,2273,
54.177693650407726,95591,839,1299,2274,
54.19237607533604,95590,840,1299,2274,
54.19283628231016,95590,840,1298,2275,
54.19773966070036,95590,840,1297,2276,
54.20460166156338,95590,840,1296,2277,
54.20552063693291,95590,840,1295,2278,
54.209550143986135,95590,839,1296,2278,
54.2111431833179,95590,838,1297,2278,
54.21466367962074,95589,839,1297,2278,
54.2147073154133,95589,839,1296,2279,
54.21487663804083,95589,838,1297,2279,
54.22012395679191,95589,837,1298,2279,
54.221497326152054,95588,838,1298,2279,
54.221539620514484,95588,837,1299,2279,
54.22929763836208,95587,838,1299,2279,
54.232038686709714,95587,837,1300,2279,
54.23210501269745,95586,838,1300,2279,
54.233451960727706,95586,837,1301,2279,
54.24025996467675,95585,838,1301,2279,
54.24212300772397,95585,837,1302,2279,
54.252226408942164,95584,838,1302,2279,
54.25256940854291,95584,838,1301,2280,
54.25459508963365,95583,839,1301,2280,
54.25502604007842,95582,840,1301,2280,
54.25553825561498,95582,839,1302,2280,
54.25709008391875,95582,838,1303,2280,
54.257227087421725,95582,838,1302,2281,
54.259906775622106,95582,837,1303,2281,
54.260242889457125,95581,838,1303,2281,
54.268489354845165,95580,839,1303,2281,
54.268831721718506,95580,838,1304,2281,
54.27064158820568,95579,839,1304,2281,
54.273400386056444,95579,839,1303,2282,
54.27418657498161,95578,840,1303,2282,
54.27714309307382,95578,839,1304,2282,
54.27858769076384,95578,838,1305,2282,
54.280118003250635,95578,838,1304,2283,
54.28333179551989,95578,837,1305,2283,
54.285057372394114,95578,836,1306,2283,
54.28540005663708,95578,835,1307,2283,
54.28653740437352,95578,835,1306,2284,
54.28680378429668,95577,836,1306,2284,
54.290163102290364,95577,836,1305,2285,
54.290789087055025,95577,836,1304,2286,
54.29205036536422,95577,835,1305,2286,
54.29243833178694,95576,836,1305,2286,
54.29398020625139,95576,836,1304,2287,
54.295527862622784,95576,836,1303,2288,
54.296038772878866,95575,837,1303,2288,
54.29627656728121,95575,837,1302,2289,
54.298634322843576,95575,836,1303,2289,
54.3002963804622,95574,837,1303,2289,
54.30262440963914,95574,836,1304,2289,
54.30324966099364,95574,835,1305,2289,
54.305174478692194,95573,836,1305,2289,
54.307271877324496,95573,835,1306,2289,
54.310701009672805,95573,835,1305,2290,
54.31152962880665,95572,836,1305,2290,
54.32219065654438,95571,837,1305,2290,
54.32480929075648,95570,838,1305,2290,
54.32520026306445,95570,838,1304,2291,
54.325829522492775,95570,838,1303,2292,
54.328286859800116,95569,839,1303,2292,
54.33177653666893,95569,839,1302,2293,
54.33583566594551,95569,838,1303,2293,
54.336475886137066,95568,839,1303,2293,
54.33780190451248,95567,840,1303,2293,
54.338126226073136,95566,841,1303,2293,
54.33909673533551,95566,841,1302,2294,
54.339126401859524,95566,840,1303,2294,
54.342936489527446,95566,839,1304,2294,
54.34378473914022,95566,839,1303,2295,
54.344002076537784,95565,840,1303,2295,
54.34449781807501,95565,839,1304,2295,
54.34547286186869,95565,838,1305,2295,
54.34630661501944,95565,838,1304,2296,
54.34646476413045,95565,838,1303,2297,
54.35174224158318,95565,837,1304,2297,
54.35379185938016,95565,836,1305,2297,
54.357781680590804,95565,836,1304,2298,
54.35954450358267,95564,837,1304,2298,
54.36058548908819,95564,837,1303,2299,
54.361281834965965,95563,838,1303,2299,
54.36189091116907,95563,838,1302,2300,
54.362049050804615,95563,837,1303,2300,
54.36481904527672,95563,836,1304,2300,
54.36853598006577,95563,835,1305,2300,
54.37066391908977,95563,835,1304,2301,
54.374107279801535,95562,836,1304,2301,
54.37625655452103,95562,836,1303,2302,
54.37936835536898,95561,837,1303,2302,
54.37951057138013,95561,837,1302,2303,
54.38757535552826,95561,836,1303,2303,
54.38775714780233,95561,835,1304,2303,
54.38825330047749,95561,834,1305,2303,
54.392271027297035,95560,835,1305,2303,
54.396622702788726,95559,836,1305,2303,
54.399281037674335,95559,836,1304,2304,
54.403695756244865,95559,836,1303,2305,
54.403926309595754,95559,835,1304,2305,
54.40500704145967,95559,835,1303,2306,
54.410918886521614,95558,836,1303,2306,
54.412126512227466,95558,836,1302,2307,
54.41837678426802,95558,836,1301,2308,
54.420167041043406,95558,835,1302,2308,
54.420207211696294,95557,836,1302,2308,
54.427528052483815,95557,835,1303,2308,
54.43077230174425,95557,834,1304,2308,
54.43227664580867,95557,833,1305,2308,
54.433662464597795,95556,834,1305,2308,
54.43566189173243,95556,833,1306,2308,
54.43958801562621,95555,834,1306,2308,
54.450150079611404,95554,835,1306,2308,
54.45933025462263,95554,835,1305,2309,
54.46169001017505,95554,835,1304,2310,
54.46405954416097,95554,834,1305,2310,
54.46497499885675,95554,834,1304,2311,
54.46985437373515,95554,834,1303,2312,
54.471829380754144,95554,834,1302,2313,
54.4733180876051,95554,833,1303,2313,
54.475634961926716,95553,834,1303,2313,
54.47688533042702,95552,835,1303,2313,
54.477245347267036,95551,836,1303,2313,
54.48114067620409,95550,837,1303,2313,
54.48751616903853,95550,837,1302,2314,
54.48878676575156,95550,837,1301,2315,
54.48923138288856,95550,836,1302,2315,
54.489389225771134,95550,835,1303,2315,
54.49771434466139,95550,835,1302,2316,
54.49810780355777,95550,834,1303,2316,
54.50298940987578,95550,834,1302,2317,
54.50370553476253,95550,833,1303,2317,
54.50881877467599,95550,833,1302,2318,
54.510634579506245,95549,834,1302,2318,
54.51093308510181,95549,833,1303,2318,
54.51220958152496,95549,832,1304,2318,
54.512980896692774,95549,831,1305,2318,
54.513692204848425,95549,831,1304,2319,
54.514543736833815,95549,831,1303,2320,
54.51715072277561,95548,832,1303,2320,
54.51822268572516,95548,832,1302,2321,
54.51975679113049,95548,832,1301,2322,
54.521185431989466,95548,832,1300,2323,
54.52194784004974,95548,832,1299,2324,
54.52230271791654,95548,832,1298,2325,
54.52235127109779,95547,833,1298,2325,
54.5263282832704,95547,832,1299,2325,
54.52813615203065,95547,832,1298,2326,
54.52948407125654,95547,831,1299,2326,
54.530509162269894,95546,832,1299,2326,
54.53235205387615,95546,831,1300,2326,
54.53913496406592,95545,832,1300,2326,
54.54128635505578,95545,832,1299,2327,
54.54361337608709,95545,832,1298,2328,
54.54437531684466,95545,832,1297,2329,
54.54490170455782,95545,832,1296,2330,
54.54491965845349,95545,832,1295,2331,
54.5461630972934,95545,831,1296,2331,
54.54731650732643,95544,832,1296,2331,
54.549273914198324,95544,832,1295,2332,
54.550279044822304,95543,833,1295,2332,
54.553146367356135,95543,833,1294,2333,
54.557967531800415,95542,834,1294,2333,
54.55857107899375,95542,834,1293,2334,
54.558651289483464,95542,833,1294,2334,
54.56006630194932,95542,832,1295,2334,
54.56302819275353,95541,833,1295,2334,
54.56330767034243,95541,833,1294,2335,
54.564468957241104,95541,833,1293,2336,
54.565292732920334,95541,832,1294,2336,
54.573935714265346,95541,831,1295,2336,
54.57523924899384,95540,832,1295,2336,
54.578786983086324,95540,832,1294,2337,
54.579232089034214,95540,832,1293,2338,
54.57989815864498,95540,832,1292,2339,
54.58160968742677,95540,832,1291,2340,
54.58304412963829,95540,832,1290,2341,
54.584171568064335,95540,831,1291,2341,
54.58434534279732,95540,830,1292,2341,
54.58444645964789,95539,831,1292,2341,
54.58763110118285,95539,831,1291,2342,
54.589710503014985,95539,831,1290,2343,
54.5914410633196,95538,832,1290,2343,
54.59389642405897,95538,831,1291,2343,
54.59463909692386,95538,831,1290,2344,
54.597300687518285,95538,831,1289,2345,
54.59840344601015,95538,830,1290,2345,
54.59926872977161,95537,831,1290,2345,
54.59984245450701,95537,830,1291,2345,
54.6002247143975,95537,830,1290,2346,
54.60064903895141,95537,830,1289,2347,
54.605252840100604,95537,830,1288,2348,
54.60658868057816,95537,830,1287,2349,
54.607543225388696,95537,830,1286,2350,
54.61109673736473,95537,830,1285,2351,
54.61147622289675,95537,830,1284,2352,
54.61167966113506,95537,829,1285,2352,
54.61431765851361,95537,829,1284,2353,
54.61458885833954,95537,828,1285,2353,
54.61567100256702,95536,829,1285,2353,
54.61795390315906,95536,829,1284,2354,
54.62030980032473,95536,828,1285,2354,
54.62095537865403,95536,827,1286,2354,
54.62167955722976,95536,826,1287,2354,
54.62712625864331,95536,826,1286,2355,
54.63462246756099,95535,827,1286,2355,
54.636630883286266,95534,828,1286,2355,
54.63922902797344,95534,827,1287,2355,
54.64122114903358,95533,828,1287,2355,
54.64448268764208,95532,829,1287,2355,
54.649879376159305,95532,829,1286,2356,
54.65091706298237,95532,829,1285,2357,
54.65166246977381,95532,828,1286,2357,
54.65395271550066,95531,829,1286,2357,
54.659975707746,95531,828,1287,2357,
54.66074458451763,95530,829,1287,2357,
54.66562065728295,95530,828,1288,2357,
54.66881090547598,95530,828,1287,2358,
54.669520572705295,95530,827,1288,2358,
54.66969842400377,95530,827,1287,2359,
54.67031609562994,95530,827,1286,2360,
54.67384181705716,95530,827,1285,2361,
54.675504734174176,95529,828,1285,2361,
54.6853801819399,95529,827,1286,2361,
54.6877333035649,95529,826,1287,2361,
54.68805257862916,95528,827,1287,2361,
54.69286235942082,95527,828,1287,2361,
54.696170635897076,95526,829,1287,2361,
54.702376865943805,95526,829,1286,2362,
54.703010600381624,95525,830,1286,2362,
54.70517760358981,95525,830,1285,2363,
54.70571536120937,95525,829,1286,2363,
54.70578264158318,95525,828,1287,2363,
54.707853827618145,95525,827,1288,2363,
54.709581701959735,95524,828,1288,2363,
54.70998844333325,95524,827,1289,2363,
54.710885833380004,95523,828,1289,2363,
54.71278743982034,95523,828,1288,2364,
54.714678202242446,95523,828,1287,2365,
54.715103925719355,95523,828,1286,2366,
54.71668217848804,95523,828,1285,2367,
54.71739836683156,95523,828,1284,2368,
54.72227228264671,95523,827,1285,2368,
54.72568434158763,95522,828,1285,2368,
54.72860958339817,95521,829,1285,2368,
54.732735003776504,95521,828,1286,2368,
54.73299482489245,95521,827,1287,2368,
54.73329329595872,95521,827,1286,2369,
54.738786543396046,95520,828,1286,2369,
54.740389287881314,95520,827,1287,2369,
54.740449744196,95520,826,1288,2369,
54.74148805836118,95520,825,1289,2369,
54.74193265757465,95520,825,1288,2370,
54.74646791772136,95520,825,1287,2371,
54.74790766308387,95520,825,1286,2372,
54.748377221747866,95520,824,1287,2372,
54.74942495451766,95520,824,1286,2373,
54.75133932065635,95520,823,1287,2373,
54.751483968791376,95520,823,1286,2374,
54.755165146819635,95520,822,1287,2374,
54.756164489444295,95520,822,1286,2375,
54.75939486111715,95520,821,1287,2375,
54.76168504392626,95520,821,1286,2376,
54.76346331991787,95520,821,1285,2377,
54.76499568270317,95520,820,1286,2377,
54.76639999159542,95520,820,1285,2378,
54.767606000577594,95520,819,1286,2378,
54.7688306005802,95520,819,1285,2379,
54.77038743616471,95519,820,1285,2379,
54.77722044868801,95518,821,1285,2379,
54.77750111856342,95517,822,1285,2379,
54.78006684848018,95516,823,1285,2379,
54.780714776400316,95515,824,1285,2379,
54.78079290576201,95515,823,1286,2379,
54.78197179160091,95514,824,1286,2379,
54.78550100091473,95514,823,1287,2379,
54.790616503384435,95514,823,1286,2380,
54.795430876368684,95514,822,1287,2380,
54.79762608764406,95514,822,1286,2381,
54.799645132601924,95514,822,1285,2382,
54.801644096567365,95513,823,1285,2382,
54.80435426589268,95513,823,1284,2383,
54.80614292496564,95513,823,1283,2384,
54.806699974650684,95513,823,1282,2385,
54.808071091233614,95513,823,1281,2386,
54.81221775526518,95513,822,1282,2386,
54.81379578618156,95513,822,1281,2387,
54.8185235087829,95513,822,1280,2388,
54.81908036949204,95512,823,1280,2388,
54.82176894201712,95512,823,1279,2389,
54.82325704868181,95512,823,1278,2390,
54.82631259556252,95511,824,1278,2390,
54.82823871790182,95511,823,1279,2390,
54.8310455327003,95511,822,1280,2390,
54.832399705533014,95510,823,1280,2390,
54.83493369512306,95509,824,1280,2390,
54.83642524816148,95508,825,1280,2390,
54.836533236553976,95508,824,1281,2390,
54.839208732678436,95508,824,1280,2391,
54.839488125374594,95508,823,1281,2391,
54.84128816131976,95508,822,1282,2391,
54.84234364907625,95508,822,1281,2392,
54.84507507645647,95508,821,1282,2392,
54.84686937954516,95508,820,1283,2392,
54.847850641243525,95508,819,1284,2392,
54.8480497350139,95507,820,1284,2392,
54.85329602808345,95506,821,1284,2392,
54.85882074114276,95505,822,1284,2392,
54.85967973407587,95505,822,1283,2393,
54.8610816222246,95505,821,1284,2393,
54.86625171510738,95505,820,1285,2393,
54.86836779271627,95505,819,1286,2393,
54.872757324244645,95504,820,1286,2393,
54.877124010380335,95504,819,1287,2393,
54.8774532362403,95504,818,1288,2393,
54.878897566541866,95503,819,1288,2393,
54.88441783082821,95503,819,1287,2394,
54.88962015212417,95503,819,1286,2395,
54.89126532966792,95503,819,1285,2396,
54.892092878386364,95503,819,1284,2397,
54.89282428074643,95503,819,1283,2398,
54.89743570723966,95503,818,1284,2398,
54.89746766349636,95503,818,1283,2399,
54.89800683301003,95502,819,1283,2399,
54.89889060318642,95501,820,1283,2399,
54.89945117247019,95501,820,1282,2400,
54.900585409337864,95500,821,1282,2400,
54.90071748894372,95499,822,1282,2400,
54.90227832477605,95499,822,1281,2401,
54.902670620780135,95499,822,1280,2402,
54.904590831122384,95499,821,1281,2402,
54.907334232735366,95499,820,1282,2402,
54.91046069044511,95499,819,1283,2402,
54.914828286666136,95499,819,1282,2403,
54.922070019716294,95498,820,1282,2403,
54.9227269977913,95497,821,1282,2403,
54.92459877217911,95496,822,1282,2403,
54.92517928470711,95496,822,1281,2404,
54.92636773281066,95496,822,1280,2405,
54.92645072113192,95496,822,1279,2406,
54.92683034469334,95496,822,1278,2407,
54.932258306274285,95496,821,1279,2407,
54.93348683109929,95496,820,1280,2407,
54.93510244183693,95496,819,1281,2407,
54.93671736932213,95496,819,1280,2408,
54.93854344764073,95496,819,1279,2409,
54.9395445645288,95496,818,1280,2409,
54.94124378736818,95495,819,1280,2409,
54.94253137480645,95495,819,1279,2410,
54.944462724736006,95495,818,1280,2410,
54.94691592483274,95494,819,1280,2410,
54.94767643837466,95494,818,1281,2410,
54.94845800431298,95494,818,1280,2411,
54.949848732856104,95493,819,1280,2411,
54.95125018015846,95493,819,1279,2412,
54.95572046086528,95493,818,1280,2412,
54.95583996416331,95492,819,1280,2412,
54.95956826547485,95492,819,1279,2413,
54.959631831284284,95492,818,1280,2413,
54.960378253025716,95492,818,1279,2414,
54.96518738057192,95492,817,1280,2414,
54.96527078069311,95491,818,1280,2414,
54.96998645584672,95491,818,1279,2415,
54.97298863135313,95491,817,1280,2415,
54.976329891299436,95490,818,1280,2415,
54.98304067291006,95489,819,1280,2415,
54.98363677608814,95488,820,1280,2415,
54.98463294970994,95488,820,1279,2416,
54.99090814859181,95488,820,1278,2417,
54.99318860869252,95488,820,1277,2418,
54.99763461733325,95488,819,1278,2418,
54.99835752180887,95488,819,1277,2419,
54.99962633653782,95488,818,1278,2419,
55.00551373314535,95488,818,1277,2420,
55.00676444544332,95488,818,1276,2421,
55.00765339514461,95488,817,1277,2421,
55.00979418693553,95488,816,1278,2421,
55.01002168709057,95487,817,1278,2421,
55.01042153150095,95486,818,1278,2421,
55.0147970634763,95486,817,1279,2421,
55.01625141590664,95485,818,1279,2421,
55.01770264335675,95485,818,1278,2422,
55.01779071281848,95485,818,1277,2423,
55.01963946204594,95485,818,1276,2424,
55.02513400288168,95485,818,1275,2425,
55.02538561490721,95484,819,1275,2425,
55.026328180725486,95484,819,1274,2426,
55.02723317774071,95484,818,1275,2426,
55.03696794763567,95484,818,1274,2427,
55.037047930289916,95483,819,1274,2427,
55.038217820913964,95482,820,1274,2427,
55.03938429964544,95481,821,1274,2427,
55.04112503906873,95481,821,1273,2428,
55.045883924144874,95480,822,1273,2428,
55.04600485009349,95480,821,1274,2428,
55.046785960376255,95480,821,1273,2429,
55.0476303591533,95479,822,1273,2429,
55.052653789016524,95478,823,1273,2429,
55.055073264521525,95477,824,1273,2429,
55.058925151953204,95477,824,1272,2430,
55.05935904839848,95477,823,1273,2430,
55.05967073357981,95476,824,1273,2430,
55.06033890469565,95476,823,1274,2430,
55.06056119652396,95475,824,1274,2430,
55.065939284269696,95474,825,1274,2430,
55.06702794686693,95474,824,1275,2430,
55.06821712233868,95474,824,1274,2431,
55.06826620569548,95474,824,1273,2432,
55.07014377869562,95474,823,1274,2432,
55.07035818027421,95474,822,1275,2432,
55.070968955978785,95474,822,1274,2433,
55.07220314689598,95474,822,1273,2434,
55.07342758940188,95474,821,1274,2434,
55.07553745729114,95473,822,1274,2434,
55.07842762431551,95473,821,1275,2434,
55.07919639632338,95473,821,1274,2435,
55.079691899538254,95472,822,1274,2435,
55.079812440028974,95472,821,1275,2435,
55.081292814187705,95472,821,1274,2436,
55.08229686959037,95472,821,1273,2437,
55.083187133371474,95471,822,1273,2437,
55.083770702511025,95471,821,1274,2437,
55.08637277524754,95471,820,1275,2437,
55.08705699887944,95471,819,1276,2437,
55.091175924104085,95471,819,1275,2438,
55.093445917413035,95471,819,1274,2439,
55.09525572576998,95471,819,1273,2440,
55.09908767540646,95470,820,1273,2440,
55.10194156420121,95470,820,1272,2441,
55.10325633758063,95469,821,1272,2441,
55.10584152961085,95469,820,1273,2441,
55.108656020478634,95469,819,1274,2441,
55.10885385035438,95468,820,1274,2441,
55.112030503356465,95468,819,1275,2441,
55.112205607931905,95467,820,1275,2441,
55.11312280739499,95466,821,1275,2441,
55.11371292680494,95466,820,1276,2441,
55.115220816520925,95466,819,1277,2441,
55.115280845529,95465,820,1277,2441,
55.11850133979989,95465,820,1276,2442,
55.118906272879755,95465,820,1275,2443,
55.12020807347905,95465,819,1276,2443,
55.121913291128365,95465,819,1275,2444,
55.12673243332312,95465,818,1276,2444,
55.126932810719666,95465,817,1277,2444,
55.1303175267975,95465,816,1278,2444,
55.13129522707996,95464,817,1278,2444,
55.13211701702126,95464,817,1277,2445,
55.13357614407319,95464,817,1276,2446,
55.13647641016585,95464,816,1277,2446,
55.13679314153268,95464,815,1278,2446,
55.13955304231516,95463,816,1278,2446,
55.14875981867717,95463,815,1279,2446,
55.15041822078483,95463,815,1278,2447,
55.15138668934813,95463,815,1277,2448,
55.151897954216885,95462,816,1277,2448,
55.15291968248326,95462,816,1276,2449,
55.15426597490496,95462,816,1275,2450,
55.1564140922669,95462,816,1274,2451,
55.1584288593435,95462,816,1273,2452,
55.15915650795897,95462,815,1274,2452,
55.161406978360056,95461,816,1274,2452,
55.16773495832862,95460,817,1274,2452,
55.17032206871753,95460,817,1273,2453,
55.17082043651411,95459,818,1273,2453,
55.174614358306,95459,818,1272,2454,
55.17588970464392,95459,818,1271,2455,
55.1771980707052,95459,817,1272,2455,
55.177951295817046,95458,818,1272,2455,
55.18091290451457,95458,817,1273,2455,
55.18594227631479,95457,818,1273,2455,
55.19074203270789,95456,819,1273,2455,
55.1935037381152,95456,819,1272,2456,
55.195746293325385,95456,819,1271,2457,
55.20369168408933,95456,818,1272,2457,
55.204955318880025,95456,817,1273,2457,
55.20715138964768,95456,816,1274,2457,
55.20719203442262,95455,817,1274,2457,
55.220753164500536,95455,817,1273,2458,
55.223900637561584,95455,816,1274,2458,
55.225351332600766,95455,816,1273,2459,
55.227627110343974,95454,817,1273,2459,
55.23287886235349,95454,817,1272,2460,
55.23380834169557,95454,816,1273,2460,
55.23909843739788,95454,815,1274,2460,
55.23927089771044,95454,814,1275,2460,
55.247197928950094,95454,814,1274,2461,
55.2476753408862,95454,814,1273,2462,
55.2501835724963,95454,814,1272,2463,
55.25184302624386,95454,814,1271,2464,
55.25523160714204,95453,815,1271,2464,
55.25545336805783,95453,815,1270,2465,
55.26026488998497,95453,814,1271,2465,
55.263236246838005,95453,814,1270,2466,
55.266158913748136,95453,813,1271,2466,
55.26696963603049,95453,813,1270,2467,
55.26798039811156,95453,813,1269,2468,
55.27069089464542,95453,812,1270,2468,
55.273807683851814,95453,811,1271,2468,
55.27425163001908,95453,811,1270,2469,
55.27441991607499,95452,812,1270,2469,
55.277993006181006,95451,813,1270,2469,
55.279507572780346,95451,813,1269,2470,
55.28001620687887,95450,814,1269,2470,
55.28076884790205,95450,814,1268,2471,
55.282855317995455,95450,813,1269,2471,
55.28328823565753,95450,813,1268,2472,
55.28431184972097,95450,812,1269,2472,
55.28466500368762,95450,811,1270,2472,
55.29074655550831,95450,811,1269,2473,
55.291001165356526,95450,810,1270,2473,
55.29169049944646,95450,810,1269,2474,
55.29176962537337,95450,809,1270,2474,
55.295900113961245,95450,809,1269,2475,
55.29885275587105,95450,809,1268,2476,
55.299786386848425,95449,810,1268,2476,
55.3067420677152,95449,810,1267,2477,
55.30688431018732,95449,810,1266,2478,
55.30933358054472,95449,810,1265,2479,
55.3107212593435,95448,811,1265,2479,
55.31172673429622,95447,812,1265,2479,
55.31201658639582,95447,812,1264,2480,
55.31284362074801,95447,812,1263,2481,
55.319110600814874,95446,813,1263,2481,
55.3227359091978,95446,813,1262,2482,
55.32461047548306,95446,812,1263,2482,
55.332111169906725,95446,812,1262,2483,
55.33495477385798,95446,811,1263,2483,
55.33513914390428,95445,812,1263,2483,
55.33550722747418,95445,812,1262,2484,
55.33700718139166,95445,811,1263,2484,
55.338134865232945,95445,811,1262,2485,
55.33959674668635,95444,812,1262,2485,
55.34524284939949,95444,812,1261,2486,
55.34778651562762,95444,811,1262,2486,
55.34973046843952,95444,810,1263,2486,
55.352298004508704,95444,810,1262,2487,
55.358213426115924,95444,809,1263,2487,
55.35822777402865,95444,808,1264,2487,
55.35982597230031,95444,808,1263,2488,
55.367125714677485,95444,807,1264,2488,
55.367413023882555,95444,806,1265,2488,
55.36828381621288,95444,805,1266,2488,
55.36943922152427,95443,806,1266,2488,
55.37248782460059,95443,805,1267,2488,
55.38376014777018,95442,806,1267,2488,
55.3847847594392,95442,805,1268,2488,
55.38776654024575,95442,804,1269,2488,
55.38822827499564,95442,803,1270,2488,
55.39325508356771,95441,804,1270,2488,
55.39506347288347,95441,804,1269,2489,
55.3952830736325,95441,804,1268,2490,
55.39660193328781,95441,804,1267,2491,
55.3977231361561,95440,805,1267,2491,
55.39788374189205,95439,806,1267,2491,
55.40050617793288,95439,806,1266,2492,
55.40075606815297,95439,806,1265,2493,
55.40175002738575,95439,805,1266,2493,
55.40241827497711,95439,804,1267,2493,
55.41471686899588,95439,803,1268,2493,
55.41581300369696,95439,802,1269,2493,
55.416619235700054,95439,801,1270,2493,
55.417103766977625,95439,800,1271,2493,
55.41908305359934,95439,800,1270,2494,
55.4205893743061,95439,800,1269,2495,
55.421944951030234,95438,801,1269,2495,
55.42207072067154,95438,800,1270,2495,
55.42288918137002,95438,800,1269,2496,
55.423708210074885,95438,799,1270,2496,
55.42422527953753,95438,799,1269,2497,
55.42592647093696,95437,800,1269,2497,
55.43325519967078,95437,800,1268,2498,
55.43485426745933,95436,801,1268,2498,
55.43538564104067,95436,801,1267,2499,
55.438610626165655,95436,801,1266,2500,
55.43862935068485,95436,801,1265,2501,
55.43898605387488,95436,801,1264,2502,
55.44035834775062,95436,800,1265,2502,
55.44164562170068,95435,801,1265,2502,
55.4450156259066,95435,800,1266,2502,
55.445493733878315,95435,800,1265,2503,
55.44656190228773,95434,801,1265,2503,
55.44660455259517,95434,801,1264,2504,
55.44757555271729,95434,801,1263,2505,
55.45122557559927,95433,802,1263,2505,
55.45233360699076,95433,801,1264,2505,
55.45236657695457,95433,800,1265,2505,
55.45436383827678,95433,800,1264,2506,
55.45916495340742,95433,799,1265,2506,
55.45926678676242,95433,798,1266,2506,
55.460469663184696,95432,799,1266,2506,
55.46071093847045,95431,800,1266,2506,
55.46210388173773,95431,800,1265,2507,
55.46252338760824,95430,801,1265,2507,
55.463804086839474,95430,801,1264,2508,
55.47097615953704,95430,801,1263,2509,
55.472358608535615,95430,801,1262,2510,
55.4726917084277,95430,800,1263,2510,
55.47477771040033,95429,801,1263,2510,
55.47509637889922,95429,800,1264,2510,
55.47643039122396,95428,801,1264,2510,
55.48642734755785,95427,802,1264,2510,
55.48853852344196,95427,801,1265,2510,
55.48952678842938,95427,800,1266,2510,
55.495226327533224,95427,800,1265,2511,
55.495647632451366,95427,799,1266,2511,
55.49590235957958,95427,799,1265,2512,
55.49947657401936,95427,799,1264,2513,
55.50112825338935,95426,800,1264,2513,
55.502032893163786,95425,801,1264,2513,
55.50221265137087,95425,800,1265,2513,
55.50518033646332,95424,801,1265,2513,
55.51213119913687,95423,802,1265,2513,
55.51425875742238,95423,801,1266,2513,
55.517427776224785,95423,800,1267,2513,
55.51891617616353,95422,801,1267,2513,
55.52181209928442,95422,800,1268,2513,
55.523358257169605,95422,799,1269,2513,
55.52494337688965,95421,800,1269,2513,
55.525315792744514,95420,801,1269,2513,
55.528082073870685,95419,802,1269,2513,
55.52822958868915,95419,802,1268,2514,
55.531825250645895,95419,802,1267,2515,
55.5391652876543,95419,801,1268,2515,
55.53998667122758,95418,802,1268,2515,
55.54026123254629,95417,803,1268,2515,
55.543721469803934,95416,804,1268,2515,
55.548786242916634,95416,804,1267,2516,
55.553836710048756,95416,804,1266,2517,
55.5595452388148,95415,805,1266,2517,
55.56118518538642,95415,805,1265,2518,
55.56241619872962,95414,806,1265,2518,
55.5692190271722,95414,806,1264,2519,
55.570510544402396,95414,806,1263,2520,
55.57461460652145,95414,806,1262,2521,
55.57842048077711,95413,807,1262,2521,
55.579457385294454,95413,807,1261,2522,
55.580248193271416,95412,808,1261,2522,
55.580397712962494,95412,808,1260,2523,
55.58301825274922,95412,807,1261,2523,
55.58407609533313,95411,808,1261,2523,
55.5864641203733,95411,808,1260,2524,
55.5876373386191,95411,807,1261,2524,
55.58795095329531,95410,808,1261,2524,
55.58834358756467,95409,809,1261,2524,
55.590696305390665,95409,808,1262,2524,
55.590727917959654,95409,808,1261,2525,
55.59119281366836,95408,809,1261,2525,
55.59523050270405,95408,808,1262,2525,
55.59645048442434,95408,807,1263,2525,
55.59759652646475,95408,806,1264,2525,
55.59792899217856,95407,807,1264,2525,
55.60197732371802,95407,807,1263,2526,
55.602323768829265,95407,807,1262,2527,
55.60692485485705,95407,806,1263,2527,
55.613684048986116,95407,805,1264,2527,
55.617743263633194,95407,804,1265,2527,
55.622308335136815,95406,805,1265,2527,
55.62288433382261,95406,805,1264,2528,
55.626767588232894,95406,804,1265,2528,
55.62769687514659,95405,805,1265,2528,
55.627725258970656,95405,804,1266,2528,
55.63140793055765,95405,804,1265,2529,
55.63369519958164,95404,805,1265,2529,
55.636418124604134,95404,805,1264,2530,
55.6366973696973,95404,804,1265,2530,
55.63924712457381,95403,805,1265,2530,
55.6412690420191,95403,804,1266,2530,
55.642993987615796,95402,805,1266,2530,
55.644013960618835,95401,806,1266,2530,
55.64730202600698,95401,805,1267,2530,
55.65017238436058,95400,806,1267,2530,
55.65314256810396,95400,805,1268,2530,
55.657546071758276,95400,804,1269,2530,
55.66285481205752,95399,805,1269,2530,
55.66456463712958,95399,805,1268,2531,
55.66529645702635,95398,806,1268,2531,
55.667199462708425,95398,805,1269,2531,
55.667470335003074,95398,805,1268,2532,
55.66810723194018,95397,806,1268,2532,
55.668398008665704,95396,807,1268,2532,
55.66846802805735,95396,807,1267,2533,
55.66890146114074,95395,808,1267,2533,
55.669814682060334,95394,809,1267,2533,
55.678486895187376,95393,810,1267,2533,
55.680172661817025,95392,811,1267,2533,
55.68043281415309,95392,811,1266,2534,
55.68125451801072,95391,812,1266,2534,
55.69112162199605,95391,812,1265,2535,
55.69248690318769,95390,813,1265,2535,
55.692770829282296,95389,814,1265,2535,
55.694355758918206,95389,813,1266,2535,
55.69635331172175,95389,813,1265,2536,
55.700616383398014,95389,813,1264,2537,
55.706713931716116,95388,814,1264,2537,
55.70949043314695,95388,814,1263,2538,
55.71031062094267,95387,815,1263,2538,
55.71232176527912,95386,816,1263,2538,
55.71246274437318,95386,815,1264,2538,
55.71880244581849,95386,814,1265,2538,
55.719122637858234,95385,815,1265,2538,
55.72164245202274,95385,815,1264,2539,
55.72379061100064,95385,814,1265,2539,
55.7286947246981,95385,813,1266,2539,
55.7328781667601,95385,813,1265,2540,
55.73337572770827,95384,814,1265,2540,
55.73508060407278,95384,814,1264,2541,
55.73537881465489,95384,814,1263,2542,
55.73542763605685,95384,813,1264,2542,
55.73708862048191,95384,812,1265,2542,
55.74199878919288,95384,811,1266,2542,
55.74387851603965,95384,810,1267,2542,
55.747023192114625,95384,810,1266,2543,
55.74703910492681,95384,810,1265,2544,
55.751397447708754,95384,810,1264,2545,
55.751698548792525,95384,809,1265,2545,
55.75280279803635,95384,808,1266,2545,
55.75408986383467,95383,809,1266,2545,
55.755798934886236,95383,809,1265,2546,
55.75650374899834,95382,810,1265,2546,
55.75695012816421,95382,810,1264,2547,
55.757886284229706,95382,810,1263,2548,
55.75799367833313,95382,810,1262,2549,
55.761338960491905,95382,809,1263,2549,
55.76422598162251,95382,808,1264,2549,
55.765870385610086,95382,808,1263,2550,
55.765936004067484,95382,808,1262,2551,
55.76815279441462,95381,809,1262,2551,
55.76877997988883,95380,810,1262,2551,
55.77106868259067,95379,811,1262,2551,
55.771178195259736,95378,812,1262,2551,
55.78305134992738,95377,813,1262,2551,
55.790891692699276,95377,812,1263,2551,
55.79402903269532,95377,811,1264,2551,
55.79617257828155,95377,810,1265,2551,
55.80142569770982,95376,811,1265,2551,
55.80515256919711,95375,812,1265,2551,
55.806223770730526,95374,813,1265,2551,
55.80929777792667,95374,812,1266,2551,
55.81046615592144,95373,813,1266,2551,
55.81196181504745,95373,812,1267,2551,
55.812900880569664,95373,812,1266,2552,
55.81302182720235,95373,812,1265,2553,
55.814538178837715,95373,812,1264,2554,
55.814856852192726,95373,811,1265,2554,
55.81494274234357,95373,811,1264,2555,
55.816779802998106,95373,810,1265,2555,
55.817096743410666,95373,810,1264,2556,
55.81762794444701,95373,809,1265,2556,
55.81909232091488,95373,809,1264,2557,
55.82283428832102,95373,809,1263,2558,
55.823599969156426,95373,808,1264,2558,
55.826321360183925,95373,807,1265,2558,
55.826448843135026,95373,807,1264,2559,
55.82898584559612,95373,807,1263,2560,
55.829543822443256,95373,807,1262,2561,
55.835029146700734,95373,806,1263,2561,
55.83998028229075,95373,806,1262,2562,
55.841315403986705,95373,805,1263,2562,
55.84239617684328,95373,805,1262,2563,
55.844992654033604,95373,804,1263,2563,
55.851310331030035,95372,805,1263,2563,
55.853664797580024,95372,804,1264,2563,
55.85977926716228,95371,805,1264,2563,
55.861400800481654,95371,804,1265,2563,
55.86802512081603,95371,803,1266,2563,
55.87203688813161,95371,802,1267,2563,
55.872367571176966,95371,802,1266,2564,
55.87459020666038,95370,803,1266,2564,
55.87729664452831,95369,804,1266,2564,
55.87871594328408,95368,805,1266,2564,
55.87876014854309,95368,805,1265,2565,
55.88147326366701,95368,805,1264,2566,
55.88497229634081,95368,804,1265,2566,
55.886260629186395,95367,805,1265,2566,
55.88913232584374,95367,804,1266,2566,
55.89068541012239,95367,804,1265,2567,
55.89431138600357,95367,803,1266,2567,
55.89470142853561,95366,804,1266,2567,
55.89474052170525,95365,805,1266,2567,
55.89500609051849,95365,804,1267,2567,
55.89525924889911,95365,804,1266,2568,
55.89609962702639,95364,805,1266,2568,
55.900670028839954,95363,806,1266,2568,
55.902679605042955,95363,805,1267,2568,
55.90300124229478,95363,804,1268,2568,
55.90367619264114,95363,803,1269,2568,
55.90420664355516,95363,802,1270,2568,
55.90525499920231,95363,802,1269,2569,
55.90749726080432,95362,803,1269,2569,
55.90756681163957,95362,802,1270,2569,
55.90782030287714,95362,801,1271,2569,
55.908405162520296,95362,800,1272,2569,
55.90963443146355,95362,799,1273,2569,
55.91027120300516,95362,798,1274,2569,
55.91052834111459,95362,798,1273,2570,
55.91167832186554,95361,799,1273,2570,
55.91375664278216,95361,799,1272,2571,
55.91443901366702,95360,800,1272,2571,
55.91599047178039,95359,801,1272,2571,
55.92254825337719,95358,802,1272,2571,
55.92869658593857,95357,803,1272,2571,
55.92931015293683,95357,802,1273,2571,
55.931673714081974,95357,802,1272,2572,
55.93316709159181,95356,803,1272,2572,
55.933664690098425,95356,803,1271,2573,
55.936269283398076,95356,802,1272,2573,
55.937084133664584,95356,802,1271,2574,
55.941288526968364,95356,802,1270,2575,
55.94402471817384,95355,803,1270,2575,
55.94682869358549,95355,802,1271,2575,
55.94746319863195,95355,802,1270,2576,
55.949921271216944,95354,803,1270,2576,
55.9517172535461,95354,802,1271,2576,
55.95320519046419,95354,801,1272,2576,
55.95373390082981,95354,800,1273,2576,
55.95480740063607,95353,801,1273,2576,
55.95561603738909,95353,801,1272,2577,
55.957621670653566,95353,800,1273,2577,
55.96041175096951,95352,801,1273,2577,
55.96411150910309,95352,801,1272,2578,
55.9668411385049,95352,800,1273,2578,
55.96970113624272,95352,799,1274,2578,
55.9701982564921,95352,799,1273,2579,
55.97169556162408,95352,799,1272,2580,
55.97409209942465,95352,799,1271,2581,
55.974810677502575,95352,798,1272,2581,
55.975873296529016,95352,798,1271,2582,
55.976074976502375,95352,798,1270,2583,
55.97683080646874,95352,798,1269,2584,
55.977755172775645,95352,798,1268,2585,
55.97814168703973,95352,797,1269,2585,
55.979964841108384,95352,796,1270,2585,
55.982784895333765,95352,796,1269,2586,
55.984603830314555,95351,797,1269,2586,
55.98505037548286,95351,797,1268,2587,
55.986241240396204,95351,797,1267,2588,
55.98754916489779,95351,796,1268,2588,
55.99461428611277,95351,796,1267,2589,
55.997497415331864,95351,796,1266,2590,
55.99793810427088,95350,797,1266,2590,
55.99951125106558,95350,796,1267,2590,
55.99984091435364,95350,796,1266,2591,
56.00222260165598,95350,795,1267,2591,
56.00323369682569,95349,796,1267,2591,
56.010232798826365,95348,797,1267,2591,
56.0104554577224,95347,798,1267,2591,
56.01099171968979,95347,797,1268,2591,
56.011882866765355,95347,797,1267,2592,
56.0132010176195,95347,797,1266,2593,
56.01565772927259,95347,797,1265,2594,
56.02041780380962,95347,797,1264,2595,
56.02066540237837,95347,796,1265,2595,
56.02488179674283,95346,797,1265,2595,
56.02671972830808,95345,798,1265,2595,
56.02679070953673,95344,799,1265,2595,
56.03616147747215,95344,798,1266,2595,
56.03765672814549,95344,798,1265,2596,
56.03817157670753,95344,798,1264,2597,
56.039278974796204,95344,798,1263,2598,
56.039671553154946,95344,797,1264,2598,
56.04168235826493,95344,796,1265,2598,
56.041772127873095,95344,796,1264,2599,
56.04439846282304,95344,795,1265,2599,
56.04519595777118,95344,795,1264,2600,
56.0466152414335,95343,796,1264,2600,
56.05040533846161,95343,795,1265,2600,
56.05177472026883,95343,795,1264,2601,
56.05213895201596,95343,794,1265,2601,
56.05331810279502,95342,795,1265,2601,
56.05567881275011,95342,794,1266,2601,
56.05855887124098,95341,795,1266,2601,
56.06243558640251,95340,796,1266,2601,
56.064504274745495,95340,795,1267,2601,
56.06751061204241,95339,796,1267,2601,
56.06771919366602,95339,795,1268,2601,
56.07150877776026,95339,795,1267,2602,
56.072296130620465,95338,796,1267,2602,
56.07334986876794,95338,795,1268,2602,
56.073771156650714,95338,794,1269,2602,
56.075566127191685,95338,793,1270,2602,
56.07741986773843,95337,794,1270,2602,
56.07866229103124,95336,795,1270,2602,
56.078920570494134,95336,795,1269,2603,
56.08415787672763,95335,796,1269,2603,
56.09187205849038,95334,797,1269,2603,
56.09287467573344,95334,797,1268,2604,
56.094651234150156,95333,798,1268,2604,
56.09753317144976,95333,798,1267,2605,
56.099071820549455,95333,797,1268,2605,
56.101934389479254,95333,797,1267,2606,
56.103555872853356,95333,796,1268,2606,
56.11162144405413,95332,797,1268,2606,
56.11386238586305,95332,796,1269,2606,
56.11471615668745,95331,797,1269,2606,
56.11554695091536,95330,798,1269,2606,
56.116332909556725,95330,797,1270,2606,
56.117304489189415,95330,796,1271,2606,
56.118273004442194,95329,797,1271,2606,
56.11859215460561,95329,796,1272,2606,
56.11902400252066,95329,796,1271,2607,
56.12196147773474,95329,796,1270,2608,
56.12593932089942,95329,796,1269,2609,
56.12624625507774,95329,796,1268,2610,
56.127257332259816,95329,796,1267,2611,
56.1296655611149,95328,797,1267,2611,
56.13010368379753,95328,797,1266,2612,
56.13639530261387,95328,797,1265,2613,
56.13677395060998,95328,797,1264,2614,
56.13859890675606,95327,798,1264,2614,
56.1454660905641,95327,797,1265,2614,
56.1472918208425,95327,797,1264,2615,
56.15025306020678,95327,797,1263,2616,
56.15031118598152,95326,798,1263,2616,
56.15135911286186,95326,797,1264,2616,
56.15150175939998,95326,796,1265,2616,
56.1528139241115,95326,796,1264,2617,
56.153504730599536,95326,795,1265,2617,
56.15412212467146,95326,795,1264,2618,
56.15430659359567,95326,794,1265,2618,
56.156519757898295,95325,795,1265,2618,
56.15736971998359,95324,796,1265,2618,
56.158221224941215,95323,797,1265,2618,
56.15934937677224,95323,797,1264,2619,
56.168170544410046,95323,796,1265,2619,
56.17243129596723,95323,795,1266,2619,
56.17429904336301,95323,794,1267,2619,
56.17604993680509,95322,795,1267,2619,
56.178101807421776,95322,794,1268,2619,
56.17905440024201,95322,794,1267,2620,
56.179342056148414,95322,794,1266,2621,
56.18252638000597,95322,794,1265,2622,
56.18531333724275,95321,795,1265,2622,
56.18724326244343,95320,796,1265,2622,
56.18763769102317,95320,795,1266,2622,
56.18793169882956,95319,796,1266,2622,
56.18910672247121,95319,796,1265,2623,
56.191695209958404,95318,797,1265,2623,
56.194297334917934,95317,798,1265,2623,
56.19545467901094,95317,798,1264,2624,
56.19884563722005,95317,797,1265,2624,
56.200610045009896,95316,798,1265,2624,
56.20273583043691,95316,798,1264,2625,
56.20481000063032,95316,798,1263,2626,
56.20672055607948,95316,797,1264,2626,
56.21015184775396,95316,796,1265,2626,
56.21158929258547,95316,796,1264,2627,
56.21298689904182,95316,795,1265,2627,
56.21447846623059,95316,795,1264,2628,
56.21593969793537,95316,795,1263,2629,
56.219436932670085,95316,795,1262,2630,
56.221129187214856,95316,795,1261,2631,
56.22238926298114,95316,795,1260,2632,
56.224754067312574,95316,794,1261,2632,
56.22489991207729,95316,794,1260,2633,
56.2306449939819,95315,795,1260,2633,
56.23339731336492,95314,796,1260,2633,
56.23393259773142,95313,797,1260,2633,
56.23542777738675,95313,797,1259,2634,
56.240475849200024,95312,798,1259,2634,
56.241315490871266,95312,798,1258,2635,
56.241927601609234,95312,798,1257,2636,
56.24430038277293,95312,797,1258,2636,
56.24490166250564,95311,798,1258,2636,
56.24694369949256,95310,799,1258,2636,
56.24803187872171,95309,800,1258,2636,
56.24805210617661,95309,799,1259,2636,
56.24888055006948,95309,799,1258,2637,
56.24894322523862,95309,799,1257,2638,
56.25065436898922,95309,799,1256,2639,
56.25912869504724,95308,800,1256,2639,
56.259240731773176,95307,801,1256,2639,
56.262416407101576,95307,801,1255,2640,
56.26262421779864,95306,802,1255,2640,
56.262990468154385,95306,801,1256,2640,
56.26689205560155,95306,800,1257,2640,
56.26754984694576,95306,799,1258,2640,
56.2734611620428,95306,798,1259,2640,
56.27780859331116,95306,797,1260,2640,
56.27882546331437,95305,798,1260,2640,
56.28232519831213,95305,797,1261,2640,
56.28606913023027,95305,796,1262,2640,
56.2910009348862,95304,797,1262,2640,
56.29275923986584,95304,796,1263,2640,
56.29280747263458,95304,796,1262,2641,
56.29561066367597,95303,797,1262,2641,
56.29991598881788,95303,796,1263,2641,
56.30099719960014,95303,795,1264,2641,
56.3011570544338,95303,795,1263,2642,
56.30240334356987,95303,795,1262,2643,
56.302639074493456,95303,794,1263,2643,
56.30460650859632,95302,795,1263,2643,
56.30505824403308,95302,795,1262,2644,
56.305667720532064,95301,796,1262,2644,
56.307710244173336,95300,797,1262,2644,
56.30838067952828,95300,797,1261,2645,
56.31002253141294,95300,796,1262,2645,
56.313036560193225,95300,795,1263,2645,
56.31460806237835,95300,794,1264,2645,
56.320651085692184,95300,793,1265,2645,
56.32565486263722,95299,794,1265,2645,
56.3280279396133,95298,795,1265,2645,
56.33157071031198,95297,796,1265,2645,
56.33171949762024,95297,795,1266,2645,
56.33352965426451,95297,795,1265,2646,
56.33511091155419,95297,795,1264,2647,
56.335367439080734,95297,794,1265,2647,
56.336326860198184,95296,795,1265,2647,
56.33831697908581,95296,795,1264,2648,
56.339576646748675,95295,796,1264,2648,
56.339662858294645,95295,796,1263,2649,
56.342139173258246,95294,797,1263,2649,
56.346359914437095,95294,797,1262,2650,
56.346749608071235,95294,797,1261,2651,
56.347220154300196,95294,796,1262,2651,
56.35193705641873,95294,796,1261,2652,
56.35723351356812,95294,796,1260,2653,
56.36062488646137,95294,795,1261,2653,
56.36102209149253,95294,795,1260,2654,
56.361236878468276,95293,796,1260,2654,
56.36189573927621,95293,796,1259,2655,
56.36261585114251,95292,797,1259,2655,
56.36286348369608,95292,796,1260,2655,
56.363312317729,95292,795,1261,2655,
56.36623535030803,95292,795,1260,2656,
56.36631345308161,95292,794,1261,2656,
56.369184490495144,95291,795,1261,2656,
56.369664933348055,95291,794,1262,2656,
56.37858402277247,95290,795,1262,2656,
56.38186447700844,95290,795,1261,2657,
56.382468486465996,95290,794,1262,2657,
56.385360952745486,95290,793,1263,2657,
56.38692027193921,95289,794,1263,2657,
56.38733693181982,95288,795,1263,2657,
56.38857499024564,95288,794,1264,2657,
56.38975407126531,95288,794,1263,2658,
56.39109220185175,95288,793,1264,2658,
56.39160899716306,95288,792,1265,2658,
56.39172498761774,95288,791,1266,2658,
56.394085781090915,95288,790,1267,2658,
56.395150940189296,95288,790,1266,2659,
56.39763005180833,95287,791,1266,2659,
56.40433372684259,95286,792,1266,2659,
56.404667293829874,95286,791,1267,2659,
56.40664466152248,95286,790,1268,2659,
56.40876389772846,95286,790,1267,2660,
56.41554085165328,95286,789,1268,2660,
56.41622853168857,95286,788,1269,2660,
56.41750921980311,95286,787,1270,2660,
56.41869471978033,95285,788,1270,2660,
56.41994807581908,95285,787,1271,2660,
56.4254748062597,95285,787,1270,2661,
56.434137305601034,95285,786,1271,2661,
56.43665223394794,95285,786,1270,2662,
56.4368905528403,95285,786,1269,2663,
56.438702111654806,95285,786,1268,2664,
56.43960488176496,95285,786,1267,2665,
56.44283433817098,95285,785,1268,2665,
56.44368269236737,95285,785,1267,2666,
56.445239681266926,95285,784,1268,2666,
56.44837241495426,95285,784,1267,2667,
56.448771545425465,95284,785,1267,2667,
56.45102477855232,95284,785,1266,2668,
56.453364993509766,95284,784,1267,2668,
56.454388413978705,95283,785,1267,2668,
56.45502927168614,95282,786,1267,2668,
56.46639196848502,95282,786,1266,2669,
56.4699423561689,95282,785,1267,2669,
56.47173173257169,95282,785,1266,2670,
56.47375231668208,95282,784,1267,2670,
56.47474128767979,95282,783,1268,2670,
56.474913256669986,95282,783,1267,2671,
56.4808241934355,95282,782,1268,2671,
56.483270785747216,95282,781,1269,2671,
56.48790164027721,95282,781,1268,2672,
56.49708419726241,95282,781,1267,2673,
56.498798948956306,95282,781,1266,2674,
56.50303363009664,95281,782,1266,2674,
56.50644458018499,95280,783,1266,2674,
56.51053880224688,95279,784,1266,2674,
56.51073541426654,95279,784,1265,2675,
56.51662295402863,95279,783,1266,2675,
56.51705603263896,95279,783,1265,2676,
56.517811989333424,95279,783,1264,2677,
56.52056981650799,95279,783,1263,2678,
56.52086338275672,95279,782,1264,2678,
56.52268628528142,95278,783,1264,2678,
56.526966536049336,95277,784,1264,2678,
56.533367832035545,95277,784,1263,2679,
56.5381457549629,95276,785,1263,2679,
56.5386291624804,95276,784,1264,2679,
56.53951691991079,95275,785,1264,2679,
56.54000630107427,95275,785,1263,2680,
56.541719401996914,95275,784,1264,2680,
56.54694535152719,95275,783,1265,2680,
56.550180149198965,95275,782,1266,2680,
56.557707619132366,95274,783,1266,2680,
56.56263710133828,95274,782,1267,2680,
56.56320936762303,95274,781,1268,2680,
56.56372814225793,95273,782,1268,2680,
56.566843337315206,95273,782,1267,2681,
56.566872895197555,95273,781,1268,2681,
56.56983309083315,95273,781,1267,2682,
56.570520280986884,95273,781,1266,2683,
56.57159614395358,95273,780,1267,2683,
56.57206597519758,95272,781,1267,2683,
56.57353816924257,95272,780,1268,2683,
56.57379043842835,95272,780,1267,2684,
56.57576866645357,95272,779,1268,2684,
56.57774930687972,95272,778,1269,2684,
56.57951799380589,95272,777,1270,2684,
56.58115741332939,95271,778,1270,2684,
56.581391717392876,95270,779,1270,2684,
56.58725313096957,95269,780,1270,2684,
56.5876206627667,95269,779,1271,2684,
56.58923837129959,95269,779,1270,2685,
56.592217429877536,95269,778,1271,2685,
56.59222818961744,95268,779,1271,2685,
56.59311359556461,95268,779,1270,2686,
56.59491981835084,95267,780,1270,2686,
56.597467675144955,95267,780,1269,2687,
56.59989310586863,95267,780,1268,2688,
56.59998307231917,95267,779,1269,2688,
56.601223262582565,95266,780,1269,2688,
56.609652646397464,95266,780,1268,2689,
56.60983886725323,95266,779,1269,2689,
56.61127589140669,95266,778,1270,2689,
56.6131209090022,95265,779,1270,2689,
56.61529442027998,95265,778,1271,2689,
56.6158907387324,95264,779,1271,2689,
56.62085201397343,95263,780,1271,2689,
56.62789964047956,95263,779,1272,2689,
56.62990278077344,95263,778,1273,2689,
56.630132235859165,95263,778,1272,2690,
56.63170669921322,95262,779,1272,2690,
56.63300200741719,95262,778,1273,2690,
56.638356025649415,95262,777,1274,2690,
56.64556049361591,95261,778,1274,2690,
56.64745880453681,95261,777,1275,2690,
56.647513848895656,95261,777,1274,2691,
56.64949066119962,95260,778,1274,2691,
56.65452418869347,95260,778,1273,2692,
56.655348587885854,95260,777,1274,2692,
56.66530062422256,95260,776,1275,2692,
56.66656821436689,95259,777,1275,2692,
56.667974138540814,95258,778,1275,2692,
56.672699804367795,95257,779,1275,2692,
56.6735379773675,95256,780,1275,2692,
56.676640968153,95256,780,1274,2693,
56.67776823859593,95255,781,1274,2693,
56.68177815905503,95254,782,1274,2693,
56.682368396007064,95254,782,1273,2694,
56.68476526526121,95253,783,1273,2694,
56.684996905930284,95253,782,1274,2694,
56.68553606889509,95253,782,1273,2695,
56.698043622013415,95252,783,1273,2695,
56.70220263468269,95251,784,1273,2695,
56.70832138509968,95251,784,1272,2696,
56.71084877379042,95251,783,1273,2696,
56.71139634882893,95251,783,1272,2697,
56.71157210895299,95251,782,1273,2697,
56.713819610626196,95251,782,1272,2698,
56.717610934905785,95250,783,1272,2698,
56.720086957125595,95250,782,1273,2698,
56.72272193725366,95250,781,1274,2698,
56.72425762123595,95250,781,1273,2699,
56.72770356218571,95250,780,1274,2699,
56.72975780526744,95250,779,1275,2699,
56.73461745200472,95249,780,1275,2699,
56.738517653407236,95248,781,1275,2699,
56.740148289580716,95248,780,1276,2699,
56.74273078257371,95247,781,1276,2699,
56.75413129387175,95247,780,1277,2699,
56.75433092297304,95247,780,1276,2700,
56.75466473206819,95247,779,1277,2700,
56.755877240995915,95246,780,1277,2700,
56.757349646536234,95246,780,1276,2701,
56.7600452932085,95245,781,1276,2701,
56.76319954429333,95245,781,1275,2702,
56.765325191502825,95245,781,1274,2703,
56.76551227332407,95245,781,1273,2704,
56.76839107421111,95245,781,1272,2705,
56.769941957752565,95244,782,1272,2705,
56.771963416740945,95244,781,1273,2705,
56.7744140642573,95243,782,1273,2705,
56.778918623877786,95242,783,1273,2705,
56.77897602729574,95242,783,1272,2706,
56.78209885306914,95241,784,1272,2706,
56.78531668384038,95241,783,1273,2706,
56.78651505742962,95241,782,1274,2706,
56.78699423260548,95240,783,1274,2706,
56.79065497082276,95240,783,1273,2707,
56.792124710627206,95240,783,1272,2708,
56.79430603557113,95240,782,1273,2708,
56.797609625073335,95240,782,1272,2709,
56.798360720101584,95239,783,1272,2709,
56.80479650164036,95239,782,1273,2709,
56.80652927188441,95239,782,1272,2710,
56.808480169341514,95239,782,1271,2711,
56.80973428254941,95238,783,1271,2711,
56.81386016783271,95238,782,1272,2711,
56.82281314667911,95237,783,1272,2711,
56.8235610504065,95237,782,1273,2711,
56.8237045823713,95236,783,1273,2711,
56.82567298883417,95236,782,1274,2711,
56.82776520527479,95235,783,1274,2711,
56.82843156173718,95235,783,1273,2712,
56.828729306408235,95235,783,1272,2713,
56.830675949215426,95235,783,1271,2714,
56.83958265833105,95234,784,1271,2714,
56.84132740327752,95234,784,1270,2715,
56.84297658063409,95234,784,1269,2716,
56.84301490641359,95234,783,1270,2716,
56.844480756583586,95234,783,1269,2717,
56.84701515417212,95234,783,1268,2718,
56.847720343792,95234,782,1269,2718,
56.8497491755891,95233,783,1269,2718,
56.859227099352665,95232,784,1269,2718,
56.85924623573476,95232,783,1270,2718,
56.859449542984265,95231,784,1270,2718,
56.859992743024,95231,784,1269,2719,
56.862444520233424,95231,783,1270,2719,
56.86825729576838,95231,782,1271,2719,
56.86911718327879,95231,781,1272,2719,
56.87122160300608,95231,781,1271,2720,
56.874910165828254,95231,780,1272,2720,
56.8805496189534,95231,779,1273,2720,
56.882145135246425,95231,779,1272,2721,
56.8823121584586,95231,778,1273,2721,
56.88286633778663,95230,779,1273,2721,
56.8830754335152,95230,778,1274,2721,
56.8858520487942,95230,777,1275,2721,
56.88731701652462,95230,776,1276,2721,
56.88883314076201,95229,777,1276,2721,
56.889031810809406,95229,777,1275,2722,
56.890634100576136,95229,777,1274,2723,
56.89068246535404,95229,776,1275,2723,
56.89159332272884,95229,775,1276,2723,
56.89234661911167,95228,776,1276,2723,
56.89645418446377,95228,776,1275,2724,
56.897465880896114,95228,776,1274,2725,
56.897731107931435,95227,777,1274,2725,
56.897793457583646,95227,776,1275,2725,
56.90322003890499,95226,777,1275,2725,
56.90851624101694,95226,777,1274,2726,
56.90999286883119,95225,778,1274,2726,
56.91217792121121,95224,779,1274,2726,
56.912601805614045,95224,779,1273,2727,
56.912611978200985,95224,779,1272,2728,
56.912809995005944,95224,779,1271,2729,
56.91410504350637,95224,779,1270,2730,
56.91475781657702,95224,779,1269,2731,
56.91594441720623,95224,779,1268,2732,
56.91620493422235,95223,780,1268,2732,
56.9184970473396,95223,780,1267,2733,
56.91941145308549,95223,779,1268,2733,
56.9214197168083,95222,780,1268,2733,
56.92212811130386,95222,779,1269,2733,
56.92331184893459,95222,779,1268,2734,
56.92779850151799,95222,779,1267,2735,
56.92909881089058,95222,778,1268,2735,
56.92987183966716,95222,778,1267,2736,
56.931652592580676,95221,779,1267,2736,
56.933058539507726,95221,778,1268,2736,
56.934241601366566,95221,778,1267,2737,
56.93553076868232,95221,777,1268,2737,
56.94405232459281,95221,776,1269,2737,
56.945647619315835,95221,775,1270,2737,
56.94641197920086,95221,774,1271,2737,
56.947587372422845,95220,775,1271,2737,
56.948699026333166,95220,774,1272,2737,
56.95206892608175,95219,775,1272,2737,
56.956249166161214,95219,774,1273,2737,
56.95851664823225,95219,773,1274,2737,
56.959356375719,95219,773,1273,2738,
56.960835734148446,95219,772,1274,2738,
56.96171834465129,95218,773,1274,2738,
56.96363884311087,95218,772,1275,2738,
56.969248655367366,95218,771,1276,2738,
56.9816329888188,95217,772,1276,2738,
56.98573543252091,95217,771,1277,2738,
56.98605653582969,95217,770,1278,2738,
56.987980428808505,95217,770,1277,2739,
56.99259068419275,95216,771,1277,2739,
56.99729814206095,95215,772,1277,2739,
57.00092278750651,95215,772,1276,2740,
57.00175359978936,95214,773,1276,2740,
57.00270856583987,95214,773,1275,2741,
57.00559021977052,95214,772,1276,2741,
57.00749368047746,95214,771,1277,2741,
57.008426813242004,95214,771,1276,2742,
57.009707401793214,95214,770,1277,2742,
57.010621489077394,95213,771,1277,2742,
57.01644913302147,95213,770,1278,2742,
57.016979205779656,95212,771,1278,2742,
57.01967259608721,95211,772,1278,2742,
57.02119543786061,95211,772,1277,2743,
57.02226892378244,95211,772,1276,2744,
57.02386489144777,95210,773,1276,2744,
57.02398496831154,95209,774,1276,2744,
57.025358354226775,95208,775,1276,2744,
57.02574159590149,95207,776,1276,2744,
57.026660412770354,95206,777,1276,2744,
57.02868229940613,95206,777,1275,2745,
57.02893728540559,95205,778,1275,2745,
57.031924245802266,95205,778,1274,2746,
57.032057847531,95205,778,1273,2747,
57.032815390484714,95205,777,1274,2747,
57.0333497018859,95204,778,1274,2747,
57.03391167057233,95203,779,1274,2747,
57.037880034528534,95202,780,1274,2747,
57.03843951638578,95202,780,1273,2748,
57.038478818749894,95201,781,1273,2748,
57.041118364611805,95201,780,1274,2748,
57.04343982812256,95201,780,1273,2749,
57.04449612185797,95201,779,1274,2749,
57.047497116082695,95201,779,1273,2750,
57.05658715129714,95201,779,1272,2751,
57.06104877302417,95201,779,1271,2752,
57.06129162277149,95200,780,1271,2752,
57.06225513494176,95200,779,1272,2752,
57.06237134185609,95199,780,1272,2752,
57.064627829850544,95199,779,1273,2752,
57.06506369068714,95199,779,1272,2753,
57.06644197864275,95198,780,1272,2753,
57.06778008911976,95197,781,1272,2753,
57.0699788335924,95197,780,1273,2753,
57.070975679646246,95197,779,1274,2753,
57.07116828757559,95197,778,1275,2753,
57.07295920759201,95196,779,1275,2753,
57.07322236150715,95196,779,1274,2754,
57.073718483235055,95196,779,1273,2755,
57.077012762768916,95195,780,1273,2755,
57.082270270593455,95194,781,1273,2755,
57.08577033579432,95193,782,1273,2755,
57.087823097030956,95193,781,1274,2755,
57.09044274527934,95193,780,1275,2755,
57.093748198119336,95193,779,1276,2755,
57.09449896597564,95193,778,1277,2755,
57.09750100442812,95193,777,1278,2755,
57.09771054100875,95193,777,1277,2756,
57.102952183881065,95193,776,1278,2756,
57.10474045088544,95193,775,1279,2756,
57.105563809442685,95192,776,1279,2756,
57.108472345068364,95191,777,1279,2756,
57.108748399811915,95191,776,1280,2756,
57.109323016103275,95191,776,1279,2757,
57.10958804536548,95191,775,1280,2757,
57.11365003327354,95191,774,1281,2757,
57.11621388434391,95191,773,1282,2757,
57.11770959846316,95191,772,1283,2757,
57.11896552774345,95190,773,1283,2757,
57.121196250194274,95190,772,1284,2757,
57.12170235794608,95189,773,1284,2757,
57.12255833150748,95189,772,1285,2757,
57.12314052417696,95189,772,1284,2758,
57.12533809380626,95189,771,1285,2758,
57.127443101934645,95189,770,1286,2758,
57.128780542947865,95188,771,1286,2758,
57.13109230111421,95188,770,1287,2758,
57.132212959752835,95188,770,1286,2759,
57.133519747751514,95187,771,1286,2759,
57.13353392578671,95187,771,1285,2760,
57.13656642381841,95187,770,1286,2760,
57.13883679769553,95187,769,1287,2760,
57.142126025365,95186,770,1287,2760,
57.1434390450636,95186,769,1288,2760,
57.143606433676496,95186,768,1289,2760,
57.14416922117354,95186,768,1288,2761,
57.147399119831775,95186,767,1289,2761,
57.14911467788759,95186,767,1288,2762,
57.150675597935944,95186,766,1289,2762,
57.1529108285954,95185,767,1289,2762,
57.15461332956652,95185,767,1288,2763,
57.156047600916814,95185,766,1289,2763,
57.15791518056581,95185,765,1290,2763,
57.16090681872341,95185,764,1291,2763,
57.16576764050305,95185,763,1292,2763,
57.16601567587412,95185,762,1293,2763,
57.170040105468345,95184,763,1293,2763,
57.17031781179105,95184,762,1294,2763,
57.177799027235864,95184,762,1293,2764,
57.18644913317546,95184,762,1292,2765,
57.18695773124021,95184,762,1291,2766,
57.188444925405584,95183,763,1291,2766,
57.19200849039732,95183,762,1292,2766,
57.19668865622476,95182,763,1292,2766,
57.19956906465578,95181,764,1292,2766,
57.200898922329706,95181,764,1291,2767,
57.20418222776219,95180,765,1291,2767,
57.205173607614704,95179,766,1291,2767,
57.21201909621627,95178,767,1291,2767,
57.214035896404184,95178,766,1292,2767,
57.21534892691543,95178,765,1293,2767,
57.21651626499536,95178,764,1294,2767,
57.217731303099015,95178,763,1295,2767,
57.21841198082794,95177,764,1295,2767,
57.21953278076025,95176,765,1295,2767,
57.22107041199383,95176,764,1296,2767,
57.22122892743742,95176,764,1295,2768,
57.22365474109881,95175,765,1295,2768,
57.2289818852916,95175,765,1294,2769,
57.23043203241462,95174,766,1294,2769,
57.23192190225392,95174,766,1293,2770,
57.23564051960479,95173,767,1293,2770,
57.23954128611273,95173,766,1294,2770,
57.24209550421398,95173,765,1295,2770,
57.243321958965794,95173,764,1296,2770,
57.245100856934734,95173,763,1297,2770,
57.24914409587675,95173,762,1298,2770,
57.25064959534288,95173,762,1297,2771,
57.25293287682252,95173,762,1296,2772,
57.2539630979552,95173,761,1297,2772,
57.255384601864264,95172,762,1297,2772,
57.25539021581878,95172,761,1298,2772,
57.26006485646729,95172,761,1297,2773,
57.269320193450135,95172,760,1298,2773,
57.274352054737534,95172,760,1297,2774,
57.27488405202761,95172,759,1298,2774,
57.275030516247234,95171,760,1298,2774,
57.275568151248464,95170,761,1298,2774,
57.27719937601695,95170,760,1299,2774,
57.27792519144409,95170,759,1300,2774,
57.280229609234645,95170,758,1301,2774,
57.2836114737643,95169,759,1301,2774,
57.28421018897265,95169,759,1300,2775,
57.28997412355676,95169,759,1299,2776,
57.29062996463229,95169,758,1300,2776,
57.29579487873418,95169,758,1299,2777,
57.30345057255893,95169,758,1298,2778,
57.304954203093196,95169,758,1297,2779,
57.30568796807095,95169,757,1298,2779,
57.306679061565866,95169,757,1297,2780,
57.306999161906816,95169,756,1298,2780,
57.30776983403038,95169,755,1299,2780,
57.30918216789344,95168,756,1299,2780,
57.310216706653975,95168,756,1298,2781,
57.31099620453581,95168,756,1297,2782,
57.311821914685424,95167,757,1297,2782,
57.31391596784818,95167,756,1298,2782,
57.316793419599804,95166,757,1298,2782,
57.31726503913282,95166,757,1297,2783,
57.31797338760186,95165,758,1297,2783,
57.319700237501195,95165,758,1296,2784,
57.3223387702397,95165,757,1297,2784,
57.327163337392086,95165,757,1296,2785,
57.32784750854113,95164,758,1296,2785,
57.33031139685948,95164,758,1295,2786,
57.33272186109262,95164,758,1294,2787,
57.3335734607976,95164,758,1293,2788,
57.33389265595849,95164,758,1292,2789,
57.33486723121204,95164,758,1291,2790,
57.33551725945927,95163,759,1291,2790,
57.336350497376614,95163,758,1292,2790,
57.33782038819751,95163,757,1293,2790,
57.338088503197596,95163,757,1292,2791,
57.33911076612799,95163,757,1291,2792,
57.33930913244857,95163,756,1292,2792,
57.34079673530004,95163,756,1291,2793,
57.34412764343857,95163,755,1292,2793,
57.34723665748756,95162,756,1292,2793,
57.349849228278615,95161,757,1292,2793,
57.35037613250421,95161,756,1293,2793,
57.35620590586831,95161,756,1292,2794,
57.35793849671606,95161,755,1293,2794,
57.35949609302513,95161,755,1292,2795,
57.36198536778859,95161,755,1291,2796,
57.36376761900638,95161,755,1290,2797,
57.36673541204827,95160,756,1290,2797,
57.36727352096521,95160,756,1289,2798,
57.36984357567735,95159,757,1289,2798,
57.37938136996033,95159,757,1288,2799,
57.379433680163665,95158,758,1288,2799,
57.37994253944113,95158,758,1287,2800,
57.384408250842846,95158,758,1286,2801,
57.384705735692656,95157,759,1286,2801,
57.38471278588538,95156,760,1286,2801,
57.385493921683455,95155,761,1286,2801,
57.38998696421527,95155,761,1285,2802,
57.39076599087004,95155,761,1284,2803,
57.39671000576963,95155,761,1283,2804,
57.397298232130794,95155,761,1282,2805,
57.39888459011244,95154,762,1282,2805,
57.39924760122706,95154,762,1281,2806,
57.40002271950373,95153,763,1281,2806,
57.4041144512495,95153,762,1282,2806,
57.40615739752478,95152,763,1282,2806,
57.41353118514205,95152,762,1283,2806,
57.416501974212174,95152,762,1282,2807,
57.41655544040022,95152,761,1283,2807,
57.42124257603085,95152,760,1284,2807,
57.42179550859029,95152,759,1285,2807,
57.4304330180024,95152,758,1286,2807,
57.43137428047369,95152,757,1287,2807,
57.43170863372821,95152,757,1286,2808,
57.44229338287313,95151,758,1286,2808,
57.44259394677711,95151,757,1287,2808,
57.458181309761756,95151,756,1288,2808,
57.4684247594689,95150,757,1288,2808,
57.46934832033472,95150,757,1287,2809,
57.47030623826376,95150,756,1288,2809,
57.470445847554466,95150,756,1287,2810,
57.47085393247126,95150,756,1286,2811,
57.47498230878798,95150,755,1287,2811,
57.47545588217602,95149,756,1287,2811,
57.475829697239604,95149,756,1286,2812,
57.478949247548535,95149,755,1287,2812,
57.48164794513199,95149,755,1286,2813,
57.489227931053634,95148,756,1286,2813,
57.48937458407616,95148,756,1285,2814,
57.49200189253362,95148,755,1286,2814,
57.4938588117166,95147,756,1286,2814,
57.493994018672375,95147,755,1287,2814,
57.49477514250608,95147,754,1288,2814,
57.49651623070308,95147,754,1287,2815,
57.49836608308918,95147,754,1286,2816,
57.498644628986284,95147,754,1285,2817,
57.5000732489302,95147,753,1286,2817,
57.50166674298595,95147,752,1287,2817,
57.504259575948254,95147,752,1286,2818,
57.51264348852129,95147,751,1287,2818,
57.51547405655111,95146,752,1287,2818,
57.51788695590384,95146,751,1288,2818,
57.5181225393234,95145,752,1288,2818,
57.51824615319965,95145,752,1287,2819,
57.52246112304349,95145,751,1288,2819,
57.52386472334215,95145,751,1287,2820,
57.52419878759212,95144,752,1287,2820,
57.524963512941326,95144,751,1288,2820,
57.526040231989754,95144,750,1289,2820,
57.52606503458627,95144,750,1288,2821,
57.52870607883719,95143,751,1288,2821,
57.530130762229994,95143,751,1287,2822,
57.53016300762611,95143,751,1286,2823,
57.5309993887785,95143,750,1287,2823,
57.53696971564629,95143,749,1288,2823,
57.5400972850359,95143,749,1287,2824,
57.54190597522877,95143,749,1286,2825,
57.5441376241326,95142,750,1286,2825,
57.54423194187232,95142,750,1285,2826,
57.54450279365132,95141,751,1285,2826,
57.54483918071007,95141,750,1286,2826,
57.54794413382682,95141,750,1285,2827,
57.549532300810604,95141,749,1286,2827,
57.55478205459301,95141,748,1287,2827,
57.55969947615456,95141,747,1288,2827,
57.56162586724281,95140,748,1288,2827,
57.56259650376916,95140,748,1287,2828,
57.563110737221926,95140,748,1286,2829,
57.56339670337977,95140,748,1285,2830,
57.56379176332268,95140,747,1286,2830,
57.56445102575395,95139,748,1286,2830,
57.57296163265762,95139,747,1287,2830,
57.57737469510466,95138,748,1287,2830,
57.57924352126822,95138,747,1288,2830,
57.583634769120266,95138,746,1289,2830,
57.58650285450129,95138,746,1288,2831,
57.588075359502724,95137,747,1288,2831,
57.59012879976959,95137,747,1287,2832,
57.59189013670606,95137,747,1286,2833,
57.60057225623858,95137,747,1285,2834,
57.60474110158746,95136,748,1285,2834,
57.60641306659767,95135,749,1285,2834,
57.60861309693696,95135,749,1284,2835,
57.60866633068413,95135,749,1283,2836,
57.60894384930049,95134,750,1283,2836,
57.60938659917147,95134,749,1284,2836,
57.60962119424952,95133,750,1284,2836,
57.612050284656064,95133,750,1283,2837,
57.61246402038533,95133,749,1284,2837,
57.612630622775995,95133,748,1285,2837,
57.61286858163305,95133,747,1286,2837,
57.61401352742372,95132,748,1286,2837,
57.61496904466107,95131,749,1286,2837,
57.61554843365043,95130,750,1286,2837,
57.61772977235383,95130,750,1285,2838,
57.62056524748202,95129,751,1285,2838,
57.623809481563185,95128,752,1285,2838,
57.6239034651409,95127,753,1285,2838,
57.62497338222119,95127,753,1284,2839,
57.62741862280236,95127,752,1285,2839,
57.6301035477803,95127,751,1286,2839,
57.63707471168151,95127,750,1287,2839,
57.63732791168013,95127,749,1288,2839,
57.63825515485402,95127,748,1289,2839,
57.63887043073313,95127,748,1288,2840,
57.64613537537321,95127,747,1289,2840,
57.64999503857073,95127,746,1290,2840,
57.65116901680119,95127,745,1291,2840,
57.6541996490445,95126,746,1291,2840,
57.65728018972231,95126,745,1292,2840,
57.662282215472715,95126,744,1293,2840,
57.6661046284093,95126,743,1294,2840,
57.668804129329445,95126,742,1295,2840,
57.668857115121455,95125,743,1295,2840,
57.67137981707042,95125,742,1296,2840,
57.67468076771277,95125,741,1297,2840,
57.67530412215738,95125,740,1298,2840,
57.67862410682042,95125,739,1299,2840,
57.679670201622436,95124,740,1299,2840,
57.68005285965743,95124,740,1298,2841,
57.689818015852836,95124,739,1299,2841,
57.6899653384774,95123,740,1299,2841,
57.690710468860416,95122,741,1299,2841,
57.69159732300539,95122,741,1298,2842,
57.693409862836475,95122,740,1299,2842,
57.69959676279741,95121,741,1299,2842,
57.70264617006319,95120,742,1299,2842,
57.70389899573419,95120,741,1300,2842,
57.7058014653007,95120,740,1301,2842,
57.708257128320255,95120,740,1300,2843,
57.710141079858786,95120,739,1301,2843,
57.71113513873968,95120,738,1302,2843,
57.71334342354347,95119,739,1302,2843,
57.71399387640792,95119,739,1301,2844,
57.714919876502925,95119,738,1302,2844,
57.7153171371876,95119,738,1301,2845,
57.7169365465769,95119,737,1302,2845,
57.71714786738692,95119,736,1303,2845,
57.720023316901184,95118,737,1303,2845,
57.720170509840486,95118,737,1302,2846,
57.72248504036249,95118,737,1301,2847,
57.722492019895995,95118,736,1302,2847,
57.72309808005668,95118,735,1303,2847,
57.72318709084729,95118,734,1304,2847,
57.72330190105541,95117,735,1304,2847,
57.72864300302491,95116,736,1304,2847,
57.7294664172199,95115,737,1304,2847,
57.73156075029629,95115,737,1303,2848,
57.73333084339011,95115,736,1304,2848,
57.73376082353064,95114,737,1304,2848,
57.740815158456,95114,736,1305,2848,
57.74360825849841,95113,737,1305,2848,
57.74832462991695,95113,737,1304,2849,
57.74851113234213,95112,738,1304,2849,
57.750201663995625,95112,738,1303,2850,
57.75143900103639,95112,738,1302,2851,
57.752195118270286,95112,738,1301,2852,
57.75522650695588,95112,738,1300,2853,
57.7562490771559,95112,737,1301,2853,
57.756387531973125,95111,738,1301,2853,
57.76001416867249,95110,739,1301,2853,
57.76168960258507,95110,738,1302,2853,
57.76639894459487,95110,738,1301,2854,
57.76687278560294,95110,738,1300,2855,
57.77594979424117,95110,737,1301,2855,
57.77717654182234,95110,737,1300,2856,
57.777290847724174,95110,737,1299,2857,
57.77763825818934,95109,738,1299,2857,
57.78202389736835,95109,738,1298,2858,
57.78365404331623,95108,739,1298,2858,
57.78588690732445,95108,738,1299,2858,
57.78762391879979,95108,738,1298,2859,
57.79337045290642,95108,738,1297,2860,
57.79476801383666,95108,737,1298,2860,
57.796590651724664,95108,736,1299,2860,
57.79695598329241,95107,737,1299,2860,
57.80035394463705,95107,736,1300,2860,
57.801206366452256,95107,736,1299,2861,
57.80181812529076,95107,735,1300,2861,
57.80356005678448,95107,735,1299,2862,
57.803906624608494,95107,734,1300,2862,
57.81059593162072,95106,735,1300,2862,
57.81531452808961,95106,734,1301,2862,
57.82010533741443,95106,733,1302,2862,
57.82016170581005,95106,732,1303,2862,
57.82043221486926,95106,732,1302,2863,
57.8272082396235,95105,733,1302,2863,
57.82758717422579,95105,733,1301,2864,
57.82790173206718,95105,732,1302,2864,
57.829995793702366,95104,733,1302,2864,
57.830652817287536,95104,733,1301,2865,
57.83082816620092,95104,733,1300,2866,
57.833559310978345,95104,732,1301,2866,
57.83962788382213,95104,731,1302,2866,
57.84073845027191,95104,730,1303,2866,
57.84558833592331,95104,730,1302,2867,
57.84754954266496,95104,730,1301,2868,
57.85183030471066,95104,730,1300,2869,
57.85258150174185,95103,731,1300,2869,
57.85323662373082,95103,730,1301,2869,
57.85769098093904,95103,729,1302,2869,
57.86012711837558,95103,729,1301,2870,
57.86107406800355,95103,728,1302,2870,
57.86113151602674,95102,729,1302,2870,
57.868011652485485,95102,728,1303,2870,
57.86972965488759,95101,729,1303,2870,
57.87231528758026,95100,730,1303,2870,
57.87653332060474,95099,731,1303,2870,
57.8771049693036,95099,731,1302,2871,
57.87935686541321,95098,732,1302,2871,
57.87942218251614,95097,733,1302,2871,
57.87945027523983,95096,734,1302,2871,
57.88205996505058,95095,735,1302,2871,
57.88431765816441,95095,735,1301,2872,
57.885249716307726,95095,735,1300,2873,
57.88593119381438,95095,735,1299,2874,
57.8877179781599,95094,736,1299,2874,
57.891308154260145,95094,735,1300,2874,
57.892940773501,95094,735,1299,2875,
57.89524907651354,95094,734,1300,2875,
57.900671149005895,95094,734,1299,2876,
57.901865995445185,95094,733,1300,2876,
57.903971085037156,95093,734,1300,2876,
57.90438539196253,95093,734,1299,2877,
57.906762545737045,95093,734,1298,2878,
57.90990360017492,95093,734,1297,2879,
57.9146311444276,95093,733,1298,2879,
57.91524007386674,95092,734,1298,2879,
57.915891835246356,95092,733,1299,2879,
57.91653115336575,95092,733,1298,2880,
57.916814048078436,95091,734,1298,2880,
57.918908485507245,95090,735,1298,2880,
57.91990950890218,95090,735,1297,2881,
57.9201746647149,95090,734,1298,2881,
57.9218681114061,95090,734,1297,2882,
57.926579318264274,95089,735,1297,2882,
57.93249133983321,95088,736,1297,2882,
57.93730089855128,95088,735,1298,2882,
57.9387427716364,95088,735,1297,2883,
57.94358910449337,95088,735,1296,2884,
57.943726747482465,95088,734,1297,2884,
57.94682221352547,95088,733,1298,2884,
57.94832852115032,95088,732,1299,2884,
57.95914900260942,95088,732,1298,2885,
57.97016022917229,95087,733,1298,2885,
57.97113947577084,95087,732,1299,2885,
57.976302898730324,95087,731,1300,2885,
57.97736407246869,95086,732,1300,2885,
57.97782168356433,95085,733,1300,2885,
57.97869822290268,95085,733,1299,2886,
57.98195615916427,95085,733,1298,2887,
57.9827554819657,95084,734,1298,2887,
57.98488375434979,95084,733,1299,2887,
57.98953404158521,95083,734,1299,2887,
57.989811776675154,95082,735,1299,2887,
57.991138807569016,95082,734,1300,2887,
57.991161491192976,95082,734,1299,2888,
57.992295615715456,95081,735,1299,2888,
57.99401708597775,95080,736,1299,2888,
57.99444592449721,95080,735,1300,2888,
57.994609790864345,95080,735,1299,2889,
57.997399483428325,95079,736,1299,2889,
57.99856542051104,95078,737,1299,2889,
58.0112616254466,95078,736,1300,2889,
58.01201941168582,95078,735,1301,2889,
58.01565235798664,95078,734,1302,2889,
58.0202031852545,95077,735,1302,2889,
58.029048327376884,95076,736,1302,2889,
58.029539175421235,95076,736,1301,2890,
58.03039031599355,95076,736,1300,2891,
58.031212185932176,95075,737,1300,2891,
58.03131203616419,95075,736,1301,2891,
58.04042174061359,95075,736,1300,2892,
58.041105465873684,95075,736,1299,2893,
58.04115347521556,95075,735,1300,2893,
58.048847247693686,95075,734,1301,2893,
58.05005985872103,95075,734,1300,2894,
58.053524655119574,95075,734,1299,2895,
58.05479874470778,95074,735,1299,2895,
58.058260039256425,95074,734,1300,2895,
58.059543558598115,95074,733,1301,2895,
58.060923088843495,95074,732,1302,2895,
58.06138029839277,95074,732,1301,2896,
58.06151144155798,95074,731,1302,2896,
58.06327840517127,95074,731,1301,2897,
58.064125022348364,95073,732,1301,2897,
58.064711269385825,95073,732,1300,2898,
58.06518079410654,95072,733,1300,2898,
58.06724182359186,95071,734,1300,2898,
58.0745283094335,95071,734,1299,2899,
58.07545919132094,95070,735,1299,2899,
58.081057960782196,95070,735,1298,2900,
58.08281283257567,95070,734,1299,2900,
58.08518485643399,95070,734,1298,2901,
58.08601628733917,95070,734,1297,2902,
58.0860998392718,95069,735,1297,2902,
58.0888310981118,95068,736,1297,2902,
58.08986616305175,95067,737,1297,2902,
58.08991006157339,95067,736,1298,2902,
58.092138857559405,95066,737,1298,2902,
58.094787189971676,95066,737,1297,2903,
58.0953962645413,95065,738,1297,2903,
58.096478074887386,95065,738,1296,2904,
58.098388875044044,95065,738,1295,2905,
58.0984914138303,95065,738,1294,2906,
58.1006879588775,95065,737,1295,2906,
58.10180984754556,95065,737,1294,2907,
58.101840129237544,95065,737,1293,2908,
58.102801470558184,95065,737,1292,2909,
58.10314370858749,95064,738,1292,2909,
58.105308344104344,95063,739,1292,2909,
58.10727884037016,95063,738,1293,2909,
58.108617484940574,95063,738,1292,2910,
58.111039297590594,95063,737,1293,2910,
58.119937742864465,95063,736,1294,2910,
58.120248011787844,95062,737,1294,2910,
58.12316123040894,95062,736,1295,2910,
58.12447821995833,95062,736,1294,2911,
58.125219299057115,95062,736,1293,2912,
58.13036178866527,95062,735,1294,2912,
58.13049920151416,95062,735,1293,2913,
58.133020434918365,95062,735,1292,2914,
58.13378419265703,95062,734,1293,2914,
58.13500714904741,95061,735,1293,2914,
58.136611037717294,95061,735,1292,2915,
58.14099619829082,95061,735,1291,2916,
58.141292758581415,95061,734,1292,2916,
58.14577754631709,95060,735,1292,2916,
58.155602839809035,95060,735,1291,2917,
58.15895590501432,95060,735,1290,2918,
58.15911024136052,95059,736,1290,2918,
58.16418060253296,95059,735,1291,2918,
58.16530067617759,95059,735,1290,2919,
58.16552956163258,95058,736,1290,2919,
58.16583967349499,95058,736,1289,2920,
58.167615918508986,95058,736,1288,2921,
58.16769608610255,95057,737,1288,2921,
58.16994766437868,95057,737,1287,2922,
58.175916148751156,95057,737,1286,2923,
58.17973757969446,95057,736,1287,2923,
58.18024422544889,95057,735,1288,2923,
58.184509632819015,95056,736,1288,2923,
58.185685725183504,95056,736,1287,2924,
58.18588178229707,95056,735,1288,2924,
58.18694927158299,95056,735,1287,2925,
58.18851271382884,95056,734,1288,2925,
58.191763895572976,95056,733,1289,2925,
58.19222001195941,95055,734,1289,2925,
58.19286417965175,95055,734,1288,2926,
58.19296965677084,95054,735,1288,2926,
58.19522153378598,95054,735,1287,2927,
58.204315662745586,95054,735,1286,2928,
58.20628307845964,95054,735,1285,2929,
58.20804906010825,95054,734,1286,2929,
58.20972646042941,95053,735,1286,2929,
58.21086181173758,95053,734,1287,2929,
58.21417829800546,95052,735,1287,2929,
58.21498115312,95052,735,1286,2930,
58.220444979803105,95052,734,1287,2930,
58.220972348285486,95051,735,1287,2930,
58.22463343096416,95051,735,1286,2931,
58.22561978911,95051,734,1287,2931,
58.22820843780863,95051,734,1286,2932,
58.22878846345858,95051,734,1285,2933,
58.22880155183725,95050,735,1285,2933,
58.230006704870874,95049,736,1285,2933,
58.23049047945809,95049,736,1284,2934,
58.230592486825415,95049,735,1285,2934,
58.230986978851774,95049,735,1284,2935,
58.2322896785591,95049,735,1283,2936,
58.23253510636685,95049,734,1284,2936,
58.238013766676964,95049,734,1283,2937,
58.23803657328275,95048,735,1283,2937,
58.24246803508958,95048,734,1284,2937,
58.24785670132482,95048,734,1283,2938,
58.25002224238803,95048,734,1282,2939,
58.251118950131314,95048,734,1281,2940,
58.25252590406403,95048,734,1280,2941,
58.25498553531659,95048,734,1279,2942,
58.25500480332141,95047,735,1279,2942,
58.25538622076319,95047,734,1280,2942,
58.25687040467584,95046,735,1280,2942,
58.25788352646894,95045,736,1280,2942,
58.259652605660214,95045,736,1279,2943,
58.26085514826686,95045,735,1280,2943,
58.260895712220766,95045,734,1281,2943,
58.26287970425157,95045,734,1280,2944,
58.264048473468804,95045,733,1281,2944,
58.2714785111312,95045,733,1280,2945,
58.27273145591454,95044,734,1280,2945,
58.27890369510028,95044,734,1279,2946,
58.28564807536289,95044,734,1278,2947,
58.286156708776716,95044,733,1279,2947,
58.28837348302869,95044,733,1278,2948,
58.29509571960015,95044,732,1279,2948,
58.29729039424438,95044,732,1278,2949,
58.29770325470701,95044,732,1277,2950,
58.30139190767515,95044,731,1278,2950,
58.301632722790856,95043,732,1278,2950,
58.30502918856287,95042,733,1278,2950,
58.30842191466975,95041,734,1278,2950,
58.31632445929196,95041,733,1279,2950,
58.31954456018115,95041,733,1278,2951,
58.31961767910133,95041,732,1279,2951,
58.32004326298346,95041,731,1280,2951,
58.320650344895405,95040,732,1280,2951,
58.320977484801475,95040,732,1279,2952,
58.32198628130074,95040,732,1278,2953,
58.322242004996966,95039,733,1278,2953,
58.322904184192865,95039,733,1277,2954,
58.332150386518514,95038,734,1277,2954,
58.333342883057036,95038,734,1276,2955,
58.33453534045495,95037,735,1276,2955,
58.33841097439986,95037,735,1275,2956,
58.34168179969119,95036,736,1275,2956,
58.34183339541689,95036,736,1274,2957,
58.34270564102845,95035,737,1274,2957,
58.344310683257866,95035,736,1275,2957,
58.34459444623718,95034,737,1275,2957,
58.35018507416237,95034,736,1276,2957,
58.35323016723194,95034,736,1275,2958,
58.355102875939416,95034,735,1276,2958,
58.36325927646401,95034,734,1277,2958,
58.36756173461051,95033,735,1277,2958,
58.370841368085976,95032,736,1277,2958,
58.374213692525885,95032,735,1278,2958,
58.37479786645318,95032,734,1279,2958,
58.375689193026595,95031,735,1279,2958,
58.37977172776036,95030,736,1279,2958,
58.38255020042453,95029,737,1279,2958,
58.38555591045514,95029,737,1278,2959,
58.388340099331614,95029,736,1279,2959,
58.39054590392476,95029,736,1278,2960,
58.39427432640833,95029,736,1277,2961,
58.398252241812294,95029,735,1278,2961,
58.40703544232126,95029,734,1279,2961,
58.40878652988695,95029,733,1280,2961,
58.40890462991537,95029,732,1281,2961,
58.41284076202081,95029,732,1280,2962,
58.41289961331095,95029,731,1281,2962,
58.417852436046424,95028,732,1281,2962,
58.42171908243844,95028,731,1282,2962,
58.42279688416794,95027,732,1282,2962,
58.42303725783647,95026,733,1282,2962,
58.42578496150706,95026,733,1281,2963,
58.426687280627604,95025,734,1281,2963,
58.42998469665494,95025,734,1280,2964,
58.431080536036674,95025,734,1279,2965,
58.43570948769792,95025,734,1278,2966,
58.43999506418986,95025,733,1279,2966,
58.44233610803137,95024,734,1279,2966,
58.44268730742748,95024,734,1278,2967,
58.4430436838513,95024,733,1279,2967,
58.443220604312344,95023,734,1279,2967,
58.44381051283044,95023,734,1278,2968,
58.44452791989186,95023,733,1279,2968,
58.45042258613319,95023,732,1280,2968,
58.45385259931197,95023,732,1279,2969,
58.45525417327544,95023,731,1280,2969,
58.45599178698457,95023,730,1281,2969,
58.459365298154395,95022,731,1281,2969,
58.46824048394785,95022,731,1280,2970,
58.48041692222907,95022,730,1281,2970,
58.48086098863173,95022,730,1280,2971,
58.48538330400922,95022,730,1279,2972,
58.48711768805903,95022,729,1280,2972,
58.48883055888659,95021,730,1280,2972,
58.48950131276443,95021,729,1281,2972,
58.49501370102013,95021,729,1280,2973,
58.49564748138329,95020,730,1280,2973,
58.498392975870175,95020,729,1281,2973,
58.498521651502166,95020,729,1280,2974,
58.499934583282794,95019,730,1280,2974,
58.50317839949543,95019,730,1279,2975,
58.51598700056426,95018,731,1279,2975,
58.517347096476826,95018,730,1280,2975,
58.527242554671204,95018,730,1279,2976,
58.52724991304893,95018,730,1278,2977,
58.52788759902402,95018,729,1279,2977,
58.52949646092205,95018,729,1278,2978,
58.52983928417661,95018,728,1279,2978,
58.52994538437029,95018,727,1280,2978,
58.53054946551274,95018,727,1279,2979,
58.53436064168999,95018,727,1278,2980,
58.53475053965923,95018,726,1279,2980,
58.535459706818884,95018,726,1278,2981,
58.538615745854834,95018,726,1277,2982,
58.540553787520984,95018,725,1278,2982,
58.540569286775366,95018,725,1277,2983,
58.54481341645599,95018,724,1278,2983,
58.546562305022036,95018,724,1277,2984,
58.55134572900352,95018,724,1276,2985,
58.55274469213641,95017,725,1276,2985,
58.555655719260756,95017,725,1275,2986,
58.556376904313325,95017,724,1276,2986,
58.55765417987615,95016,725,1276,2986,
58.56879316364159,95015,726,1276,2986,
58.56886541385795,95015,725,1277,2986,
58.571938725092,95015,724,1278,2986,
58.57196125213895,95014,725,1278,2986,
58.57398972502592,95014,724,1279,2986,
58.57454416252277,95014,723,1280,2986,
58.579458542217225,95013,724,1280,2986,
58.58161429377046,95013,724,1279,2987,
58.58176427363654,95012,725,1279,2987,
58.58193888247808,95012,724,1280,2987,
58.58302282980652,95011,725,1280,2987,
58.583113055461396,95010,726,1280,2987,
58.58585129767532,95009,727,1280,2987,
58.58862018710261,95009,726,1281,2987,
58.590226517644645,95008,727,1281,2987,
58.59188580240237,95007,728,1281,2987,
58.59266049623142,95006,729,1281,2987,
58.5978479630761,95006,729,1280,2988,
58.59803915693764,95005,730,1280,2988,
58.60024468295564,95005,730,1279,2989,
58.60059365740139,95004,731,1279,2989,
58.60200167043854,95004,731,1278,2990,
58.6021802387106,95003,732,1278,2990,
58.60433910666448,95003,732,1277,2991,
58.60481130270012,95003,731,1278,2991,
58.60829084234169,95003,730,1279,2991,
58.61147520554714,95003,730,1278,2992,
58.61616688957173,95002,731,1278,2992,
58.61973481388537,95001,732,1278,2992,
58.620186761519456,95000,733,1278,2992,
58.620904079458384,95000,732,1279,2992,
58.62385006372088,94999,733,1279,2992,
58.62984714910205,94999,732,1280,2992,
58.63194919548954,94998,733,1280,2992,
58.63581796159248,94998,732,1281,2992,
58.638050524122754,94998,731,1282,2992,
58.639161817327405,94997,732,1282,2992,
58.639986356607125,94997,732,1281,2993,
58.64061340233491,94997,731,1282,2993,
58.64288012456069,94996,732,1282,2993,
58.64362961106653,94996,731,1283,2993,
58.65551654146097,94996,730,1284,2993,
58.655744241696006,94995,731,1284,2993,
58.656137246394884,94995,731,1283,2994,
58.65627491631076,94995,731,1282,2995,
58.657632525003976,94994,732,1282,2995,
58.664023781858845,94994,732,1281,2996,
58.66488605540531,94994,731,1282,2996,
58.66607327854143,94994,730,1283,2996,
58.67175021814445,94994,730,1282,2997,
58.67272520410227,94994,729,1283,2997,
58.67981263804368,94993,730,1283,2997,
58.68158438675494,94993,729,1284,2997,
58.684136280114615,94993,728,1285,2997,
58.68517443172103,94993,728,1284,2998,
58.68762565680083,94993,727,1285,2998,
58.69207246498177,94993,727,1284,2999,
58.69280201537755,94992,728,1284,2999,
58.69403156083987,94992,728,1283,3000,
58.697173787397766,94991,729,1283,3000,
58.69721982956144,94990,730,1283,3000,
58.69828317407417,94989,731,1283,3000,
58.69882207533735,94989,730,1284,3000,
58.699378820035264,94989,730,1283,3001,
58.69939284239594,94989,730,1282,3002,
58.70215342166124,94989,730,1281,3003,
58.703106587477045,94989,730,1280,3004,
58.703938522100195,94989,730,1279,3005,
58.70444378081149,94989,730,1278,3006,
58.70614071823762,94989,729,1279,3006,
58.71762031255656,94989,729,1278,3007,
58.71832249611337,94989,729,1277,3008,
58.71881923044667,94989,729,1276,3009,
58.72156813259601,94988,730,1276,3009,
58.72461974144123,94988,730,1275,3010,
58.73139262068247,94987,731,1275,3010,
58.7329943253973,94987,730,1276,3010,
58.7361933514354,94986,731,1276,3010,
58.736429845230674,94985,732,1276,3010,
58.740154943984834,94984,733,1276,3010,
58.74164521376298,94984,733,1275,3011,
58.74179509218974,94984,733,1274,3012,
58.74208304737333,94984,733,1273,3013,
58.74270766341107,94984,733,1272,3014,
58.74689428592688,94984,733,1271,3015,
58.7474269386026,94984,733,1270,3016,
58.74785519444971,94984,733,1269,3017,
58.75248900082789,94984,733,1268,3018,
58.756007539764184,94984,732,1269,3018,
58.75643071345432,94984,732,1268,3019,
58.758268919439026,94984,732,1267,3020,
58.76067515146916,94984,732,1266,3021,
58.76424861170268,94984,732,1265,3022,
58.76643595403638,94984,732,1264,3023,
58.766475190221925,94984,731,1265,3023,
58.773081116647276,94984,731,1264,3024,
58.776294540382175,94983,732,1264,3024,
58.77868359076815,94983,732,1263,3025,
58.785620298233695,94982,733,1263,3025,
58.78997798509459,94981,734,1263,3025,
58.80013428798641,94981,734,1262,3026,
58.80212238604889,94981,734,1261,3027,
58.809102974991966,94981,734,1260,3028,
58.817098319061365,94980,735,1260,3028,
58.82234906737446,94980,734,1261,3028,
58.82291908659343,94979,735,1261,3028,
58.8253563951571,94978,736,1261,3028,
58.825422042656164,94977,737,1261,3028,
58.82550849584002,94977,736,1262,3028,
58.827171817869896,94976,737,1262,3028,
58.8282520639076,94976,736,1263,3028,
58.829326547663335,94976,735,1264,3028,
58.834794341867266,94975,736,1264,3028,
58.83490375124205,94974,737,1264,3028,
58.834907715173685,94974,737,1263,3029,
58.83603741702334,94974,737,1262,3030,
58.83862778480188,94974,736,1263,3030,
58.840495456288494,94974,735,1264,3030,
58.84088509075111,94974,734,1265,3030,
58.841606899427454,94974,733,1266,3030,
58.84399184122078,94974,732,1267,3030,
58.84725351411001,94973,733,1267,3030,
58.84849103418257,94973,732,1268,3030,
58.85247020591416,94973,732,1267,3031,
58.853470575139404,94972,733,1267,3031,
58.85831305733918,94971,734,1267,3031,
58.860204128025984,94970,735,1267,3031,
58.86051372233429,94970,734,1268,3031,
58.86192104590738,94969,735,1268,3031,
58.86231953762014,94969,735,1267,3032,
58.86270274831179,94969,735,1266,3033,
58.86827545260314,94969,734,1267,3033,
58.869720738767185,94969,733,1268,3033,
58.8782279161671,94969,733,1267,3034,
58.87952932291772,94969,732,1268,3034,
58.88303658676911,94969,732,1267,3035,
58.88729389030799,94969,732,1266,3036,
58.88754221553459,94968,733,1266,3036,
58.88815132468423,94967,734,1266,3036,
58.890433019762874,94967,734,1265,3037,
58.89243131470356,94967,733,1266,3037,
58.89310505383975,94967,733,1265,3038,
58.89917619081386,94967,733,1264,3039,
58.90098673987852,94967,733,1263,3040,
58.90382865254052,94967,733,1262,3041,
58.905455170091564,94967,732,1263,3041,
58.90923147768448,94967,731,1264,3041,
58.912945012993525,94967,730,1265,3041,
58.91508136811936,94966,731,1265,3041,
58.91611309840767,94966,730,1266,3041,
58.917358460730775,94966,729,1267,3041,
58.92208549789038,94966,729,1266,3042,
58.92529630530128,94966,728,1267,3042,
58.92699299725092,94966,727,1268,3042,
58.92756793896437,94966,726,1269,3042,
58.92786455309864,94966,726,1268,3043,
58.92959442505302,94966,726,1267,3044,
58.931828726538036,94966,725,1268,3044,
58.93482091091099,94965,726,1268,3044,
58.936003944761374,94964,727,1268,3044,
58.93672369330394,94964,726,1269,3044,
58.9406556346055,94964,726,1268,3045,
58.9443921449762,94964,725,1269,3045,
58.94785884975102,94964,725,1268,3046,
58.94858389247537,94964,724,1269,3046,
58.94952179997663,94964,723,1270,3046,
58.95273994288892,94963,724,1270,3046,
58.95444100066789,94963,724,1269,3047,
58.95445894842041,94962,725,1269,3047,
58.956119853762274,94961,726,1269,3047,
58.95828828862529,94961,726,1268,3048,
58.96166805051431,94961,725,1269,3048,
58.96237281306412,94961,725,1268,3049,
58.962619553163115,94961,724,1269,3049,
58.96444256536158,94960,725,1269,3049,
58.96516621299886,94959,726,1269,3049,
58.97486346341606,94959,725,1270,3049,
58.97491738984975,94959,725,1269,3050,
58.977166687957094,94959,725,1268,3051,
58.978504055429234,94959,724,1269,3051,
58.979745673542396,94959,724,1268,3052,
58.98193548195026,94959,724,1267,3053,
58.982116628047294,94959,723,1268,3053,
58.983131481402836,94959,722,1269,3053,
58.9840931273899,94958,723,1269,3053,
58.98559710705369,94957,724,1269,3053,
58.986034728444366,94957,724,1268,3054,
58.986377475259545,94956,725,1268,3054,
58.994952056731435,94955,726,1268,3054,
58.99702878965494,94954,727,1268,3054,
58.9985352126796,94954,726,1269,3054,
58.99862979710346,94954,725,1270,3054,
58.99913709122397,94953,726,1270,3054,
59.00006694421843,94952,727,1270,3054,
59.000733703347834,94952,727,1269,3055,
59.00077275073403,94952,727,1268,3056,
59.006868514242825,94951,728,1268,3056,
59.007638564337306,94950,729,1268,3056,
59.008305188667954,94949,730,1268,3056,
59.01655869533609,94949,730,1267,3057,
59.01735791095339,94949,730,1266,3058,
59.01889050952545,94949,729,1267,3058,
59.019789626499346,94949,729,1266,3059,
59.021571210953525,94949,729,1265,3060,
59.02278955363337,94949,728,1266,3060,
59.02422510979888,94948,729,1266,3060,
59.02461883779435,94948,729,1265,3061,
59.02824884362783,94948,729,1264,3062,
59.02898500530423,94948,728,1265,3062,
59.03052487031802,94947,729,1265,3062,
59.03156892532946,94947,729,1264,3063,
59.03204731221901,94946,730,1264,3063,
59.034334096887484,94946,730,1263,3064,
59.03865403832161,94946,730,1262,3065,
59.04009134425564,94945,731,1262,3065,
59.04027764673563,94945,731,1261,3066,
59.04156733759086,94945,731,1260,3067,
59.04666839090198,94945,731,1259,3068,
59.051243093300116,94944,732,1259,3068,
59.05281202171661,94944,732,1258,3069,
59.055581218496926,94944,731,1259,3069,
59.05579499067899,94944,731,1258,3070,
59.0589323345805,94943,732,1258,3070,
59.063159090880724,94943,732,1257,3071,
59.06796086407543,94943,731,1258,3071,
59.069179430620636,94942,732,1258,3071,
59.069715232954856,94941,733,1258,3071,
59.07034639472203,94940,734,1258,3071,
59.070496665962075,94940,733,1259,3071,
59.071873963779254,94939,734,1259,3071,
59.07609044952322,94938,735,1259,3071,
59.07661790521644,94938,734,1260,3071,
59.07814985077998,94937,735,1260,3071,
59.07977491158966,94937,735,1259,3072,
59.081251410695856,94936,736,1259,3072,
59.08125994537099,94935,737,1259,3072,
59.08227004611001,94935,736,1260,3072,
59.087572727122435,94935,735,1261,3072,
59.09243249331226,94935,735,1260,3073,
59.10198084003362,94935,735,1259,3074,
59.10235856401418,94935,735,1258,3075,
59.104253731086594,94934,736,1258,3075,
59.10462067606114,94934,736,1257,3076,
59.10772347221247,94933,737,1257,3076,
59.107849496106155,94932,738,1257,3076,
59.109784634276785,94932,737,1258,3076,
59.115416214629455,94931,738,1258,3076,
59.11672855942165,94930,739,1258,3076,
59.11737594423794,94930,739,1257,3077,
59.11775795797679,94930,739,1256,3078,
59.12041029583135,94930,738,1257,3078,
59.12134000372875,94930,737,1258,3078,
59.12195112785079,94930,737,1257,3079,
59.12200173309529,94930,737,1256,3080,
59.1239018266085,94930,736,1257,3080,
59.12648373011861,94929,737,1257,3080,
59.126931812735236,94929,737,1256,3081,
59.12855351726068,94929,736,1257,3081,
59.130603447845004,94929,736,1256,3082,
59.13405368879637,94928,737,1256,3082,
59.134288970901466,94928,737,1255,3083,
59.13442147310272,94927,738,1255,3083,
59.13446939872995,94926,739,1255,3083,
59.13626053258106,94926,738,1256,3083,
59.136685194138416,94926,737,1257,3083,
59.13758757400418,94926,736,1258,3083,
59.14046864506503,94925,737,1258,3083,
59.141861870343284,94925,737,1257,3084,
59.14213559545265,94925,736,1258,3084,
59.14250413514904,94925,736,1257,3085,
59.14377065481616,94924,737,1257,3085,
59.14631381539233,94923,738,1257,3085,
59.15315170064303,94923,738,1256,3086,
59.16214983696514,94923,738,1255,3087,
59.16471250077464,94922,739,1255,3087,
59.166767062302625,94922,738,1256,3087,
59.1688340566437,94921,739,1256,3087,
59.17180991186214,94920,740,1256,3087,
59.175577101865414,94920,740,1255,3088,
59.176015651038064,94920,740,1254,3089,
59.17702431907877,94920,739,1255,3089,
59.177192772309624,94920,738,1256,3089,
59.17970337201461,94920,738,1255,3090,
59.1804506252631,94920,737,1256,3090,
59.18122050402928,94920,737,1255,3091,
59.18391176139619,94920,736,1256,3091,
59.18637542163522,94920,735,1257,3091,
59.18671203365884,94920,734,1258,3091,
59.19317483400583,94919,735,1258,3091,
59.19404976040432,94918,736,1258,3091,
59.195709929261156,94918,736,1257,3092,
59.20018050028272,94918,736,1256,3093,
59.206173528433176,94918,735,1257,3093,
59.2139465495238,94917,736,1257,3093,
59.21433139489963,94917,735,1258,3093,
59.21446941517122,94916,736,1258,3093,
59.217711743583784,94915,737,1258,3093,
59.22443302351233,94915,736,1259,3093,
59.2244550025155,94915,735,1260,3093,
59.230376905778435,94915,734,1261,3093,
59.232245625310675,94915,733,1262,3093,
59.23255360330017,94915,733,1261,3094,
59.24379562271987,94915,732,1262,3094,
59.24485187870091,94915,732,1261,3095,
59.246184939099024,94915,732,1260,3096,
59.24748838811588,94915,732,1259,3097,
59.25409827416371,94915,731,1260,3097,
59.25643783951514,94915,731,1259,3098,
59.25703853124706,94915,731,1258,3099,
59.257776948581835,94914,732,1258,3099,
59.25915989252003,94914,731,1259,3099,
59.2599182129966,94914,730,1260,3099,
59.26003635498223,94914,730,1259,3100,
59.26159299741247,94914,730,1258,3101,
59.2644236391246,94914,730,1257,3102,
59.26933768863588,94914,729,1258,3102,
59.27184149517713,94914,728,1259,3102,
59.273663209549426,94914,728,1258,3103,
59.27480670581322,94914,728,1257,3104,
59.27481161142219,94914,727,1258,3104,
59.27789322560013,94914,727,1257,3105,
59.2792767122621,94913,728,1257,3105,
59.28041201590541,94913,727,1258,3105,
59.28089806331766,94913,727,1257,3106,
59.282895205482575,94913,727,1256,3107,
59.28316783161239,94913,726,1257,3107,
59.284047926547046,94913,725,1258,3107,
59.28813051245896,94913,724,1259,3107,
59.291363842457656,94913,724,1258,3108,
59.29297370418741,94913,724,1257,3109,
59.29335081125599,94912,725,1257,3109,
59.29381968781384,94911,726,1257,3109,
59.302313545756874,94911,725,1258,3109,
59.311622292144385,94910,726,1258,3109,
59.31206354115314,94909,727,1258,3109,
59.314592712902225,94908,728,1258,3109,
59.316507112448875,94908,728,1257,3110,
59.31912929500051,94907,729,1257,3110,
59.32077063038546,94906,730,1257,3110,
59.325053048621086,94906,729,1258,3110,
59.3339955370902,94905,730,1258,3110,
59.335201748248124,94905,729,1259,3110,
59.3362645198054,94904,730,1259,3110,
59.337599116329514,94903,731,1259,3110,
59.33797510397111,94903,731,1258,3111,
59.34486326786061,94903,730,1259,3111,
59.34872303870401,94903,730,1258,3112,
59.35387448629471,94903,729,1259,3112,
59.35908552719421,94903,729,1258,3113,
59.36163874669086,94903,729,1257,3114,
59.361776727063734,94903,729,1256,3115,
59.36189321577786,94902,730,1256,3115,
59.36399524954308,94902,729,1257,3115,
59.36541889838856,94902,729,1256,3116,
59.37151878130893,94902,729,1255,3117,
59.37298300190516,94901,730,1255,3117,
59.373290782792395,94901,729,1256,3117,
59.373569528024504,94900,730,1256,3117,
59.37404269643762,94900,729,1257,3117,
59.37485363478582,94900,729,1256,3118,
59.37513726864175,94900,729,1255,3119,
59.37682423759961,94900,728,1256,3119,
59.38237996095265,94899,729,1256,3119,
59.38701412102398,94899,728,1257,3119,
59.38822999619745,94899,727,1258,3119,
59.393143953607925,94899,727,1257,3120,
59.3942850481808,94899,726,1258,3120,
59.39436615255462,94899,726,1257,3121,
59.395125148190466,94898,727,1257,3121,
59.40246462161613,94897,728,1257,3121,
59.40730050235349,94897,728,1256,3122,
59.41399240561104,94897,728,1255,3123,
59.41521375846785,94897,727,1256,3123,
59.420594145298764,94897,727,1255,3124,
59.42064210818134,94897,727,1254,3125,
59.423408266499344,94896,728,1254,3125,
59.43183107462821,94896,728,1253,3126,
59.436225257690694,94896,727,1254,3126,
59.4374531615259,94896,726,1255,3126,
59.442829910952454,94895,727,1255,3126,
59.44413226018874,94894,728,1255,3126,
59.4443850630885,94894,728,1254,3127,
59.448820196697156,94893,729,1254,3127,
59.4501253049456,94893,729,1253,3128,
59.45392276921189,94893,729,1252,3129,
59.454837152612846,94893,728,1253,3129,
59.45665901648897,94893,727,1254,3129,
59.457807038258245,94893,727,1253,3130,
59.459735257453154,94893,726,1254,3130,
59.461211506851896,94893,725,1255,3130,
59.46481093007565,94893,724,1256,3130,
59.46712949319854,94892,725,1256,3130,
59.468562972641585,94892,724,1257,3130,
59.46905139749079,94892,723,1258,3130,
59.47077748435187,94891,724,1258,3130,
59.472473176195045,94890,725,1258,3130,
59.472586859844746,94889,726,1258,3130,
59.478424500451645,94889,725,1259,3130,
59.48175125703578,94889,725,1258,3131,
59.48209063597901,94889,724,1259,3131,
59.48214366444683,94889,724,1258,3132,
59.4854099797341,94888,725,1258,3132,
59.48557681548812,94888,724,1259,3132,
59.48650621161964,94888,724,1258,3133,
59.48996099619467,94888,723,1259,3133,
59.493617911652045,94888,723,1258,3134,
59.49758631359995,94887,724,1258,3134,
59.50566144746551,94887,724,1257,3135,
59.51228810159168,94887,723,1258,3135,
59.51364208945807,94887,723,1257,3136,
59.514286704891944,94886,724,1257,3136,
59.51439510830794,94886,723,1258,3136,
59.517742889268874,94885,724,1258,3136,
59.51933759822881,94885,723,1259,3136,
59.51973541990782,94885,723,1258,3137,
59.52076256949262,94885,722,1259,3137,
59.524505762236636,94885,721,1260,3137,
59.525573526198905,94885,721,1259,3138,
59.52563478197772,94885,720,1260,3138,
59.52658892305835,94884,721,1260,3138,
59.53184690103461,94884,720,1261,3138,
59.53194163402487,94884,720,1260,3139,
59.53280451799189,94883,721,1260,3139,
59.53314657881264,94882,722,1260,3139,
59.53725683371405,94881,723,1260,3139,
59.539177121441185,94881,722,1261,3139,
59.53934269809384,94881,721,1262,3139,
59.53971146734024,94880,722,1262,3139,
59.54035337104012,94880,722,1261,3140,
59.54418531038935,94880,721,1262,3140,
59.544863482298396,94879,722,1262,3140,
59.54928324969862,94879,722,1261,3141,
59.549765611904824,94878,723,1261,3141,
59.5506831758969,94877,724,1261,3141,
59.553016466430755,94877,723,1262,3141,
59.554039893870254,94876,724,1262,3141,
59.55436087776436,94876,723,1263,3141,
59.555112271863344,94876,722,1264,3141,
59.55648131033369,94875,723,1264,3141,
59.556630719505876,94875,722,1265,3141,
59.55792938828126,94874,723,1265,3141,
59.56140618161072,94873,724,1265,3141,
59.56410497738435,94873,724,1264,3142,
59.56548598723587,94873,723,1265,3142,
59.56572485054959,94873,723,1264,3143,
59.56635453200243,94872,724,1264,3143,
59.56718201823698,94871,725,1264,3143,
59.56759911468059,94870,726,1264,3143,
59.57032453205527,94869,727,1264,3143,
59.57175257761756,94869,726,1265,3143,
59.57436319446401,94868,727,1265,3143,
59.57595370347428,94867,728,1265,3143,
59.578631520005686,94867,727,1266,3143,
59.57975246630515,94867,726,1267,3143,
59.58674716291266,94866,727,1267,3143,
59.588570260801674,94866,726,1268,3143,
59.58893720109686,94866,726,1267,3144,
59.58893939145817,94866,726,1266,3145,
59.58987262370508,94866,726,1265,3146,
59.58993301002314,94865,727,1265,3146,
59.59167562436393,94864,728,1265,3146,
59.592145073026686,94863,729,1265,3146,
59.59700160800067,94862,730,1265,3146,
59.59778889713546,94862,730,1264,3147,
59.602612879434346,94862,729,1265,3147,
59.60401953740703,94861,730,1265,3147,
59.604881546537555,94861,730,1264,3148,
59.607015636121844,94861,729,1265,3148,
59.607108648696155,94861,728,1266,3148,
59.610163573176216,94861,728,1265,3149,
59.61943133753526,94861,728,1264,3150,
59.62898903041515,94860,729,1264,3150,
59.630086262530014,94859,730,1264,3150,
59.630322032136576,94858,731,1264,3150,
59.63516568180879,94858,731,1263,3151,
59.63699735871728,94858,731,1262,3152,
59.63805892304306,94858,730,1263,3152,
59.63867080929808,94858,730,1262,3153,
59.64315818918651,94858,730,1261,3154,
59.64471287039368,94858,729,1262,3154,
59.644962199273074,94857,730,1262,3154,
59.64664413551255,94857,729,1263,3154,
59.647815302115085,94857,728,1264,3154,
59.64913386672346,94857,727,1265,3154,
59.651466916205365,94856,728,1265,3154,
59.65587509004864,94855,729,1265,3154,
59.65773223238581,94855,729,1264,3155,
59.65784527367112,94854,730,1264,3155,
59.65843572937945,94853,731,1264,3155,
59.65850651418481,94853,731,1263,3156,
59.6590256300982,94852,732,1263,3156,
59.659629658847194,94852,731,1264,3156,
59.65985320376396,94851,732,1264,3156,
59.66275429160362,94851,731,1265,3156,
59.66407897477214,94851,730,1266,3156,
59.6647680571611,94851,729,1267,3156,
59.666833555379974,94851,728,1268,3156,
59.66882111534187,94851,728,1267,3157,
59.669043420369206,94851,727,1268,3157,
59.67331478870152,94850,728,1268,3157,
59.67841307185458,94850,728,1267,3158,
59.682373124424544,94849,729,1267,3158,
59.68537909941097,94849,729,1266,3159,
59.68599897333429,94849,728,1267,3159,
59.69515501666362,94849,727,1268,3159,
59.69542888514261,94849,727,1267,3160,
59.69590186031915,94849,726,1268,3160,
59.69676816860419,94849,726,1267,3161,
59.69987868723501,94848,727,1267,3161,
59.700586939629474,94848,726,1268,3161,
59.70982378674059,94848,726,1267,3162,
59.71235518818139,94847,727,1267,3162,
59.713493170437445,94847,726,1268,3162,
59.714706467485364,94847,725,1269,3162,
59.71475845042758,94847,724,1270,3162,
59.71653043898492,94847,724,1269,3163,
59.72025361189107,94847,724,1268,3164,
59.7250345769863,94847,724,1267,3165,
59.729763501840736,94846,725,1267,3165,
59.73250776417342,94846,725,1266,3166,
59.73493396995356,94846,725,1265,3167,
59.73691606561312,94845,726,1265,3167,
59.737896053092214,94844,727,1265,3167,
59.73821923563213,94844,727,1264,3168,
59.738844386235535,94843,728,1264,3168,
59.74067448434616,94843,728,1263,3169,
59.74361919608654,94842,729,1263,3169,
59.7437066889746,94842,728,1264,3169,
59.75186239079595,94842,727,1265,3169,
59.751882959225085,94842,726,1266,3169,
59.75222176076745,94841,727,1266,3169,
59.75240281485519,94841,727,1265,3170,
59.7628429556044,94841,727,1264,3171,
59.76499988331193,94841,727,1263,3172,
59.767622230802374,94841,726,1264,3172,
59.768165649758615,94841,726,1263,3173,
59.76990073448208,94840,727,1263,3173,
59.773027575576435,94840,727,1262,3174,
59.77553863679533,94840,726,1263,3174,
59.77613561258963,94840,726,1262,3175,
59.7778831513952,94840,726,1261,3176,
59.78099158543397,94840,726,1260,3177,
59.78413298179715,94839,727,1260,3177,
59.784221049673334,94839,726,1261,3177,
59.78698934466527,94838,727,1261,3177,
59.78740475561181,94838,727,1260,3178,
59.794097404944,94838,727,1259,3179,
59.795743692524184,94837,728,1259,3179,
59.79589639245668,94836,729,1259,3179,
59.79861451900359,94836,728,1260,3179,
59.800196952783665,94836,727,1261,3179,
59.800533051118514,94836,727,1260,3180,
59.80254069606426,94836,727,1259,3181,
59.803091667277776,94835,728,1259,3181,
59.80376657197034,94835,728,1258,3182,
59.804216522337484,94834,729,1258,3182,
59.80447661658088,94833,730,1258,3182,
59.80451217325449,94832,731,1258,3182,
59.80465114939307,94831,732,1258,3182,
59.80568174586568,94831,731,1259,3182,
59.813395102199685,94831,731,1258,3183,
59.813648220900575,94831,730,1259,3183,
59.816824499868055,94831,730,1258,3184,
59.81813122932891,94831,730,1257,3185,
59.81893453117006,94830,731,1257,3185,
59.82012586020773,94830,730,1258,3185,
59.82090890034825,94829,731,1258,3185,
59.82506870578577,94829,730,1259,3185,
59.8260703341041,94829,729,1260,3185,
59.82918355136634,94828,730,1260,3185,
59.83096316173879,94828,729,1261,3185,
59.83160936364528,94828,729,1260,3186,
59.83703837015704,94828,729,1259,3187,
59.83817178642325,94827,730,1259,3187,
59.83819562374106,94827,729,1260,3187,
59.84332182849819,94827,728,1261,3187,
59.843884003998795,94827,727,1262,3187,
59.84560750934214,94827,727,1261,3188,
59.847371027388135,94827,726,1262,3188,
59.85237743553231,94827,725,1263,3188,
59.85621214765739,94826,726,1263,3188,
59.85895762688918,94826,725,1264,3188,
59.86043654814962,94826,725,1263,3189,
59.86270195568149,94825,726,1263,3189,
59.86504180804138,94825,726,1262,3190,
59.86559483844168,94825,726,1261,3191,
59.86768545254293,94825,725,1262,3191,
59.87265684638975,94824,726,1262,3191,
59.878059190727726,94824,726,1261,3192,
59.87811053466593,94824,725,1262,3192,
59.87995809126119,94824,725,1261,3193,
59.882675194789876,94824,725,1260,3194,
59.885219149866614,94824,725,1259,3195,
59.890656081271295,94824,724,1260,3195,
59.891895809785154,94823,725,1260,3195,
59.89399292445579,94823,724,1261,3195,
59.895110026671986,94823,724,1260,3196,
59.895867720840045,94822,725,1260,3196,
59.8981381140218,94822,724,1261,3196,
59.90139742306983,94822,723,1262,3196,
59.906316871242076,94822,722,1263,3196,
59.90758419305147,94821,723,1263,3196,
59.90979504092418,94820,724,1263,3196,
59.91270095733698,94819,725,1263,3196,
59.91336443069183,94819,724,1264,3196,
59.914597563032245,94819,723,1265,3196,
59.916094248356316,94819,722,1266,3196,
59.91988698608193,94819,722,1265,3197,
59.92011973565438,94819,721,1266,3197,
59.922613563412284,94818,722,1266,3197,
59.92511652895048,94817,723,1266,3197,
59.9333497655447,94817,722,1267,3197,
59.93469805985852,94817,722,1266,3198,
59.94300937028828,94817,721,1267,3198,
59.945152706823905,94816,722,1267,3198,
59.94873997092267,94816,721,1268,3198,
59.950896855480956,94815,722,1268,3198,
59.95210969716377,94815,722,1267,3199,
59.95227357625921,94815,721,1268,3199,
59.95448340533018,94814,722,1268,3199,
59.95942892801701,94814,722,1267,3200,
59.95963676930028,94814,722,1266,3201,
59.96101955540635,94813,723,1266,3201,
59.96335392688399,94813,722,1267,3201,
59.97028258262315,94813,722,1266,3202,
59.97110527848766,94812,723,1266,3202,
59.97392796020327,94812,722,1267,3202,
59.97509092072035,94812,721,1268,3202,
59.97560321300797,94811,722,1268,3202,
59.97740971488368,94811,721,1269,3202,
59.977714890571995,94811,721,1268,3203,
59.9777467569849,94811,721,1267,3204,
59.979507139438354,94810,722,1267,3204,
59.98049754301501,94810,721,1268,3204,
59.98612419045132,94810,721,1267,3205,
59.98814129515808,94810,720,1268,3205,
59.98939060147045,94810,720,1267,3206,
59.98963220627844,94810,720,1266,3207,
59.99033733618876,94810,719,1267,3207,
59.992786850283615,94810,719,1266,3208,
59.99289717975707,94810,718,1267,3208,
59.99393470751649,94810,718,1266,3209,
59.998339046532784,94810,717,1267,3209,
60.00132543923698,94810,717,1266,3210,
60.00149748404396,94810,717,1265,3211,
60.002109340971195,94810,717,1264,3212,
60.00547585756385,94809,718,1264,3212,
60.00564413007713,94809,717,1265,3212,
60.00736989042064,94808,718,1265,3212,
60.00744942177541,94808,718,1264,3213,
60.009264919764185,94808,717,1265,3213,
60.00958618445272,94807,718,1265,3213,
60.01492888854759,94807,718,1264,3214,
60.01568457542233,94806,719,1264,3214,
60.018730983847725,94806,719,1263,3215,
60.02334225683634,94806,718,1264,3215,
60.02909912918992,94806,717,1265,3215,
60.03176748773775,94806,716,1266,3215,
60.03352667298071,94805,717,1266,3215,
60.03435446933173,94804,718,1266,3215,
60.03561088897616,94804,717,1267,3215,
60.035634690664445,94804,717,1266,3216,
60.03627695073729,94803,718,1266,3216,
60.03774293777513,94803,718,1265,3217,
60.03809678489899,94802,719,1265,3217,
60.039573534035405,94802,718,1266,3217,
60.04264853262279,94802,718,1265,3218,
60.04527733226865,94801,719,1265,3218,
60.04656155965192,94801,718,1266,3218,
60.052984696289876,94800,719,1266,3218,
60.05386972701544,94799,720,1266,3218,
60.05393447234535,94799,720,1265,3219,
60.0544284403947,94799,720,1264,3220,
60.058661899071,94799,720,1263,3221,
60.06190077421027,94798,721,1263,3221,
60.06472507641074,94797,722,1263,3221,
60.072107718503254,94796,723,1263,3221,
60.073602094078865,94796,722,1264,3221,
60.07635465508114,94796,721,1265,3221,
60.07744640096839,94795,722,1265,3221,
60.08454280098583,94795,721,1266,3221,
60.08673129227037,94795,720,1267,3221,
60.09503356711331,94794,721,1267,3221,
60.10068502406584,94793,722,1267,3221,
60.10175605855903,94793,722,1266,3222,
60.10249259260721,94793,722,1265,3223,
60.11314021399288,94793,722,1264,3224,
60.123887444586984,94793,722,1263,3225,
60.12687971039255,94792,723,1263,3225,
60.12841136347752,94791,724,1263,3225,
60.12884772269112,94791,724,1262,3226,
60.131401230782984,94790,725,1262,3226,
60.13556167367055,94789,726,1262,3226,
60.13757628518542,94789,725,1263,3226,
60.14039931651481,94788,726,1263,3226,
60.1426602449543,94787,727,1263,3226,
60.1447422905553,94787,727,1262,3227,
60.14767136112563,94787,726,1263,3227,
60.15003761841994,94787,725,1264,3227,
60.1501479369143,94787,724,1265,3227,
60.15157111382578,94787,724,1264,3228,
60.153382610749645,94787,723,1265,3228,
60.157576644687836,94787,722,1266,3228,
60.157713537073796,94787,721,1267,3228,
60.161067447335974,94787,721,1266,3229,
60.16187025048162,94786,722,1266,3229,
60.168565431266956,94786,722,1265,3230,
60.17035244541714,94786,721,1266,3230,
60.17296345513266,94785,722,1266,3230,
60.173840268546435,94785,722,1265,3231,
60.176055074971785,94785,721,1266,3231,
60.177122893240565,94785,720,1267,3231,
60.17713135763702,94785,720,1266,3232,
60.18427700167905,94784,721,1266,3232,
60.19219581329557,94783,722,1266,3232,
60.19617220549077,94782,723,1266,3232,
60.19673623178377,94782,722,1267,3232,
60.1990143359628,94781,723,1267,3232,
60.20073122867649,94781,723,1266,3233,
60.20197984063594,94780,724,1266,3233,
60.20447122031766,94780,724,1265,3234,
60.20531801243939,94780,724,1264,3235,
60.20745367703839,94779,725,1264,3235,
60.21323034135318,94779,724,1265,3235,
60.214370216956745,94779,723,1266,3235,
60.21448305629764,94779,722,1267,3235,
60.215601446069236,94779,722,1266,3236,
60.218144495607845,94779,722,1265,3237,
60.218457687076864,94779,722,1264,3238,
60.22356388818378,94779,722,1263,3239,
60.22460172975977,94779,722,1262,3240,
60.23196715221708,94779,721,1263,3240,
60.233079002520505,94778,722,1263,3240,
60.23313771590727,94778,722,1262,3241,
60.23776110263548,94778,721,1263,3241,
60.23885844736822,94778,721,1262,3242,
60.24369985597842,94778,721,1261,3243,
60.25192639097283,94777,722,1261,3243,
60.25208631333494,94777,721,1262,3243,
60.252649713501,94777,721,1261,3244,
60.25267277056265,94777,721,1260,3245,
60.25577667891586,94777,721,1259,3246,
60.2565111520208,94777,720,1260,3246,
60.2663417381451,94776,721,1260,3246,
60.26849045975648,94776,720,1261,3246,
60.26901401931159,94775,721,1261,3246,
60.270687319667545,94775,720,1262,3246,
60.27152850671669,94774,721,1262,3246,
60.27408721141118,94773,722,1262,3246,
60.28010413915624,94773,722,1261,3247,
60.280641444327294,94773,721,1262,3247,
60.284429303359204,94773,720,1263,3247,
60.286032911004796,94772,721,1263,3247,
60.28659488034511,94771,722,1263,3247,
60.28684366105378,94771,721,1264,3247,
60.28823566673297,94770,722,1264,3247,
60.28930114385785,94770,721,1265,3247,
60.290097384830275,94769,722,1265,3247,
60.29089473203668,94769,722,1264,3248,
60.29110799437825,94769,722,1263,3249,
60.291269264794025,94769,721,1264,3249,
60.29519260794029,94769,721,1263,3250,
60.29564954592074,94769,720,1264,3250,
60.29659560933701,94769,719,1265,3250,
60.2977567040143,94769,719,1264,3251,
60.303596457237646,94769,718,1265,3251,
60.30580868152897,94769,717,1266,3251,
60.30707321923307,94769,716,1267,3251,
60.30835500512614,94769,715,1268,3251,
60.3091824797652,94769,714,1269,3251,
60.31101630320966,94769,714,1268,3252,
60.311199200757585,94769,713,1269,3252,
60.31740826182774,94769,712,1270,3252,
60.32044809377541,94769,712,1269,3253,
60.320812291334846,94769,711,1270,3253,
60.321614850764085,94769,711,1269,3254,
60.325038819256946,94768,712,1269,3254,
60.32644167240272,94767,713,1269,3254,
60.327568346524494,94766,714,1269,3254,
60.329450348630985,94766,714,1268,3255,
60.3300703685548,94765,715,1268,3255,
60.33299307615428,94765,714,1269,3255,
60.336117828139855,94765,713,1270,3255,
60.337440318938675,94765,713,1269,3256,
60.33844843047082,94765,713,1268,3257,
60.342065874088576,94765,713,1267,3258,
60.34901503830504,94765,712,1268,3258,
60.351898393019965,94764,713,1268,3258,
60.35431665616085,94763,714,1268,3258,
60.35452871517475,94762,715,1268,3258,
60.35499113477333,94762,714,1269,3258,
60.35566171232668,94762,714,1268,3259,
60.357460937150975,94761,715,1268,3259,
60.35866399709428,94761,715,1267,3260,
60.36097334188056,94760,716,1267,3260,
60.36349286270489,94760,716,1266,3261,
60.36630969617923,94760,716,1265,3262,
60.36642105494449,94760,715,1266,3262,
60.366468839766185,94760,714,1267,3262,
60.36807548248385,94760,714,1266,3263,
60.37002537119892,94759,715,1266,3263,
60.370963424529386,94759,714,1267,3263,
60.372921330528825,94758,715,1267,3263,
60.37637011657495,94758,714,1268,3263,
60.37749310087108,94757,715,1268,3263,
60.37883386806716,94757,714,1269,3263,
60.38082824381398,94757,713,1270,3263,
60.381275756761276,94757,713,1269,3264,
60.38792067924777,94756,714,1269,3264,
60.39100324685035,94756,714,1268,3265,
60.39137372906204,94755,715,1268,3265,
60.400708454032994,94755,714,1269,3265,
60.411466670704925,94755,713,1270,3265,
60.412452453766775,94755,712,1271,3265,
60.41480978384382,94755,712,1270,3266,
60.4165702505146,94754,713,1270,3266,
60.419272170942,94754,712,1271,3266,
60.42142016110673,94754,712,1270,3267,
60.42173199875056,94754,711,1271,3267,
60.42275927274565,94753,712,1271,3267,
60.425286350988635,94752,713,1271,3267,
60.42554776303938,94751,714,1271,3267,
60.42636505241694,94751,713,1272,3267,
60.42662167257335,94751,712,1273,3267,
60.43152813672941,94751,712,1272,3268,
60.43696884665691,94751,712,1271,3269,
60.44273015404358,94750,713,1271,3269,
60.44360503261852,94749,714,1271,3269,
60.446840356933706,94749,714,1270,3270,
60.45180996233958,94749,714,1269,3271,
60.45226540365116,94749,713,1270,3271,
60.46043721944126,94749,712,1271,3271,
60.460924029973754,94748,713,1271,3271,
60.46332804653507,94748,712,1272,3271,
60.465315494509554,94748,711,1273,3271,
60.47318466942472,94747,712,1273,3271,
60.47360964850219,94746,713,1273,3271,
60.476045664166506,94745,714,1273,3271,
60.476051628855174,94744,715,1273,3271,
60.48309614355759,94743,716,1273,3271,
60.483633867845015,94743,715,1274,3271,
60.485984088270186,94743,715,1273,3272,
60.48632893935912,94742,716,1273,3272,
60.486492222034535,94742,715,1274,3272,
60.48746627016681,94742,715,1273,3273,
60.49067065871571,94742,715,1272,3274,
60.501295887043256,94741,716,1272,3274,
60.50243367187443,94740,717,1272,3274,
60.50330652199766,94740,717,1271,3275,
60.50635829526122,94739,718,1271,3275,
60.50659137074536,94739,718,1270,3276,
60.509017989515655,94738,719,1270,3276,
60.5091208974734,94738,719,1269,3277,
60.50934387904907,94737,720,1269,3277,
60.511333752660455,94737,719,1270,3277,
60.51478999510445,94737,719,1269,3278,
60.517796361393735,94737,719,1268,3279,
60.518444026245696,94736,720,1268,3279,
60.518662635812206,94736,719,1269,3279,
60.521198859964365,94736,719,1268,3280,
60.52303342931734,94736,718,1269,3280,
60.525848364554925,94736,717,1270,3280,
60.529156773619405,94735,718,1270,3280,
60.52932301057748,94735,717,1271,3280,
60.52953064299129,94734,718,1271,3280,
60.53327633509564,94734,717,1272,3280,
60.53537441972769,94733,718,1272,3280,
60.53654205132764,94733,717,1273,3280,
60.543368112626986,94732,718,1273,3280,
60.54544534367798,94732,717,1274,3280,
60.54744380538978,94732,717,1273,3281,
60.557789257814306,94732,717,1272,3282,
60.5619737277088,94732,717,1271,3283,
60.56433976739606,94732,717,1270,3284,
60.566058794651795,94732,716,1271,3284,
60.57000249951587,94732,716,1270,3285,
60.57115319449042,94732,716,1269,3286,
60.571193469251064,94732,716,1268,3287,
60.57241151700003,94732,715,1269,3287,
60.57292719965949,94732,715,1268,3288,
60.574300792441676,94731,716,1268,3288,
60.57601757773617,94731,716,1267,3289,
60.57704987797651,94730,717,1267,3289,
60.57816159010732,94730,716,1268,3289,
60.5799461244797,94730,715,1269,3289,
60.58460833422164,94729,716,1269,3289,
60.58477025967916,94729,716,1268,3290,
60.585122153390245,94728,717,1268,3290,
60.58722587135287,94728,717,1267,3291,
60.59082442527473,94727,718,1267,3291,
60.5926839510444,94726,719,1267,3291,
60.59302472796655,94725,720,1267,3291,
60.59574772152003,94724,721,1267,3291,
60.59874793567132,94724,720,1268,3291,
60.602190464290565,94724,719,1269,3291,
60.605257017308105,94723,720,1269,3291,
60.60558569115288,94722,721,1269,3291,
60.607180092207614,94721,722,1269,3291,
60.607225511263756,94720,723,1269,3291,
60.60749390688247,94719,724,1269,3291,
60.60811193357064,94719,723,1270,3291,
60.61114919599447,94719,723,1269,3292,
60.61247819998974,94719,723,1268,3293,
60.61254522933956,94718,724,1268,3293,
60.612998270414515,94718,724,1267,3294,
60.6133721821101,94718,724,1266,3295,
60.62277347273373,94717,725,1266,3295,
60.62472081116814,94717,725,1265,3296,
60.63231035484247,94717,725,1264,3297,
60.63358832615427,94717,725,1263,3298,
60.63690261366938,94716,726,1263,3298,
60.63875876788006,94715,727,1263,3298,
60.641062592536784,94715,727,1262,3299,
60.644561783669545,94715,727,1261,3300,
60.645400758456695,94715,727,1260,3301,
60.64771691955574,94715,726,1261,3301,
60.64832659595862,94715,725,1262,3301,
60.64912511714607,94714,726,1262,3301,
60.650616213901834,94714,725,1263,3301,
60.655893730237125,94713,726,1263,3301,
60.65590113278448,94712,727,1263,3301,
60.65741890217214,94711,728,1263,3301,
60.660263925577866,94711,727,1264,3301,
60.66095611454652,94711,727,1263,3302,
60.663495051760954,94711,727,1262,3303,
60.66377420521356,94711,727,1261,3304,
60.66515296374676,94711,726,1262,3304,
60.66663317326342,94711,725,1263,3304,
60.67100430387948,94711,725,1262,3305,
60.675675966254616,94711,725,1261,3306,
60.67764454904603,94710,726,1261,3306,
60.680885983376356,94710,726,1260,3307,
60.68371026288427,94710,726,1259,3308,
60.684083886294516,94710,725,1260,3308,
60.686410007450654,94710,724,1261,3308,
60.687463483452326,94710,724,1260,3309,
60.68798580548336,94710,724,1259,3310,
60.69089700654386,94709,725,1259,3310,
60.695565498567575,94709,724,1260,3310,
60.69716289476368,94708,725,1260,3310,
60.702368575372994,94708,724,1261,3310,
60.70274357517466,94707,725,1261,3310,
60.705602942896505,94707,725,1260,3311,
60.70772095672072,94707,724,1261,3311,
60.71330282537124,94707,724,1260,3312,
60.7149497650098,94706,725,1260,3312,
60.727997164822504,94706,724,1261,3312,
60.7295165706395,94706,724,1260,3313,
60.73033836791067,94706,724,1259,3314,
60.73247196204133,94706,723,1260,3314,
60.73379910629358,94706,723,1259,3315,
60.74195352391985,94706,723,1258,3316,
60.74319409262,94705,724,1258,3316,
60.74671044390096,94704,725,1258,3316,
60.74746478481557,94703,726,1258,3316,
60.75161598256184,94703,726,1257,3317,
60.755598076340426,94703,726,1256,3318,
60.75625863909698,94702,727,1256,3318,
60.75713784519698,94702,726,1257,3318,
60.75734339350519,94701,727,1257,3318,
60.757886721776245,94701,726,1258,3318,
60.75898034894673,94701,725,1259,3318,
60.759332088633535,94701,724,1260,3318,
60.76607758561212,94700,725,1260,3318,
60.76727590700349,94700,725,1259,3319,
60.767504946023635,94700,724,1260,3319,
60.78476876043176,94700,723,1261,3319,
60.78479072725111,94700,723,1260,3320,
60.78840645812388,94700,723,1259,3321,
60.79025143284491,94699,724,1259,3321,
60.79137865732673,94699,723,1260,3321,
60.792092942508226,94698,724,1260,3321,
60.79679253638736,94698,723,1261,3321,
60.79885847828743,94698,722,1262,3321,
60.800754453970015,94697,723,1262,3321,
60.801865428955026,94697,722,1263,3321,
60.809166177233735,94696,723,1263,3321,
60.8097794873476,94696,722,1264,3321,
60.81005336739052,94696,721,1265,3321,
60.810826038968074,94696,720,1266,3321,
60.81100177001855,94696,719,1267,3321,
60.81127512232523,94695,720,1267,3321,
60.81256959993193,94694,721,1267,3321,
60.81310762339498,94694,720,1268,3321,
60.82246085015856,94694,720,1267,3322,
60.82394233139556,94693,721,1267,3322,
60.828385588116724,94693,720,1268,3322,
60.83113440638307,94693,720,1267,3323,
60.831653166555256,94693,719,1268,3323,
60.83171796457424,94693,718,1269,3323,
60.83206086660744,94693,717,1270,3323,
60.835381535007016,94693,716,1271,3323,
60.83741528690878,94693,715,1272,3323,
60.839295525689465,94693,714,1273,3323,
60.84183500130025,94693,714,1272,3324,
60.84345714201118,94693,714,1271,3325,
60.8439656411699,94693,714,1270,3326,
60.847113333520994,94693,713,1271,3326,
60.84896026651041,94693,713,1270,3327,
60.85033578515689,94693,713,1269,3328,
60.85334818119482,94693,713,1268,3329,
60.85354660868452,94692,714,1268,3329,
60.855388545498315,94692,714,1267,3330,
60.85662520608912,94691,715,1267,3330,
60.85793143880258,94690,716,1267,3330,
60.86093414890172,94689,717,1267,3330,
60.86228509803542,94689,716,1268,3330,
60.86462219832035,94689,715,1269,3330,
60.86514136598356,94689,715,1268,3331,
60.867352129878206,94688,716,1268,3331,
60.86832205548735,94688,716,1267,3332,
60.87182668563879,94688,715,1268,3332,
60.87194338454006,94688,714,1269,3332,
60.87637666044867,94688,714,1268,3333,
60.877374417902224,94688,714,1267,3334,
60.88255364025016,94688,713,1268,3334,
60.88550828428909,94688,712,1269,3334,
60.89438354486094,94688,712,1268,3335,
60.89839040951912,94687,713,1268,3335,
60.89913316618453,94687,713,1267,3336,
60.90591587184874,94686,714,1267,3336,
60.90648592983879,94685,715,1267,3336,
60.90884622117505,94685,715,1266,3337,
60.908916600661776,94685,714,1267,3337,
60.90916481140678,94684,715,1267,3337,
60.90962949468497,94684,715,1266,3338,
60.91148417988161,94683,716,1266,3338,
60.91314105298126,94683,716,1265,3339,
60.91525597633538,94682,717,1265,3339,
60.920073029670505,94682,716,1266,3339,
60.9285378000447,94681,717,1266,3339,
60.933515118864676,94681,716,1267,3339,
60.93791907207233,94681,716,1266,3340,
60.942930551020375,94681,715,1267,3340,
60.94304278529488,94681,714,1268,3340,
60.94517939978762,94681,713,1269,3340,
60.94562128030947,94681,712,1270,3340,
60.94589605985987,94681,711,1271,3340,
60.94849114183679,94681,711,1270,3341,
60.94851895736258,94681,711,1269,3342,
60.95177978559976,94681,711,1268,3343,
60.9523406177165,94681,711,1267,3344,
60.958120339651124,94680,712,1267,3344,
60.960524218237694,94680,712,1266,3345,
60.96077872404699,94680,711,1267,3345,
60.97721487437179,94679,712,1267,3345,
60.9773303126228,94679,712,1266,3346,
60.97989258649527,94679,712,1265,3347,
60.98333811110414,94678,713,1265,3347,
60.98381092887796,94678,712,1266,3347,
60.9856721506654,94678,711,1267,3347,
60.98978081892108,94678,710,1268,3347,
60.99308532193204,94677,711,1268,3347,
60.99769250705543,94677,711,1267,3348,
60.99851080686314,94676,712,1267,3348,
61.003100330333865,94675,713,1267,3348,
61.00335459743845,94675,712,1268,3348,
61.005552121194654,94674,713,1268,3348,
61.00757633106083,94674,712,1269,3348,
61.00829416058116,94673,713,1269,3348,
61.01062209950793,94673,712,1270,3348,
61.012599798441116,94673,712,1269,3349,
61.01416357067853,94673,712,1268,3350,
61.01563301165306,94673,711,1269,3350,
61.01668779039487,94672,712,1269,3350,
61.017550965439185,94671,713,1269,3350,
61.017930431175536,94671,713,1268,3351,
61.020323757200075,94670,714,1268,3351,
61.02244539751336,94669,715,1268,3351,
61.02457424530814,94669,715,1267,3352,
61.02581861380547,94668,716,1267,3352,
61.02584287988141,94668,715,1268,3352,
61.03049268770286,94667,716,1268,3352,
61.031615935638015,94667,715,1269,3352,
61.03265748097463,94667,714,1270,3352,
61.03340301821074,94666,715,1270,3352,
61.034108316077436,94665,716,1270,3352,
61.03654971428675,94665,715,1271,3352,
61.039570952768365,94665,714,1272,3352,
61.04066704240398,94665,714,1271,3353,
61.044091536413475,94664,715,1271,3353,
61.04451817447289,94664,714,1272,3353,
61.048479214192206,94664,714,1271,3354,
61.04918811078639,94664,713,1272,3354,
61.054072392704235,94664,713,1271,3355,
61.05675307201101,94664,713,1270,3356,
61.05844966635732,94664,713,1269,3357,
61.06482990038345,94664,713,1268,3358,
61.06601707558748,94664,712,1269,3358,
61.06612428009728,94663,713,1269,3358,
61.06736691198664,94663,713,1268,3359,
61.07205147776034,94662,714,1268,3359,
61.07504472563026,94662,713,1269,3359,
61.075830150241934,94661,714,1269,3359,
61.07653790903132,94660,715,1269,3359,
61.07868475370101,94659,716,1269,3359,
61.082295117377406,94659,716,1268,3360,
61.08272059917445,94658,717,1268,3360,
61.08349251785942,94657,718,1268,3360,
61.08425799610959,94657,718,1267,3361,
61.08918405516229,94657,718,1266,3362,
61.08956801374247,94657,717,1267,3362,
61.0930755476483,94656,718,1267,3362,
61.095236525057935,94655,719,1267,3362,
61.095976061061165,94655,718,1268,3362,
61.096732703549904,94654,719,1268,3362,
61.09775730678584,94653,720,1268,3362,
61.1000925258419,94653,719,1269,3362,
61.1030822604558,94652,720,1269,3362,
61.10474486340123,94652,719,1270,3362,
61.10645960400651,94652,718,1271,3362,
61.10741528208451,94652,717,1272,3362,
61.11380627622583,94652,717,1271,3363,
61.11536742066568,94652,716,1272,3363,
61.11732269267087,94652,716,1271,3364,
61.11908073602809,94652,716,1270,3365,
61.12052964815131,94651,717,1270,3365,
61.122180547081044,94650,718,1270,3365,
61.12220481859841,94650,718,1269,3366,
61.12792477942451,94650,717,1270,3366,
61.129015872075904,94650,717,1269,3367,
61.13267727908787,94649,718,1269,3367,
61.135925331797594,94649,717,1270,3367,
61.13632288029343,94649,716,1271,3367,
61.13665874272573,94649,715,1272,3367,
61.13901965870174,94649,715,1271,3368,
61.14467505281879,94649,715,1270,3369,
61.14506433821249,94649,715,1269,3370,
61.14661224430778,94649,714,1270,3370,
61.14689372236015,94648,715,1270,3370,
61.15051612310349,94648,715,1269,3371,
61.15076046110448,94647,716,1269,3371,
61.15204020731298,94647,716,1268,3372,
61.15541617412247,94647,715,1269,3372,
61.15589644220826,94646,716,1269,3372,
61.156196513103474,94645,717,1269,3372,
61.16240501227914,94645,716,1270,3372,
61.16383058385394,94645,715,1271,3372,
61.167397290523404,94645,715,1270,3373,
61.170796458384814,94644,716,1270,3373,
61.1713610764815,94643,717,1270,3373,
61.17503185465556,94642,718,1270,3373,
61.17506112446238,94641,719,1270,3373,
61.17678819645711,94640,720,1270,3373,
61.18021371011382,94640,720,1269,3374,
61.18070292748406,94640,719,1270,3374,
61.18201374473437,94639,720,1270,3374,
61.18422307765554,94639,719,1271,3374,
61.18479527857224,94638,720,1271,3374,
61.18493906994937,94637,721,1271,3374,
61.18588357017564,94636,722,1271,3374,
61.18758285713422,94636,721,1272,3374,
61.19062834003253,94636,721,1271,3375,
61.19090639299484,94635,722,1271,3375,
61.19273058427696,94635,721,1272,3375,
61.199271271581566,94634,722,1272,3375,
61.20269395885835,94634,722,1271,3376,
61.20291258119875,94633,723,1271,3376,
61.20507439698852,94633,722,1272,3376,
61.20615385126491,94633,722,1271,3377,
61.217907155497656,94633,722,1270,3378,
61.2192651449588,94633,722,1269,3379,
61.22267643002967,94632,723,1269,3379,
61.22370734035755,94632,723,1268,3380,
61.22437882133454,94632,723,1267,3381,
61.22450859928337,94631,724,1267,3381,
61.22583567263231,94630,725,1267,3381,
61.227024945508305,94629,726,1267,3381,
61.23371218002327,94629,725,1268,3381,
61.23783648478603,94629,725,1267,3382,
61.24031014275044,94629,725,1266,3383,
61.2471480803474,94629,724,1267,3383,
61.24954342120695,94629,724,1266,3384,
61.252535490605325,94628,725,1266,3384,
61.2526264606969,94628,724,1267,3384,
61.253193815694516,94627,725,1267,3384,
61.254217927180754,94627,724,1268,3384,
61.265274815953305,94626,725,1268,3384,
61.26735131576553,94626,724,1269,3384,
61.2690827058289,94626,724,1268,3385,
61.26994082295649,94626,724,1267,3386,
61.27357857848307,94626,723,1268,3386,
61.2783148867325,94626,722,1269,3386,
61.27882855368189,94625,723,1269,3386,
61.28104275001212,94625,722,1270,3386,
61.28226453511484,94625,721,1271,3386,
61.28598125953724,94625,720,1272,3386,
61.288174467854546,94625,720,1271,3387,
61.28888222911252,94625,720,1270,3388,
61.290935869159895,94625,720,1269,3389,
61.29539677608816,94624,721,1269,3389,
61.29863735947236,94624,721,1268,3390,
61.30287486913542,94624,721,1267,3391,
61.30468558780013,94623,722,1267,3391,
61.30873252407029,94622,723,1267,3391,
61.30950077681247,94622,722,1268,3391,
61.31288703343082,94622,722,1267,3392,
61.31487497536155,94622,722,1266,3393,
61.3184796351773,94622,722,1265,3394,
61.32103367163702,94622,722,1264,3395,
61.324067758744306,94621,723,1264,3395,
61.32995863107495,94621,722,1265,3395,
61.333525275177195,94621,722,1264,3396,
61.33758843914401,94621,721,1265,3396,
61.33949348389571,94620,722,1265,3396,
61.3400272260871,94620,721,1266,3396,
61.34013910895061,94620,721,1265,3397,
61.342867682039284,94619,722,1265,3397,
61.34327353673648,94619,722,1264,3398,
61.34751928892127,94619,722,1263,3399,
61.352453854162725,94619,722,1262,3400,
61.35331402431021,94619,721,1263,3400,
61.35437755989548,94619,720,1264,3400,
61.356372966109,94619,719,1265,3400,
61.35742441169549,94619,718,1266,3400,
61.362888422600335,94619,718,1265,3401,
61.365986012778976,94618,719,1265,3401,
61.36746270269893,94618,719,1264,3402,
61.3685512312699,94618,719,1263,3403,
61.371208878249625,94617,720,1263,3403,
61.37122118876502,94617,720,1262,3404,
61.373999493868034,94617,719,1263,3404,
61.375405934637236,94617,719,1262,3405,
61.38074302812251,94616,720,1262,3405,
61.38160240611984,94616,719,1263,3405,
61.381818591315216,94616,718,1264,3405,
61.382610289442546,94616,717,1265,3405,
61.383245483579365,94616,717,1264,3406,
61.384158752217814,94616,717,1263,3407,
61.390258296611385,94616,717,1262,3408,
61.39060289720223,94616,717,1261,3409,
61.398349273081436,94616,717,1260,3410,
61.40022233056077,94616,717,1259,3411,
61.400576503925876,94615,718,1259,3411,
61.40098368172421,94614,719,1259,3411,
61.40772768313382,94614,718,1260,3411,
61.414947796862066,94613,719,1260,3411,
61.4179105032252,94613,718,1261,3411,
61.41806344683394,94612,719,1261,3411,
61.42044326776042,94611,720,1261,3411,
61.421860724231266,94611,720,1260,3412,
61.42197998283244,94611,720,1259,3413,
61.422794053760626,94610,721,1259,3413,
61.42853751870926,94610,720,1260,3413,
61.43031267448264,94610,720,1259,3414,
61.430876631288996,94610,720,1258,3415,
61.43129860948574,94610,720,1257,3416,
61.43133137470055,94610,720,1256,3417,
61.434433748444945,94609,721,1256,3417,
61.440261746978436,94608,722,1256,3417,
61.44097855033308,94608,722,1255,3418,
61.44295824455355,94608,721,1256,3418,
61.443203355014404,94608,721,1255,3419,
61.449427507939824,94608,720,1256,3419,
61.4543270197813,94608,719,1257,3419,
61.45480539299726,94607,720,1257,3419,
61.460391658291506,94607,720,1256,3420,
61.46142212852234,94607,719,1257,3420,
61.46328733522101,94606,720,1257,3420,
61.46683272917155,94606,719,1258,3420,
61.46743914137426,94605,720,1258,3420,
61.470627307516594,94605,720,1257,3421,
61.473588967279966,94605,720,1256,3422,
61.48305276897764,94604,721,1256,3422,
61.48532230126845,94604,721,1255,3423,
61.48713981638418,94604,721,1254,3424,
61.488021048717265,94603,722,1254,3424,
61.48898736737955,94603,722,1253,3425,
61.489474442098825,94603,721,1254,3425,
61.48956777423301,94603,721,1253,3426,
61.49111546888254,94603,720,1254,3426,
61.49627370514315,94603,720,1253,3427,
61.49683859701343,94603,720,1252,3428,
61.49954553611966,94603,720,1251,3429,
61.50328627321203,94603,719,1252,3429,
61.50634071462111,94603,718,1253,3429,
61.50674087437254,94602,719,1253,3429,
61.50931269792532,94601,720,1253,3429,
61.51136067750977,94601,720,1252,3430,
61.51733407414808,94601,719,1253,3430,
61.51740969335422,94600,720,1253,3430,
61.51764427617306,94600,720,1252,3431,
61.51831443068866,94600,720,1251,3432,
61.52081128036981,94600,719,1252,3432,
61.52099360425492,94600,718,1253,3432,
61.523135844327825,94600,718,1252,3433,
61.52335802401116,94600,718,1251,3434,
61.52575434723906,94599,719,1251,3434,
61.526011455230645,94599,718,1252,3434,
61.5263921737655,94598,719,1252,3434,
61.52706665258882,94597,720,1252,3434,
61.528051682664156,94597,720,1251,3435,
61.52893197337938,94597,719,1252,3435,
61.53203766484827,94596,720,1252,3435,
61.53236213501634,94595,721,1252,3435,
61.537604109968825,94594,722,1252,3435,
61.54019509055871,94594,721,1253,3435,
61.5410243452041,94594,720,1254,3435,
61.5464341804641,94594,719,1255,3435,
61.554339833991335,94593,720,1255,3435,
61.55590581172993,94593,719,1256,3435,
61.55732159073834,94593,718,1257,3435,
61.55811295249144,94592,719,1257,3435,
61.56067010946256,94591,720,1257,3435,
61.56108955785501,94591,720,1256,3436,
61.56110522859029,94590,721,1256,3436,
61.56323056212672,94590,720,1257,3436,
61.56574389976279,94589,721,1257,3436,
61.56656112694988,94589,720,1258,3436,
61.5687312387998,94589,719,1259,3436,
61.57289245067223,94589,718,1260,3436,
61.57682777621675,94588,719,1260,3436,
61.577459511820805,94588,718,1261,3436,
61.57764948632041,94588,718,1260,3437,
61.57863205017657,94587,719,1260,3437,
61.579170321240795,94586,720,1260,3437,
61.58198932610653,94586,720,1259,3438,
61.584334163460085,94586,719,1260,3438,
61.58714627560535,94586,718,1261,3438,
61.58839531860014,94586,718,1260,3439,
61.59224727104998,94586,718,1259,3440,
61.59673513662901,94586,717,1260,3440,
61.59972017251259,94586,716,1261,3440,
61.60338319137769,94586,716,1260,3441,
61.60514854824652,94585,717,1260,3441,
61.61214015453958,94585,717,1259,3442,
61.6136800063699,94585,717,1258,3443,
61.61838390421726,94585,717,1257,3444,
61.620605265408436,94585,717,1256,3445,
61.62106407047119,94585,717,1255,3446,
61.62258322383847,94585,716,1256,3446,
61.62464097978114,94585,715,1257,3446,
61.628763824932136,94585,715,1256,3447,
61.62917075404501,94585,714,1257,3447,
61.63171267054966,94584,715,1257,3447,
61.635933505549545,94584,714,1258,3447,
61.63717546437753,94584,713,1259,3447,
61.637466411765665,94583,714,1259,3447,
61.639238377200385,94583,713,1260,3447,
61.641632138597984,94583,712,1261,3447,
61.641804313022845,94583,712,1260,3448,
61.652718238342565,94582,713,1260,3448,
61.654358679085874,94582,712,1261,3448,
61.65440572389738,94582,712,1260,3449,
61.65590797029184,94581,713,1260,3449,
61.65616006241142,94581,712,1261,3449,
61.65944713846231,94580,713,1261,3449,
61.6630624536853,94580,713,1260,3450,
61.66460189694038,94579,714,1260,3450,
61.66556215419226,94579,713,1261,3450,
61.66853798206284,94578,714,1261,3450,
61.66998603753275,94578,714,1260,3451,
61.67131068840631,94578,713,1261,3451,
61.672302018011614,94577,714,1261,3451,
61.6737834036141,94577,714,1260,3452,
61.673963486075735,94577,713,1261,3452,
61.67756012306911,94577,712,1262,3452,
61.68412454470817,94577,712,1261,3453,
61.68603538877123,94577,712,1260,3454,
61.68633667498678,94577,711,1261,3454,
61.68798895192375,94576,712,1261,3454,
61.68876985930858,94575,713,1261,3454,
61.692905289846905,94575,712,1262,3454,
61.69572753767382,94575,711,1263,3454,
61.6975630284599,94575,711,1262,3455,
61.69851433472476,94575,711,1261,3456,
61.7039507491891,94574,712,1261,3456,
61.704027378736605,94574,712,1260,3457,
61.713113993794586,94574,711,1261,3457,
61.71687749451703,94573,712,1261,3457,
61.727519632668944,94572,713,1261,3457,
61.73046835554325,94572,713,1260,3458,
61.735109773267084,94572,713,1259,3459,
61.738840203187664,94572,712,1260,3459,
61.7395933746098,94572,712,1259,3460,
61.74212136182938,94572,712,1258,3461,
61.75315261166329,94571,713,1258,3461,
61.753787043672745,94570,714,1258,3461,
61.758793710113885,94570,713,1259,3461,
61.762893268140616,94569,714,1259,3461,
61.76398384215576,94569,714,1258,3462,
61.771593023645224,94569,713,1259,3462,
61.771918952617575,94569,713,1258,3463,
61.775020025312514,94568,714,1258,3463,
61.77526172786996,94568,714,1257,3464,
61.77758033362457,94567,715,1257,3464,
61.78290868487195,94566,716,1257,3464,
61.7874927878627,94566,715,1258,3464,
61.788460090995,94565,716,1258,3464,
61.791525921811825,94565,716,1257,3465,
61.79360367638925,94565,715,1258,3465,
61.794815071929015,94565,715,1257,3466,
61.794992647168414,94565,714,1258,3466,
61.79565644432581,94564,715,1258,3466,
61.80233623960697,94564,714,1259,3466,
61.8045013403094,94564,714,1258,3467,
61.80790848687499,94564,714,1257,3468,
61.81188748317928,94563,715,1257,3468,
61.814004268571,94563,715,1256,3469,
61.81874121618887,94563,715,1255,3470,
61.82739942680122,94563,714,1256,3470,
61.83385201682917,94563,713,1257,3470,
61.8342952909331,94562,714,1257,3470,
61.83911040770171,94562,714,1256,3471,
61.83983669437488,94562,714,1255,3472,
61.84137990004086,94561,715,1255,3472,
61.84565012190771,94561,715,1254,3473,
61.8472961702482,94561,714,1255,3473,
61.84845608296152,94561,713,1256,3473,
61.848626840225286,94560,714,1256,3473,
61.85288442552083,94560,713,1257,3473,
61.853575819658474,94560,712,1258,3473,
61.8596337233531,94560,712,1257,3474,
61.86148696506598,94559,713,1257,3474,
61.86404718362944,94559,712,1258,3474,
61.86464725296775,94559,712,1257,3475,
61.865706530286666,94558,713,1257,3475,
61.86874223847386,94557,714,1257,3475,
61.87008356883099,94557,714,1256,3476,
61.88477050456383,94557,714,1255,3477,
61.88807662914296,94557,714,1254,3478,
61.889264348084886,94557,714,1253,3479,
61.89098493341151,94556,715,1253,3479,
61.89342508019343,94555,716,1253,3479,
61.895315350358054,94555,715,1254,3479,
61.901872403104626,94555,715,1253,3480,
61.90361810384201,94555,715,1252,3481,
61.91054257440439,94554,716,1252,3481,
61.914609521462936,94553,717,1252,3481,
61.9154273592057,94552,718,1252,3481,
61.915438769214944,94552,718,1251,3482,
61.91628598058827,94552,717,1252,3482,
61.917171964256056,94552,717,1251,3483,
61.9183524731892,94552,717,1250,3484,
61.92186257026017,94552,717,1249,3485,
61.92563417549911,94552,716,1250,3485,
61.929185684171664,94552,715,1251,3485,
61.93320397859421,94552,714,1252,3485,
61.93568174291862,94552,714,1251,3486,
61.93620589254602,94552,713,1252,3486,
61.93632879511783,94552,712,1253,3486,
61.93955078342486,94552,712,1252,3487,
61.93981755853252,94551,713,1252,3487,
61.93993577933185,94551,713,1251,3488,
61.94069652395918,94550,714,1251,3488,
61.94517553104536,94550,714,1250,3489,
61.947780076117915,94550,714,1249,3490,
61.94865217063025,94550,714,1248,3491,
61.952045872756926,94549,715,1248,3491,
61.953037500021544,94549,714,1249,3491,
61.959835803808865,94549,713,1250,3491,
61.96684976271014,94549,712,1251,3491,
61.96779001368187,94549,711,1252,3491,
61.978346125414575,94548,712,1252,3491,
61.979611943978604,94547,713,1252,3491,
61.97996421063952,94547,713,1251,3492,
61.984033097989155,94547,713,1250,3493,
61.98413027283713,94546,714,1250,3493,
61.98495437103084,94546,714,1249,3494,
61.990562212930655,94546,714,1248,3495,
61.99331768736728,94546,714,1247,3496,
61.99607194367361,94546,714,1246,3497,
61.99650635154926,94546,713,1247,3497,
61.99859503554423,94545,714,1247,3497,
62.00091856527113,94545,713,1248,3497,
62.00342470084483,94545,713,1247,3498,
62.003594746198175,94544,714,1247,3498,
62.0070841910625,94543,715,1247,3498,
62.00745829510057,94542,716,1247,3498,
62.00985590572702,94542,715,1248,3498,
62.012515780364346,94542,715,1247,3499,
62.01337292686773,94542,714,1248,3499,
62.014890467492975,94541,715,1248,3499,
62.01595891235469,94540,716,1248,3499,
62.01709958990944,94540,715,1249,3499,
62.01946964374591,94540,715,1248,3500,
62.02004536784459,94540,714,1249,3500,
62.02051443959455,94540,713,1250,3500,
62.02504684056332,94539,714,1250,3500,
62.03022220257476,94539,714,1249,3501,
62.03415728470033,94538,715,1249,3501,
62.03473556761595,94538,714,1250,3501,
62.03803422513377,94538,713,1251,3501,
62.03945583864606,94537,714,1251,3501,
62.04109377827068,94537,713,1252,3501,
62.04243205526222,94537,713,1251,3502,
62.04886211977934,94537,712,1252,3502,
62.053748791789516,94537,711,1253,3502,
62.05472267576371,94537,711,1252,3503,
62.05830243703675,94537,710,1253,3503,
62.06514485158162,94537,709,1254,3503,
62.067744253140376,94537,708,1255,3503,
62.06787550442071,94537,708,1254,3504,
62.069808531159566,94536,709,1254,3504,
62.07617444676022,94536,708,1255,3504,
62.080364492991265,94535,709,1255,3504,
62.081076959962424,94535,708,1256,3504,
62.087013275827466,94535,707,1257,3504,
62.0876398027892,94535,706,1258,3504,
62.08851828707679,94535,705,1259,3504,
62.08925520762715,94535,704,1260,3504,
62.09080899250873,94535,704,1259,3505,
62.0947019940822,94534,705,1259,3505,
62.09772136521628,94534,704,1260,3505,
62.09852994892816,94534,703,1261,3505,
62.103825263093576,94534,703,1260,3506,
62.10449406988168,94533,704,1260,3506,
62.11022950128445,94533,704,1259,3507,
62.115022945564085,94533,704,1258,3508,
62.115698902950044,94533,704,1257,3509,
62.115972556774665,94533,703,1258,3509,
62.11628249077113,94532,704,1258,3509,
62.12318430277037,94532,703,1259,3509,
62.127810248200696,94532,703,1258,3510,
62.12925315743561,94532,702,1259,3510,
62.130178213303225,94532,702,1258,3511,
62.13018610447196,94532,702,1257,3512,
62.13699411715047,94532,701,1258,3512,
62.13926946350941,94532,700,1259,3512,
62.14265283522765,94531,701,1259,3512,
62.143111040675066,94531,700,1260,3512,
62.14949929689527,94531,700,1259,3513,
62.15027887350699,94531,700,1258,3514,
62.156653706859956,94530,701,1258,3514,
62.15771256346247,94530,700,1259,3514,
62.15950603265132,94530,700,1258,3515,
62.16388561253628,94530,700,1257,3516,
62.16445909662207,94529,701,1257,3516,
62.17426483389894,94529,700,1258,3516,
62.17793949644093,94529,699,1259,3516,
62.17921306533849,94529,698,1260,3516,
62.18244304650987,94529,697,1261,3516,
62.18417023312431,94529,696,1262,3516,
62.187219151345985,94529,695,1263,3516,
62.18725072028472,94529,695,1262,3517,
62.18863434361739,94529,694,1263,3517,
62.19073146219033,94529,694,1262,3518,
62.19474732899392,94528,695,1262,3518,
62.19683556265551,94528,695,1261,3519,
62.19790805077684,94528,694,1262,3519,
62.197950912240564,94528,694,1261,3520,
62.19809726146761,94528,693,1262,3520,
62.199683638297465,94528,693,1261,3521,
62.20070909870253,94528,693,1260,3522,
62.202799011481304,94528,693,1259,3523,
62.20422841986238,94528,692,1260,3523,
62.206258377122424,94528,692,1259,3524,
62.208806814670346,94528,691,1260,3524,
62.21253229047467,94528,691,1259,3525,
62.22127522730584,94527,692,1259,3525,
62.23240796468268,94527,692,1258,3526,
62.23275248016495,94527,692,1257,3527,
62.23589001925815,94527,692,1256,3528,
62.2381527891791,94527,692,1255,3529,
62.23989082489293,94527,692,1254,3530,
62.2410317094768,94527,692,1253,3531,
62.24192200899517,94526,693,1253,3531,
62.244699551646036,94526,692,1254,3531,
62.24947259668416,94525,693,1254,3531,
62.249907296275566,94524,694,1254,3531,
62.250255937888184,94523,695,1254,3531,
62.25047913658379,94523,694,1255,3531,
62.251364555485665,94522,695,1255,3531,
62.25504068386869,94522,695,1254,3532,
62.25783006816201,94522,695,1253,3533,
62.25817200440142,94521,696,1253,3533,
62.25861612184332,94521,696,1252,3534,
62.25872502596198,94521,696,1251,3535,
62.26214833273902,94521,695,1252,3535,
62.26977905003053,94520,696,1252,3535,
62.270846003156315,94520,695,1253,3535,
62.272198068211985,94519,696,1253,3535,
62.273663752385325,94518,697,1253,3535,
62.27448497994838,94518,697,1252,3536,
62.277497539388555,94518,697,1251,3537,
62.28667792270962,94518,697,1250,3538,
62.288074451294364,94518,696,1251,3538,
62.289184875346535,94518,696,1250,3539,
62.28987005010559,94518,695,1251,3539,
62.29109636650195,94518,695,1250,3540,
62.29285019341938,94518,695,1249,3541,
62.2964922427459,94517,696,1249,3541,
62.29669938516686,94517,696,1248,3542,
62.2983092213741,94517,696,1247,3543,
62.298849671074215,94517,696,1246,3544,
62.30056254344514,94517,695,1247,3544,
62.301336599692945,94517,694,1248,3544,
62.304155281642345,94517,693,1249,3544,
62.306874697866256,94516,694,1249,3544,
62.31084017904131,94515,695,1249,3544,
62.31246114991326,94514,696,1249,3544,
62.31276577234641,94514,695,1250,3544,
62.31286818699525,94514,695,1249,3545,
62.313730828566555,94514,695,1248,3546,
62.31469949418785,94513,696,1248,3546,
62.320012541094336,94512,697,1248,3546,
62.322411904672535,94512,696,1249,3546,
62.32779246717439,94512,695,1250,3546,
62.32780611312875,94512,694,1251,3546,
62.330477075121344,94512,694,1250,3547,
62.33057306542655,94511,695,1250,3547,
62.33191617536092,94510,696,1250,3547,
62.33253749506397,94509,697,1250,3547,
62.33579535468542,94509,696,1251,3547,
62.341464116090435,94509,696,1250,3548,
62.34307335943117,94508,697,1250,3548,
62.3458835592288,94508,697,1249,3549,
62.34673839718702,94507,698,1249,3549,
62.35038321310888,94507,698,1248,3550,
62.35113263592466,94506,699,1248,3550,
62.35478098510215,94506,699,1247,3551,
62.35884803900161,94505,700,1247,3551,
62.36287057711057,94505,699,1248,3551,
62.36524485335317,94505,698,1249,3551,
62.36789171253278,94505,698,1248,3552,
62.36837787307253,94505,697,1249,3552,
62.37308086941626,94505,696,1250,3552,
62.3760724445625,94504,697,1250,3552,
62.37625424212556,94504,697,1249,3553,
62.37628286581547,94503,698,1249,3553,
62.37709914404377,94503,697,1250,3553,
62.378976858315845,94503,696,1251,3553,
62.38141595519553,94502,697,1251,3553,
62.38173621733472,94501,698,1251,3553,
62.38201679497678,94501,698,1250,3554,
62.383101559154376,94500,699,1250,3554,
62.38860372852147,94499,700,1250,3554,
62.38966918909543,94499,700,1249,3555,
62.390952097976516,94499,700,1248,3556,
62.39598375744994,94499,699,1249,3556,
62.39741061030869,94498,700,1249,3556,
62.397849683846424,94497,701,1249,3556,
62.398118415865774,94496,702,1249,3556,
62.39867682159912,94495,703,1249,3556,
62.39989555291956,94495,703,1248,3557,
62.4000310048793,94495,703,1247,3558,
62.402999272416245,94494,704,1247,3558,
62.403679836401864,94493,705,1247,3558,
62.405297161871204,94493,705,1246,3559,
62.405533284316654,94492,706,1246,3559,
62.41514851206218,94492,705,1247,3559,
62.41543045312595,94492,705,1246,3560,
62.41567649102919,94492,704,1247,3560,
62.41908266861256,94492,703,1248,3560,
62.419437107898155,94492,702,1249,3560,
62.425861218342554,94491,703,1249,3560,
62.427234550006595,94491,702,1250,3560,
62.43129645577231,94491,702,1249,3561,
62.43280458673945,94490,703,1249,3561,
62.43795033902132,94490,702,1250,3561,
62.44131565549697,94489,703,1250,3561,
62.44190678370081,94488,704,1250,3561,
62.44662660123553,94488,704,1249,3562,
62.44752498689185,94488,703,1250,3562,
62.44885075788608,94488,702,1251,3562,
62.4515558536599,94487,703,1251,3562,
62.453043320264776,94487,702,1252,3562,
62.4555984309079,94487,702,1251,3563,
62.45690510832493,94487,701,1252,3563,
62.46856300294765,94487,701,1251,3564,
62.47207009208533,94487,700,1252,3564,
62.47272877686623,94487,699,1253,3564,
62.47289642455129,94487,698,1254,3564,
62.47334298075471,94487,697,1255,3564,
62.47452307674191,94486,698,1255,3564,
62.47561963123971,94486,697,1256,3564,
62.48075385485366,94486,696,1257,3564,
62.48275070319426,94485,697,1257,3564,
62.48337030063786,94485,696,1258,3564,
62.48387519634883,94485,696,1257,3565,
62.48559623105652,94485,695,1258,3565,
62.48654965953457,94484,696,1258,3565,
62.49080966762834,94484,696,1257,3566,
62.493312565415486,94484,695,1258,3566,
62.4938799916292,94484,695,1257,3567,
62.496332732836066,94484,694,1258,3567,
62.49820657881461,94484,694,1257,3568,
62.50023896714059,94483,695,1257,3568,
62.500661122595574,94482,696,1257,3568,
62.502883930919545,94481,697,1257,3568,
62.50530506353201,94481,696,1258,3568,
62.50962049945713,94481,695,1259,3568,
62.510871165748796,94481,694,1260,3568,
62.51110284284974,94481,693,1261,3568,
62.512544796669374,94481,692,1262,3568,
62.51351941999579,94480,693,1262,3568,
62.51401636634657,94480,692,1263,3568,
62.51461275308807,94480,691,1264,3568,
62.51546229662545,94479,692,1264,3568,
62.5230998609249,94479,692,1263,3569,
62.524292661564566,94478,693,1263,3569,
62.531990812733554,94478,693,1262,3570,
62.537600991215676,94477,694,1262,3570,
62.53818783920525,94476,695,1262,3570,
62.539661530860414,94476,695,1261,3571,
62.54027225558093,94476,694,1262,3571,
62.543279925097764,94476,693,1263,3571,
62.54585409157012,94476,692,1264,3571,
62.54607837284255,94476,691,1265,3571,
62.549162967761035,94475,692,1265,3571,
62.549780875785906,94474,693,1265,3571,
62.55182470643253,94474,693,1264,3572,
62.55675112915223,94473,694,1264,3572,
62.55807626461613,94473,693,1265,3572,
62.56316089696102,94473,692,1266,3572,
62.56534827883995,94473,691,1267,3572,
62.568887256780116,94473,691,1266,3573,
62.56895463017621,94472,692,1266,3573,
62.569520378332825,94472,692,1265,3574,
62.57534758225669,94472,691,1266,3574,
62.57686345975059,94471,692,1266,3574,
62.578588696640324,94471,692,1265,3575,
62.58234571923799,94471,691,1266,3575,
62.58795850347844,94470,692,1266,3575,
62.588375447550796,94470,692,1265,3576,
62.59474857573608,94470,692,1264,3577,
62.59671162521651,94470,692,1263,3578,
62.59829906242278,94470,691,1264,3578,
62.60122124442015,94469,692,1264,3578,
62.6053037289483,94469,692,1263,3579,
62.60646471328627,94469,691,1264,3579,
62.60918855877492,94469,690,1265,3579,
62.611610390918855,94469,689,1266,3579,
62.611923967203424,94469,689,1265,3580,
62.61754262245119,94468,690,1265,3580,
62.61997079328427,94468,690,1264,3581,
62.6217319640166,94468,689,1265,3581,
62.62177347917793,94467,690,1265,3581,
62.622740987259505,94467,690,1264,3582,
62.62386447320148,94466,691,1264,3582,
62.6239639623161,94466,691,1263,3583,
62.62628249996106,94466,690,1264,3583,
62.6291827030159,94466,690,1263,3584,
62.631709367912784,94466,689,1264,3584,
62.637318889912,94465,690,1264,3584,
62.63842254761785,94465,689,1265,3584,
62.641729086727786,94464,690,1265,3584,
62.64631640915033,94464,689,1266,3584,
62.647388573639795,94464,689,1265,3585,
62.6482091518439,94464,688,1266,3585,
62.650317220633596,94464,687,1267,3585,
62.655413557079015,94464,687,1266,3586,
62.655426328224536,94464,686,1267,3586,
62.65587172279308,94463,687,1267,3586,
62.65959630264549,94463,686,1268,3586,
62.660963033942146,94463,685,1269,3586,
62.662114729189476,94463,684,1270,3586,
62.664362678377216,94463,684,1269,3587,
62.666822533523685,94463,683,1270,3587,
62.66725186320497,94463,682,1271,3587,
62.66867231987281,94463,682,1270,3588,
62.678714153368,94463,681,1271,3588,
62.67899075920971,94463,680,1272,3588,
62.68041478385123,94463,679,1273,3588,
62.68361452847767,94462,680,1273,3588,
62.68912493066523,94462,680,1272,3589,
62.68976275474366,94462,680,1271,3590,
62.690878655465646,94462,680,1270,3591,
62.697437539368224,94462,680,1269,3592,
62.70012202227766,94461,681,1269,3592,
62.70193393794867,94461,680,1270,3592,
62.7020515198569,94461,679,1271,3592,
62.70274739869824,94461,678,1272,3592,
62.70377671377114,94461,678,1271,3593,
62.705096858414436,94460,679,1271,3593,
62.71482379719061,94460,678,1272,3593,
62.71709336535956,94460,678,1271,3594,
62.71714557588132,94459,679,1271,3594,
62.72674552025182,94459,679,1270,3595,
62.72725235792529,94459,679,1269,3596,
62.733313564197104,94459,679,1268,3597,
62.73366565539675,94458,680,1268,3597,
62.73870531873342,94457,681,1268,3597,
62.741491033599274,94457,681,1267,3598,
62.74387319966757,94456,682,1267,3598,
62.74830663128094,94455,683,1267,3598,
62.74865770678686,94454,684,1267,3598,
62.753013912510156,94454,683,1268,3598,
62.75431602244997,94454,683,1267,3599,
62.75975332233761,94454,683,1266,3600,
62.76134172693492,94453,684,1266,3600,
62.76373419381825,94452,685,1266,3600,
62.765088418877426,94451,686,1266,3600,
62.76669550516661,94451,685,1267,3600,
62.77396683105634,94451,685,1266,3601,
62.78418288939231,94450,686,1266,3601,
62.789798191795256,94450,685,1267,3601,
62.795166922460716,94449,686,1267,3601,
62.79554796268104,94449,685,1268,3601,
62.79730902347878,94448,686,1268,3601,
62.80122818111406,94448,686,1267,3602,
62.80663668733805,94447,687,1267,3602,
62.80782559568724,94446,688,1267,3602,
62.80800241375851,94446,687,1268,3602,
62.812584469456326,94446,686,1269,3602,
62.8204756766587,94446,685,1270,3602,
62.82090646576377,94446,684,1271,3602,
62.82375847836714,94445,685,1271,3602,
62.82376080551808,94445,685,1270,3603,
62.82679421410015,94444,686,1270,3603,
62.82813320297196,94444,686,1269,3604,
62.834577320854386,94444,685,1270,3604,
62.83556226369335,94443,686,1270,3604,
62.83666932246981,94443,685,1271,3604,
62.83773575803828,94443,684,1272,3604,
62.83946155322409,94443,683,1273,3604,
62.8425619124242,94442,684,1273,3604,
62.846222522011765,94441,685,1273,3604,
62.851130511418006,94441,684,1274,3604,
62.851151794185945,94440,685,1274,3604,
62.85239178037997,94439,686,1274,3604,
62.85465134240904,94439,686,1273,3605,
62.85946077118258,94439,686,1272,3606,
62.86066068052694,94438,687,1272,3606,
62.86108886768187,94438,687,1271,3607,
62.865390438773346,94437,688,1271,3607,
62.87016210657736,94436,689,1271,3607,
62.8702588110217,94436,688,1272,3607,
62.870815254293014,94435,689,1272,3607,
62.87186022596762,94434,690,1272,3607,
62.875106698356,94434,690,1271,3608,
62.87804475149849,94434,690,1270,3609,
62.87865987858078,94433,691,1270,3609,
62.88121370494283,94433,691,1269,3610,
62.88147344095939,94432,692,1269,3610,
62.882973758226626,94432,691,1270,3610,
62.88517066512682,94431,692,1270,3610,
62.88755642440483,94431,691,1271,3610,
62.89104590226968,94431,690,1272,3610,
62.89129035590821,94430,691,1272,3610,
62.896188094585995,94429,692,1272,3610,
62.89632184105362,94429,692,1271,3611,
62.898802592478404,94429,692,1270,3612,
62.9001623739944,94429,692,1269,3613,
62.90138009815662,94428,693,1269,3613,
62.90226783957073,94428,693,1268,3614,
62.90436231653809,94428,693,1267,3615,
62.90703342834197,94428,692,1268,3615,
62.91024824958332,94428,691,1269,3615,
62.91237000173049,94428,690,1270,3615,
62.913208970064765,94428,690,1269,3616,
62.915738976770996,94428,690,1268,3617,
62.916944281737486,94428,690,1267,3618,
62.91704963719072,94427,691,1267,3618,
62.91822706783826,94427,690,1268,3618,
62.921392465918885,94426,691,1268,3618,
62.92272258648882,94425,692,1268,3618,
62.92361241121479,94425,691,1269,3618,
62.92619340313041,94425,691,1268,3619,
62.931988029072414,94425,690,1269,3619,
62.933065563754944,94425,689,1270,3619,
62.934867779008044,94424,690,1270,3619,
62.935945911416184,94424,689,1271,3619,
62.94576594835172,94423,690,1271,3619,
62.946357997278604,94423,690,1270,3620,
62.946943516769075,94423,689,1271,3620,
62.94952138195887,94423,688,1272,3620,
62.95053369827543,94423,687,1273,3620,
62.959395204306475,94422,688,1273,3620,
62.96013537184379,94422,688,1272,3621,
62.960302983963686,94422,687,1273,3621,
62.961119942430656,94422,686,1274,3621,
62.96457369085404,94422,686,1273,3622,
62.96805237511619,94422,686,1272,3623,
62.96962900687722,94421,687,1272,3623,
62.97189309902364,94421,686,1273,3623,
62.97227323285753,94421,685,1274,3623,
62.972828277944515,94421,685,1273,3624,
62.97488666460016,94421,685,1272,3625,
62.974956615614275,94420,686,1272,3625,
62.97777342091535,94420,685,1273,3625,
62.98221632686699,94420,685,1272,3626,
62.983506081173985,94420,685,1271,3627,
62.98448497050928,94419,686,1271,3627,
62.984818001098745,94419,685,1272,3627,
62.987406060435234,94419,685,1271,3628,
62.98884261248182,94418,686,1271,3628,
62.98914325406878,94418,686,1270,3629,
62.989988086822365,94418,685,1271,3629,
62.99291845006145,94418,685,1270,3630,
62.994488073338026,94418,684,1271,3630,
62.99527225170556,94417,685,1271,3630,
62.995582683317075,94417,684,1272,3630,
62.99573650778989,94416,685,1272,3630,
62.995778208548685,94416,685,1271,3631,
63.000239756320425,94416,685,1270,3632,
63.000599945702014,94415,686,1270,3632,
63.00117048661812,94414,687,1270,3632,
63.00204903387106,94413,688,1270,3632,
63.00283902087909,94413,688,1269,3633,
63.00317538437957,94412,689,1269,3633,
63.00386248630814,94412,689,1268,3634,
63.00505519446346,94412,689,1267,3635,
63.00909850082664,94412,689,1266,3636,
63.02281205582625,94412,688,1267,3636,
63.024525099316286,94412,687,1268,3636,
63.0251039938225,94411,688,1268,3636,
63.03388851722023,94411,687,1269,3636,
63.03410489964385,94411,686,1270,3636,
63.035231448059776,94411,685,1271,3636,
63.03544896664536,94411,684,1272,3636,
63.03950245877539,94410,685,1272,3636,
63.04103126258352,94410,685,1271,3637,
63.04134529695702,94410,685,1270,3638,
63.04257400303206,94410,685,1269,3639,
63.0442173326141,94410,685,1268,3640,
63.04566865359091,94409,686,1268,3640,
63.04569535784088,94409,686,1267,3641,
63.04732330831496,94409,686,1266,3642,
63.04867791619057,94409,685,1267,3642,
63.05078017138549,94409,684,1268,3642,
63.05331168729624,94409,684,1267,3643,
63.05350466576857,94408,685,1267,3643,
63.05356841243852,94408,685,1266,3644,
63.05361152720723,94407,686,1266,3644,
63.054855640444124,94407,686,1265,3645,
63.05617188909817,94407,686,1264,3646,
63.05629914501816,94407,686,1263,3647,
63.059994177626464,94407,685,1264,3647,
63.06333896209238,94406,686,1264,3647,
63.06491416069409,94406,686,1263,3648,
63.06629330691817,94405,687,1263,3648,
63.068493743248574,94404,688,1263,3648,
63.06873948662319,94404,688,1262,3649,
63.07007324005782,94404,688,1261,3650,
63.07186964029334,94403,689,1261,3650,
63.07193451186319,94402,690,1261,3650,
63.07414082622041,94402,690,1260,3651,
63.07434693975304,94402,689,1261,3651,
63.074726056263614,94402,689,1260,3652,
63.08150992923273,94401,690,1260,3652,
63.08166635089193,94400,691,1260,3652,
63.08886050257361,94400,691,1259,3653,
63.09294118658265,94400,690,1260,3653,
63.09753026008377,94400,690,1259,3654,
63.09920220650076,94400,689,1260,3654,
63.102155705576706,94399,690,1260,3654,
63.10814529478561,94398,691,1260,3654,
63.11271850876732,94398,690,1261,3654,
63.118888363963165,94398,689,1262,3654,
63.12122120981074,94398,689,1261,3655,
63.12203009727922,94398,688,1262,3655,
63.1237373457204,94398,688,1261,3656,
63.12719966360197,94398,688,1260,3657,
63.13174336344786,94398,687,1261,3657,
63.134809887903636,94397,688,1261,3657,
63.13612322769581,94397,688,1260,3658,
63.13630954738319,94397,688,1259,3659,
63.1374667074877,94397,688,1258,3660,
63.138180184354326,94396,689,1258,3660,
63.14224090001754,94396,688,1259,3660,
63.14776615765686,94396,688,1258,3661,
63.15067769791062,94396,687,1259,3661,
63.15219641723056,94395,688,1259,3661,
63.16072264755696,94394,689,1259,3661,
63.16122418236711,94394,688,1260,3661,
63.16149933898146,94394,687,1261,3661,
63.16222037974551,94394,687,1260,3662,
63.16812321314706,94394,686,1261,3662,
63.170858903437434,94393,687,1261,3662,
63.17566457823193,94393,686,1262,3662,
63.17697535478241,94393,686,1261,3663,
63.18299375293107,94393,685,1262,3663,
63.18624754546142,94392,686,1262,3663,
63.19009823672698,94392,685,1263,3663,
63.19013320124123,94392,684,1264,3663,
63.19508955378241,94391,685,1264,3663,
63.198946453690844,94390,686,1264,3663,
63.200460152404034,94390,686,1263,3664,
63.20134565709158,94390,686,1262,3665,
63.202663479188644,94390,685,1263,3665,
63.20471999016432,94389,686,1263,3665,
63.20575541719906,94389,685,1264,3665,
63.20748846212334,94389,685,1263,3666,
63.21083529896172,94388,686,1263,3666,
63.216274903618356,94387,687,1263,3666,
63.21634993588518,94386,688,1263,3666,
63.2166685610065,94386,688,1262,3667,
63.21852338500118,94386,687,1263,3667,
63.225737916218264,94386,686,1264,3667,
63.22889513869,94385,687,1264,3667,
63.23137739325077,94385,686,1265,3667,
63.23372210246282,94384,687,1265,3667,
63.240115136326466,94384,687,1264,3668,
63.240128523256715,94384,687,1263,3669,
63.24175899832017,94384,687,1262,3670,
63.241829594893154,94384,686,1263,3670,
63.245858685898405,94384,685,1264,3670,
63.24949812249099,94384,684,1265,3670,
63.25052743077456,94384,684,1264,3671,
63.2518508265731,94384,684,1263,3672,
63.25482981912957,94384,684,1262,3673,
63.26105671368359,94384,684,1261,3674,
63.28081034723162,94383,685,1261,3674,
63.28129461186009,94383,685,1260,3675,
63.2871230085163,94383,685,1259,3676,
63.28895993920954,94382,686,1259,3676,
63.294102840398914,94382,686,1258,3677,
63.29592660713392,94382,686,1257,3678,
63.299704403485,94381,687,1257,3678,
63.305412417754034,94380,688,1257,3678,
63.30886823375252,94380,688,1256,3679,
63.311324070990594,94380,688,1255,3680,
63.318600570918676,94380,688,1254,3681,
63.32421156779857,94380,687,1255,3681,
63.32752739617499,94380,687,1254,3682,
63.33514421015208,94379,688,1254,3682,
63.34127816739767,94379,688,1253,3683,
63.34412109269677,94379,687,1254,3683,
63.3468045790323,94378,688,1254,3683,
63.346851044108284,94378,687,1255,3683,
63.35050165480597,94378,687,1254,3684,
63.35157306642399,94377,688,1254,3684,
63.35343989329046,94376,689,1254,3684,
63.35787695791016,94376,688,1255,3684,
63.35931567128412,94376,688,1254,3685,
63.361375829529926,94376,688,1253,3686,
63.36326364365101,94375,689,1253,3686,
63.36668663417558,94375,689,1252,3687,
63.37420308354973,94374,690,1252,3687,
63.37727707126874,94374,690,1251,3688,
63.37790738208566,94374,690,1250,3689,
63.37942288045066,94374,690,1249,3690,
63.38013282405334,94374,689,1250,3690,
63.381681867028746,94374,688,1251,3690,
63.38455605579489,94374,687,1252,3690,
63.386714008573804,94374,686,1253,3690,
63.38820910371707,94374,686,1252,3691,
63.38835114891567,94374,686,1251,3692,
63.390776505766034,94374,685,1252,3692,
63.391935205005524,94374,684,1253,3692,
63.39333636516068,94374,684,1252,3693,
63.39595131710837,94374,684,1251,3694,
63.39951864332011,94374,684,1250,3695,
63.40626617140486,94374,684,1249,3696,
63.40750786095294,94373,685,1249,3696,
63.41440936976649,94373,684,1250,3696,
63.4153172597797,94372,685,1250,3696,
63.41804093161782,94371,686,1250,3696,
63.42004556497307,94371,686,1249,3697,
63.42169943786899,94370,687,1249,3697,
63.42459349840681,94370,687,1248,3698,
63.427975413652945,94369,688,1248,3698,
63.430843146280566,94369,687,1249,3698,
63.432838838494135,94369,686,1250,3698,
63.442425998398534,94369,685,1251,3698,
63.44512957362263,94369,684,1252,3698,
63.44643672337904,94368,685,1252,3698,
63.450375118924455,94368,685,1251,3699,
63.452736624234014,94368,684,1252,3699,
63.453854045285944,94368,684,1251,3700,
63.45497491038529,94368,684,1250,3701,
63.45771016541392,94368,684,1249,3702,
63.46439628478028,94368,683,1250,3702,
63.464435103321264,94368,683,1249,3703,
63.46452187439101,94367,684,1249,3703,
63.46527712017753,94367,684,1248,3704,
63.46569560068064,94366,685,1248,3704,
63.467194941716244,94365,686,1248,3704,
63.46921553908255,94365,685,1249,3704,
63.46994607048538,94365,685,1248,3705,
63.47040192042279,94365,685,1247,3706,
63.47327234380655,94364,686,1247,3706,
63.481244840501915,94363,687,1247,3706,
63.48877833673109,94362,688,1247,3706,
63.502799690638795,94362,688,1246,3707,
63.505830893155704,94361,689,1246,3707,
63.506029754220926,94361,689,1245,3708,
63.50709922133543,94361,689,1244,3709,
63.508250801218594,94361,688,1245,3709,
63.51613204799358,94361,687,1246,3709,
63.5162374735331,94360,688,1246,3709,
63.51631690822658,94360,688,1245,3710,
63.52305647573983,94360,687,1246,3710,
63.523280521773046,94360,687,1245,3711,
63.52490765073571,94360,686,1246,3711,
63.53157166542904,94360,686,1245,3712,
63.531687560924915,94360,686,1244,3713,
63.55061192315583,94359,687,1244,3713,
63.55160022686188,94358,688,1244,3713,
63.55855806086578,94358,688,1243,3714,
63.55866549254274,94358,687,1244,3714,
63.55909889770692,94358,687,1243,3715,
63.56203061753736,94357,688,1243,3715,
63.566618393078315,94356,689,1243,3715,
63.568280304735,94356,688,1244,3715,
63.56912718438049,94356,687,1245,3715,
63.573385715679116,94356,687,1244,3716,
63.57877185157304,94356,687,1243,3717,
63.58669147500553,94355,688,1243,3717,
63.58698394396467,94355,687,1244,3717,
63.595571431777294,94355,686,1245,3717,
63.60026395492108,94354,687,1245,3717,
63.60629462686221,94354,687,1244,3718,
63.606856046415956,94354,686,1245,3718,
63.608819443640456,94354,685,1246,3718,
63.61567625840517,94354,684,1247,3718,
63.6193769216959,94354,684,1246,3719,
63.62539135192919,94353,685,1246,3719,
63.625532127554145,94352,686,1246,3719,
63.63032788857278,94352,686,1245,3720,
63.63432435669764,94352,686,1244,3721,
63.638237079369574,94351,687,1244,3721,
63.63968732861025,94351,687,1243,3722,
63.63999079486959,94351,687,1242,3723,
63.640337988727225,94350,688,1242,3723,
63.65141238437867,94350,688,1241,3724,
63.655031356825305,94350,688,1240,3725,
63.65775200359136,94349,689,1240,3725,
63.65779386601015,94349,688,1241,3725,
63.662070126322284,94348,689,1241,3725,
63.664209725604266,94348,689,1240,3726,
63.66462445573496,94347,690,1240,3726,
63.66504648125714,94347,690,1239,3727,
63.665286220054185,94346,691,1239,3727,
63.66624174112872,94346,690,1240,3727,
63.66680781857059,94346,689,1241,3727,
63.668097490343726,94346,688,1242,3727,
63.66854894976997,94346,688,1241,3728,
63.670884049330844,94346,687,1242,3728,
63.67158240717917,94346,686,1243,3728,
63.67597559527095,94346,685,1244,3728,
63.67876753998496,94346,684,1245,3728,
63.679513492171886,94345,685,1245,3728,
63.680104609364435,94344,686,1245,3728,
63.68181564021879,94344,686,1244,3729,
63.68677845165277,94344,686,1243,3730,
63.68752738209775,94343,687,1243,3730,
63.68912251875172,94343,686,1244,3730,
63.69579077033561,94343,685,1245,3730,
63.69680975322104,94343,684,1246,3730,
63.696965278417196,94343,684,1245,3731,
63.698536449103045,94342,685,1245,3731,
63.69904973252831,94342,684,1246,3731,
63.69917509789136,94342,683,1247,3731,
63.69981170626042,94342,683,1246,3732,
63.70039285487332,94341,684,1246,3732,
63.703792356563035,94341,684,1245,3733,
63.70550444966059,94341,683,1246,3733,
63.70594296184069,94341,682,1247,3733,
63.71019097779492,94341,682,1246,3734,
63.71263053078594,94341,681,1247,3734,
63.71263901737998,94341,681,1246,3735,
63.71480517956067,94341,681,1245,3736,
63.71616411019749,94340,682,1245,3736,
63.716891418752155,94339,683,1245,3736,
63.719202685227614,94339,682,1246,3736,
63.719677261381676,94339,682,1245,3737,
63.72047179294913,94339,681,1246,3737,
63.721073213541686,94339,680,1247,3737,
63.72409536244331,94339,680,1246,3738,
63.72691370768664,94339,679,1247,3738,
63.72810783403755,94339,679,1246,3739,
63.72955895085262,94338,680,1246,3739,
63.73286327219289,94337,681,1246,3739,
63.73633698959437,94337,680,1247,3739,
63.73874659080459,94337,680,1246,3740,
63.739808510904325,94337,680,1245,3741,
63.74015164777869,94337,680,1244,3742,
63.74167702340462,94337,679,1245,3742,
63.74248408774468,94337,679,1244,3743,
63.74435680827491,94337,678,1245,3743,
63.744829712062156,94337,678,1244,3744,
63.74561050858446,94337,677,1245,3744,
63.74593456984204,94337,676,1246,3744,
63.755353524920096,94337,675,1247,3744,
63.75553031702174,94336,676,1247,3744,
63.759085766218284,94336,675,1248,3744,
63.76015031195621,94336,675,1247,3745,
63.76229013463504,94335,676,1247,3745,
63.762768043502625,94335,676,1246,3746,
63.76347235159707,94335,675,1247,3746,
63.7665654982555,94335,674,1248,3746,
63.770506077886516,94335,674,1247,3747,
63.77239845834218,94335,673,1248,3747,
63.77241446701059,94334,674,1248,3747,
63.77603505588908,94334,674,1247,3748,
63.777709164993595,94333,675,1247,3748,
63.777741319663114,94333,674,1248,3748,
63.77818352556848,94333,674,1247,3749,
63.78470178775255,94333,673,1248,3749,
63.786952088142776,94333,672,1249,3749,
63.787862851139494,94333,672,1248,3750,
63.78835874303269,94333,671,1249,3750,
63.78959969267131,94333,671,1248,3751,
63.790216480136515,94332,672,1248,3751,
63.80212058597031,94331,673,1248,3751,
63.80953424693129,94331,672,1249,3751,
63.81010084755458,94331,671,1250,3751,
63.81089124250508,94331,671,1249,3752,
63.81245469614514,94331,671,1248,3753,
63.81688946254872,94331,671,1247,3754,
63.82090313235056,94331,671,1246,3755,
63.821227531891736,94331,670,1247,3755,
63.82125116821304,94331,670,1246,3756,
63.82763845355551,94331,670,1245,3757,
63.829199099843244,94331,670,1244,3758,
63.83274242989383,94331,669,1245,3758,
63.83476838783954,94330,670,1245,3758,
63.839126289455166,94330,670,1244,3759,
63.84168779244558,94329,671,1244,3759,
63.84928933106431,94328,672,1244,3759,
63.84994923542435,94328,672,1243,3760,
63.85105322079469,94327,673,1243,3760,
63.85152383484488,94326,674,1243,3760,
63.853085793519256,94326,673,1244,3760,
63.85488428806993,94326,673,1243,3761,
63.85705712932138,94326,672,1244,3761,
63.859307570211705,94326,671,1245,3761,
63.85954434502464,94325,672,1245,3761,
63.860940744358416,94325,671,1246,3761,
63.86271699454731,94325,671,1245,3762,
63.86305925358939,94324,672,1245,3762,
63.86363506048136,94324,671,1246,3762,
63.863677511287804,94324,671,1245,3763,
63.864798085606,94324,671,1244,3764,
63.8688658304756,94324,670,1245,3764,
63.88495615657283,94324,670,1244,3765,
63.88731838065833,94323,671,1244,3765,
63.88734122653963,94323,671,1243,3766,
63.888199446125554,94323,671,1242,3767,
63.889760879720875,94322,672,1242,3767,
63.89200659257399,94321,673,1242,3767,
63.89305997838703,94321,673,1241,3768,
63.894363904003335,94320,674,1241,3768,
63.898269324208414,94320,673,1242,3768,
63.899186480837,94320,673,1241,3769,
63.89985471137473,94320,672,1242,3769,
63.900975846004734,94319,673,1242,3769,
63.90905210435983,94319,672,1243,3769,
63.910217990671235,94319,672,1242,3770,
63.91309581528288,94318,673,1242,3770,
63.915988102251625,94318,672,1243,3770,
63.918783588426614,94318,672,1242,3771,
63.92223753165724,94318,672,1241,3772,
63.92498967579433,94318,671,1242,3772,
63.93023950578316,94318,670,1243,3772,
63.930958910758115,94317,671,1243,3772,
63.934188234952856,94317,670,1244,3772,
63.93805906619575,94316,671,1244,3772,
63.938122256964334,94316,671,1243,3773,
63.94153420143899,94315,672,1243,3773,
63.94445255941778,94315,671,1244,3773,
63.94557988816106,94315,671,1243,3774,
63.94976135733743,94315,671,1242,3775,
63.950874848249846,94315,670,1243,3775,
63.95377740584384,94315,669,1244,3775,
63.956650832553244,94315,669,1243,3776,
63.957829064192474,94315,669,1242,3777,
63.9601182298922,94314,670,1242,3777,
63.96836083567537,94314,670,1241,3778,
63.96959260517852,94314,670,1240,3779,
63.971154464321955,94314,669,1241,3779,
63.97402071091832,94314,669,1240,3780,
63.97822457107894,94314,669,1239,3781,
63.97880964234704,94314,668,1240,3781,
63.97920508615731,94314,667,1241,3781,
63.984981123509336,94313,668,1241,3781,
63.9851277674187,94313,667,1242,3781,
63.98865381588655,94313,666,1243,3781,
63.98881411062371,94313,666,1242,3782,
63.990879290089595,94313,666,1241,3783,
63.995448791879184,94312,667,1241,3783,
63.995576696956235,94311,668,1241,3783,
63.99727100257705,94311,667,1242,3783,
63.99812374753903,94310,668,1242,3783,
64.00156759729532,94310,668,1241,3784,
64.00162156875054,94310,667,1242,3784,
64.00262822558369,94310,667,1241,3785,
64.00358896559185,94310,667,1240,3786,
64.00480839494506,94310,667,1239,3787,
64.0056335944371,94309,668,1239,3787,
64.00674850851749,94309,668,1238,3788,
64.01250116649365,94309,668,1237,3789,
64.01468545172543,94308,669,1237,3789,
64.01637367556548,94308,669,1236,3790,
64.02026383987032,94308,669,1235,3791,
64.0210391061455,94308,668,1236,3791,
64.02238032098333,94307,669,1236,3791,
64.0254937064072,94307,668,1237,3791,
64.0332612203016,94307,668,1236,3792,
64.03460986863456,94307,668,1235,3793,
64.03662360630503,94307,667,1236,3793,
64.04136387548651,94307,667,1235,3794,
64.04489682040118,94307,667,1234,3795,
64.04870574158305,94307,667,1233,3796,
64.05162098009448,94307,666,1234,3796,
64.0583333958692,94307,666,1233,3797,
64.05935639518978,94307,665,1234,3797,
64.05981599917835,94307,665,1233,3798,
64.06145061261566,94306,666,1233,3798,
64.06372643725226,94306,666,1232,3799,
64.06389544827528,94305,667,1232,3799,
64.0661637658642,94304,668,1232,3799,
64.06645451921898,94304,668,1231,3800,
64.0686584723124,94304,668,1230,3801,
64.07508409724458,94304,667,1231,3801,
64.0766092341221,94303,668,1231,3801,
64.07791394966003,94303,668,1230,3802,
64.07851198333402,94302,669,1230,3802,
64.07933669858804,94302,668,1231,3802,
64.08264055250564,94301,669,1231,3802,
64.08364533364382,94301,668,1232,3802,
64.0877563695536,94301,668,1231,3803,
64.0881809425597,94300,669,1231,3803,
64.0900046532297,94300,669,1230,3804,
64.09132847345569,94299,670,1230,3804,
64.09350927227565,94299,669,1231,3804,
64.09676639525154,94299,668,1232,3804,
64.09916245654067,94298,669,1232,3804,
64.10001239533335,94298,668,1233,3804,
64.10074055926802,94298,667,1234,3804,
64.10152274546427,94297,668,1234,3804,
64.10302288623598,94296,669,1234,3804,
64.11433767984117,94296,668,1235,3804,
64.11492315821415,94296,668,1234,3805,
64.12078242480001,94295,669,1234,3805,
64.1218768097977,94294,670,1234,3805,
64.12289542635912,94294,669,1235,3805,
64.12395682009677,94294,668,1236,3805,
64.13319837377858,94294,668,1235,3806,
64.13325809443741,94293,669,1235,3806,
64.1352703263049,94293,668,1236,3806,
64.13671870128526,94293,667,1237,3806,
64.13705969021493,94293,666,1238,3806,
64.13871362426602,94292,667,1238,3806,
64.14723026798848,94292,667,1237,3807,
64.15249281612452,94292,667,1236,3808,
64.15359283964683,94292,667,1235,3809,
64.1540893832582,94292,666,1236,3809,
64.16238103203685,94292,666,1235,3810,
64.16264909237893,94292,666,1234,3811,
64.16425026636483,94291,667,1234,3811,
64.16800764404289,94290,668,1234,3811,
64.16885750661712,94290,667,1235,3811,
64.17185290439504,94289,668,1235,3811,
64.1750012566003,94289,667,1236,3811,
64.17758109419606,94289,667,1235,3812,
64.18431731156049,94288,668,1235,3812,
64.19736617210599,94288,667,1236,3812,
64.20734402379958,94288,667,1235,3813,
64.20951453677338,94288,667,1234,3814,
64.21799776427669,94288,666,1235,3814,
64.22052195455487,94288,666,1234,3815,
64.22704690149784,94288,666,1233,3816,
64.22740246341321,94287,667,1233,3816,
64.22866764056843,94286,668,1233,3816,
64.2324274154941,94285,669,1233,3816,
64.23515427245053,94284,670,1233,3816,
64.23631801082523,94284,670,1232,3817,
64.23932276190166,94283,671,1232,3817,
64.24055841462396,94283,671,1231,3818,
64.24157986328974,94283,670,1232,3818,
64.24343432974412,94283,670,1231,3819,
64.2437062527496,94283,670,1230,3820,
64.24721602079356,94282,671,1230,3820,
64.24825238319805,94282,670,1231,3820,
64.24922036459282,94282,670,1230,3821,
64.2503202512939,94282,670,1229,3822,
64.25047933457645,94281,671,1229,3822,
64.25168529589267,94280,672,1229,3822,
64.25205322791243,94280,672,1228,3823,
64.25220188414502,94280,671,1229,3823,
64.25296231891141,94280,671,1228,3824,
64.26006339558171,94280,671,1227,3825,
64.26289087955256,94279,672,1227,3825,
64.26654497218072,94279,671,1228,3825,
64.26899406063187,94279,670,1229,3825,
64.27009098496626,94279,669,1230,3825,
64.2710747752856,94279,669,1229,3826,
64.27128687351012,94279,669,1228,3827,
64.2792332097879,94278,670,1228,3827,
64.28079990254099,94278,669,1229,3827,
64.28571050080112,94278,669,1228,3828,
64.28801056689998,94278,668,1229,3828,
64.29722214294142,94278,667,1230,3828,
64.30201986768361,94277,668,1230,3828,
64.30295821950027,94277,667,1231,3828,
64.30322931777519,94277,667,1230,3829,
64.30444214660281,94277,666,1231,3829,
64.30459846803107,94277,665,1232,3829,
64.30754484074241,94276,666,1232,3829,
64.31000783017137,94275,667,1232,3829,
64.31486772856506,94275,666,1233,3829,
64.31495021877092,94275,665,1234,3829,
64.3167577954881,94275,664,1235,3829,
64.31737941741784,94275,663,1236,3829,
64.31766699203199,94274,664,1236,3829,
64.32092544494665,94274,663,1237,3829,
64.32323979150941,94274,662,1238,3829,
64.32771008040889,94274,662,1237,3830,
64.32895022770182,94274,661,1238,3830,
64.3294202788536,94273,662,1238,3830,
64.33802911493878,94272,663,1238,3830,
64.349149694602,94272,662,1239,3830,
64.35038559602576,94272,662,1238,3831,
64.35177782556026,94272,661,1239,3831,
64.35768276490822,94272,661,1238,3832,
64.35994876792711,94271,662,1238,3832,
64.36194028932826,94270,663,1238,3832,
64.36278769883285,94270,662,1239,3832,
64.36378883171018,94269,663,1239,3832,
64.36536396074527,94269,663,1238,3833,
64.36572024487933,94268,664,1238,3833,
64.36575302931082,94268,663,1239,3833,
64.36613421656976,94268,663,1238,3834,
64.36868374691326,94268,663,1237,3835,
64.37089574806116,94268,662,1238,3835,
64.37166124228082,94268,661,1239,3835,
64.37511259593049,94268,660,1240,3835,
64.37667001779622,94268,660,1239,3836,
64.37969586255144,94268,660,1238,3837,
64.38529784909282,94268,660,1237,3838,
64.38535683095954,94268,660,1236,3839,
64.39741533690783,94267,661,1236,3839,
64.39764658792696,94267,660,1237,3839,
64.39942028166698,94267,659,1238,3839,
64.40252576188074,94267,659,1237,3840,
64.40534949768383,94267,658,1238,3840,
64.41436158039019,94267,658,1237,3841,
64.42068410711735,94266,659,1237,3841,
64.4254268244291,94266,658,1238,3841,
64.42704757600067,94266,658,1237,3842,
64.427895640961,94265,659,1237,3842,
64.42831704469404,94265,658,1238,3842,
64.42877611702076,94265,657,1239,3842,
64.43458552037619,94265,657,1238,3843,
64.43642464885812,94265,656,1239,3843,
64.43828368865404,94265,655,1240,3843,
64.43952581224472,94265,655,1239,3844,
64.44013714854243,94265,654,1240,3844,
64.44095312160223,94265,654,1239,3845,
64.44170833723058,94264,655,1239,3845,
64.4423382898354,94264,654,1240,3845,
64.4425002456887,94264,654,1239,3846,
64.4444523826073,94264,653,1240,3846,
64.44454291399356,94263,654,1240,3846,
64.44569348845813,94263,653,1241,3846,
64.4465782443816,94263,653,1240,3847,
64.44992941526121,94263,652,1241,3847,
64.45053151587618,94263,652,1240,3848,
64.45080961467421,94263,651,1241,3848,
64.45092688677082,94263,650,1242,3848,
64.45190122777555,94263,650,1241,3849,
64.45745698086557,94263,649,1242,3849,
64.45930299738212,94262,650,1242,3849,
64.45934341441398,94261,651,1242,3849,
64.46024114569929,94260,652,1242,3849,
64.46371747353001,94260,651,1243,3849,
64.46996273559694,94260,650,1244,3849,
64.47081302566652,94259,651,1244,3849,
64.4743386032101,94258,652,1244,3849,
64.47743052102345,94257,653,1244,3849,
64.48129169011374,94257,653,1243,3850,
64.4833923538252,94256,654,1243,3850,
64.48873827227672,94256,653,1244,3850,
64.49031395091384,94255,654,1244,3850,
64.49063366293514,94254,655,1244,3850,
64.49078356969314,94253,656,1244,3850,
64.49185949918831,94252,657,1244,3850,
64.49834894205571,94251,658,1244,3850,
64.50680600128976,94251,657,1245,3850,
64.50707005450278,94251,656,1246,3850,
64.51399863433831,94251,655,1247,3850,
64.51638988378686,94251,654,1248,3850,
64.51653756009148,94251,653,1249,3850,
64.51667301072487,94250,654,1249,3850,
64.51843204976234,94249,655,1249,3850,
64.51854035532598,94249,654,1250,3850,
64.52079390516526,94248,655,1250,3850,
64.52197172817168,94248,654,1251,3850,
64.5231674783616,94247,655,1251,3850,
64.52320322820509,94247,655,1250,3851,
64.53434725649367,94247,655,1249,3852,
64.53515703366423,94247,654,1250,3852,
64.53889286132966,94247,653,1251,3852,
64.53924684843416,94247,653,1250,3853,
64.5404384906866,94246,654,1250,3853,
64.5416109091423,94246,654,1249,3854,
64.54179624294085,94246,653,1250,3854,
64.54241441088166,94246,653,1249,3855,
64.54648005250804,94246,652,1250,3855,
64.54716485171485,94245,653,1250,3855,
64.54922087515664,94245,653,1249,3856,
64.5528749726167,94245,653,1248,3857,
64.55519767972908,94245,653,1247,3858,
64.55528387712442,94245,653,1246,3859,
64.5561675851911,94245,652,1247,3859,
64.5562037399498,94245,651,1248,3859,
64.556363767962,94245,651,1247,3860,
64.55697169402869,94244,652,1247,3860,
64.56907257383163,94244,652,1246,3861,
64.56963216768693,94244,651,1247,3861,
64.57132024541866,94244,650,1248,3861,
64.57983685497753,94244,649,1249,3861,
64.58009219478448,94243,650,1249,3861,
64.58338176665706,94242,651,1249,3861,
64.58542034602449,94241,652,1249,3861,
64.58793941640455,94241,652,1248,3862,
64.59005531689779,94241,651,1249,3862,
64.59205763793473,94240,652,1249,3862,
64.59313118472184,94239,653,1249,3862,
64.5931847335679,94239,653,1248,3863,
64.59594035602817,94239,652,1249,3863,
64.60016048306977,94239,651,1250,3863,
64.60048156119973,94238,652,1250,3863,
64.60191367985203,94238,652,1249,3864,
64.6026765742974,94238,652,1248,3865,
64.60365473402007,94237,653,1248,3865,
64.60476084701811,94237,652,1249,3865,
64.60686969322902,94237,651,1250,3865,
64.60780604892688,94236,652,1250,3865,
64.60969804670931,94236,652,1249,3866,
64.61017420470439,94235,653,1249,3866,
64.6105654235603,94235,652,1250,3866,
64.6126325116419,94234,653,1250,3866,
64.61306402615563,94234,652,1251,3866,
64.61361389927386,94233,653,1251,3866,
64.61463098783543,94233,652,1252,3866,
64.61820236885302,94233,651,1253,3866,
64.6189613267871,94233,650,1254,3866,
64.62106288525636,94233,649,1255,3866,
64.62157279680646,94232,650,1255,3866,
64.62292562884097,94232,649,1256,3866,
64.62408577774507,94232,649,1255,3867,
64.62555617766469,94231,650,1255,3867,
64.63157344556069,94231,649,1256,3867,
64.63292885279569,94231,649,1255,3868,
64.6334128565298,94231,649,1254,3869,
64.63397137982997,94231,648,1255,3869,
64.63474420362216,94230,649,1255,3869,
64.63545052386016,94230,648,1256,3869,
64.63814337198781,94229,649,1256,3869,
64.64409320797373,94228,650,1256,3869,
64.64562241152244,94227,651,1256,3869,
64.64907465209687,94227,651,1255,3870,
64.65030583600466,94227,651,1254,3871,
64.65244579263354,94227,651,1253,3872,
64.65892400864618,94226,652,1253,3872,
64.66412965193494,94225,653,1253,3872,
64.6670956487093,94224,654,1253,3872,
64.66852307517028,94224,654,1252,3873,
64.66920408719457,94223,655,1252,3873,
64.67288804436735,94223,654,1253,3873,
64.68708046155116,94223,653,1254,3873,
64.6896607182933,94223,652,1255,3873,
64.69211918121015,94223,652,1254,3874,
64.70048486714353,94223,652,1253,3875,
64.70543728317685,94223,651,1254,3875,
64.70598341243043,94223,650,1255,3875,
64.70844709480119,94223,649,1256,3875,
64.71078856352541,94223,648,1257,3875,
64.71340444026703,94223,648,1256,3876,
64.71576801723253,94222,649,1256,3876,
64.71772547412186,94222,648,1257,3876,
64.72237731541499,94222,648,1256,3877,
64.72298653754211,94222,648,1255,3878,
64.72408653511104,94222,648,1254,3879,
64.72462537436235,94222,648,1253,3880,
64.7278137947066,94222,648,1252,3881,
64.73188997943373,94222,647,1253,3881,
64.73347844867115,94222,647,1252,3882,
64.7337130471999,94222,647,1251,3883,
64.73405109977259,94221,648,1251,3883,
64.73448926212777,94221,648,1250,3884,
64.73704027481031,94221,648,1249,3885,
64.7378955219163,94221,648,1248,3886,
64.74022955170604,94221,647,1249,3886,
64.74369015557562,94220,648,1249,3886,
64.74444275996079,94219,649,1249,3886,
64.74944867281141,94219,648,1250,3886,
64.75018619891264,94219,648,1249,3887,
64.75436890404114,94218,649,1249,3887,
64.75563194763771,94218,649,1248,3888,
64.75687055341422,94218,648,1249,3888,
64.75732049596726,94218,648,1248,3889,
64.7577679811046,94217,649,1248,3889,
64.77044896990456,94217,649,1247,3890,
64.77168875131278,94217,649,1246,3891,
64.77175546786081,94217,649,1245,3892,
64.77234044951474,94217,649,1244,3893,
64.77338942758615,94217,649,1243,3894,
64.77549391244365,94217,648,1244,3894,
64.7788231125424,94217,647,1245,3894,
64.78185021007079,94217,647,1244,3895,
64.78256423485297,94216,648,1244,3895,
64.78470477756531,94216,647,1245,3895,
64.78494993010183,94216,646,1246,3895,
64.7903274360908,94216,645,1247,3895,
64.79267905283864,94216,645,1246,3896,
64.79321572834098,94216,644,1247,3896,
64.79737468826161,94216,644,1246,3897,
64.80727505980728,94216,643,1247,3897,
64.81069716298663,94215,644,1247,3897,
64.81306710921561,94215,643,1248,3897,
64.81568285011124,94215,643,1247,3898,
64.81954212419814,94215,642,1248,3898,
64.83426162059557,94215,641,1249,3898,
64.83688077240687,94215,641,1248,3899,
64.84386285588963,94215,641,1247,3900,
64.84415194079251,94214,642,1247,3900,
64.84592234768644,94214,642,1246,3901,
64.84649092449635,94214,642,1245,3902,
64.84681507401078,94213,643,1245,3902,
64.84853480385334,94212,644,1245,3902,
64.85043586019135,94212,644,1244,3903,
64.85116255654717,94212,644,1243,3904,
64.85556643613275,94212,644,1242,3905,
64.85586306706288,94212,643,1243,3905,
64.85603132391861,94212,643,1242,3906,
64.86014006642868,94212,643,1241,3907,
64.86368847697827,94211,644,1241,3907,
64.86927470601141,94211,643,1242,3907,
64.86982147058816,94210,644,1242,3907,
64.87120167254012,94209,645,1242,3907,
64.87302652293693,94208,646,1242,3907,
64.87316663537298,94208,645,1243,3907,
64.87737018286822,94208,644,1244,3907,
64.88057138906836,94208,643,1245,3907,
64.8809265354436,94207,644,1245,3907,
64.88345711779512,94206,645,1245,3907,
64.88455864515753,94206,645,1244,3908,
64.88590261857107,94206,644,1245,3908,
64.88978724653491,94206,644,1244,3909,
64.89022263515965,94206,644,1243,3910,
64.89213904871167,94206,643,1244,3910,
64.89305266430782,94206,643,1243,3911,
64.89459060099757,94206,643,1242,3912,
64.89527770624106,94206,643,1241,3913,
64.89692716308474,94206,643,1240,3914,
64.89855277463448,94206,642,1241,3914,
64.90203178945863,94206,642,1240,3915,
64.9021124282924,94206,642,1239,3916,
64.90302090770048,94205,643,1239,3916,
64.90313484835193,94205,642,1240,3916,
64.90963039229138,94204,643,1240,3916,
64.91040588880743,94203,644,1240,3916,
64.91042196254051,94203,644,1239,3917,
64.91180159833482,94202,645,1239,3917,
64.91362909788262,94201,646,1239,3917,
64.92049485197919,94201,646,1238,3918,
64.92283832102115,94201,645,1239,3918,
64.92320991824103,94201,645,1238,3919,
64.92577468830258,94201,645,1237,3920,
64.92822366585918,94201,645,1236,3921,
64.93353548975489,94201,644,1237,3921,
64.93711332978468,94201,643,1238,3921,
64.9375171809846,94200,644,1238,3921,
64.93753681144014,94200,644,1237,3922,
64.93872806784883,94200,643,1238,3922,
64.94058875898699,94200,642,1239,3922,
64.94401246012245,94199,643,1239,3922,
64.94983525005624,94199,643,1238,3923,
64.95144370400389,94199,643,1237,3924,
64.96183654410802,94198,644,1237,3924,
64.96188558612,94198,644,1236,3925,
64.96414315704723,94198,644,1235,3926,
64.96511320182842,94198,644,1234,3927,
64.96723323592889,94198,644,1233,3928,
64.97140635459398,94198,643,1234,3928,
64.97166281093641,94198,642,1235,3928,
64.97334415317647,94198,641,1236,3928,
64.97470440247321,94198,641,1235,3929,
64.97566656414955,94198,640,1236,3929,
64.98134224642277,94198,640,1235,3930,
64.98254073147214,94197,641,1235,3930,
64.98635667829186,94197,641,1234,3931,
64.98690500935535,94197,641,1233,3932,
64.99032072740681,94196,642,1233,3932,
64.99392994991273,94196,642,1232,3933,
64.99952606182659,94196,641,1233,3933,
65.00108263720165,94196,640,1234,3933,
65.00536131727242,94196,640,1233,3934,
65.00663421527405,94196,639,1234,3934,
65.00754764191727,94196,638,1235,3934,
65.00988202886279,94196,637,1236,3934,
65.0160317640046,94196,637,1235,3935,
65.01655907593526,94196,637,1234,3936,
65.01792904007019,94196,637,1233,3937,
65.01876627095484,94196,637,1232,3938,
65.02568948249524,94196,636,1233,3938,
65.02802015776939,94195,637,1233,3938,
65.03597601125588,94195,636,1234,3938,
65.03621616301106,94195,636,1233,3939,
65.03636893715412,94195,635,1234,3939,
65.03663657654268,94195,635,1233,3940,
65.03858213672366,94195,635,1232,3941,
65.03978899386614,94195,635,1231,3942,
65.04073807465281,94195,635,1230,3943,
65.04754529374529,94195,635,1229,3944,
65.05182675250833,94194,636,1229,3944,
65.06460728327856,94194,635,1230,3944,
65.0649839744019,94193,636,1230,3944,
65.06766149356291,94192,637,1230,3944,
65.06824891972593,94192,637,1229,3945,
65.07103975412784,94191,638,1229,3945,
65.07182656484187,94190,639,1229,3945,
65.07398910735495,94190,638,1230,3945,
65.07764346680229,94190,637,1231,3945,
65.07804337608103,94190,636,1232,3945,
65.0820081405581,94190,636,1231,3946,
65.082587864349,94190,636,1230,3947,
65.0837477145009,94190,635,1231,3947,
65.08480777117235,94189,636,1231,3947,
65.08584523777718,94189,636,1230,3948,
65.0880078756945,94189,636,1229,3949,
65.09106098349837,94189,636,1228,3950,
65.0936207315956,94189,635,1229,3950,
65.09744170117682,94189,635,1228,3951,
65.1018600035238,94188,636,1228,3951,
65.10645624912743,94187,637,1228,3951,
65.10793589824799,94186,638,1228,3951,
65.10864197119767,94185,639,1228,3951,
65.10930911222327,94184,640,1228,3951,
65.10980816031751,94184,639,1229,3951,
65.11126228197473,94183,640,1229,3951,
65.11155393193835,94182,641,1229,3951,
65.11399419455074,94182,641,1228,3952,
65.11434922729234,94182,640,1229,3952,
65.11891332767092,94181,641,1229,3952,
65.12388444375742,94181,640,1230,3952,
65.12438059111764,94180,641,1230,3952,
65.12493377523384,94180,640,1231,3952,
65.12691270598793,94180,639,1232,3952,
65.12735672975282,94180,638,1233,3952,
65.12825111129914,94179,639,1233,3952,
65.12844194132825,94179,638,1234,3952,
65.13033742755132,94178,639,1234,3952,
65.13097367098119,94177,640,1234,3952,
65.13235130936933,94176,641,1234,3952,
65.13385986844608,94175,642,1234,3952,
65.13501802280871,94175,641,1235,3952,
65.13585945616512,94175,640,1236,3952,
65.13910225054059,94174,641,1236,3952,
65.14042684206615,94174,640,1237,3952,
65.14104000162926,94174,640,1236,3953,
65.14183603873285,94173,641,1236,3953,
65.14200811935306,94172,642,1236,3953,
65.14741408894184,94171,643,1236,3953,
65.14772843933159,94171,642,1237,3953,
65.14885726664757,94170,643,1237,3953,
65.14944072261893,94169,644,1237,3953,
65.15466757285917,94168,645,1237,3953,
65.15662915244161,94168,644,1238,3953,
65.15866695949457,94168,644,1237,3954,
65.16025925808017,94168,644,1236,3955,
65.16267953750263,94168,644,1235,3956,
65.1690050852456,94167,645,1235,3956,
65.16902796088087,94167,644,1236,3956,
65.18032911222575,94167,643,1237,3956,
65.18644813415516,94167,642,1238,3956,
65.18717631657235,94167,642,1237,3957,
65.19363487486623,94167,641,1238,3957,
65.19817909574364,94167,640,1239,3957,
65.19896909355411,94166,641,1239,3957,
65.20017537656727,94166,641,1238,3958,
65.20339930510232,94165,642,1238,3958,
65.2038905685901,94165,641,1239,3958,
65.2145636972461,94165,641,1238,3959,
65.21743702499658,94165,641,1237,3960,
65.22381903196863,94165,640,1238,3960,
65.22425930489116,94165,640,1237,3961,
65.22526107333758,94164,641,1237,3961,
65.22710641228167,94164,641,1236,3962,
65.22737431940924,94163,642,1236,3962,
65.23227233705848,94163,641,1237,3962,
65.23372967335526,94163,641,1236,3963,
65.23631800355186,94163,641,1235,3964,
65.23648056770286,94163,640,1236,3964,
65.23707353254535,94163,639,1237,3964,
65.23772241067095,94163,638,1238,3964,
65.24093351932143,94163,637,1239,3964,
65.24244006393263,94162,638,1239,3964,
65.24352277063075,94162,638,1238,3965,
65.24444173514952,94162,637,1239,3965,
65.24756184691208,94161,638,1239,3965,
65.24859880473385,94161,637,1240,3965,
65.25075042855991,94161,637,1239,3966,
65.2521841277066,94160,638,1239,3966,
65.25310568215737,94160,637,1240,3966,
65.25565955827298,94160,637,1239,3967,
65.2578369117169,94159,638,1239,3967,
65.26702798475924,94158,639,1239,3967,
65.26725595095532,94157,640,1239,3967,
65.26834778839785,94157,640,1238,3968,
65.27174792767491,94157,639,1239,3968,
65.27403391554151,94157,639,1238,3969,
65.27408713309276,94157,639,1237,3970,
65.28368648042688,94156,640,1237,3970,
65.28651023569515,94156,640,1236,3971,
65.28731943841463,94156,640,1235,3972,
65.28825893372928,94155,641,1235,3972,
65.28931149027166,94155,640,1236,3972,
65.29166561734392,94155,640,1235,3973,
65.29203615810881,94155,640,1234,3974,
65.2920780583958,94155,640,1233,3975,
65.29211286582375,94155,640,1232,3976,
65.293429448166,94154,641,1232,3976,
65.29782333328293,94154,641,1231,3977,
65.29952310907602,94153,642,1231,3977,
65.30086524181857,94153,642,1230,3978,
65.30388222795064,94153,642,1229,3979,
65.30485360008457,94152,643,1229,3979,
65.30554737178156,94152,642,1230,3979,
65.30616289657227,94151,643,1230,3979,
65.30698114936115,94151,642,1231,3979,
65.3094521862987,94150,643,1231,3979,
65.3101453813005,94150,643,1230,3980,
65.31223726696606,94150,643,1229,3981,
65.3145233413997,94150,643,1228,3982,
65.31466847425322,94149,644,1228,3982,
65.31495522599765,94149,644,1227,3983,
65.32202907815615,94149,643,1228,3983,
65.32318844999158,94148,644,1228,3983,
65.3246414237331,94147,645,1228,3983,
65.33073591536638,94146,646,1228,3983,
65.33188901642157,94146,645,1229,3983,
65.33244733614083,94145,646,1229,3983,
65.33783468767461,94145,645,1230,3983,
65.339753982674,94144,646,1230,3983,
65.34087580495245,94143,647,1230,3983,
65.34477979485733,94143,646,1231,3983,
65.34890142431993,94143,645,1232,3983,
65.35044641968183,94142,646,1232,3983,
65.35120793449097,94141,647,1232,3983,
65.36198800956522,94141,647,1231,3984,
65.36583081761793,94141,646,1232,3984,
65.36644018310687,94141,646,1231,3985,
65.36969602703087,94141,646,1230,3986,
65.3777392282638,94141,645,1231,3986,
65.37924108133849,94140,646,1231,3986,
65.37995770032288,94140,646,1230,3987,
65.38255066313043,94139,647,1230,3987,
65.38437575508533,94138,648,1230,3987,
65.3881046700806,94138,647,1231,3987,
65.38914250498861,94138,647,1230,3988,
65.390720781429,94138,647,1229,3989,
65.39084120152003,94138,647,1228,3990,
65.39329290768362,94137,648,1228,3990,
65.39392663581935,94136,649,1228,3990,
65.39515041731568,94135,650,1228,3990,
65.3970729061228,94134,651,1228,3990,
65.40155774271936,94134,651,1227,3991,
65.40370420922619,94134,650,1228,3991,
65.40695329749445,94133,651,1228,3991,
65.41047258781559,94133,650,1229,3991,
65.41164026881395,94133,650,1228,3992,
65.41569351086378,94133,649,1229,3992,
65.4179694762199,94133,649,1228,3993,
65.4187108098157,94132,650,1228,3993,
65.42641166516401,94132,650,1227,3994,
65.42687580450331,94132,650,1226,3995,
65.44298328687879,94132,649,1227,3995,
65.44595988316016,94131,650,1227,3995,
65.45276681659924,94131,649,1228,3995,
65.45493181381684,94131,649,1227,3996,
65.4559567719652,94131,649,1226,3997,
65.45655751444207,94131,649,1225,3998,
65.45738900649815,94130,650,1225,3998,
65.45921645880819,94130,649,1226,3998,
65.46174219456674,94130,648,1227,3998,
65.46452417727548,94130,648,1226,3999,
65.47416220808111,94130,647,1227,3999,
65.47479458379215,94130,646,1228,3999,
65.47717429714805,94130,645,1229,3999,
65.47832214534282,94130,645,1228,4000,
65.4802846699239,94129,646,1228,4000,
65.48191906582241,94129,645,1229,4000,
65.48293640299715,94129,645,1228,4001,
65.48487965782466,94129,644,1229,4001,
65.489917060116,94129,644,1228,4002,
65.49181123619282,94129,643,1229,4002,
65.49615872990586,94128,644,1229,4002,
65.50010568145224,94127,645,1229,4002,
65.50051154492317,94126,646,1229,4002,
65.50156125463042,94125,647,1229,4002,
65.50671339513971,94124,648,1229,4002,
65.5089007075801,94123,649,1229,4002,
65.50962365610394,94123,649,1228,4003,
65.51022158338932,94123,648,1229,4003,
65.51160343643156,94122,649,1229,4003,
65.5127438910317,94122,648,1230,4003,
65.51344400540778,94121,649,1230,4003,
65.52111090157801,94120,650,1230,4003,
65.52202969444596,94119,651,1230,4003,
65.52659023741896,94118,652,1230,4003,
65.53166510894383,94118,652,1229,4004,
65.53279797553475,94118,652,1228,4005,
65.53388876518032,94118,651,1229,4005,
65.53642102085018,94118,650,1230,4005,
65.53787332980886,94118,650,1229,4006,
65.53915943419226,94118,649,1230,4006,
65.54041857138651,94118,649,1229,4007,
65.54303567143234,94118,649,1228,4008,
65.54557587636782,94118,649,1227,4009,
65.5485007152765,94118,649,1226,4010,
65.55425886546897,94118,649,1225,4011,
65.55594590184457,94117,650,1225,4011,
65.55749869762738,94117,650,1224,4012,
65.55777890528847,94117,650,1223,4013,
65.56205726428583,94117,650,1222,4014,
65.56346512474337,94116,651,1222,4014,
65.56496573379147,94116,651,1221,4015,
65.5659675029216,94115,652,1221,4015,
65.56992758934312,94114,653,1221,4015,
65.57285207526479,94114,652,1222,4015,
65.58344028019302,94113,653,1222,4015,
65.59160302683148,94112,654,1222,4015,
65.59276847774849,94111,655,1222,4015,
65.59413521310456,94111,655,1221,4016,
65.59695825181181,94110,656,1221,4016,
65.6048283989872,94109,657,1221,4016,
65.60547045603094,94109,657,1220,4017,
65.60857875413704,94108,658,1220,4017,
65.6091572077282,94108,657,1221,4017,
65.60980385057326,94107,658,1221,4017,
65.61201247756114,94106,659,1221,4017,
65.61544615878435,94106,659,1220,4018,
65.62352865545395,94106,658,1221,4018,
65.62508409174353,94105,659,1221,4018,
65.62821170824539,94105,658,1222,4018,
65.63146887639547,94104,659,1222,4018,
65.63541093650653,94104,659,1221,4019,
65.63769518167338,94104,659,1220,4020,
65.63886280155005,94104,658,1221,4020,
65.63974832427515,94104,657,1222,4020,
65.64183768029696,94103,658,1222,4020,
65.64388135653341,94103,657,1223,4020,
65.64839316330351,94103,656,1224,4020,
65.65132108054345,94103,655,1225,4020,
65.65183900131426,94103,655,1224,4021,
65.65226579955723,94103,655,1223,4022,
65.65300404083446,94102,656,1223,4022,
65.6577739544291,94102,656,1222,4023,
65.65847804286167,94102,655,1223,4023,
65.65867525250053,94101,656,1223,4023,
65.65986524216369,94101,655,1224,4023,
65.66505308407577,94101,655,1223,4024,
65.66557598420306,94100,656,1223,4024,
65.67198101288736,94100,655,1224,4024,
65.67244019484555,94100,654,1225,4024,
65.67503380248814,94099,655,1225,4024,
65.6756199300669,94099,654,1226,4024,
65.67690919155127,94099,653,1227,4024,
65.68057573710169,94099,653,1226,4025,
65.68331761753714,94099,653,1225,4026,
65.68546244115868,94099,653,1224,4027,
65.68786399277712,94099,653,1223,4028,
65.68786501900287,94099,652,1224,4028,
65.68915921133178,94099,652,1223,4029,
65.69318340593253,94098,653,1223,4029,
65.69623326512075,94098,653,1222,4030,
65.69632215106193,94097,654,1222,4030,
65.69717790310034,94097,654,1221,4031,
65.69835555954498,94097,654,1220,4032,
65.70410531904388,94097,653,1221,4032,
65.70959915950812,94097,652,1222,4032,
65.71449575254533,94097,651,1223,4032,
65.71506903398604,94097,650,1224,4032,
65.72392948311327,94097,649,1225,4032,
65.73098608638924,94097,648,1226,4032,
65.73952784580203,94097,647,1227,4032,
65.74247914338929,94096,648,1227,4032,
65.74439070377399,94095,649,1227,4032,
65.74515400134099,94095,648,1228,4032,
65.7456322053606,94095,648,1227,4033,
65.74608235547569,94095,647,1228,4033,
65.74621229254656,94094,648,1228,4033,
65.7480681642167,94094,647,1229,4033,
65.74821024917262,94094,647,1228,4034,
65.75309440704933,94094,646,1229,4034,
65.75550795610148,94094,646,1228,4035,
65.7556468659206,94094,645,1229,4035,
65.75675639141133,94093,646,1229,4035,
65.75726090825428,94093,646,1228,4036,
65.75975361501371,94093,645,1229,4036,
65.7599081903588,94092,646,1229,4036,
65.76366719917917,94092,646,1228,4037,
65.7640998289476,94091,647,1228,4037,
65.7662811205783,94090,648,1228,4037,
65.7679172268474,94090,647,1229,4037,
65.76823184147364,94089,648,1229,4037,
65.76854470699865,94088,649,1229,4037,
65.7728411299369,94088,649,1228,4038,
65.77462583632243,94088,648,1229,4038,
65.7792686537096,94088,648,1228,4039,
65.78069654042191,94088,648,1227,4040,
65.78074042218418,94087,649,1227,4040,
65.7861657222407,94087,648,1228,4040,
65.78790734136992,94087,648,1227,4041,
65.78875136403822,94087,648,1226,4042,
65.7891917300882,94087,648,1225,4043,
65.79488442415722,94087,647,1226,4043,
65.79517590517123,94086,648,1226,4043,
65.79883555770587,94085,649,1226,4043,
65.79955215338872,94085,649,1225,4044,
65.80494156362909,94084,650,1225,4044,
65.8050058289801,94084,649,1226,4044,
65.80542702876866,94084,648,1227,4044,
65.80845430877677,94084,648,1226,4045,
65.80853327421679,94083,649,1226,4045,
65.81027690348654,94082,650,1226,4045,
65.81277802829482,94081,651,1226,4045,
65.81400372372677,94080,652,1226,4045,
65.81568852465593,94079,653,1226,4045,
65.81600340620216,94079,652,1227,4045,
65.81768639315737,94078,653,1227,4045,
65.817755302748,94077,654,1227,4045,
65.82662488613117,94077,654,1226,4046,
65.82753056017872,94077,654,1225,4047,
65.82913800898282,94076,655,1225,4047,
65.83540714572923,94076,655,1224,4048,
65.83613232171035,94075,656,1224,4048,
65.83838273724183,94075,655,1225,4048,
65.8403466325677,94074,656,1225,4048,
65.84194370336961,94074,656,1224,4049,
65.84337548985772,94074,655,1225,4049,
65.84933186154231,94073,656,1225,4049,
65.8496666311922,94072,657,1225,4049,
65.85198753428278,94072,656,1226,4049,
65.85270398975258,94071,657,1226,4049,
65.85274660560923,94071,657,1225,4050,
65.85447190369194,94071,656,1226,4050,
65.85544702233211,94071,656,1225,4051,
65.86148909367996,94071,656,1224,4052,
65.86352545559643,94071,655,1225,4052,
65.86536557320845,94071,655,1224,4053,
65.86587975546809,94071,655,1223,4054,
65.86645093222764,94071,654,1224,4054,
65.86718458902679,94070,655,1224,4054,
65.86752081677167,94069,656,1224,4054,
65.87221896941912,94069,656,1223,4055,
65.87454428734625,94068,657,1223,4055,
65.8752005363473,94067,658,1223,4055,
65.87534176020785,94067,658,1222,4056,
65.87706760176322,94066,659,1222,4056,
65.87842913191744,94066,658,1223,4056,
65.88080414386356,94065,659,1223,4056,
65.88327348060736,94065,659,1222,4057,
65.88479768229526,94065,659,1221,4058,
65.88529648652704,94065,659,1220,4059,
65.89235437725289,94065,659,1219,4060,
65.89354314762821,94064,660,1219,4060,
65.89583687462196,94063,661,1219,4060,
65.89798909809872,94063,660,1220,4060,
65.90076552206384,94063,660,1219,4061,
65.90467059125874,94062,661,1219,4061,
65.90491430202998,94062,661,1218,4062,
65.90552670260972,94061,662,1218,4062,
65.90741308667414,94061,661,1219,4062,
65.91369397925469,94061,661,1218,4063,
65.91967269269638,94061,660,1219,4063,
65.92132992119883,94061,659,1220,4063,
65.92142895110209,94061,659,1219,4064,
65.92147060808114,94061,658,1220,4064,
65.92256324421477,94060,659,1220,4064,
65.92648957771334,94060,658,1221,4064,
65.93147629607375,94060,658,1220,4065,
65.9321774493696,94060,658,1219,4066,
65.93292455198889,94059,659,1219,4066,
65.93666755270718,94058,660,1219,4066,
65.93744060182617,94058,660,1218,4067,
65.9395422528023,94057,661,1218,4067,
65.94020935529834,94057,661,1217,4068,
65.94049599832655,94056,662,1217,4068,
65.94293639730812,94056,661,1218,4068,
65.94708162742121,94055,662,1218,4068,
65.95031398266883,94055,662,1217,4069,
65.95058284110456,94055,661,1218,4069,
65.9585340874866,94055,661,1217,4070,
65.96146368212818,94055,661,1216,4071,
65.96714534646574,94054,662,1216,4071,
65.96749459978594,94054,662,1215,4072,
65.96811609262089,94054,662,1214,4073,
65.96994121275111,94053,663,1214,4073,
65.97058184561484,94052,664,1214,4073,
65.97070268320041,94052,664,1213,4074,
65.97168209798001,94052,664,1212,4075,
65.97314392026699,94052,664,1211,4076,
65.97392377290117,94051,665,1211,4076,
65.97566128114667,94051,664,1212,4076,
65.97609364029714,94050,665,1212,4076,
65.97631537221125,94050,665,1211,4077,
65.97716235052766,94049,666,1211,4077,
65.97776067879775,94049,666,1210,4078,
65.98130637148098,94049,666,1209,4079,
65.98221531028437,94048,667,1209,4079,
65.98492896719453,94048,667,1208,4080,
65.98602189017137,94047,668,1208,4080,
65.98934991680593,94047,668,1207,4081,
65.99202995842143,94046,669,1207,4081,
65.99345426696962,94046,668,1208,4081,
65.99543614233005,94046,668,1207,4082,
65.99954129292252,94046,668,1206,4083,
66.00349403168862,94046,668,1205,4084,
66.00562789136575,94046,667,1206,4084,
66.00863502868546,94046,666,1207,4084,
66.01060540781097,94046,665,1208,4084,
66.0120016031551,94046,665,1207,4085,
66.01378654245485,94045,666,1207,4085,
66.01437326701915,94044,667,1207,4085,
66.01463105265326,94043,668,1207,4085,
66.01477510006048,94043,668,1206,4086,
66.0156898462848,94043,667,1207,4086,
66.01571039469682,94043,666,1208,4086,
66.01591575435518,94043,666,1207,4087,
66.01694685464761,94043,666,1206,4088,
66.0176801692817,94043,665,1207,4088,
66.01816156639102,94042,666,1207,4088,
66.01961253901496,94042,666,1206,4089,
66.02060977464035,94042,666,1205,4090,
66.02447378938105,94042,665,1206,4090,
66.02684776253261,94042,664,1207,4090,
66.02810301460286,94042,664,1206,4091,
66.03183642439704,94042,664,1205,4092,
66.03232464217146,94042,663,1206,4092,
66.03257571401697,94042,662,1207,4092,
66.04232617661455,94042,661,1208,4092,
66.04318309827902,94042,661,1207,4093,
66.04702011480627,94042,661,1206,4094,
66.04893758715875,94041,662,1206,4094,
66.04906196602495,94041,661,1207,4094,
66.04933105777698,94040,662,1207,4094,
66.05096377124555,94040,661,1208,4094,
66.0556283598101,94040,660,1209,4094,
66.05771381047069,94040,659,1210,4094,
66.0587540964356,94039,660,1210,4094,
66.06331378001708,94039,659,1211,4094,
66.06478864900932,94038,660,1211,4094,
66.06858092600723,94038,659,1212,4094,
66.07196123938309,94037,660,1212,4094,
66.07282643035447,94037,660,1211,4095,
66.07522738045881,94037,659,1212,4095,
66.08167595260348,94037,658,1213,4095,
66.08681788863532,94036,659,1213,4095,
66.0873228649963,94036,659,1212,4096,
66.0876154565568,94036,658,1213,4096,
66.08897514451002,94036,657,1214,4096,
66.08981305344258,94036,657,1213,4097,
66.09302126241181,94036,656,1214,4097,
66.0947982776776,94035,657,1214,4097,
66.09498277407766,94034,658,1214,4097,
66.0968707673143,94034,658,1213,4098,
66.0968882223593,94034,657,1214,4098,
66.0971070763341,94034,657,1213,4099,
66.09860222618491,94033,658,1213,4099,
66.09892336163938,94032,659,1213,4099,
66.10285388894691,94032,658,1214,4099,
66.10664963948307,94031,659,1214,4099,
66.10701375773536,94030,660,1214,4099,
66.10705853975678,94030,660,1213,4100,
66.10773208336138,94030,660,1212,4101,
66.10997064514898,94029,661,1212,4101,
66.11269542648213,94029,660,1213,4101,
66.1134368489285,94029,659,1214,4101,
66.11393863170339,94029,659,1213,4102,
66.11676333895417,94029,659,1212,4103,
66.11723448003372,94029,658,1213,4103,
66.11754333868056,94029,658,1212,4104,
66.1178993350804,94029,658,1211,4105,
66.11803247334595,94028,659,1211,4105,
66.11835263468163,94028,658,1212,4105,
66.12231943978412,94028,658,1211,4106,
66.12363094478701,94028,657,1212,4106,
66.12922843998363,94028,657,1211,4107,
66.13056064152775,94028,656,1212,4107,
66.13332799093963,94028,656,1211,4108,
66.14205014621173,94028,655,1212,4108,
66.14673475915546,94027,656,1212,4108,
66.14687327629753,94027,656,1211,4109,
66.14761281669828,94026,657,1211,4109,
66.14829847583908,94025,658,1211,4109,
66.15076141483509,94025,657,1212,4109,
66.15344199885044,94025,656,1213,4109,
66.15430048334527,94025,656,1212,4110,
66.15433689112149,94025,655,1213,4110,
66.15625763220618,94025,655,1212,4111,
66.1587848546007,94024,656,1212,4111,
66.1624544055261,94024,655,1213,4111,
66.16631459644846,94024,655,1212,4112,
66.16721847484185,94024,655,1211,4113,
66.16892074023151,94024,655,1210,4114,
66.17067115273593,94024,655,1209,4115,
66.170755035378,94024,654,1210,4115,
66.17335116888727,94024,653,1211,4115,
66.17426362885786,94024,652,1212,4115,
66.1774867566453,94024,651,1213,4115,
66.1821998134893,94023,652,1213,4115,
66.18337859664679,94023,651,1214,4115,
66.18700830422381,94023,651,1213,4116,
66.188236600272,94022,652,1213,4116,
66.18915913511765,94022,651,1214,4116,
66.19084891388596,94022,651,1213,4117,
66.1928378888796,94021,652,1213,4117,
66.20215939526662,94020,653,1213,4117,
66.20381649691905,94020,652,1214,4117,
66.20851638545678,94020,651,1215,4117,
66.20920324767903,94020,650,1216,4117,
66.21259807647974,94020,649,1217,4117,
66.21763870252775,94020,649,1216,4118,
66.21799556888782,94020,648,1217,4118,
66.21858849227077,94020,647,1218,4118,
66.21911715887546,94020,647,1217,4119,
66.22324763948964,94019,648,1217,4119,
66.22340453018737,94018,649,1217,4119,
66.22887031849807,94017,650,1217,4119,
66.23035814507654,94017,650,1216,4120,
66.23046820068556,94016,651,1216,4120,
66.23081774339423,94016,651,1215,4121,
66.23119382949936,94016,651,1214,4122,
66.23495028443983,94015,652,1214,4122,
66.23552730189016,94015,652,1213,4123,
66.2436370071436,94015,652,1212,4124,
66.24481207645842,94015,652,1211,4125,
66.24670338980087,94015,652,1210,4126,
66.24888810488548,94014,653,1210,4126,
66.25216317802558,94014,652,1211,4126,
66.25822264420323,94014,652,1210,4127,
66.25827630401741,94014,651,1211,4127,
66.25844200964116,94014,650,1212,4127,
66.25911752547063,94014,649,1213,4127,
66.26349772802355,94014,648,1214,4127,
66.26845682141429,94014,647,1215,4127,
66.27080784150643,94013,648,1215,4127,
66.27452817629144,94013,647,1216,4127,
66.27655438186711,94013,646,1217,4127,
66.27701602832539,94012,647,1217,4127,
66.28075050916256,94012,647,1216,4128,
66.2843148740414,94012,646,1217,4128,
66.28464205879794,94012,645,1218,4128,
66.28473231693548,94011,646,1218,4128,
66.28638667329533,94011,645,1219,4128,
66.28691137177665,94011,645,1218,4129,
66.28782040149525,94011,644,1219,4129,
66.28927044675876,94011,644,1218,4130,
66.28934620185248,94011,643,1219,4130,
66.29492897945579,94010,644,1219,4130,
66.29805572655835,94010,643,1220,4130,
66.30052461780994,94010,643,1219,4131,
66.30292661864254,94010,643,1218,4132,
66.30613506581986,94009,644,1218,4132,
66.30710506080504,94009,643,1219,4132,
66.31941730387211,94008,644,1219,4132,
66.3195716740416,94008,644,1218,4133,
66.32234314733677,94007,645,1218,4133,
66.32403222552725,94007,645,1217,4134,
66.32521452409458,94007,645,1216,4135,
66.32528626597691,94006,646,1216,4135,
66.32769455385065,94006,646,1215,4136,
66.32791879700329,94005,647,1215,4136,
66.32871659095437,94004,648,1215,4136,
66.33070589967355,94004,648,1214,4137,
66.33599773766954,94004,647,1215,4137,
66.33653059080028,94004,647,1214,4138,
66.33691952663078,94004,646,1215,4138,
66.342925387353,94004,645,1216,4138,
66.34956186956823,94004,645,1215,4139,
66.35125795023089,94004,644,1216,4139,
66.35684351477647,94004,643,1217,4139,
66.3570942424354,94004,642,1218,4139,
66.3576608112239,94004,641,1219,4139,
66.36072339697436,94004,641,1218,4140,
66.36650379171982,94004,641,1217,4141,
66.36864630835868,94003,642,1217,4141,
66.37093046621088,94003,642,1216,4142,
66.37143145239821,94002,643,1216,4142,
66.37446784003457,94002,643,1215,4143,
66.38240266835415,94001,644,1215,4143,
66.38470938416137,94001,644,1214,4144,
66.3870321339206,94001,644,1213,4145,
66.39259049662164,94001,643,1214,4145,
66.39472124706656,94001,642,1215,4145,
66.3955698687764,94001,642,1214,4146,
66.39590538696983,94001,641,1215,4146,
66.39996051500842,94001,641,1214,4147,
66.40809218052703,94001,641,1213,4148,
66.4095229219995,94001,640,1214,4148,
66.41030813369116,94000,641,1214,4148,
66.41329227503226,93999,642,1214,4148,
66.41428151286594,93999,642,1213,4149,
66.41488545390844,93998,643,1213,4149,
66.42091078745,93998,643,1212,4150,
66.4278575215391,93998,642,1213,4150,
66.42860224824045,93998,642,1212,4151,
66.42976056667064,93997,643,1212,4151,
66.43213016977312,93996,644,1212,4151,
66.43500753771562,93995,645,1212,4151,
66.43872888932266,93995,645,1211,4152,
66.4399050852718,93995,644,1212,4152,
66.44960075013171,93994,645,1212,4152,
66.45139200497324,93994,645,1211,4153,
66.45326074665506,93993,646,1211,4153,
66.4533902317408,93993,646,1210,4154,
66.4599372939246,93993,646,1209,4155,
66.47139603961867,93993,646,1208,4156,
66.48120085924742,93992,647,1208,4156,
66.48660882340634,93991,648,1208,4156,
66.48664053387114,93991,648,1207,4157,
66.48738550711876,93990,649,1207,4157,
66.48795247827596,93990,649,1206,4158,
66.49296313797268,93990,648,1207,4158,
66.49479104936381,93990,647,1208,4158,
66.49900506533422,93990,646,1209,4158,
66.50156512319698,93990,645,1210,4158,
66.5036533552308,93990,645,1209,4159,
66.50619004224114,93989,646,1209,4159,
66.50708567099126,93989,646,1208,4160,
66.51096103000668,93989,646,1207,4161,
66.51230826765328,93989,645,1208,4161,
66.51818907932103,93989,644,1209,4161,
66.5250456127647,93988,645,1209,4161,
66.52705093083298,93988,645,1208,4162,
66.52709153858879,93987,646,1208,4162,
66.52955216854386,93986,647,1208,4162,
66.53029511445072,93986,646,1209,4162,
66.5312475637426,93986,646,1208,4163,
66.53161299999587,93986,645,1209,4163,
66.53267368723228,93986,645,1208,4164,
66.53324721980701,93985,646,1208,4164,
66.5348275509398,93985,646,1207,4165,
66.53766558518299,93984,647,1207,4165,
66.53961716521117,93983,648,1207,4165,
66.54056032488276,93983,647,1208,4165,
66.54100768048599,93982,648,1208,4165,
66.54139624775326,93981,649,1208,4165,
66.55340891590674,93981,649,1207,4166,
66.55380492104837,93981,648,1208,4166,
66.55544384149455,93980,649,1208,4166,
66.5561383547655,93980,649,1207,4167,
66.55821323235406,93980,649,1206,4168,
66.56052946809723,93980,649,1205,4169,
66.56122474368675,93980,649,1204,4170,
66.56275159898739,93980,649,1203,4171,
66.5629652853707,93980,648,1204,4171,
66.56316116248314,93980,648,1203,4172,
66.56483216750388,93980,647,1204,4172,
66.56995560554594,93980,647,1203,4173,
66.57108403663071,93979,648,1203,4173,
66.57551748762495,93979,648,1202,4174,
66.58573779196664,93979,648,1201,4175,
66.58940011475418,93979,647,1202,4175,
66.5959195338385,93979,646,1203,4175,
66.59603809818455,93978,647,1203,4175,
66.59720405822807,93978,647,1202,4176,
66.59852855399808,93978,647,1201,4177,
66.5985761149378,93978,646,1202,4177,
66.60042437027069,93978,646,1201,4178,
66.60151746813584,93978,646,1200,4179,
66.60196959364224,93978,646,1199,4180,
66.60281306269955,93978,645,1200,4180,
66.60534668154773,93977,646,1200,4180,
66.60968213245192,93977,646,1199,4181,
66.60972506937762,93977,646,1198,4182,
66.61007475416126,93977,645,1199,4182,
66.61518270032488,93977,644,1200,4182,
66.61621573781338,93977,644,1199,4183,
66.6171582726625,93976,645,1199,4183,
66.61786756714181,93976,645,1198,4184,
66.61836049332331,93976,645,1197,4185,
66.62415166571343,93976,644,1198,4185,
66.62537273089133,93975,645,1198,4185,
66.62649230061137,93974,646,1198,4185,
66.63146136184336,93974,646,1197,4186,
66.63192048194756,93974,645,1198,4186,
66.63251780447746,93974,645,1197,4187,
66.63775272494141,93974,644,1198,4187,
66.64032778786938,93974,644,1197,4188,
66.64672126014344,93973,645,1197,4188,
66.64767888426252,93972,646,1197,4188,
66.65424917652173,93972,645,1198,4188,
66.65455333924137,93972,644,1199,4188,
66.6557445482486,93971,645,1199,4188,
66.66483766433325,93971,644,1200,4188,
66.66938707818736,93970,645,1200,4188,
66.67011436871684,93970,644,1201,4188,
66.6713372386491,93970,644,1200,4189,
66.67371638492827,93970,644,1199,4190,
66.6753768073511,93970,644,1198,4191,
66.67572846928452,93969,645,1198,4191,
66.67670719716689,93969,645,1197,4192,
66.67814804997593,93969,645,1196,4193,
66.69464071812119,93969,645,1195,4194,
66.70128532933379,93969,645,1194,4195,
66.7016775573749,93969,644,1195,4195,
66.70295692701971,93969,643,1196,4195,
66.70689937962808,93968,644,1196,4195,
66.70919705105976,93967,645,1196,4195,
66.71096580413783,93967,645,1195,4196,
66.71254573929116,93967,645,1194,4197,
66.71284600635477,93966,646,1194,4197,
66.71523587637297,93966,646,1193,4198,
66.71581190380854,93966,645,1194,4198,
66.71584477682458,93965,646,1194,4198,
66.7161963147771,93965,646,1193,4199,
66.7222642524023,93965,645,1194,4199,
66.7234795033856,93965,645,1193,4200,
66.72409674375274,93964,646,1193,4200,
66.72564205959938,93964,645,1194,4200,
66.7327239024857,93964,645,1193,4201,
66.73376458767208,93964,644,1194,4201,
66.7350143210751,93964,643,1195,4201,
66.73677548238007,93964,643,1194,4202,
66.74002058765295,93964,642,1195,4202,
66.74121291823066,93964,642,1194,4203,
66.74334401198638,93964,642,1193,4204,
66.74666960147042,93964,641,1194,4204,
66.7508936252492,93963,642,1194,4204,
66.75090852680239,93962,643,1194,4204,
66.75371506712074,93962,643,1193,4205,
66.75525747616902,93961,644,1193,4205,
66.75955613541439,93960,645,1193,4205,
66.76269034571268,93959,646,1193,4205,
66.76297314164447,93959,645,1194,4205,
66.76658404936592,93959,645,1193,4206,
66.76955943616662,93959,645,1192,4207,
66.76979612561856,93959,644,1193,4207,
66.77914931377106,93959,644,1192,4208,
66.78816850114251,93959,644,1191,4209,
66.78922109596594,93959,643,1192,4209,
66.79851548842676,93959,642,1193,4209,
66.80261937923026,93959,641,1194,4209,
66.80445474131113,93958,642,1194,4209,
66.8050397753214,93958,641,1195,4209,
66.80669941058422,93958,641,1194,4210,
66.81062426431076,93958,640,1195,4210,
66.82277791416877,93958,639,1196,4210,
66.82571606697253,93957,640,1196,4210,
66.82688469277655,93957,640,1195,4211,
66.8277129744887,93957,640,1194,4212,
66.83048189359222,93956,641,1194,4212,
66.83175319901041,93956,640,1195,4212,
66.83269200964824,93956,639,1196,4212,
66.83374136230036,93956,639,1195,4213,
66.83640764557853,93956,639,1194,4214,
66.83724625690104,93956,639,1193,4215,
66.83784070684992,93956,639,1192,4216,
66.84009458353785,93956,638,1193,4216,
66.84246247162903,93955,639,1193,4216,
66.84248868051465,93955,638,1194,4216,
66.85106230204136,93955,637,1195,4216,
66.85165461172286,93955,636,1196,4216,
66.85449252262627,93955,636,1195,4217,
66.85622346151885,93955,635,1196,4217,
66.86372825685137,93955,634,1197,4217,
66.86381005954769,93954,635,1197,4217,
66.86449550004625,93954,634,1198,4217,
66.86467919596099,93954,633,1199,4217,
66.87036878640654,93953,634,1199,4217,
66.87112169217113,93953,633,1200,4217,
66.87246380892817,93952,634,1200,4217,
66.87360598808998,93952,634,1199,4218,
66.87741252435369,93952,634,1198,4219,
66.87793202481559,93951,635,1198,4219,
66.87811751237797,93950,636,1198,4219,
66.87895230348359,93950,635,1199,4219,
66.88055023793581,93949,636,1199,4219,
66.88258804594872,93949,636,1198,4220,
66.88283653808479,93949,636,1197,4221,
66.88651977109674,93949,636,1196,4222,
66.88693867613321,93949,636,1195,4223,
66.88833981719637,93949,635,1196,4223,
66.88970811729067,93949,635,1195,4224,
66.89064401117524,93948,636,1195,4224,
66.89161262091193,93948,635,1196,4224,
66.89538304470932,93948,634,1197,4224,
66.89724534567766,93948,634,1196,4225,
66.89792641462554,93947,635,1196,4225,
66.90009883851187,93947,635,1195,4226,
66.90040509456077,93947,635,1194,4227,
66.90044524249325,93947,635,1193,4228,
66.90280864484593,93947,634,1194,4228,
66.91344840562802,93947,633,1195,4228,
66.913980557713,93947,632,1196,4228,
66.91581013124072,93947,632,1195,4229,
66.91590984411954,93947,631,1196,4229,
66.91689143293752,93947,630,1197,4229,
66.9190876329541,93946,631,1197,4229,
66.92022187378352,93946,630,1198,4229,
66.92096052905447,93946,630,1197,4230,
66.9240914186605,93946,629,1198,4230,
66.93307037075274,93946,628,1199,4230,
66.93333740936389,93946,628,1198,4231,
66.9345082324698,93945,629,1198,4231,
66.93495135618522,93945,629,1197,4232,
66.94095484570197,93945,628,1198,4232,
66.9415623679547,93945,627,1199,4232,
66.94531662343792,93945,627,1198,4233,
66.94780832451833,93945,626,1199,4233,
66.94918256145877,93944,627,1199,4233,
66.95187568754031,93944,627,1198,4234,
66.95291147468649,93944,627,1197,4235,
66.96050506894215,93944,627,1196,4236,
66.96317727047217,93944,626,1197,4236,
66.97126585719032,93944,626,1196,4237,
66.97338262493878,93943,627,1196,4237,
66.97758699703411,93943,626,1197,4237,
66.98105831927809,93943,626,1196,4238,
66.98438127605473,93943,626,1195,4239,
66.98440404685431,93943,625,1196,4239,
66.98624636617596,93943,625,1195,4240,
66.98792978325321,93943,624,1196,4240,
66.99055734448267,93943,623,1197,4240,
66.99191813539301,93943,623,1196,4241,
66.99575136259236,93943,623,1195,4242,
66.99789745282976,93943,623,1194,4243,
66.99972521518316,93943,622,1195,4243,
67.00162012497684,93943,622,1194,4244,
67.00517955065268,93943,621,1195,4244,
67.00525961309829,93943,621,1194,4245,
67.00889556147305,93943,621,1193,4246,
67.00996110964113,93943,620,1194,4246,
67.01070033040065,93943,619,1195,4246,
67.01371458668154,93943,618,1196,4246,
67.01709697544784,93943,618,1195,4247,
67.01962274875171,93943,618,1194,4248,
67.02183374739607,93943,617,1195,4248,
67.02307636002921,93943,617,1194,4249,
67.0257751446414,93942,618,1194,4249,
67.02780137253907,93942,618,1193,4250,
67.02865067425626,93942,617,1194,4250,
67.03272732741617,93942,617,1193,4251,
67.0328450965355,93941,618,1193,4251,
67.03623264842608,93941,618,1192,4252,
67.04282321754212,93941,618,1191,4253,
67.04592595664893,93941,618,1190,4254,
67.04833123878007,93941,617,1191,4254,
67.04862868752625,93941,617,1190,4255,
67.05006917327327,93941,616,1191,4255,
67.05068140361074,93941,615,1192,4255,
67.05370828966824,93941,615,1191,4256,
67.05768223219447,93941,614,1192,4256,
67.05981601536176,93941,613,1193,4256,
67.06275742239637,93940,614,1193,4256,
67.06731714606664,93940,613,1194,4256,
67.06942585112968,93939,614,1194,4256,
67.07001864486446,93939,613,1195,4256,
67.07296320006935,93939,612,1196,4256,
67.0741990242239,93939,612,1195,4257,
67.07449382892722,93938,613,1195,4257,
67.0746838871162,93938,612,1196,4257,
67.07476853772445,93937,613,1196,4257,
67.07538968139846,93936,614,1196,4257,
67.07604299330411,93936,613,1197,4257,
67.0763649460701,93936,613,1196,4258,
67.07719476438582,93936,612,1197,4258,
67.08133742527428,93936,611,1198,4258,
67.0831488388539,93936,610,1199,4258,
67.08403091761312,93936,610,1198,4259,
67.08633152467661,93936,609,1199,4259,
67.08646327845015,93936,608,1200,4259,
67.08677956920562,93936,608,1199,4260,
67.08816104029019,93936,608,1198,4261,
67.09761170197635,93936,607,1199,4261,
67.09763646369211,93936,607,1198,4262,
67.09768171002298,93935,608,1198,4262,
67.09771990164319,93935,607,1199,4262,
67.09876430767227,93935,607,1198,4263,
67.09885417268877,93935,607,1197,4264,
67.10541328136443,93935,606,1198,4264,
67.10754933080817,93934,607,1198,4264,
67.10831393520904,93934,607,1197,4265,
67.11224231563159,93934,606,1198,4265,
67.11329875976313,93933,607,1198,4265,
67.11514963577838,93933,606,1199,4265,
67.12236955684614,93933,606,1198,4266,
67.12599680107921,93933,605,1199,4266,
67.12666729184883,93933,605,1198,4267,
67.12754787787307,93932,606,1198,4267,
67.12962720631073,93932,606,1197,4268,
67.13006983994939,93931,607,1197,4268,
67.13035586756008,93931,607,1196,4269,
67.13427462971816,93931,606,1197,4269,
67.1364829869955,93931,605,1198,4269,
67.14060255585106,93930,606,1198,4269,
67.14183008628004,93929,607,1198,4269,
67.14428666319947,93929,606,1199,4269,
67.14646736417032,93928,607,1199,4269,
67.1508114309903,93928,606,1200,4269,
67.15115203985899,93928,606,1199,4270,
67.15237613166882,93927,607,1199,4270,
67.1545861302807,93927,607,1198,4271,
67.15598251083996,93927,607,1197,4272,
67.15711391583702,93926,608,1197,4272,
67.15988770579462,93926,607,1198,4272,
67.16311208693908,93926,606,1199,4272,
67.16608047103125,93925,607,1199,4272,
67.16801514000808,93924,608,1199,4272,
67.17197547902333,93924,608,1198,4273,
67.17348800829447,93923,609,1198,4273,
67.17615280299627,93923,608,1199,4273,
67.17839124196543,93923,607,1200,4273,
67.17847748276608,93922,608,1200,4273,
67.18046618194965,93922,608,1199,4274,
67.18363961143189,93921,609,1199,4274,
67.18750632655525,93921,608,1200,4274,
67.18752043829163,93920,609,1200,4274,
67.18898575149694,93920,608,1201,4274,
67.19230345224985,93920,608,1200,4275,
67.19376248484316,93920,608,1199,4276,
67.19509140467937,93920,607,1200,4276,
67.19782210513655,93920,606,1201,4276,
67.1988589474584,93920,606,1200,4277,
67.19942389017417,93920,606,1199,4278,
67.2004187541343,93920,605,1200,4278,
67.20068415760346,93919,606,1200,4278,
67.21402023091022,93919,605,1201,4278,
67.21525112525072,93918,606,1201,4278,
67.22293401202012,93918,606,1200,4279,
67.22843602892767,93918,605,1201,4279,
67.22880791547868,93918,604,1202,4279,
67.2303841560388,93918,604,1201,4280,
67.2314124858521,93918,604,1200,4281,
67.23212499504969,93918,604,1199,4282,
67.23710092095197,93918,603,1200,4282,
67.23948275763343,93918,603,1199,4283,
67.23981421768956,93918,602,1200,4283,
67.23984216218439,93918,601,1201,4283,
67.24155923847158,93917,602,1201,4283,
67.24867599811024,93917,601,1202,4283,
67.24898877586405,93916,602,1202,4283,
67.25689924793417,93916,602,1201,4284,
67.26065583751007,93916,602,1200,4285,
67.26429579749177,93915,603,1200,4285,
67.26702542405883,93914,604,1200,4285,
67.26763391128996,93913,605,1200,4285,
67.26767265124211,93913,605,1199,4286,
67.26873150301677,93912,606,1199,4286,
67.27110782624115,93911,607,1199,4286,
67.27136810234654,93911,606,1200,4286,
67.27780564752987,93910,607,1200,4286,
67.27903213677428,93910,607,1199,4287,
67.28035424779475,93909,608,1199,4287,
67.28552481152244,93908,609,1199,4287,
67.28676095775828,93908,609,1198,4288,
67.29430898365976,93907,610,1198,4288,
67.29762965946388,93906,611,1198,4288,
67.29859288401596,93905,612,1198,4288,
67.29902779470135,93905,611,1199,4288,
67.30171930577907,93905,611,1198,4289,
67.3022440046031,93904,612,1198,4289,
67.31286116390795,93903,613,1198,4289,
67.31444984708716,93902,614,1198,4289,
67.31573178678227,93902,613,1199,4289,
67.32586531429027,93902,613,1198,4290,
67.32638858363134,93902,613,1197,4291,
67.32723970878304,93902,613,1196,4292,
67.32856994833,93901,614,1196,4292,
67.32897261485218,93901,614,1195,4293,
67.3385070998412,93901,614,1194,4294,
67.33999840459035,93901,614,1193,4295,
67.34378629187805,93900,615,1193,4295,
67.34382427168234,93900,614,1194,4295,
67.3468107485273,93900,613,1195,4295,
67.34824399533298,93899,614,1195,4295,
67.34922896664266,93899,613,1196,4295,
67.34957353712282,93899,613,1195,4296,
67.35669086076607,93899,612,1196,4296,
67.35971154047219,93899,611,1197,4296,
67.35987952194907,93899,610,1198,4296,
67.36092734080039,93899,609,1199,4296,
67.36473823992708,93899,609,1198,4297,
67.36563881682108,93899,608,1199,4297,
67.36607992055342,93898,609,1199,4297,
67.37263270057028,93898,608,1200,4297,
67.37305288639347,93897,609,1200,4297,
67.37306592828193,93897,609,1199,4298,
67.37350210304807,93897,609,1198,4299,
67.37592694091856,93896,610,1198,4299,
67.37911169460637,93896,610,1197,4300,
67.3812022183949,93896,609,1198,4300,
67.38581001588756,93896,609,1197,4301,
67.38716779396407,93896,609,1196,4302,
67.3891504853895,93895,610,1196,4302,
67.39203801028057,93895,609,1197,4302,
67.39349014574432,93895,608,1198,4302,
67.3960481691952,93895,608,1197,4303,
67.39610344741979,93895,607,1198,4303,
67.40319805283893,93895,607,1197,4304,
67.40856074801043,93895,606,1198,4304,
67.4172892167256,93895,605,1199,4304,
67.42312422024233,93894,606,1199,4304,
67.42958630215428,93893,607,1199,4304,
67.4384648366842,93893,607,1198,4305,
67.44683278489262,93893,606,1199,4305,
67.44805327643854,93893,606,1198,4306,
67.44864794969254,93893,606,1197,4307,
67.44982380128442,93893,606,1196,4308,
67.45063161882194,93892,607,1196,4308,
67.4577271802396,93892,606,1197,4308,
67.45916524629726,93891,607,1197,4308,
67.45982433303524,93891,607,1196,4309,
67.46128097241734,93890,608,1196,4309,
67.46152695822293,93889,609,1196,4309,
67.46555144697992,93889,608,1197,4309,
67.46573553236001,93889,608,1196,4310,
67.46576992638316,93889,608,1195,4311,
67.47041103055612,93889,607,1196,4311,
67.47201374727508,93889,607,1195,4312,
67.47381633390052,93888,608,1195,4312,
67.4740792194915,93888,607,1196,4312,
67.47470417291376,93888,607,1195,4313,
67.47525604998586,93888,607,1194,4314,
67.47748189738203,93887,608,1194,4314,
67.48044363126638,93887,608,1193,4315,
67.48438022072845,93887,607,1194,4315,
67.48632731232107,93887,606,1195,4315,
67.48709028267076,93887,605,1196,4315,
67.48715103294536,93886,606,1196,4315,
67.49602631563248,93886,606,1195,4316,
67.49816205860682,93886,605,1196,4316,
67.49916151926905,93886,604,1197,4316,
67.50083963673379,93886,604,1196,4317,
67.50296479038242,93885,605,1196,4317,
67.50672459839346,93884,606,1196,4317,
67.5106287994154,93884,606,1195,4318,
67.5188932063998,93883,607,1195,4318,
67.52089992299423,93883,607,1194,4319,
67.52211278016081,93882,608,1194,4319,
67.52535412548698,93882,607,1195,4319,
67.52685628553161,93882,607,1194,4320,
67.52788342844731,93882,606,1195,4320,
67.52850627707983,93881,607,1195,4320,
67.52885229149192,93881,607,1194,4321,
67.52918498205896,93881,607,1193,4322,
67.53358916341818,93880,608,1193,4322,
67.53360708900249,93880,608,1192,4323,
67.53533038646023,93880,608,1191,4324,
67.53605990438658,93880,608,1190,4325,
67.54070944016122,93879,609,1190,4325,
67.541215665067,93879,608,1191,4325,
67.54209418985528,93879,608,1190,4326,
67.54309618009994,93878,609,1190,4326,
67.5438958538523,93878,609,1189,4327,
67.54404300874513,93878,609,1188,4328,
67.55111738862894,93878,608,1189,4328,
67.56601972075171,93878,608,1188,4329,
67.56719513044033,93878,608,1187,4330,
67.56722938147658,93878,608,1186,4331,
67.57432081224226,93878,608,1185,4332,
67.57482927417124,93878,608,1184,4333,
67.57642598138403,93877,609,1184,4333,
67.57754194497522,93877,608,1185,4333,
67.57800084488602,93877,607,1186,4333,
67.580227771827,93877,607,1185,4334,
67.58206465631154,93877,607,1184,4335,
67.58456961147755,93877,607,1183,4336,
67.58756041939779,93877,606,1184,4336,
67.58929336370366,93877,606,1183,4337,
67.59365596190432,93877,606,1182,4338,
67.59638584521949,93877,605,1183,4338,
67.59669853982149,93876,606,1183,4338,
67.60660497311882,93875,607,1183,4338,
67.61012576463285,93874,608,1183,4338,
67.6113241941877,93873,609,1183,4338,
67.6205255248588,93873,609,1182,4339,
67.62590572624552,93872,610,1182,4339,
67.62821767209994,93872,609,1183,4339,
67.62835788645009,93872,608,1184,4339,
67.62921047344409,93871,609,1184,4339,
67.63032819221554,93871,608,1185,4339,
67.63249706408602,93870,609,1185,4339,
67.63475673642253,93870,609,1184,4340,
67.63759709004944,93870,609,1183,4341,
67.6377775097181,93869,610,1183,4341,
67.63913941723317,93869,610,1182,4342,
67.64540037878294,93869,609,1183,4342,
67.64553932235592,93869,608,1184,4342,
67.6482380125283,93869,607,1185,4342,
67.64898402935285,93868,608,1185,4342,
67.649750531552,93868,607,1186,4342,
67.64978613892947,93868,607,1185,4343,
67.6512678209686,93868,606,1186,4343,
67.65135673380945,93868,605,1187,4343,
67.65260539339211,93868,604,1188,4343,
67.65316826774102,93868,604,1187,4344,
67.65588823719094,93868,603,1188,4344,
67.65970422720034,93867,604,1188,4344,
67.66221399607164,93867,603,1189,4344,
67.66600543994132,93866,604,1189,4344,
67.67575819880982,93866,603,1190,4344,
67.67588636492717,93865,604,1190,4344,
67.6763825951223,93865,604,1189,4345,
67.68133092309753,93865,604,1188,4346,
67.68578751011177,93865,604,1187,4347,
67.68964483467732,93865,604,1186,4348,
67.69361400851699,93865,604,1185,4349,
67.6954074809678,93864,605,1185,4349,
67.70108233985415,93864,604,1186,4349,
67.70110959108823,93864,604,1185,4350,
67.70536161754825,93864,603,1186,4350,
67.70580074519884,93864,603,1185,4351,
67.71042017826073,93864,602,1186,4351,
67.71304734920356,93863,603,1186,4351,
67.72505643465496,93863,602,1187,4351,
67.72765890599433,93862,603,1187,4351,
67.72957397228076,93862,603,1186,4352,
67.73023812452982,93861,604,1186,4352,
67.73106126571273,93861,603,1187,4352,
67.73504492607216,93861,602,1188,4352,
67.7359750838209,93861,602,1187,4353,
67.73750700845919,93861,602,1186,4354,
67.73985271871555,93861,602,1185,4355,
67.74154369346945,93861,602,1184,4356,
67.74301278564297,93860,603,1184,4356,
67.74562109393237,93860,602,1185,4356,
67.74572951086198,93860,602,1184,4357,
67.74586093723823,93859,603,1184,4357,
67.74800739140169,93859,603,1183,4358,
67.74936620261653,93859,602,1184,4358,
67.7503041886834,93859,602,1183,4359,
67.75302929778425,93859,602,1182,4360,
67.75427929124167,93859,601,1183,4360,
67.76059567568109,93859,600,1184,4360,
67.76773386061211,93858,601,1184,4360,
67.76940538761758,93858,601,1183,4361,
67.7752843802316,93858,600,1184,4361,
67.77926146444992,93858,600,1183,4362,
67.78397930266937,93857,601,1183,4362,
67.78753574197165,93856,602,1183,4362,
67.78790347241427,93856,602,1182,4363,
67.78814124116501,93856,602,1181,4364,
67.78886507491936,93856,601,1182,4364,
67.79192053342948,93856,600,1183,4364,
67.79327507045195,93856,599,1184,4364,
67.79633749405008,93856,599,1183,4365,
67.79783339169683,93856,598,1184,4365,
67.79916940123645,93855,599,1184,4365,
67.80482904906003,93854,600,1184,4365,
67.80544044876713,93854,600,1183,4366,
67.80818907098268,93854,599,1184,4366,
67.8088685613353,93854,598,1185,4366,
67.81051664729426,93854,597,1186,4366,
67.81476963778925,93854,596,1187,4366,
67.81599265587786,93854,596,1186,4367,
67.81726450408803,93853,597,1186,4367,
67.81835436501305,93852,598,1186,4367,
67.82080998518052,93852,598,1185,4368,
67.82253455833285,93852,597,1186,4368,
67.82344918092747,93852,597,1185,4369,
67.82428538168475,93852,596,1186,4369,
67.82591193037501,93851,597,1186,4369,
67.82808356221153,93850,598,1186,4369,
67.82844177481073,93849,599,1186,4369,
67.8336895764516,93848,600,1186,4369,
67.83371288064427,93848,599,1187,4369,
67.83383681860616,93848,599,1186,4370,
67.8389559357608,93848,598,1187,4370,
67.84901275717917,93848,598,1186,4371,
67.84955508390765,93848,598,1185,4372,
67.86072636189934,93848,598,1184,4373,
67.86344193583611,93848,598,1183,4374,
67.8634809844816,93848,598,1182,4375,
67.8758704281454,93848,598,1181,4376,
67.87689548303955,93847,599,1181,4376,
67.87908845662925,93847,599,1180,4377,
67.88090340470302,93847,598,1181,4377,
67.88157783992798,93846,599,1181,4377,
67.88158523711417,93846,598,1182,4377,
67.88174074706174,93845,599,1182,4377,
67.88339785712492,93845,598,1183,4377,
67.88401452280418,93845,597,1184,4377,
67.88664100854118,93845,596,1185,4377,
67.88880335014335,93844,597,1185,4377,
67.8972283878284,93843,598,1185,4377,
67.89748933447478,93843,598,1184,4378,
67.89750622395896,93842,599,1184,4378,
67.90004112542582,93842,599,1183,4379,
67.90091026036825,93842,598,1184,4379,
67.9011797419551,93842,597,1185,4379,
67.9032850983502,93842,597,1184,4380,
67.90391215790655,93841,598,1184,4380,
67.90431896558898,93841,597,1185,4380,
67.90580593916629,93840,598,1185,4380,
67.90871081016985,93840,597,1186,4380,
67.90980654091253,93839,598,1186,4380,
67.91011362483448,93838,599,1186,4380,
67.91095149583963,93838,599,1185,4381,
67.91235850618256,93838,599,1184,4382,
67.91327441963699,93838,598,1185,4382,
67.91455501286296,93838,598,1184,4383,
67.92136330283519,93838,598,1183,4384,
67.92240285457817,93838,597,1184,4384,
67.92612199123195,93838,597,1183,4385,
67.92887591922553,93838,597,1182,4386,
67.93009430863904,93837,598,1182,4386,
67.9365596767389,93837,597,1183,4386,
67.93944792388207,93837,597,1182,4387,
67.94088232317202,93837,597,1181,4388,
67.94372067923021,93837,597,1180,4389,
67.94613062859133,93837,596,1181,4389,
67.94802588664479,93836,597,1181,4389,
67.95162211749265,93835,598,1181,4389,
67.95172223872603,93835,597,1182,4389,
67.95319465142977,93835,597,1181,4390,
67.95696163491144,93835,596,1182,4390,
67.95872656067162,93835,596,1181,4391,
67.96433913631473,93835,596,1180,4392,
67.96909819451814,93834,597,1180,4392,
67.97184201791913,93834,596,1181,4392,
67.97234220641654,93833,597,1181,4392,
67.97238292064085,93832,598,1181,4392,
67.97861219997986,93832,597,1182,4392,
67.98218140662541,93832,596,1183,4392,
67.98307723712391,93832,596,1182,4393,
67.98653257346828,93832,595,1183,4393,
67.99512636761172,93832,594,1184,4393,
67.99614903942074,93832,593,1185,4393,
67.99734153557924,93832,592,1186,4393,
67.99875415013291,93832,592,1185,4394,
68.00279503967434,93832,591,1186,4394,
68.00375069890083,93831,592,1186,4394,
68.00469894359678,93830,593,1186,4394,
68.01386767425849,93830,593,1185,4395,
68.01502527042001,93830,592,1186,4395,
68.02229037167191,93830,591,1187,4395,
68.02439726520208,93830,590,1188,4395,
68.02453506293489,93830,590,1187,4396,
68.02601943298559,93830,589,1188,4396,
68.02635347749927,93829,590,1188,4396,
68.02961006081081,93828,591,1188,4396,
68.03082872077994,93827,592,1188,4396,
68.03201524474564,93827,591,1189,4396,
68.03554207755018,93826,592,1189,4396,
68.03592712406093,93825,593,1189,4396,
68.04686249705043,93825,593,1188,4397,
68.04776189701965,93824,594,1188,4397,
68.05095233902955,93824,593,1189,4397,
68.05281533948518,93824,593,1188,4398,
68.0549632994133,93824,593,1187,4399,
68.05558761464584,93823,594,1187,4399,
68.05566247237014,93823,593,1188,4399,
68.05828193474252,93822,594,1188,4399,
68.05988869934788,93821,595,1188,4399,
68.06085879267076,93821,594,1189,4399,
68.06267217518968,93820,595,1189,4399,
68.06697459165966,93819,596,1189,4399,
68.06702700592066,93818,597,1189,4399,
68.06971515313938,93818,597,1188,4400,
68.0707735600624,93817,598,1188,4400,
68.07265723932615,93817,597,1189,4400,
68.07568002145884,93817,597,1188,4401,
68.07930136270042,93816,598,1188,4401,
68.08163331665057,93816,597,1189,4401,
68.08555953324358,93815,598,1189,4401,
68.08756702280448,93815,598,1188,4402,
68.10055267401648,93815,598,1187,4403,
68.10141211427356,93815,598,1186,4404,
68.10347508046625,93814,599,1186,4404,
68.10365896482054,93814,598,1187,4404,
68.1040804489667,93814,597,1188,4404,
68.10429842231243,93814,596,1189,4404,
68.11573555198564,93813,597,1189,4404,
68.11914574059136,93813,597,1188,4405,
68.12019675607394,93812,598,1188,4405,
68.1214910090492,93812,598,1187,4406,
68.12512584501289,93812,598,1186,4407,
68.13042262838594,93812,597,1187,4407,
68.13168021991031,93811,598,1187,4407,
68.13287810866052,93811,597,1188,4407,
68.1331714123123,93810,598,1188,4407,
68.13438074444016,93809,599,1188,4407,
68.14116372199895,93808,600,1188,4407,
68.14156900505996,93807,601,1188,4407,
68.14276139238024,93807,600,1189,4407,
68.14382727480007,93807,599,1190,4407,
68.14658633939352,93807,598,1191,4407,
68.15117394931514,93807,597,1192,4407,
68.15485823420155,93807,597,1191,4408,
68.16313763091584,93806,598,1191,4408,
68.16443814854024,93806,598,1190,4409,
68.16885720387327,93806,597,1191,4409,
68.17110512848159,93805,598,1191,4409,
68.17145188850355,93804,599,1191,4409,
68.17346406904105,93803,600,1191,4409,
68.1745795640248,93803,599,1192,4409,
68.17739673191224,93802,600,1192,4409,
68.17799364900932,93801,601,1192,4409,
68.17935165685795,93801,601,1191,4410,
68.1800230467205,93800,602,1191,4410,
68.1825362782756,93799,603,1191,4410,
68.18285941268407,93798,604,1191,4410,
68.1839527083238,93798,603,1192,4410,
68.18518380658536,93798,602,1193,4410,
68.19083902492892,93798,601,1194,4410,
68.1925184161963,93797,602,1194,4410,
68.19720180060088,93796,603,1194,4410,
68.20191791516245,93796,602,1195,4410,
68.20418682024398,93796,601,1196,4410,
68.20994654267474,93795,602,1196,4410,
68.21202235994546,93794,603,1196,4410,
68.21209080347865,93794,602,1197,4410,
68.21549227040664,93793,603,1197,4410,
68.21639618448319,93793,603,1196,4411,
68.21719860168943,93793,602,1197,4411,
68.22062603519532,93793,602,1196,4412,
68.22487910315154,93792,603,1196,4412,
68.22553904796854,93792,603,1195,4413,
68.2318299764618,93791,604,1195,4413,
68.23656770570312,93791,604,1194,4414,
68.23666231103745,93791,603,1195,4414,
68.23820774798914,93791,603,1194,4415,
68.24096871793995,93791,602,1195,4415,
68.24978735119785,93791,601,1196,4415,
68.25029604189409,93791,600,1197,4415,
68.25408472993591,93791,600,1196,4416,
68.25561551617412,93791,600,1195,4417,
68.2560968187659,93791,599,1196,4417,
68.2563052040835,93790,600,1196,4417,
68.2609879569041,93789,601,1196,4417,
68.26263378163742,93788,602,1196,4417,
68.26733298087643,93787,603,1196,4417,
68.26833422728367,93786,604,1196,4417,
68.27134386127206,93786,603,1197,4417,
68.27681974707326,93786,602,1198,4417,
68.27822555190832,93785,603,1198,4417,
68.282431801276,93784,604,1198,4417,
68.28452849292859,93784,604,1197,4418,
68.28492189110915,93783,605,1197,4418,
68.28574791719934,93783,605,1196,4419,
68.28756945242942,93783,604,1197,4419,
68.28786899868089,93782,605,1197,4419,
68.28982211412927,93782,604,1198,4419,
68.29031979972734,93782,604,1197,4420,
68.29103688911906,93781,605,1197,4420,
68.2932449250184,93781,605,1196,4421,
68.29354118690782,93781,604,1197,4421,
68.29453466528264,93781,604,1196,4422,
68.2976301990508,93780,605,1196,4422,
68.29814021244701,93779,606,1196,4422,
68.29917574363249,93778,607,1196,4422,
68.30091383476103,93778,607,1195,4423,
68.30322257666631,93778,607,1194,4424,
68.3051113217966,93777,608,1194,4424,
68.30836125660375,93777,607,1195,4424,
68.30968768498377,93777,607,1194,4425,
68.31057983722027,93777,607,1193,4426,
68.31111450210409,93777,606,1194,4426,
68.31138342427478,93777,606,1193,4427,
68.31322023014259,93777,606,1192,4428,
68.31349806072188,93777,605,1193,4428,
68.3167064572282,93777,605,1192,4429,
68.31810773597677,93776,606,1192,4429,
68.32448201663,93776,605,1193,4429,
68.32942306680894,93776,605,1192,4430,
68.33292410525853,93776,605,1191,4431,
68.33422614597227,93776,604,1192,4431,
68.33449663260068,93776,603,1193,4431,
68.33898263753782,93776,602,1194,4431,
68.33940406816816,93776,602,1193,4432,
68.34022558069276,93776,602,1192,4433,
68.3406030659066,93775,603,1192,4433,
68.35330400296228,93775,602,1193,4433,
68.35407896007393,93775,601,1194,4433,
68.35485154821663,93775,601,1193,4434,
68.35514809812653,93775,601,1192,4435,
68.35843887711519,93775,601,1191,4436,
68.3630880969816,93775,600,1192,4436,
68.36516557858249,93774,601,1192,4436,
68.36522241728294,93774,601,1191,4437,
68.3654984841373,93774,600,1192,4437,
68.36658365267238,93774,599,1193,4437,
68.36878287690922,93774,598,1194,4437,
68.37014983899948,93774,598,1193,4438,
68.37983179568518,93774,597,1194,4438,
68.38218961600671,93774,597,1193,4439,
68.38433439186615,93773,598,1193,4439,
68.38843255613833,93773,598,1192,4440,
68.38975117211837,93773,598,1191,4441,
68.39332351337328,93773,598,1190,4442,
68.3950475864167,93772,599,1190,4442,
68.39566972908119,93772,598,1191,4442,
68.40068037920773,93772,598,1190,4443,
68.40529181549039,93771,599,1190,4443,
68.41263121521376,93771,598,1191,4443,
68.41492969956296,93770,599,1191,4443,
68.41981883877591,93770,598,1192,4443,
68.42000271012569,93769,599,1192,4443,
68.42265332349687,93769,598,1193,4443,
68.42729462743678,93769,598,1192,4444,
68.43045216009904,93769,598,1191,4445,
68.43080341053212,93769,598,1190,4446,
68.43500024539665,93769,598,1189,4447,
68.43691578727996,93769,597,1190,4447,
68.44183795433463,93768,598,1190,4447,
68.44411916862022,93768,598,1189,4448,
68.44690570451034,93768,598,1188,4449,
68.45648604835618,93767,599,1188,4449,
68.46216439828589,93767,599,1187,4450,
68.46367979376708,93767,598,1188,4450,
68.4691098096868,93767,598,1187,4451,
68.47095622880971,93766,599,1187,4451,
68.47183267213494,93766,598,1188,4451,
68.47449655256314,93766,598,1187,4452,
68.47631823121772,93766,597,1188,4452,
68.47642251498294,93766,596,1189,4452,
68.47720393597197,93766,595,1190,4452,
68.47938547201815,93766,595,1189,4453,
68.48344532971257,93765,596,1189,4453,
68.48691472458258,93765,595,1190,4453,
68.48839064383985,93765,594,1191,4453,
68.49165999162705,93765,594,1190,4454,
68.4974351631599,93764,595,1190,4454,
68.49924869671482,93764,595,1189,4455,
68.50336367916513,93764,594,1190,4455,
68.50570350522192,93764,593,1191,4455,
68.50880355744418,93764,592,1192,4455,
68.50928688903403,93764,592,1191,4456,
68.51520933717427,93763,593,1191,4456,
68.51779905210086,93762,594,1191,4456,
68.5178697566694,93762,594,1190,4457,
68.51847865802509,93762,594,1189,4458,
68.51947419189861,93761,595,1189,4458,
68.52072707045542,93761,594,1190,4458,
68.52439094003664,93761,594,1189,4459,
68.52763756404754,93761,594,1188,4460,
68.52803009065923,93761,594,1187,4461,
68.52877840487123,93760,595,1187,4461,
68.53053088729547,93759,596,1187,4461,
68.5324571861075,93758,597,1187,4461,
68.53282850404985,93758,597,1186,4462,
68.53446668146734,93758,597,1185,4463,
68.53530530113214,93758,597,1184,4464,
68.54624756969892,93758,597,1183,4465,
68.5501271547918,93758,597,1182,4466,
68.55882271364956,93758,596,1183,4466,
68.55923977586176,93758,596,1182,4467,
68.55996366412188,93757,597,1182,4467,
68.56080651142229,93757,597,1181,4468,
68.5610306130014,93757,596,1182,4468,
68.56388982529026,93757,595,1183,4468,
68.5703128871048,93756,596,1183,4468,
68.5830958973957,93756,595,1184,4468,
68.58812624286817,93756,594,1185,4468,
68.59012006427183,93756,593,1186,4468,
68.59223868737007,93756,593,1185,4469,
68.59505157892538,93755,594,1185,4469,
68.59793164275084,93755,594,1184,4470,
68.59842378541909,93755,594,1183,4471,
68.59951790799751,93755,593,1184,4471,
68.60128212822191,93755,593,1183,4472,
68.60191695237029,93755,592,1184,4472,
68.602770066518,93755,591,1185,4472,
68.60399885278377,93755,590,1186,4472,
68.60532009638867,93755,590,1185,4473,
68.60969549876661,93755,589,1186,4473,
68.61016098544981,93755,589,1185,4474,
68.61258162490574,93755,589,1184,4475,
68.6184870501938,93754,590,1184,4475,
68.6187498405646,93754,589,1185,4475,
68.6217233719016,93753,590,1185,4475,
68.62172627692539,93752,591,1185,4475,
68.6241820957914,93752,590,1186,4475,
68.6258287785501,93752,590,1185,4476,
68.63400094267952,93752,590,1184,4477,
68.63776734872616,93752,590,1183,4478,
68.64226159158011,93752,590,1182,4479,
68.64464768831449,93751,591,1182,4479,
68.64538121004313,93751,590,1183,4479,
68.64566467602651,93750,591,1183,4479,
68.64886418460084,93750,590,1184,4479,
68.65431908121118,93749,591,1184,4479,
68.65468668911018,93749,590,1185,4479,
68.65572593362305,93748,591,1185,4479,
68.66134705929929,93748,590,1186,4479,
68.66200312749201,93748,590,1185,4480,
68.66326339456822,93747,591,1185,4480,
68.66350116207985,93747,591,1184,4481,
68.66414441175283,93747,591,1183,4482,
68.66852884541638,93747,591,1182,4483,
68.66909061324445,93746,592,1182,4483,
68.67266136472622,93746,591,1183,4483,
68.67598067353859,93746,591,1182,4484,
68.67901075493621,93745,592,1182,4484,
68.67950109059954,93745,592,1181,4485,
68.68109472758745,93745,592,1180,4486,
68.68229656006085,93745,591,1181,4486,
68.68330709355482,93745,591,1180,4487,
68.68538955238985,93745,591,1179,4488,
68.68933684265278,93744,592,1179,4488,
68.6927675889213,93744,592,1178,4489,
68.69290067648299,93744,591,1179,4489,
68.69465019729569,93743,592,1179,4489,
68.69639983910605,93743,591,1180,4489,
68.69978038127402,93743,590,1181,4489,
68.7039657253622,93743,590,1180,4490,
68.70554521239778,93743,590,1179,4491,
68.70628524311911,93743,590,1178,4492,
68.70723629262297,93743,589,1179,4492,
68.7083771907784,93743,588,1180,4492,
68.71011539799174,93742,589,1180,4492,
68.71106488613712,93742,588,1181,4492,
68.71589223428155,93741,589,1181,4492,
68.71612071743317,93741,589,1180,4493,
68.71888786280975,93740,590,1180,4493,
68.7242671891677,93739,591,1180,4493,
68.72576694338122,93738,592,1180,4493,
68.73055330959517,93738,591,1181,4493,
68.73322403629841,93738,590,1182,4493,
68.73358787933945,93738,589,1183,4493,
68.7342678812586,93738,589,1182,4494,
68.73549675921358,93738,588,1183,4494,
68.74278942172927,93738,587,1184,4494,
68.74461587423895,93738,587,1183,4495,
68.74573321968033,93737,588,1183,4495,
68.74908085812746,93736,589,1183,4495,
68.75912403543255,93736,588,1184,4495,
68.75968254359697,93736,588,1183,4496,
68.75992057892,93736,588,1182,4497,
68.76086493675722,93736,588,1181,4498,
68.76114552854979,93736,587,1182,4498,
68.76237887414517,93736,586,1183,4498,
68.7641400519888,93735,587,1183,4498,
68.76635378061574,93735,586,1184,4498,
68.77562486158794,93735,585,1185,4498,
68.77563913165804,93734,586,1185,4498,
68.77638998883724,93734,586,1184,4499,
68.77798581226608,93733,587,1184,4499,
68.77927474750796,93733,586,1185,4499,
68.78135216482858,93733,586,1184,4500,
68.78323181653532,93733,586,1183,4501,
68.78783985997791,93732,587,1183,4501,
68.79298603763968,93732,587,1182,4502,
68.79661488629205,93731,588,1182,4502,
68.79728918375991,93731,587,1183,4502,
68.80426513635278,93730,588,1183,4502,
68.80536584918093,93729,589,1183,4502,
68.80672246325692,93729,588,1184,4502,
68.80996775904327,93729,587,1185,4502,
68.812293964792,93729,587,1184,4503,
68.81299014934257,93729,587,1183,4504,
68.81624305973662,93729,587,1182,4505,
68.81953315650249,93728,588,1182,4505,
68.82039082949203,93728,588,1181,4506,
68.82064304529199,93728,587,1182,4506,
68.82343468906494,93728,587,1181,4507,
68.82466639134775,93728,586,1182,4507,
68.82491207007425,93728,586,1181,4508,
68.82512853966553,93728,585,1182,4508,
68.82627991196382,93728,584,1183,4508,
68.82926809868815,93728,584,1182,4509,
68.83023362883493,93727,585,1182,4509,
68.83103206641967,93727,585,1181,4510,
68.83660038998067,93726,586,1181,4510,
68.83709565654294,93726,585,1182,4510,
68.83860924053324,93725,586,1182,4510,
68.84115879216598,93724,587,1182,4510,
68.84216436321012,93724,587,1181,4511,
68.84264318330722,93724,586,1182,4511,
68.84597737659956,93724,585,1183,4511,
68.84703356376583,93724,584,1184,4511,
68.84817885750283,93724,584,1183,4512,
68.84938809023393,93724,583,1184,4512,
68.8505698821188,93723,584,1184,4512,
68.85327983560242,93722,585,1184,4512,
68.85611067564469,93721,586,1184,4512,
68.85637846371147,93720,587,1184,4512,
68.85703176759314,93719,588,1184,4512,
68.85814563078847,93719,588,1183,4513,
68.86593954054513,93718,589,1183,4513,
68.86710932559541,93718,589,1182,4514,
68.87170679670437,93717,590,1182,4514,
68.87683237080921,93717,590,1181,4515,
68.87779285108951,93716,591,1181,4515,
68.87949724811608,93715,592,1181,4515,
68.87966126830592,93715,591,1182,4515,
68.88028828964396,93715,591,1181,4516,
68.8814879065827,93715,590,1182,4516,
68.88668964884383,93714,591,1182,4516,
68.88982482730157,93714,590,1183,4516,
68.89364466925208,93713,591,1183,4516,
68.89569114139456,93713,590,1184,4516,
68.89656409123918,93713,590,1183,4517,
68.89925597817438,93712,591,1183,4517,
68.8999698596158,93712,591,1182,4518,
68.90510564987596,93712,590,1183,4518,
68.90928131048325,93712,590,1182,4519,
68.91056296569536,93711,591,1182,4519,
68.91245878479218,93710,592,1182,4519,
68.91768118792163,93710,592,1181,4520,
68.92787156698,93709,593,1181,4520,
68.93011904989785,93709,593,1180,4521,
68.93014474667207,93709,592,1181,4521,
68.93231536971047,93709,591,1182,4521,
68.93498726269948,93708,592,1182,4521,
68.93861567705756,93708,592,1181,4522,
68.93864256314055,93708,592,1180,4523,
68.94331928278326,93708,591,1181,4523,
68.95041509263382,93707,592,1181,4523,
68.96029515930002,93707,591,1182,4523,
68.96279932289207,93706,592,1182,4523,
68.96416277624823,93706,592,1181,4524,
68.96508482397726,93705,593,1181,4524,
68.9670557543692,93705,593,1180,4525,
68.96806935795556,93705,592,1181,4525,
68.96853451715977,93705,591,1182,4525,
68.97211227232945,93705,590,1183,4525,
68.97863607558789,93705,589,1184,4525,
68.98144979689772,93705,589,1183,4526,
68.98184693279369,93705,588,1184,4526,
68.9848960367939,93704,589,1184,4526,
68.98546966521096,93704,589,1183,4527,
68.98982016376375,93703,590,1183,4527,
68.99290505315794,93703,590,1182,4528,
68.99306738283022,93703,589,1183,4528,
68.99543136456558,93703,589,1182,4529,
68.99747508884138,93703,588,1183,4529,
68.9982882310091,93703,587,1184,4529,
69.00175583131445,93702,588,1184,4529,
69.00791881181654,93702,587,1185,4529,
69.00931528192316,93702,586,1186,4529,
69.01585989907827,93702,585,1187,4529,
69.01610129935882,93702,584,1188,4529,
69.01905298234415,93702,584,1187,4530,
69.01987989061612,93702,584,1186,4531,
69.02085331411774,93702,583,1187,4531,
69.02113884077227,93702,583,1186,4532,
69.02167035923381,93701,584,1186,4532,
69.0231989873682,93701,584,1185,4533,
69.02368898231289,93701,583,1186,4533,
69.0243597359797,93701,582,1187,4533,
69.02512315717155,93701,581,1188,4533,
69.02969930158054,93701,581,1187,4534,
69.0322625186823,93700,582,1187,4534,
69.03448456611244,93700,581,1188,4534,
69.0348695497865,93700,580,1189,4534,
69.04140895574687,93700,580,1188,4535,
69.044805140335,93700,579,1189,4535,
69.04558320223249,93699,580,1189,4535,
69.04654961414796,93699,579,1190,4535,
69.04799620802163,93699,579,1189,4536,
69.05230904233689,93699,579,1188,4537,
69.05671932624918,93699,579,1187,4538,
69.05696572780975,93698,580,1187,4538,
69.05798334106218,93698,579,1188,4538,
69.06010495206905,93697,580,1188,4538,
69.06117326570045,93697,580,1187,4539,
69.06153947902973,93697,580,1186,4540,
69.06323022911866,93697,580,1185,4541,
69.06706200490393,93697,579,1186,4541,
69.07297259780967,93697,579,1185,4542,
69.07559873696985,93697,578,1186,4542,
69.07694066137532,93697,577,1187,4542,
69.07724637712789,93697,577,1186,4543,
69.07795422347158,93697,576,1187,4543,
69.0811585967174,93696,577,1187,4543,
69.08396324176817,93695,578,1187,4543,
69.0873176320718,93695,577,1188,4543,
69.08899560037996,93694,578,1188,4543,
69.0894311667299,93694,578,1187,4544,
69.09065222643736,93694,578,1186,4545,
69.0954046058589,93693,579,1186,4545,
69.09595464659951,93692,580,1186,4545,
69.10569867133478,93692,580,1185,4546,
69.11216579873616,93692,580,1184,4547,
69.11534891325778,93692,579,1185,4547,
69.11539564341987,93692,579,1184,4548,
69.11568855275718,93692,578,1185,4548,
69.11580541930283,93692,577,1186,4548,
69.1179142367098,93692,577,1185,4549,
69.12020161822605,93692,577,1184,4550,
69.12561570521622,93692,576,1185,4550,
69.12615551043532,93691,577,1185,4550,
69.12731225406597,93691,576,1186,4550,
69.12995032510408,93691,575,1187,4550,
69.13117389981696,93691,574,1188,4550,
69.13422450181059,93690,575,1188,4550,
69.13428420959939,93690,575,1187,4551,
69.13660747865796,93689,576,1187,4551,
69.13700282170946,93689,575,1188,4551,
69.13781607343103,93689,574,1189,4551,
69.13910647391982,93689,573,1190,4551,
69.14618143426492,93688,574,1190,4551,
69.14633218051125,93687,575,1190,4551,
69.15266156253647,93687,575,1189,4552,
69.15331023222345,93687,575,1188,4553,
69.16287172218857,93687,574,1189,4553,
69.16331745421982,93686,575,1189,4553,
69.1649708574121,93686,575,1188,4554,
69.16500337300768,93685,576,1188,4554,
69.16540026023942,93684,577,1188,4554,
69.16589703209361,93684,577,1187,4555,
69.1698413086259,93683,578,1187,4555,
69.17129166383732,93683,578,1186,4556,
69.1763844173789,93683,577,1187,4556,
69.17651135879147,93683,577,1186,4557,
69.17849323592219,93683,576,1187,4557,
69.18032459654171,93683,576,1186,4558,
69.18579133803807,93683,575,1187,4558,
69.1912442981855,93683,575,1186,4559,
69.1985013365829,93683,574,1187,4559,
69.20043218097955,93683,574,1186,4560,
69.20771429922758,93683,574,1185,4561,
69.20808319056124,93682,575,1185,4561,
69.20897861514987,93681,576,1185,4561,
69.21025607558336,93681,575,1186,4561,
69.21056080979075,93680,576,1186,4561,
69.21237772964749,93680,576,1185,4562,
69.21548467987797,93680,576,1184,4563,
69.21639760042879,93679,577,1184,4563,
69.22061679447654,93679,577,1183,4564,
69.22541404043695,93678,578,1183,4564,
69.22783546264785,93677,579,1183,4564,
69.2285832690917,93677,578,1184,4564,
69.23201752502644,93676,579,1184,4564,
69.23301378604623,93675,580,1184,4564,
69.23410915135037,93675,580,1183,4565,
69.23462291195271,93675,580,1182,4566,
69.2400587456261,93674,581,1182,4566,
69.2447919049091,93674,581,1181,4567,
69.24724820493493,93674,580,1182,4567,
69.24850280325063,93674,579,1183,4567,
69.24991031854472,93674,578,1184,4567,
69.2551101199574,93674,577,1185,4567,
69.25524503347685,93674,576,1186,4567,
69.2590497340303,93674,575,1187,4567,
69.26359704560554,93673,576,1187,4567,
69.26892549777136,93673,575,1188,4567,
69.27250470319903,93673,575,1187,4568,
69.27472567941057,93673,575,1186,4569,
69.2796095581599,93673,574,1187,4569,
69.28238018861671,93673,573,1188,4569,
69.28260179408255,93673,573,1187,4570,
69.28276507863403,93673,572,1188,4570,
69.28590554733992,93673,571,1189,4570,
69.28673026087142,93673,571,1188,4571,
69.29061918507983,93673,571,1187,4572,
69.29507552863477,93673,571,1186,4573,
69.30492511177621,93673,570,1187,4573,
69.3070736084606,93673,570,1186,4574,
69.30841479338973,93673,570,1185,4575,
69.30944992522706,93673,570,1184,4576,
69.31259498821595,93673,569,1185,4576,
69.31854264565266,93673,569,1184,4577,
69.32070893489501,93672,570,1184,4577,
69.32225201806207,93671,571,1184,4577,
69.32225411411005,93671,571,1183,4578,
69.33333366866329,93671,571,1182,4579,
69.33452489102753,93670,572,1182,4579,
69.33510882132929,93669,573,1182,4579,
69.33512726708719,93669,573,1181,4580,
69.33687685281691,93669,572,1182,4580,
69.34504057385756,93668,573,1182,4580,
69.34618422905646,93667,574,1182,4580,
69.34746721657716,93667,573,1183,4580,
69.34750096500468,93667,573,1182,4581,
69.34893098669639,93666,574,1182,4581,
69.34903427795798,93666,574,1181,4582,
69.35080042427093,93666,573,1182,4582,
69.35314257124877,93665,574,1182,4582,
69.35509717650243,93664,575,1182,4582,
69.35627607422443,93663,576,1182,4582,
69.35720979375995,93663,575,1183,4582,
69.35790465739895,93663,575,1182,4583,
69.35817272269742,93663,575,1181,4584,
69.36241354120297,93663,575,1180,4585,
69.362713979608,93663,575,1179,4586,
69.3634596165049,93663,575,1178,4587,
69.3640036085715,93663,575,1177,4588,
69.3650273241276,93662,576,1177,4588,
69.36924267899775,93662,576,1176,4589,
69.36967494632626,93662,576,1175,4590,
69.3709196689617,93661,577,1175,4590,
69.37116913304993,93661,576,1176,4590,
69.37147872739868,93660,577,1176,4590,
69.37567323976627,93660,577,1175,4591,
69.37984228711488,93660,576,1176,4591,
69.38636024109587,93659,577,1176,4591,
69.39147470951677,93658,578,1176,4591,
69.39156646030139,93657,579,1176,4591,
69.39258042348871,93656,580,1176,4591,
69.39286212491434,93656,580,1175,4592,
69.3975277154644,93656,580,1174,4593,
69.39793207437006,93656,579,1175,4593,
69.40233801593408,93656,578,1176,4593,
69.40561940043023,93656,577,1177,4593,
69.40616548745905,93655,578,1177,4593,
69.40821214228326,93655,577,1178,4593,
69.41530588886104,93655,576,1179,4593,
69.41962089574481,93655,576,1178,4594,
69.42644450341436,93655,575,1179,4594,
69.43088116194312,93655,575,1178,4595,
69.43108954420768,93655,575,1177,4596,
69.43558559423877,93655,575,1176,4597,
69.44053529175092,93655,574,1177,4597,
69.44345493205498,93655,574,1176,4598,
69.4491624394123,93655,574,1175,4599,
69.45479401331586,93655,573,1176,4599,
69.45564068736397,93655,572,1177,4599,
69.45586943715836,93654,573,1177,4599,
69.45951703155272,93653,574,1177,4599,
69.46095463086624,93652,575,1177,4599,
69.46231883674353,93652,575,1176,4600,
69.4678252058349,93651,576,1176,4600,
69.46903090437955,93651,576,1175,4601,
69.47002503010646,93650,577,1175,4601,
69.4717181793701,93650,576,1176,4601,
69.47581078440739,93650,575,1177,4601,
69.477608542351,93650,574,1178,4601,
69.48241745139505,93650,574,1177,4602,
69.48333908254006,93649,575,1177,4602,
69.4953237441683,93648,576,1177,4602,
69.49600389534322,93648,576,1176,4603,
69.49903769980494,93647,577,1176,4603,
69.50159078162409,93647,576,1177,4603,
69.50412453833182,93647,575,1178,4603,
69.5056192849841,93646,576,1178,4603,
69.50670761618892,93646,575,1179,4603,
69.50739077408811,93645,576,1179,4603,
69.51002032232331,93645,575,1180,4603,
69.51054838253404,93645,575,1179,4604,
69.51065243374069,93645,574,1180,4604,
69.51152462037557,93645,573,1181,4604,
69.51199797302681,93645,572,1182,4604,
69.51206534818812,93645,571,1183,4604,
69.51270516362109,93645,570,1184,4604,
69.51291885013401,93645,570,1183,4605,
69.51504948824784,93644,571,1183,4605,
69.51879645769603,93644,570,1184,4605,
69.51887188757479,93643,571,1184,4605,
69.51929457727724,93643,570,1185,4605,
69.51982527520335,93642,571,1185,4605,
69.52016235089185,93641,572,1185,4605,
69.52141651250699,93641,571,1186,4605,
69.52158420445726,93641,570,1187,4605,
69.52360838312323,93641,569,1188,4605,
69.52506146262415,93641,568,1189,4605,
69.52515893854138,93640,569,1189,4605,
69.52667900491241,93639,570,1189,4605,
69.52749090631059,93638,571,1189,4605,
69.52800105832887,93637,572,1189,4605,
69.53192423374716,93636,573,1189,4605,
69.53531992642863,93635,574,1189,4605,
69.5414578270897,93634,575,1189,4605,
69.54481354590486,93634,575,1188,4606,
69.54676924836947,93634,575,1187,4607,
69.54988778348248,93634,574,1188,4607,
69.55113504798302,93634,574,1187,4608,
69.55163172845016,93634,573,1188,4608,
69.5516667115531,93634,573,1187,4609,
69.55436824002234,93633,574,1187,4609,
69.55477290034095,93632,575,1187,4609,
69.55733200529,93632,575,1186,4610,
69.56016937050111,93632,574,1187,4610,
69.5604341537045,93632,573,1188,4610,
69.56062265462934,93632,572,1189,4610,
69.56158650014558,93632,572,1188,4611,
69.56422676747417,93632,572,1187,4612,
69.56447865054838,93631,573,1187,4612,
69.57227839560375,93631,573,1186,4613,
69.57763221739293,93631,573,1185,4614,
69.5781290526134,93631,573,1184,4615,
69.58203803977084,93631,573,1183,4616,
69.58235100858337,93630,574,1183,4616,
69.58642234462948,93630,573,1184,4616,
69.59188725180641,93630,573,1183,4617,
69.59206677103032,93629,574,1183,4617,
69.59265411122139,93629,574,1182,4618,
69.59305890323323,93628,575,1182,4618,
69.59337920661326,93627,576,1182,4618,
69.59654328795398,93627,576,1181,4619,
69.60158718116575,93627,576,1180,4620,
69.61578887389014,93626,577,1180,4620,
69.62051806976766,93626,577,1179,4621,
69.62457360726877,93625,578,1179,4621,
69.63242844150638,93625,578,1178,4622,
69.63309013724195,93625,578,1177,4623,
69.6343621510087,93625,577,1178,4623,
69.64339208870715,93625,577,1177,4624,
69.64479081143551,93625,576,1178,4624,
69.64500489884932,93624,577,1178,4624,
69.6510458044159,93624,577,1177,4625,
69.65109963238,93624,576,1178,4625,
69.65354045976915,93624,576,1177,4626,
69.65386734572975,93624,575,1178,4626,
69.66677529932363,93623,576,1178,4626,
69.6676917686148,93622,577,1178,4626,
69.67028702223507,93622,576,1179,4626,
69.67259148176294,93622,576,1178,4627,
69.6753511843506,93622,575,1179,4627,
69.67662512121966,93621,576,1179,4627,
69.68347625068263,93621,575,1180,4627,
69.68445765911441,93620,576,1180,4627,
69.68839612642344,93620,576,1179,4628,
69.69272340887566,93619,577,1179,4628,
69.69304374111509,93619,577,1178,4629,
69.69379118170767,93618,578,1178,4629,
69.69416079176963,93618,577,1179,4629,
69.6965263842301,93618,576,1180,4629,
69.6967821184708,93617,577,1180,4629,
69.7008802964592,93617,577,1179,4630,
69.70365285901606,93617,576,1180,4630,
69.70470094570072,93617,576,1179,4631,
69.70470403142222,93617,576,1178,4632,
69.7100513080106,93617,576,1177,4633,
69.71261574951716,93617,575,1178,4633,
69.7129818586269,93617,575,1177,4634,
69.7166663268958,93617,575,1176,4635,
69.73130902753502,93617,574,1177,4635,
69.74005347802284,93616,575,1177,4635,
69.75031490580868,93616,574,1178,4635,
69.75465719311546,93616,573,1179,4635,
69.75638548339651,93616,572,1180,4635,
69.75785311795238,93616,572,1179,4636,
69.76329605069247,93616,572,1178,4637,
69.76520505184513,93615,573,1178,4637,
69.77044386485267,93615,572,1179,4637,
69.77100539125287,93615,572,1178,4638,
69.7728690457251,93615,571,1179,4638,
69.77958802912069,93615,571,1178,4639,
69.78284828713569,93614,572,1178,4639,
69.78852820079365,93613,573,1178,4639,
69.79749441619154,93612,574,1178,4639,
69.79940483767331,93612,574,1177,4640,
69.80033279462674,93612,573,1178,4640,
69.80252842737177,93612,573,1177,4641,
69.8066974774595,93611,574,1177,4641,
69.80837637990345,93610,575,1177,4641,
69.81257805631112,93609,576,1177,4641,
69.81512612686656,93608,577,1177,4641,
69.81963758392455,93608,577,1176,4642,
69.8252243583033,93608,576,1177,4642,
69.82570889028163,93608,575,1178,4642,
69.82578043860806,93608,575,1177,4643,
69.82731940830085,93608,574,1178,4643,
69.83043816779525,93607,575,1178,4643,
69.83396392049329,93607,574,1179,4643,
69.8342513416881,93607,573,1180,4643,
69.83515251382403,93607,572,1181,4643,
69.83570195614084,93607,572,1180,4644,
69.8379037860463,93606,573,1180,4644,
69.84389611418058,93606,572,1181,4644,
69.85117921714549,93606,572,1180,4645,
69.85160049208305,93605,573,1180,4645,
69.85638336598282,93604,574,1180,4645,
69.85819814546392,93604,574,1179,4646,
69.86881792973793,93604,574,1178,4647,
69.86898104326603,93603,575,1178,4647,
69.86996220247313,93602,576,1178,4647,
69.87235021921875,93602,575,1179,4647,
69.8745465777906,93602,574,1180,4647,
69.87540286875782,93602,574,1179,4648,
69.87796809429105,93601,575,1179,4648,
69.88077304935031,93601,575,1178,4649,
69.88145068049822,93601,574,1179,4649,
69.88437969770823,93601,574,1178,4650,
69.88469555198654,93600,575,1178,4650,
69.88555598636772,93600,574,1179,4650,
69.88721055979691,93600,574,1178,4651,
69.89140709474123,93599,575,1178,4651,
69.89195873234323,93598,576,1178,4651,
69.8965667719255,93598,576,1177,4652,
69.8967918601357,93598,575,1178,4652,
69.91090984597594,93597,576,1178,4652,
69.91400376394104,93597,575,1179,4652,
69.92657305198568,93597,574,1180,4652,
69.92804830920488,93596,575,1180,4652,
69.93229612689608,93596,575,1179,4653,
69.93407125743303,93595,576,1179,4653,
69.94019528394732,93595,576,1178,4654,
69.94126315161466,93595,576,1177,4655,
69.94186811082895,93595,576,1176,4656,
69.94358417014682,93595,576,1175,4657,
69.94396953499333,93595,576,1174,4658,
69.94896424216057,93595,576,1173,4659,
69.94905657962633,93595,576,1172,4660,
69.96502558585777,93595,575,1173,4660,
69.96755700616573,93595,575,1172,4661,
69.9678807530141,93595,575,1171,4662,
69.96860694891251,93594,576,1171,4662,
69.9693225096022,93594,576,1170,4663,
69.97264545126484,93593,577,1170,4663,
69.97589977352081,93592,578,1170,4663,
69.97608413513687,93591,579,1170,4663,
69.97756033310614,93590,580,1170,4663,
69.98048267122118,93590,579,1171,4663,
69.98267233045794,93589,580,1171,4663,
69.9846466755144,93589,580,1170,4664,
69.98852217100905,93589,580,1169,4665,
69.99721709733623,93589,580,1168,4666,
69.99756020468787,93589,580,1167,4667,
70.00409940962857,93589,579,1168,4667,
70.00518900919982,93589,578,1169,4667,
70.01522678530974,93588,579,1169,4667,
70.0165020334504,93587,580,1169,4667,
70.01683922237014,93587,580,1168,4668,
70.01685189527576,93586,581,1168,4668,
70.01696144939882,93585,582,1168,4668,
70.0208311857137,93585,581,1169,4668,
70.02145254602347,93585,580,1170,4668,
70.0274918413847,93585,580,1169,4669,
70.02912960315895,93584,581,1169,4669,
70.02957314372412,93584,581,1168,4670,
70.03142555045028,93583,582,1168,4670,
70.03484716595653,93583,581,1169,4670,
70.03519226596431,93583,580,1170,4670,
70.03871194310305,93582,581,1170,4670,
70.04255900254415,93581,582,1170,4670,
70.04695381684054,93581,581,1171,4670,
70.04917016394805,93581,581,1170,4671,
70.051497893743,93581,581,1169,4672,
70.05223992458627,93581,580,1170,4672,
70.05329098438607,93581,579,1171,4672,
70.05689817170881,93580,580,1171,4672,
70.06084402726648,93580,580,1170,4673,
70.06461286489258,93580,580,1169,4674,
70.06753626884542,93580,580,1168,4675,
70.072663867702,93580,580,1167,4676,
70.07274563440791,93580,580,1166,4677,
70.07278992882368,93580,580,1165,4678,
70.07334837205886,93579,581,1165,4678,
70.0753383092272,93579,581,1164,4679,
70.07784760792978,93579,580,1165,4679,
70.08211644389013,93579,580,1164,4680,
70.08692815412664,93579,580,1163,4681,
70.08741052618724,93579,579,1164,4681,
70.08759986413746,93579,578,1165,4681,
70.09062490443276,93579,577,1166,4681,
70.09120722714506,93578,578,1166,4681,
70.0944190380263,93577,579,1166,4681,
70.09574101483099,93577,578,1167,4681,
70.0966526538863,93577,577,1168,4681,
70.09948800707743,93577,577,1167,4682,
70.10895748395507,93576,578,1167,4682,
70.11122036990999,93576,577,1168,4682,
70.11182677093376,93575,578,1168,4682,
70.11442680341223,93574,579,1168,4682,
70.11599375754932,93573,580,1168,4682,
70.1162047971346,93573,580,1167,4683,
70.12066532053916,93573,580,1166,4684,
70.12543294268147,93572,581,1166,4684,
70.126076473509,93572,580,1167,4684,
70.12651702200269,93572,580,1166,4685,
70.13297244180589,93571,581,1166,4685,
70.1346303642714,93571,581,1165,4686,
70.13579092945608,93571,580,1166,4686,
70.1382920062007,93570,581,1166,4686,
70.13858231418118,93570,580,1167,4686,
70.14570265615707,93570,580,1166,4687,
70.15196893017851,93570,580,1165,4688,
70.15422170565856,93569,581,1165,4688,
70.16043242586225,93569,581,1164,4689,
70.16415434278451,93569,581,1163,4690,
70.16801376068116,93569,581,1162,4691,
70.17065439066067,93568,582,1162,4691,
70.17473887286783,93568,582,1161,4692,
70.1784556478485,93568,581,1162,4692,
70.18177597491467,93568,581,1161,4693,
70.18328730833319,93568,581,1160,4694,
70.18340675382507,93567,582,1160,4694,
70.20174962444239,93567,581,1161,4694,
70.20408666153166,93566,582,1161,4694,
70.20490554445846,93566,581,1162,4694,
70.20589933622163,93565,582,1162,4694,
70.20609152810809,93565,582,1161,4695,
70.20644775629705,93564,583,1161,4695,
70.20851659095835,93564,582,1162,4695,
70.21183116153077,93564,582,1161,4696,
70.21259126404213,93564,582,1160,4697,
70.2128414263724,93564,581,1161,4697,
70.21777529517647,93564,581,1160,4698,
70.21839111158397,93564,581,1159,4699,
70.21846734461661,93564,581,1158,4700,
70.22150943774496,93563,582,1158,4700,
70.2220851044021,93563,582,1157,4701,
70.22419069230588,93563,582,1156,4702,
70.22571958883717,93562,583,1156,4702,
70.22840946094637,93562,583,1155,4703,
70.23051278193795,93562,582,1156,4703,
70.23512959112523,93562,582,1155,4704,
70.23716470577207,93562,581,1156,4704,
70.23759434380737,93562,580,1157,4704,
70.23846736707547,93562,580,1156,4705,
70.24066206348711,93562,579,1157,4705,
70.24155175089578,93562,579,1156,4706,
70.24294651594566,93562,578,1157,4706,
70.2513665687153,93561,579,1157,4706,
70.26158979561018,93561,579,1156,4707,
70.27023991386903,93561,579,1155,4708,
70.27116757326974,93560,580,1155,4708,
70.28248015653047,93560,580,1154,4709,
70.28860685203674,93559,581,1154,4709,
70.29032610833895,93558,582,1154,4709,
70.29669059840774,93558,581,1155,4709,
70.30566924125816,93558,580,1156,4709,
70.31036223096544,93558,580,1155,4710,
70.3140016916251,93557,581,1155,4710,
70.32977576282654,93556,582,1155,4710,
70.3349199077011,93556,582,1154,4711,
70.34132508598852,93555,583,1154,4711,
70.34186102147086,93555,583,1153,4712,
70.34203630724188,93555,583,1152,4713,
70.34360507284603,93555,583,1151,4714,
70.34449399436821,93555,583,1150,4715,
70.34774244950964,93554,584,1150,4715,
70.34777091899385,93553,585,1150,4715,
70.34951023413126,93553,584,1151,4715,
70.35093905663786,93553,584,1150,4716,
70.35232235939252,93553,584,1149,4717,
70.35559812733176,93553,584,1148,4718,
70.35808915729184,93553,584,1147,4719,
70.35944705854303,93553,584,1146,4720,
70.36017774420188,93553,584,1145,4721,
70.36238610700954,93552,585,1145,4721,
70.36447854767903,93551,586,1145,4721,
70.37584398712492,93551,585,1146,4721,
70.37895786515567,93551,584,1147,4721,
70.38155581067413,93550,585,1147,4721,
70.38181409691603,93550,584,1148,4721,
70.38559657010906,93549,585,1148,4721,
70.38603232010276,93549,584,1149,4721,
70.3872814752832,93549,584,1148,4722,
70.39578073841724,93549,583,1149,4722,
70.39913930396739,93549,583,1148,4723,
70.4040223070107,93548,584,1148,4723,
70.40755442617117,93547,585,1148,4723,
70.41107065749793,93547,585,1147,4724,
70.4138419812115,93546,586,1147,4724,
70.41392980651847,93546,586,1146,4725,
70.41606638297708,93546,586,1145,4726,
70.41682528149387,93546,586,1144,4727,
70.41798360826493,93545,587,1144,4727,
70.41939961115511,93545,587,1143,4728,
70.4209038509069,93545,587,1142,4729,
70.4229991898143,93545,587,1141,4730,
70.42577524448491,93545,586,1142,4730,
70.4288098120989,93544,587,1142,4730,
70.43437972147842,93544,587,1141,4731,
70.43484982006359,93543,588,1141,4731,
70.43553979239705,93542,589,1141,4731,
70.43722591117516,93542,589,1140,4732,
70.44275255790272,93542,588,1141,4732,
70.4441098240985,93541,589,1141,4732,
70.44624821978955,93541,588,1142,4732,
70.44721993065536,93541,588,1141,4733,
70.44887184080622,93541,588,1140,4734,
70.45363508020479,93541,588,1139,4735,
70.45891575515212,93541,588,1138,4736,
70.46384311155285,93541,588,1137,4737,
70.46947449276266,93541,587,1138,4737,
70.47005985957556,93541,587,1137,4738,
70.47399108637859,93540,588,1137,4738,
70.47694692526525,93539,589,1137,4738,
70.48057004130325,93539,589,1136,4739,
70.48122680552606,93538,590,1136,4739,
70.48134453378253,93538,589,1137,4739,
70.48533204592994,93538,588,1138,4739,
70.48804691117253,93538,588,1137,4740,
70.49026059000929,93537,589,1137,4740,
70.49600182752458,93537,589,1136,4741,
70.49642336289367,93537,588,1137,4741,
70.50216785978745,93536,589,1137,4741,
70.50324515023857,93536,589,1136,4742,
70.51002561867443,93536,589,1135,4743,
70.51317725687653,93535,590,1135,4743,
70.51562280349282,93535,590,1134,4744,
70.51573986963206,93535,590,1133,4745,
70.5166068351065,93535,589,1134,4745,
70.52055345217516,93534,590,1134,4745,
70.52306538234033,93533,591,1134,4745,
70.52370523433444,93533,590,1135,4745,
70.52414238208694,93533,590,1134,4746,
70.52499737753988,93532,591,1134,4746,
70.52524215331627,93531,592,1134,4746,
70.5282860581539,93530,593,1134,4746,
70.53057725126747,93530,592,1135,4746,
70.54193266715427,93529,593,1135,4746,
70.54406189467332,93529,592,1136,4746,
70.54910889046579,93529,592,1135,4747,
70.54977821847585,93529,591,1136,4747,
70.55277674515645,93529,591,1135,4748,
70.55335184187172,93529,590,1136,4748,
70.55538940234322,93529,590,1135,4749,
70.55627190066903,93529,589,1136,4749,
70.56024092703358,93528,590,1136,4749,
70.56241439192561,93528,590,1135,4750,
70.56363001875629,93528,590,1134,4751,
70.56756566954233,93528,589,1135,4751,
70.5688306403206,93528,588,1136,4751,
70.5701739975041,93528,588,1135,4752,
70.5775312071179,93528,588,1134,4753,
70.58244424460506,93528,588,1133,4754,
70.58302370992715,93528,587,1134,4754,
70.58430703105091,93528,587,1133,4755,
70.58599946614288,93528,586,1134,4755,
70.58685409753392,93528,586,1133,4756,
70.59240760541883,93528,586,1132,4757,
70.59549447743339,93527,587,1132,4757,
70.59570557929024,93527,587,1131,4758,
70.59647143981283,93527,586,1132,4758,
70.59703018341803,93527,585,1133,4758,
70.59725098125594,93527,584,1134,4758,
70.60157677206081,93527,584,1133,4759,
70.60256939144702,93526,585,1133,4759,
70.60399087223712,93525,586,1133,4759,
70.60654108190012,93525,585,1134,4759,
70.60972724409095,93524,586,1134,4759,
70.61904295255617,93524,586,1133,4760,
70.62493858157734,93524,586,1132,4761,
70.62586027717634,93524,586,1131,4762,
70.62934291843801,93524,586,1130,4763,
70.62981415358189,93524,585,1131,4763,
70.63170140107763,93524,585,1130,4764,
70.63691430662342,93523,586,1130,4764,
70.64230482165972,93523,585,1131,4764,
70.64620783521156,93523,585,1130,4765,
70.64773538877806,93523,585,1129,4766,
70.64894735109388,93523,584,1130,4766,
70.65085287405142,93522,585,1130,4766,
70.6518546885857,93521,586,1130,4766,
70.6526087035653,93520,587,1130,4766,
70.655420579252,93520,586,1131,4766,
70.66349098688481,93520,586,1130,4767,
70.66839543718228,93520,585,1131,4767,
70.66954012652491,93519,586,1131,4767,
70.67052151262664,93519,585,1132,4767,
70.67747969462411,93519,584,1133,4767,
70.67863032162799,93519,584,1132,4768,
70.68135472618901,93519,584,1131,4769,
70.69143418508821,93519,583,1132,4769,
70.69217356366542,93518,584,1132,4769,
70.69346901323662,93517,585,1132,4769,
70.69401073948927,93517,584,1133,4769,
70.6953873643315,93517,583,1134,4769,
70.69784127683724,93517,582,1135,4769,
70.70691998120981,93517,581,1136,4769,
70.70717049721179,93516,582,1136,4769,
70.70807289419719,93516,582,1135,4770,
70.71223772722497,93516,581,1136,4770,
70.71365782722953,93516,580,1137,4770,
70.71418622917713,93516,579,1138,4770,
70.7152683154787,93516,578,1139,4770,
70.71676536337495,93515,579,1139,4770,
70.71873135729045,93515,579,1138,4771,
70.72031273425843,93515,579,1137,4772,
70.72706480680249,93515,579,1136,4773,
70.73527010077854,93515,579,1135,4774,
70.73570756408955,93515,578,1136,4774,
70.73657228510598,93515,577,1137,4774,
70.7439654247726,93515,577,1136,4775,
70.74638280989905,93515,577,1135,4776,
70.74738479516134,93515,576,1136,4776,
70.74840602287347,93515,576,1135,4777,
70.74903706949128,93515,576,1134,4778,
70.75495454000982,93514,577,1134,4778,
70.75519336360163,93514,576,1135,4778,
70.75556231357976,93514,576,1134,4779,
70.76313334909538,93514,575,1135,4779,
70.76470024351597,93514,574,1136,4779,
70.76495933376958,93514,573,1137,4779,
70.76821198648187,93513,574,1137,4779,
70.77028548301591,93512,575,1137,4779,
70.77058801407097,93512,574,1138,4779,
70.77589041657944,93512,574,1137,4780,
70.77829548934834,93512,574,1136,4781,
70.7798942136155,93512,573,1137,4781,
70.78558390871159,93511,574,1137,4781,
70.78714745113524,93511,574,1136,4782,
70.79859579752147,93511,573,1137,4782,
70.80490682562755,93511,572,1138,4782,
70.80815285223818,93510,573,1138,4782,
70.80818127512441,93510,572,1139,4782,
70.82046928952067,93510,571,1140,4782,
70.82149313869887,93509,572,1140,4782,
70.82350894606043,93509,571,1141,4782,
70.8267195189155,93508,572,1141,4782,
70.83122870412517,93508,571,1142,4782,
70.83156832781951,93508,570,1143,4782,
70.83165484760056,93508,569,1144,4782,
70.83240734674442,93508,568,1145,4782,
70.83318172443896,93507,569,1145,4782,
70.83474645117255,93506,570,1145,4782,
70.83605337248126,93506,570,1144,4783,
70.83814124944641,93506,569,1145,4783,
70.83854622277283,93506,569,1144,4784,
70.84018624755451,93505,570,1144,4784,
70.84331730215938,93504,571,1144,4784,
70.84365419418123,93504,571,1143,4785,
70.84716044720795,93503,572,1143,4785,
70.85012570807872,93503,571,1144,4785,
70.85175608661793,93502,572,1144,4785,
70.86329172101132,93502,571,1145,4785,
70.86386323132139,93502,571,1144,4786,
70.86793456517448,93501,572,1144,4786,
70.86854833507033,93500,573,1144,4786,
70.87299173583784,93500,573,1143,4787,
70.87518570682391,93500,573,1142,4788,
70.88174830403032,93499,574,1142,4788,
70.88896156948329,93499,574,1141,4789,
70.88924340391212,93499,574,1140,4790,
70.88988521818455,93499,573,1141,4790,
70.89180895497496,93499,573,1140,4791,
70.89256556731229,93499,573,1139,4792,
70.89553275761007,93498,574,1139,4792,
70.90380212826162,93497,575,1139,4792,
70.90737954034537,93497,575,1138,4793,
70.90957292850612,93496,576,1138,4793,
70.90957374580819,93496,576,1137,4794,
70.91024706205214,93495,577,1137,4794,
70.91025450946987,93495,577,1136,4795,
70.91073268588045,93494,578,1136,4795,
70.91373043632717,93493,579,1136,4795,
70.91455675668422,93493,579,1135,4796,
70.91611714259516,93493,579,1134,4797,
70.92143725631833,93493,579,1133,4798,
70.92639322902637,93493,578,1134,4798,
70.93192847135224,93493,578,1133,4799,
70.93209232737351,93493,577,1134,4799,
70.93276971463736,93492,578,1134,4799,
70.93278353948651,93492,578,1133,4800,
70.93282354842285,93491,579,1133,4800,
70.93357350367913,93490,580,1133,4800,
70.93502029184417,93490,579,1134,4800,
70.94056974759353,93490,578,1135,4800,
70.94333897606649,93490,577,1136,4800,
70.9435533209061,93489,578,1136,4800,
70.94468331758803,93488,579,1136,4800,
70.95421652846046,93488,579,1135,4801,
70.9550638792705,93488,578,1136,4801,
70.95626953678085,93488,578,1135,4802,
70.95938932746274,93488,577,1136,4802,
70.96499377666908,93487,578,1136,4802,
70.96761021931101,93486,579,1136,4802,
70.96780998968686,93486,579,1135,4803,
70.97135985367831,93485,580,1135,4803,
70.97175202690595,93484,581,1135,4803,
70.98305629263639,93484,580,1136,4803,
70.98954740932389,93484,580,1135,4804,
70.99505408842973,93484,580,1134,4805,
70.99652639934621,93483,581,1134,4805,
70.99792899354819,93483,580,1135,4805,
71.00012517797803,93483,580,1134,4806,
71.00798766541635,93483,580,1133,4807,
71.0103740702821,93483,580,1132,4808,
71.01355287576402,93483,580,1131,4809,
71.01577380137434,93482,581,1131,4809,
71.01623561292871,93482,581,1130,4810,
71.02153507468779,93482,580,1131,4810,
71.02408774491533,93482,580,1130,4811,
71.02444909467302,93481,581,1130,4811,
71.02496809444527,93481,581,1129,4812,
71.02676358957795,93480,582,1129,4812,
71.03067783043065,93480,581,1130,4812,
71.03345645446566,93479,582,1130,4812,
71.03703840190391,93479,581,1131,4812,
71.04194269587269,93479,581,1130,4813,
71.04259625220705,93478,582,1130,4813,
71.04271298510973,93477,583,1130,4813,
71.04452545123185,93477,583,1129,4814,
71.04636243374254,93476,584,1129,4814,
71.05412057157936,93476,584,1128,4815,
71.05587282824825,93475,585,1128,4815,
71.06072386729902,93475,584,1129,4815,
71.06511755506142,93474,585,1129,4815,
71.06716810807319,93473,586,1129,4815,
71.0728564645669,93472,587,1129,4815,
71.0742072348512,93472,587,1128,4816,
71.07505543157139,93472,587,1127,4817,
71.07607814576266,93472,586,1128,4817,
71.07705958805431,93472,585,1129,4817,
71.07780586355602,93472,584,1130,4817,
71.07885699228369,93472,583,1131,4817,
71.08073740837908,93472,582,1132,4817,
71.08202648311811,93471,583,1132,4817,
71.08246295411234,93471,583,1131,4818,
71.08619288556491,93470,584,1131,4818,
71.08645079855823,93470,583,1132,4818,
71.09076561666899,93470,583,1131,4819,
71.09483831417529,93470,583,1130,4820,
71.09734660327213,93470,582,1131,4820,
71.09769728764535,93470,582,1130,4821,
71.0978808246906,93470,582,1129,4822,
71.10247906401406,93469,583,1129,4822,
71.10382635190726,93469,582,1130,4822,
71.10605978734145,93469,581,1131,4822,
71.10631817964577,93468,582,1131,4822,
71.10701876316709,93467,583,1131,4822,
71.10788098131286,93467,583,1130,4823,
71.11211108316557,93467,582,1131,4823,
71.11290051404013,93467,582,1130,4824,
71.11391079555197,93467,582,1129,4825,
71.11713459739282,93467,581,1130,4825,
71.11844957056877,93467,581,1129,4826,
71.11885682160123,93467,581,1128,4827,
71.12033791836416,93467,581,1127,4828,
71.12482268692388,93467,581,1126,4829,
71.12633329114124,93467,580,1127,4829,
71.13256915950006,93467,579,1128,4829,
71.13398418521314,93466,580,1128,4829,
71.1401619952418,93466,580,1127,4830,
71.1459173888564,93466,579,1128,4830,
71.14961093510063,93465,580,1128,4830,
71.15438838903546,93465,579,1129,4830,
71.15745186982218,93464,580,1129,4830,
71.15880891058998,93464,580,1128,4831,
71.16764712343962,93463,581,1128,4831,
71.17467608939609,93463,580,1129,4831,
71.17975825690256,93462,581,1129,4831,
71.1797898037737,93462,580,1130,4831,
71.18261183029102,93462,580,1129,4832,
71.18355604406854,93462,580,1128,4833,
71.18701346145512,93462,580,1127,4834,
71.18784375486206,93462,579,1128,4834,
71.2000878632841,93462,579,1127,4835,
71.20475572667658,93461,580,1127,4835,
71.20489158765093,93461,579,1128,4835,
71.20700080559898,93461,579,1127,4836,
71.20713664886173,93460,580,1127,4836,
71.21169956049226,93460,580,1126,4837,
71.21791027063178,93460,579,1127,4837,
71.21795268353324,93460,579,1126,4838,
71.21823348463042,93460,578,1127,4838,
71.22527910570436,93459,579,1127,4838,
71.22931068909271,93458,580,1127,4838,
71.23018369111982,93457,581,1127,4838,
71.23134456462651,93457,580,1128,4838,
71.23647884485702,93456,581,1128,4838,
71.23733821467995,93455,582,1128,4838,
71.23809740936358,93455,581,1129,4838,
71.24174643040797,93455,580,1130,4838,
71.24186791986224,93455,579,1131,4838,
71.24197943791734,93454,580,1131,4838,
71.24264418191957,93454,579,1132,4838,
71.24441344263919,93454,579,1131,4839,
71.2463229228716,93454,579,1130,4840,
71.24935564563492,93454,579,1129,4841,
71.25608511828244,93454,578,1130,4841,
71.2569614801252,93453,579,1130,4841,
71.25840437360478,93453,579,1129,4842,
71.26075426542496,93453,578,1130,4842,
71.26229574212783,93453,578,1129,4843,
71.26473184125844,93452,579,1129,4843,
71.2685850239227,93452,579,1128,4844,
71.27574967773238,93452,578,1129,4844,
71.27991227712435,93451,579,1129,4844,
71.28063807253503,93450,580,1129,4844,
71.28078594772873,93450,580,1128,4845,
71.28357439360877,93449,581,1128,4845,
71.2840726544032,93448,582,1128,4845,
71.287710959631,93448,582,1127,4846,
71.29358628339662,93448,581,1128,4846,
71.29492233714382,93448,581,1127,4847,
71.29977517791262,93448,580,1128,4847,
71.30399297437681,93448,580,1127,4848,
71.3050054779281,93448,580,1126,4849,
71.30758013369109,93448,579,1127,4849,
71.3088153579837,93448,579,1126,4850,
71.3145219914131,93448,579,1125,4851,
71.31490209537,93448,578,1126,4851,
71.31904748777242,93447,579,1126,4851,
71.31939466424362,93446,580,1126,4851,
71.3195894949114,93446,579,1127,4851,
71.3212295919796,93446,578,1128,4851,
71.32226614019136,93446,577,1129,4851,
71.3260264073477,93446,577,1128,4852,
71.32685084449045,93446,576,1129,4852,
71.32959182795153,93446,576,1128,4853,
71.33468499461686,93446,576,1127,4854,
71.33543066820748,93445,577,1127,4854,
71.34140366712114,93445,576,1128,4854,
71.34403587071517,93445,576,1127,4855,
71.34422886223925,93444,577,1127,4855,
71.34497198526107,93444,576,1128,4855,
71.34638698777388,93444,575,1129,4855,
71.34777923263286,93444,575,1128,4856,
71.34922655165533,93444,575,1127,4857,
71.34996154023462,93444,574,1128,4857,
71.35206643149562,93444,574,1127,4858,
71.3522105919169,93444,574,1126,4859,
71.35254424351393,93444,574,1125,4860,
71.35356762677443,93444,574,1124,4861,
71.35790297401243,93443,575,1124,4861,
71.36106125839612,93443,575,1123,4862,
71.36367544862699,93443,575,1122,4863,
71.36630695615521,93443,574,1123,4863,
71.36852912983586,93443,574,1122,4864,
71.36875257476441,93442,575,1122,4864,
71.37228964735787,93441,576,1122,4864,
71.37431706700549,93441,575,1123,4864,
71.37781044022678,93441,574,1124,4864,
71.38213931150028,93440,575,1124,4864,
71.38228737989262,93440,574,1125,4864,
71.38232948083038,93440,574,1124,4865,
71.38378411245489,93440,574,1123,4866,
71.39445434601704,93440,574,1122,4867,
71.3978053353562,93440,574,1121,4868,
71.39837741477595,93439,575,1121,4868,
71.40062254643472,93439,575,1120,4869,
71.40161365713772,93438,576,1120,4869,
71.40532698958549,93438,575,1121,4869,
71.40634718459057,93438,575,1120,4870,
71.41294231558123,93437,576,1120,4870,
71.4173630387742,93437,576,1119,4871,
71.41966842454055,93436,577,1119,4871,
71.4218431640909,93436,576,1120,4871,
71.4259859609604,93435,577,1120,4871,
71.42909999098815,93435,577,1119,4872,
71.42975686311429,93435,576,1120,4872,
71.43927291411613,93434,577,1120,4872,
71.44144693567786,93434,577,1119,4873,
71.44368487452056,93433,578,1119,4873,
71.44552466555633,93432,579,1119,4873,
71.44570080094189,93431,580,1119,4873,
71.4504426485166,93430,581,1119,4873,
71.45097576614737,93430,581,1118,4874,
71.45590064398814,93429,582,1118,4874,
71.46641683879044,93429,581,1119,4874,
71.47090228566005,93429,580,1120,4874,
71.47684453729951,93429,579,1121,4874,
71.47688311310303,93429,578,1122,4874,
71.47785546187883,93429,577,1123,4874,
71.48188305576122,93429,577,1122,4875,
71.4858293627643,93429,576,1123,4875,
71.4860622135866,93428,577,1123,4875,
71.49229545793031,93428,577,1122,4876,
71.49263459319795,93428,577,1121,4877,
71.49573483673953,93427,578,1121,4877,
71.50116075169544,93427,578,1120,4878,
71.50160462130228,93427,578,1119,4879,
71.50333557770321,93427,577,1120,4879,
71.51594674479702,93427,576,1121,4879,
71.51887569187578,93427,576,1120,4880,
71.52008033844986,93427,575,1121,4880,
71.52085950422955,93427,575,1120,4881,
71.52255558613106,93427,575,1119,4882,
71.52693111653453,93427,574,1120,4882,
71.52811339043797,93427,573,1121,4882,
71.53003651007819,93426,574,1121,4882,
71.53169781086947,93426,573,1122,4882,
71.5328455368707,93426,573,1121,4883,
71.53739744030621,93426,573,1120,4884,
71.54358026291251,93426,572,1121,4884,
71.54374629831335,93426,572,1120,4885,
71.54412232816398,93426,572,1119,4886,
71.5511028792325,93425,573,1119,4886,
71.5513033760484,93424,574,1119,4886,
71.55336266100194,93424,574,1118,4887,
71.55654691960339,93424,574,1117,4888,
71.5633408631759,93424,573,1118,4888,
71.57284850356572,93424,572,1119,4888,
71.57439816385651,93424,571,1120,4888,
71.5755815754884,93424,570,1121,4888,
71.58879472190418,93424,570,1120,4889,
71.59462698630006,93424,569,1121,4889,
71.595192700305,93423,570,1121,4889,
71.59764758379548,93422,571,1121,4889,
71.60393720106092,93421,572,1121,4889,
71.6090193237903,93421,572,1120,4890,
71.6157533492225,93421,572,1119,4891,
71.62303334005674,93420,573,1119,4891,
71.62349501930959,93420,573,1118,4892,
71.62553754490726,93420,573,1117,4893,
71.62558350546342,93420,573,1116,4894,
71.6296045405342,93420,573,1115,4895,
71.63192097209583,93420,572,1116,4895,
71.63612217845471,93420,571,1117,4895,
71.63775699121754,93419,572,1117,4895,
71.6416352988439,93418,573,1117,4895,
71.6427362745075,93418,572,1118,4895,
71.64546476018654,93418,571,1119,4895,
71.65059467312908,93417,572,1119,4895,
71.6526583596697,93417,572,1118,4896,
71.65445126443737,93416,573,1118,4896,
71.65727766170126,93415,574,1118,4896,
71.66000486024062,93415,573,1119,4896,
71.66935708897543,93414,574,1119,4896,
71.66949755741612,93414,573,1120,4896,
71.6716304405097,93414,573,1119,4897,
71.67261338104649,93414,572,1120,4897,
71.67294031162072,93413,573,1120,4897,
71.67604386732337,93413,572,1121,4897,
71.67636590739858,93413,572,1120,4898,
71.67838001973143,93412,573,1120,4898,
71.68032309334534,93412,573,1119,4899,
71.68171219357086,93412,572,1120,4899,
71.68208867459245,93411,573,1120,4899,
71.68346344764281,93411,573,1119,4900,
71.68638349334717,93410,574,1119,4900,
71.68668401795108,93409,575,1119,4900,
71.68759821734099,93409,574,1120,4900,
71.69198934521371,93409,574,1119,4901,
71.69536985348296,93409,573,1120,4901,
71.69633518532063,93408,574,1120,4901,
71.69807909968992,93408,573,1121,4901,
71.6981520161781,93408,573,1120,4902,
71.7084594462833,93408,572,1121,4902,
71.70878990634615,93407,573,1121,4902,
71.71257482310563,93407,573,1120,4903,
71.71803035500072,93406,574,1120,4903,
71.7192972189326,93405,575,1120,4903,
71.72085982724248,93404,576,1120,4903,
71.72285394933236,93404,576,1119,4904,
71.72935073033344,93403,577,1119,4904,
71.72994720971306,93403,577,1118,4905,
71.72999378920946,93403,577,1117,4906,
71.74020754296961,93402,578,1117,4906,
71.74148263252246,93402,577,1118,4906,
71.74167607942564,93401,578,1118,4906,
71.74903961252897,93401,577,1119,4906,
71.74953027104733,93400,578,1119,4906,
71.75104337330491,93400,578,1118,4907,
71.75285979483111,93400,578,1117,4908,
71.75321669407879,93400,577,1118,4908,
71.75419572950176,93400,576,1119,4908,
71.75519347242255,93400,575,1120,4908,
71.75525007626263,93400,574,1121,4908,
71.76619950788603,93400,574,1120,4909,
71.7701676684908,93400,574,1119,4910,
71.77252779865793,93400,573,1120,4910,
71.77518153032307,93400,572,1121,4910,
71.77736786239473,93400,572,1120,4911,
71.78297674741273,93400,571,1121,4911,
71.78311993225478,93400,571,1120,4912,
71.78482301793653,93399,572,1120,4912,
71.78518236655205,93398,573,1120,4912,
71.78661068348804,93398,572,1121,4912,
71.7881651280378,93397,573,1121,4912,
71.78822776098465,93396,574,1121,4912,
71.78919327365254,93395,575,1121,4912,
71.78963897145394,93395,574,1122,4912,
71.79436773483356,93395,573,1123,4912,
71.79597831830351,93395,573,1122,4913,
71.80115589871323,93395,572,1123,4913,
71.80263838601488,93395,572,1122,4914,
71.81250017774907,93395,572,1121,4915,
71.81451921504399,93395,572,1120,4916,
71.8207943039219,93395,572,1119,4917,
71.82139426295325,93395,571,1120,4917,
71.82368908548554,93395,570,1121,4917,
71.82723424613795,93395,569,1122,4917,
71.82727369096818,93395,568,1123,4917,
71.83011584959706,93395,567,1124,4917,
71.84037649401111,93395,566,1125,4917,
71.8418500318065,93395,566,1124,4918,
71.85065148024498,93395,565,1125,4918,
71.8509775283738,93395,565,1124,4919,
71.85157280687534,93394,566,1124,4919,
71.85257701576795,93394,565,1125,4919,
71.85271432775887,93394,565,1124,4920,
71.85622324289241,93394,565,1123,4921,
71.85713646025845,93393,566,1123,4921,
71.85810105150314,93393,566,1122,4922,
71.85841629992993,93393,565,1123,4922,
71.85969817612703,93393,565,1122,4923,
71.86048514240049,93393,565,1121,4924,
71.86100908259664,93392,566,1121,4924,
71.86588023631981,93392,566,1120,4925,
71.86919517385839,93392,566,1119,4926,
71.86926547929276,93392,565,1120,4926,
71.87003201819974,93392,565,1119,4927,
71.8745909392957,93391,566,1119,4927,
71.87503363767522,93391,566,1118,4928,
71.87812795840186,93391,566,1117,4929,
71.88083281891386,93391,566,1116,4930,
71.882380356205,93391,566,1115,4931,
71.88622255037455,93391,566,1114,4932,
71.88928214217167,93390,567,1114,4932,
71.88973484606389,93390,567,1113,4933,
71.89083593968647,93390,567,1112,4934,
71.89923593638083,93389,568,1112,4934,
71.90271347502035,93389,567,1113,4934,
71.90368950314237,93388,568,1113,4934,
71.90796974398205,93388,568,1112,4935,
71.91097207173715,93388,568,1111,4936,
71.91123704016591,93388,568,1110,4937,
71.91361471820964,93387,569,1110,4937,
71.91575344574841,93386,570,1110,4937,
71.91692787735803,93386,569,1111,4937,
71.92019042400769,93386,568,1112,4937,
71.92042167343757,93386,567,1113,4937,
71.92745757561022,93385,568,1113,4937,
71.92962571758818,93385,568,1112,4938,
71.93151534969431,93385,568,1111,4939,
71.93169845083308,93385,568,1110,4940,
71.93206363161406,93385,567,1111,4940,
71.93334560383727,93385,566,1112,4940,
71.9367933291212,93385,566,1111,4941,
71.93682882306119,93385,566,1110,4942,
71.93715414010722,93385,566,1109,4943,
71.94027046740219,93385,566,1108,4944,
71.94993105911367,93385,565,1109,4944,
71.95069857686242,93385,565,1108,4945,
71.95371951762168,93385,565,1107,4946,
71.95415999195129,93384,566,1107,4946,
71.95488045522052,93384,566,1106,4947,
71.9550289767201,93384,566,1105,4948,
71.95943096987705,93384,565,1106,4948,
71.9623891709439,93383,566,1106,4948,
71.9629294847223,93383,566,1105,4949,
71.96390224593048,93382,567,1105,4949,
71.96683202168302,93382,567,1104,4950,
71.96799578637135,93381,568,1104,4950,
71.96999573545072,93381,567,1105,4950,
71.97032523478886,93380,568,1105,4950,
71.97630930612713,93380,567,1106,4950,
71.98569964686095,93380,566,1107,4950,
71.98612182808112,93380,565,1108,4950,
71.98695613472788,93380,564,1109,4950,
71.9892149239802,93380,563,1110,4950,
71.99908187601635,93380,563,1109,4951,
72.00211606551244,93379,564,1109,4951,
72.0024696855647,93379,563,1110,4951,
72.00566541475868,93378,564,1110,4951,
72.00981388070494,93377,565,1110,4951,
72.01145350382991,93377,564,1111,4951,
72.01669211066014,93377,564,1110,4952,
72.01961538101148,93376,565,1110,4952,
72.02026148332705,93376,565,1109,4953,
72.02752152813623,93376,564,1110,4953,
72.03008725572722,93376,564,1109,4954,
72.030618557979,93376,564,1108,4955,
72.0365615179748,93376,563,1109,4955,
72.03770395900355,93376,562,1110,4955,
72.04080015341638,93375,563,1110,4955,
72.04097688749742,93374,564,1110,4955,
72.04991195887814,93374,563,1111,4955,
72.05169543887017,93374,562,1112,4955,
72.05410811662452,93374,562,1111,4956,
72.05925503512992,93374,562,1110,4957,
72.06015207468803,93373,563,1110,4957,
72.06494970942745,93372,564,1110,4957,
72.07100383293852,93372,564,1109,4958,
72.07494570205245,93372,563,1110,4958,
72.07542470858112,93372,562,1111,4958,
72.07747501898953,93371,563,1111,4958,
72.07812221751301,93371,563,1110,4959,
72.07814082861236,93371,562,1111,4959,
72.0793032879015,93371,562,1110,4960,
72.09321362861346,93371,561,1111,4960,
72.09604143787281,93371,561,1110,4961,
72.09726776541457,93371,561,1109,4962,
72.10028392549303,93371,561,1108,4963,
72.10220331433047,93370,562,1108,4963,
72.10408622708476,93369,563,1108,4963,
72.10481869709196,93369,563,1107,4964,
72.10640144613058,93368,564,1107,4964,
72.10927872281715,93368,564,1106,4965,
72.11028086021204,93368,563,1107,4965,
72.11142740631581,93368,562,1108,4965,
72.11342456739621,93368,562,1107,4966,
72.11543760843063,93368,562,1106,4967,
72.12277446534763,93367,563,1106,4967,
72.12602534070231,93367,563,1105,4968,
72.12989458092039,93367,563,1104,4969,
72.1302322216519,93367,563,1103,4970,
72.13499797049863,93367,562,1104,4970,
72.14525351062404,93367,562,1103,4971,
72.15084772153617,93366,563,1103,4971,
72.1559185983436,93366,563,1102,4972,
72.15603785526001,93366,562,1103,4972,
72.15811413252453,93365,563,1103,4972,
72.15889800843595,93365,563,1102,4973,
72.1645536342406,93365,563,1101,4974,
72.16588635158625,93365,563,1100,4975,
72.16592967647759,93365,563,1099,4976,
72.16680465345371,93365,562,1100,4976,
72.16829089366304,93365,562,1099,4977,
72.16920446944201,93365,561,1100,4977,
72.16997105950978,93365,561,1099,4978,
72.17056888035088,93365,561,1098,4979,
72.17749152833305,93365,561,1097,4980,
72.17922094777907,93365,560,1098,4980,
72.18166819661073,93364,561,1098,4980,
72.1909827004004,93364,560,1099,4980,
72.19128177089767,93363,561,1099,4980,
72.20137201630912,93363,561,1098,4981,
72.20368254671502,93363,561,1097,4982,
72.20685844065905,93363,561,1096,4983,
72.20932157857939,93362,562,1096,4983,
72.21477610443705,93362,562,1095,4984,
72.21486248224275,93362,562,1094,4985,
72.21575954414239,93362,562,1093,4986,
72.21598289667554,93362,562,1092,4987,
72.21655912060906,93362,561,1093,4987,
72.22141348128365,93361,562,1093,4987,
72.22421224470213,93360,563,1093,4987,
72.22836448758086,93359,564,1093,4987,
72.22941244497963,93359,564,1092,4988,
72.23252494774987,93358,565,1092,4988,
72.23592702161665,93357,566,1092,4988,
72.23819467060905,93357,565,1093,4988,
72.23914174667735,93357,565,1092,4989,
72.242782109884,93357,565,1091,4990,
72.2470409359417,93357,565,1090,4991,
72.24974109663086,93356,566,1090,4991,
72.25928980205491,93356,565,1091,4991,
72.26154707412478,93356,565,1090,4992,
72.26864628945576,93356,565,1089,4993,
72.27307460158616,93355,566,1089,4993,
72.28721403071425,93355,566,1088,4994,
72.28881629382555,93355,566,1087,4995,
72.28940007820418,93354,567,1087,4995,
72.29058667542373,93353,568,1087,4995,
72.29179466177781,93353,568,1086,4996,
72.2963444153335,93353,568,1085,4997,
72.29927636018368,93353,567,1086,4997,
72.30098895751917,93353,566,1087,4997,
72.30863464869745,93353,565,1088,4997,
72.31654360333874,93353,565,1087,4998,
72.31865404047053,93352,566,1087,4998,
72.32528212148523,93352,565,1088,4998,
72.32859279930403,93352,565,1087,4999,
72.33415497066598,93352,564,1088,4999,
72.33564942677559,93352,564,1087,5000,
72.33584343736959,93352,564,1086,5001,
72.33791403159411,93352,563,1087,5001,
72.33997496556285,93352,562,1088,5001,
72.34151147340248,93352,561,1089,5001,
72.34163086160189,93352,560,1090,5001,
72.34417810083391,93352,560,1089,5002,
72.34566120339313,93352,560,1088,5003,
72.35170563710857,93352,560,1087,5004,
72.36184941884018,93352,559,1088,5004,
72.36820940369232,93352,558,1089,5004,
72.37198437865497,93352,557,1090,5004,
72.37257834427373,93352,557,1089,5005,
72.37392247731364,93352,556,1090,5005,
72.37852192009325,93351,557,1090,5005,
72.37967280456492,93351,556,1091,5005,
72.38455570415562,93351,555,1092,5005,
72.38803808398336,93351,555,1091,5006,
72.38877359366317,93351,555,1090,5007,
72.38964521102912,93351,554,1091,5007,
72.39036373449163,93351,553,1092,5007,
72.39426243403594,93351,552,1093,5007,
72.39625686393423,93351,552,1092,5008,
72.39857151445594,93351,551,1093,5008,
72.39881114260346,93351,550,1094,5008,
72.40102719645591,93351,550,1093,5009,
72.40809420811117,93351,549,1094,5009,
72.40854559054554,93350,550,1094,5009,
72.41181168588582,93349,551,1094,5009,
72.41442574010425,93349,551,1093,5010,
72.4184070555783,93349,550,1094,5010,
72.41875555954061,93349,549,1095,5010,
72.42167767657796,93348,550,1095,5010,
72.42375598048383,93348,550,1094,5011,
72.43021334774579,93348,549,1095,5011,
72.43029547224884,93348,549,1094,5012,
72.43060935172849,93348,548,1095,5012,
72.43221450270717,93348,548,1094,5013,
72.43384322940302,93348,547,1095,5013,
72.43808284798888,93347,548,1095,5013,
72.4415559267799,93346,549,1095,5013,
72.45306017226476,93346,549,1094,5014,
72.46031007424281,93346,549,1093,5015,
72.46136093010395,93345,550,1093,5015,
72.46344102527969,93344,551,1093,5015,
72.46720852298537,93344,550,1094,5015,
72.46899107449975,93343,551,1094,5015,
72.47263874813515,93343,551,1093,5016,
72.47415948954122,93343,551,1092,5017,
72.4744023127391,93342,552,1092,5017,
72.47736774475766,93342,551,1093,5017,
72.4817783337729,93342,550,1094,5017,
72.48420823786412,93342,550,1093,5018,
72.48453970285433,93342,550,1092,5019,
72.48735805577702,93342,549,1093,5019,
72.48966168536404,93341,550,1093,5019,
72.49026522525764,93341,549,1094,5019,
72.49031790830605,93341,549,1093,5020,
72.49048749381619,93341,549,1092,5021,
72.49066596364753,93341,549,1091,5022,
72.49384629558011,93341,548,1092,5022,
72.49485735446814,93340,549,1092,5022,
72.50370798040451,93340,548,1093,5022,
72.50415822374855,93340,547,1094,5022,
72.50878615271844,93340,547,1093,5023,
72.51052212328834,93340,546,1094,5023,
72.51156514302826,93339,547,1094,5023,
72.51728631738985,93339,546,1095,5023,
72.52644460212001,93338,547,1095,5023,
72.52695747952498,93337,548,1095,5023,
72.5367102909135,93337,548,1094,5024,
72.5376969576327,93337,547,1095,5024,
72.54260684137716,93337,546,1096,5024,
72.54862434006476,93337,546,1095,5025,
72.55613010636314,93337,546,1094,5026,
72.55644919436415,93337,546,1093,5027,
72.56094981573224,93337,545,1094,5027,
72.56400361907185,93336,546,1094,5027,
72.56644516165717,93335,547,1094,5027,
72.57528760055283,93335,546,1095,5027,
72.57533916425457,93334,547,1095,5027,
72.57943324750855,93333,548,1095,5027,
72.58006941565863,93333,548,1094,5028,
72.58887616559554,93332,549,1094,5028,
72.58969352177328,93331,550,1094,5028,
72.58969353224823,93331,550,1093,5029,
72.59129097149129,93330,551,1093,5029,
72.5950790607863,93329,552,1093,5029,
72.59527064137512,93329,552,1092,5030,
72.59715363541576,93329,551,1093,5030,
72.59975853790759,93328,552,1093,5030,
72.60141775366328,93328,551,1094,5030,
72.60223758171094,93327,552,1094,5030,
72.60325314414837,93326,553,1094,5030,
72.60871059113703,93325,554,1094,5030,
72.61180020387907,93324,555,1094,5030,
72.61415809888288,93324,554,1095,5030,
72.61596477944482,93324,553,1096,5030,
72.6164135892326,93323,554,1096,5030,
72.6205965687641,93323,554,1095,5031,
72.62283262995592,93323,553,1096,5031,
72.62963588176405,93323,553,1095,5032,
72.63286738536394,93323,553,1094,5033,
72.63439569290912,93322,554,1094,5033,
72.63600460772419,93322,553,1095,5033,
72.63882786658715,93322,552,1096,5033,
72.64023603655417,93322,552,1095,5034,
72.64057258642637,93322,551,1096,5034,
72.64062321219848,93321,552,1096,5034,
72.64066677323609,93321,552,1095,5035,
72.64234753045491,93320,553,1095,5035,
72.6522354902892,93320,553,1094,5036,
72.65797491111326,93320,552,1095,5036,
72.66946695550023,93320,551,1096,5036,
72.67300801318378,93319,552,1096,5036,
72.67900646551168,93319,552,1095,5037,
72.68066656216295,93318,553,1095,5037,
72.68282239381448,93317,554,1095,5037,
72.68288222427755,93317,553,1096,5037,
72.68386975246975,93316,554,1096,5037,
72.69013996134328,93316,554,1095,5038,
72.69360104906113,93316,553,1096,5038,
72.69407201538019,93316,553,1095,5039,
72.69667531843064,93316,553,1094,5040,
72.69680597623564,93316,552,1095,5040,
72.70469298512175,93316,552,1094,5041,
72.70539015345328,93316,551,1095,5041,
72.70832443793,93316,551,1094,5042,
72.7093436718178,93316,550,1095,5042,
72.71180174861196,93315,551,1095,5042,
72.7151055913901,93315,551,1094,5043,
72.71660596117366,93315,551,1093,5044,
72.71753280070149,93315,551,1092,5045,
72.72348011437577,93315,551,1091,5046,
72.7251664891223,93314,552,1091,5046,
72.72705633734972,93314,552,1090,5047,
72.72889435168672,93313,553,1090,5047,
72.72894912858891,93312,554,1090,5047,
72.73066055226548,93312,553,1091,5047,
72.73430721508936,93312,552,1092,5047,
72.73972640253497,93312,552,1091,5048,
72.74070489593231,93312,552,1090,5049,
72.74300061373864,93312,551,1091,5049,
72.74632961219791,93311,552,1091,5049,
72.75059237454194,93311,551,1092,5049,
72.7519362864656,93310,552,1092,5049,
72.75655000998897,93310,552,1091,5050,
72.75784249503425,93310,551,1092,5050,
72.76038378030442,93309,552,1092,5050,
72.76346086982804,93309,551,1093,5050,
72.76681458743371,93309,550,1094,5050,
72.76690546617962,93309,549,1095,5050,
72.77409060153303,93308,550,1095,5050,
72.7760880797371,93308,550,1094,5051,
72.78073317294087,93308,550,1093,5052,
72.78280345805965,93308,550,1092,5053,
72.7830267391617,93308,550,1091,5054,
72.78887415649343,93307,551,1091,5054,
72.79477708175226,93307,551,1090,5055,
72.79655361842326,93306,552,1090,5055,
72.80131339134014,93305,553,1090,5055,
72.80162771355691,93305,552,1091,5055,
72.80400420388622,93305,551,1092,5055,
72.80660699807274,93304,552,1092,5055,
72.80718314441384,93304,551,1093,5055,
72.80779541637847,93303,552,1093,5055,
72.80984593391241,93303,551,1094,5055,
72.81132040475632,93303,550,1095,5055,
72.82415007015169,93303,549,1096,5055,
72.82567981127792,93302,550,1096,5055,
72.82616238498667,93301,551,1096,5055,
72.82638930856598,93301,550,1097,5055,
72.82804869210348,93301,550,1096,5056,
72.83844048309936,93300,551,1096,5056,
72.83903585054085,93300,550,1097,5056,
72.83935219948023,93299,551,1097,5056,
72.84522349490811,93299,551,1096,5057,
72.85175140277482,93299,551,1095,5058,
72.85184030413953,93299,551,1094,5059,
72.8552745358674,93299,551,1093,5060,
72.85909096133294,93299,551,1092,5061,
72.86164124174506,93299,551,1091,5062,
72.86202019253167,93299,551,1090,5063,
72.86297114336985,93298,552,1090,5063,
72.86395521776282,93298,552,1089,5064,
72.86442528244265,93298,551,1090,5064,
72.86468767684553,93297,552,1090,5064,
72.87097605022093,93297,552,1089,5065,
72.87176816239804,93296,553,1089,5065,
72.87178033985514,93295,554,1089,5065,
72.87522276287703,93294,555,1089,5065,
72.87640346990844,93294,554,1090,5065,
72.87883426139194,93294,553,1091,5065,
72.88326651809345,93294,553,1090,5066,
72.88709952832951,93293,554,1090,5066,
72.89226170602572,93293,554,1089,5067,
72.90118963929675,93293,554,1088,5068,
72.9025083644309,93292,555,1088,5068,
72.90677127368176,93291,556,1088,5068,
72.9070358824874,93291,556,1087,5069,
72.90935266232756,93290,557,1087,5069,
72.91263129316268,93290,557,1086,5070,
72.91327953611186,93289,558,1086,5070,
72.91383226702527,93288,559,1086,5070,
72.91706547579328,93288,559,1085,5071,
72.92117913783332,93287,560,1085,5071,
72.9270635143898,93286,561,1085,5071,
72.93123180358988,93286,561,1084,5072,
72.93348955328942,93285,562,1084,5072,
72.93492222592316,93285,561,1085,5072,
72.93543553095331,93285,561,1084,5073,
72.93657624355222,93285,561,1083,5074,
72.93725792228162,93284,562,1083,5074,
72.9389822350214,93284,561,1084,5074,
72.93940946090316,93284,561,1083,5075,
72.94141807919908,93283,562,1083,5075,
72.94178364854305,93282,563,1083,5075,
72.94263044985948,93281,564,1083,5075,
72.94288611947378,93281,563,1084,5075,
72.94509726117748,93280,564,1084,5075,
72.9468686354015,93280,564,1083,5076,
72.9496701768473,93280,563,1084,5076,
72.95260549107525,93279,564,1084,5076,
72.95446024756406,93279,563,1085,5076,
72.95913330728533,93279,563,1084,5077,
72.96216357346572,93279,563,1083,5078,
72.96385014763422,93278,564,1083,5078,
72.96898495817575,93277,565,1083,5078,
72.97011305153964,93277,565,1082,5079,
72.97033183067877,93277,565,1081,5080,
72.97189178556125,93276,566,1081,5080,
72.9736232619622,93276,566,1080,5081,
72.97615886666125,93276,565,1081,5081,
72.97888523497792,93276,565,1080,5082,
72.98322386403935,93276,564,1081,5082,
72.9853819606254,93276,564,1080,5083,
72.98872509650738,93275,565,1080,5083,
72.99333829972792,93274,566,1080,5083,
72.99447785646186,93273,567,1080,5083,
72.99537861342498,93272,568,1080,5083,
72.99641290177871,93271,569,1080,5083,
72.9972705077459,93270,570,1080,5083,
72.99913104739845,93270,570,1079,5084,
73.0014891169782,93270,570,1078,5085,
73.00844726639806,93270,569,1079,5085,
73.00900318895694,93269,570,1079,5085,
73.01192476482562,93268,571,1079,5085,
73.01200646205044,93268,571,1078,5086,
73.01350766107498,93268,571,1077,5087,
73.01444571106506,93268,570,1078,5087,
73.01845981530232,93268,570,1077,5088,
73.01847323847747,93267,571,1077,5088,
73.02785217950148,93267,571,1076,5089,
73.03486262707898,93267,571,1075,5090,
73.03504788015844,93267,570,1076,5090,
73.03610474631574,93266,571,1076,5090,
73.03796339980873,93266,570,1077,5090,
73.03824201083015,93266,569,1078,5090,
73.04078264337485,93266,569,1077,5091,
73.04567795892822,93266,568,1078,5091,
73.04726143268945,93266,567,1079,5091,
73.04889801680315,93265,568,1079,5091,
73.05459810894698,93265,567,1080,5091,
73.05740343388432,93265,567,1079,5092,
73.05887608850122,93265,566,1080,5092,
73.06116014377761,93265,566,1079,5093,
73.0685585426802,93264,567,1079,5093,
73.07020594512856,93264,567,1078,5094,
73.07053953238153,93264,567,1077,5095,
73.07686081233494,93264,567,1076,5096,
73.07971801495367,93264,566,1077,5096,
73.07982135731193,93264,566,1076,5097,
73.08523614578573,93264,566,1075,5098,
73.08631123678032,93264,565,1076,5098,
73.08822142552494,93264,565,1075,5099,
73.09182256432214,93264,564,1076,5099,
73.09567847562575,93264,563,1077,5099,
73.09760173865689,93264,562,1078,5099,
73.09820863842816,93263,563,1078,5099,
73.09908144123243,93262,564,1078,5099,
73.1008431440324,93261,565,1078,5099,
73.10563828444133,93261,565,1077,5100,
73.10859057942581,93261,564,1078,5100,
73.11019860449993,93261,563,1079,5100,
73.11528107283766,93261,562,1080,5100,
73.11618397458996,93261,561,1081,5100,
73.11648801931594,93261,560,1082,5100,
73.12338252265073,93260,561,1082,5100,
73.12384336969258,93259,562,1082,5100,
73.12601261080447,93259,562,1081,5101,
73.12615180136642,93259,561,1082,5101,
73.13273127974617,93258,562,1082,5101,
73.13736565592475,93258,562,1081,5102,
73.1391654992601,93258,561,1082,5102,
73.14578135013767,93258,560,1083,5102,
73.14919059343268,93258,559,1084,5102,
73.15505289126438,93257,560,1084,5102,
73.15753080476327,93257,559,1085,5102,
73.16092850379441,93257,558,1086,5102,
73.16241657228827,93257,557,1087,5102,
73.16511927204407,93257,557,1086,5103,
73.16685591209409,93256,558,1086,5103,
73.17389064204389,93256,558,1085,5104,
73.17447643399407,93256,558,1084,5105,
73.17515451467753,93256,557,1085,5105,
73.18496484254517,93256,557,1084,5106,
73.18604545209377,93255,558,1084,5106,
73.18786813376218,93255,557,1085,5106,
73.19073008052212,93255,556,1086,5106,
73.19290433201738,93255,556,1085,5107,
73.19302954879655,93254,557,1085,5107,
73.19744319244364,93254,556,1086,5107,
73.20241194509171,93254,555,1087,5107,
73.20438088241904,93254,555,1086,5108,
73.20739058677574,93254,554,1087,5108,
73.20900096947675,93254,554,1086,5109,
73.20906716805439,93253,555,1086,5109,
73.21649376184457,93253,555,1085,5110,
73.22191991646459,93253,555,1084,5111,
73.22198618388362,93253,554,1085,5111,
73.22491285954067,93252,555,1085,5111,
73.22884166703649,93252,555,1084,5112,
73.23084178080218,93252,554,1085,5112,
73.23987145436601,93252,554,1084,5113,
73.24036823599812,93251,555,1084,5113,
73.24526283196883,93250,556,1084,5113,
73.24936508017339,93250,555,1085,5113,
73.25120765794345,93250,555,1084,5114,
73.25188843573038,93249,556,1084,5114,
73.25265498610507,93248,557,1084,5114,
73.25418952977344,93248,556,1085,5114,
73.25693754459579,93247,557,1085,5114,
73.25867820254592,93246,558,1085,5114,
73.26067234487353,93246,557,1086,5114,
73.26169586071572,93246,557,1085,5115,
73.26224948238426,93246,557,1084,5116,
73.26225282828263,93246,556,1085,5116,
73.26395105526986,93245,557,1085,5116,
73.2649763866099,93245,556,1086,5116,
73.26539697553376,93244,557,1086,5116,
73.26553352941667,93243,558,1086,5116,
73.2680998902056,93242,559,1086,5116,
73.27277599858238,93241,560,1086,5116,
73.27380487438029,93240,561,1086,5116,
73.27966328454684,93240,561,1085,5117,
73.28076368671154,93240,561,1084,5118,
73.28139444819473,93239,562,1084,5118,
73.28546990435632,93238,563,1084,5118,
73.28692068993495,93238,563,1083,5119,
73.29051053881786,93238,563,1082,5120,
73.29156423456973,93238,562,1083,5120,
73.29440654389671,93237,563,1083,5120,
73.29498145958391,93237,562,1084,5120,
73.29729905919365,93236,563,1084,5120,
73.30303064207123,93236,563,1083,5121,
73.30852733438155,93235,564,1083,5121,
73.30890536025629,93234,565,1083,5121,
73.3103178301634,93234,564,1084,5121,
73.31083873192772,93234,563,1085,5121,
73.31979260861382,93234,562,1086,5121,
73.32011349690767,93234,562,1085,5122,
73.32027286669643,93233,563,1085,5122,
73.32089586731176,93233,563,1084,5123,
73.32302093500901,93232,564,1084,5123,
73.32385309317279,93231,565,1084,5123,
73.3291732922388,93231,565,1083,5124,
73.33348045521095,93231,565,1082,5125,
73.33481922439873,93230,566,1082,5125,
73.33646358534386,93230,565,1083,5125,
73.33806969918736,93230,564,1084,5125,
73.33896013353288,93230,564,1083,5126,
73.33927789457933,93230,563,1084,5126,
73.33955675622245,93230,563,1083,5127,
73.34232875123192,93229,564,1083,5127,
73.34645464164332,93228,565,1083,5127,
73.35225944491395,93228,564,1084,5127,
73.35411454649875,93228,563,1085,5127,
73.35621437831787,93228,562,1086,5127,
73.35771301158633,93228,562,1085,5128,
73.36290079299592,93228,562,1084,5129,
73.36437893436559,93228,561,1085,5129,
73.36719145485324,93227,562,1085,5129,
73.36802147381836,93227,562,1084,5130,
73.37459117662438,93227,561,1085,5130,
73.37717408045108,93227,561,1084,5131,
73.37769298780455,93227,560,1085,5131,
73.37777643724988,93227,559,1086,5131,
73.38529099857098,93227,558,1087,5131,
73.38672819271916,93227,558,1086,5132,
73.39220591705104,93227,557,1087,5132,
73.39257998999832,93227,556,1088,5132,
73.39432802709916,93226,557,1088,5132,
73.39825024573585,93225,558,1088,5132,
73.3986049172845,93225,558,1087,5133,
73.39863164714438,93225,558,1086,5134,
73.40293337956327,93225,558,1085,5135,
73.40437746407804,93225,557,1086,5135,
73.40591711135929,93224,558,1086,5135,
73.40805473873795,93223,559,1086,5135,
73.408322500601,93223,558,1087,5135,
73.40964720858032,93223,557,1088,5135,
73.41007259615712,93223,556,1089,5135,
73.41287829284983,93223,555,1090,5135,
73.41972729814303,93222,556,1090,5135,
73.42151514174478,93222,556,1089,5136,
73.42377606477322,93222,556,1088,5137,
73.42792314878085,93221,557,1088,5137,
73.4360097430393,93220,558,1088,5137,
73.43745340906507,93220,557,1089,5137,
73.43956970014605,93220,556,1090,5137,
73.44053506497688,93220,555,1091,5137,
73.4431095839699,93220,554,1092,5137,
73.44353005322628,93220,554,1091,5138,
73.45013457154046,93220,553,1092,5138,
73.45263217619963,93220,552,1093,5138,
73.45692121616669,93220,551,1094,5138,
73.45732104166296,93219,552,1094,5138,
73.46081795299627,93218,553,1094,5138,
73.46776112612952,93218,552,1095,5138,
73.46835173762827,93218,551,1096,5138,
73.47102267962997,93218,550,1097,5138,
73.47235279395775,93218,549,1098,5138,
73.47247279803439,93218,549,1097,5139,
73.47328142777675,93217,550,1097,5139,
73.47815886012702,93217,549,1098,5139,
73.47833312629477,93216,550,1098,5139,
73.48559405456741,93215,551,1098,5139,
73.48777673683462,93215,551,1097,5140,
73.49167954338122,93215,551,1096,5141,
73.49391139157747,93215,550,1097,5141,
73.4949281874193,93215,549,1098,5141,
73.49625907070815,93215,548,1099,5141,
73.4971849109374,93214,549,1099,5141,
73.50854527574532,93214,548,1100,5141,
73.50956683211285,93214,547,1101,5141,
73.51345619192446,93214,546,1102,5141,
73.51459818893727,93214,546,1101,5142,
73.51794469343224,93214,546,1100,5143,
73.52312161399007,93214,546,1099,5144,
73.52367497707814,93214,545,1100,5144,
73.52383190396954,93214,544,1101,5144,
73.52582898200879,93214,543,1102,5144,
73.5287978729867,93214,543,1101,5145,
73.53235956675397,93214,542,1102,5145,
73.53294935864857,93214,542,1101,5146,
73.53518075574877,93214,542,1100,5147,
73.53673817667598,93214,542,1099,5148,
73.54000569375272,93213,543,1099,5148,
73.54161848515164,93213,543,1098,5149,
73.54286033633704,93212,544,1098,5149,
73.5464217821259,93212,543,1099,5149,
73.55119992415023,93211,544,1099,5149,
73.55291309350781,93211,543,1100,5149,
73.55328650497303,93210,544,1100,5149,
73.55379941956409,93210,544,1099,5150,
73.55757077164051,93210,543,1100,5150,
73.56140707005099,93210,542,1101,5150,
73.56142330062336,93209,543,1101,5150,
73.56544092058691,93208,544,1101,5150,
73.57182000672876,93208,544,1100,5151,
73.57982739097002,93208,543,1101,5151,
73.5823049272372,93208,543,1100,5152,
73.58535461574812,93208,543,1099,5153,
73.58670688707662,93208,543,1098,5154,
73.58792393614593,93208,542,1099,5154,
73.5925610427288,93208,542,1098,5155,
73.59561716685064,93208,541,1099,5155,
73.59711117278773,93208,540,1100,5155,
73.60050088730644,93207,541,1100,5155,
73.60362644565967,93207,540,1101,5155,
73.60466785346597,93207,539,1102,5155,
73.60695654163334,93206,540,1102,5155,
73.60915793534569,93206,540,1101,5156,
73.61043872669272,93205,541,1101,5156,
73.61396463512777,93205,540,1102,5156,
73.6163564693107,93205,540,1101,5157,
73.61960075939554,93205,540,1100,5158,
73.6236000070193,93204,541,1100,5158,
73.6241407234862,93204,540,1101,5158,
73.6280129862531,93203,541,1101,5158,
73.62947931987144,93203,541,1100,5159,
73.62952563553316,93203,541,1099,5160,
73.63049106526462,93203,541,1098,5161,
73.63252594451299,93203,541,1097,5162,
73.6345004649412,93203,540,1098,5162,
73.63628121335705,93203,539,1099,5162,
73.63707783644304,93202,540,1099,5162,
73.64056801103999,93202,540,1098,5163,
73.64559927351203,93201,541,1098,5163,
73.64784137172923,93201,541,1097,5164,
73.65209818664965,93200,542,1097,5164,
73.65679956511187,93200,541,1098,5164,
73.66274866180919,93200,540,1099,5164,
73.66457357613507,93200,540,1098,5165,
73.67332310008737,93199,541,1098,5165,
73.67711981912376,93199,540,1099,5165,
73.68008651679412,93199,540,1098,5166,
73.68654769276665,93199,540,1097,5167,
73.69373057098908,93199,540,1096,5168,
73.69439562087194,93199,539,1097,5168,
73.69999993366876,93199,538,1098,5168,
73.70458393663112,93198,539,1098,5168,
73.71007231709012,93198,539,1097,5169,
73.71240412034302,93198,538,1098,5169,
73.71273779177682,93197,539,1098,5169,
73.71496427061655,93196,540,1098,5169,
73.72064392106358,93196,539,1099,5169,
73.72254327881603,93195,540,1099,5169,
73.7227101629246,93195,540,1098,5170,
73.7234727247731,93195,539,1099,5170,
73.7240941637218,93194,540,1099,5170,
73.73057235834297,93194,539,1100,5170,
73.73115841980146,93194,538,1101,5170,
73.74380222595623,93193,539,1101,5170,
73.75073421914513,93192,540,1101,5170,
73.75190289567777,93192,540,1100,5171,
73.75374705990001,93192,540,1099,5172,
73.75570047972484,93192,539,1100,5172,
73.76031564888547,93191,540,1100,5172,
73.76264851280553,93191,539,1101,5172,
73.7643173182957,93191,538,1102,5172,
73.76740984290366,93191,537,1103,5172,
73.77422880454273,93191,536,1104,5172,
73.7755053282056,93191,536,1103,5173,
73.77900936795935,93190,537,1103,5173,
73.78424902103933,93189,538,1103,5173,
73.78764596430696,93189,538,1102,5174,
73.7890721919646,93188,539,1102,5174,
73.79207969922032,93188,539,1101,5175,
73.8014919129387,93188,539,1100,5176,
73.80205050670132,93188,538,1101,5176,
73.80766792898214,93188,538,1100,5177,
73.8079220998626,93187,539,1100,5177,
73.80948234313207,93187,539,1099,5178,
73.81126369541165,93187,539,1098,5179,
73.81628701748845,93187,539,1097,5180,
73.81825953787902,93187,539,1096,5181,
73.81829562304175,93186,540,1096,5181,
73.81948738850986,93186,540,1095,5182,
73.82542586403683,93185,541,1095,5182,
73.82597354957063,93185,541,1094,5183,
73.82849848170812,93185,541,1093,5184,
73.8316160484554,93185,540,1094,5184,
73.84038493839299,93185,540,1093,5185,
73.84239705920133,93185,540,1092,5186,
73.84378851758726,93184,541,1092,5186,
73.84494627303431,93184,540,1093,5186,
73.84987344760947,93184,539,1094,5186,
73.86048652407909,93184,538,1095,5186,
73.86458192348721,93184,538,1094,5187,
73.86542404950659,93184,538,1093,5188,
73.86876350696882,93184,538,1092,5189,
73.8698034607702,93183,539,1092,5189,
73.87015559776154,93183,539,1091,5190,
73.87101266279642,93182,540,1091,5190,
73.87213235672637,93182,539,1092,5190,
73.87332544304064,93182,538,1093,5190,
73.88147390654211,93181,539,1093,5190,
73.88256727949856,93181,539,1092,5191,
73.88336570198832,93181,538,1093,5191,
73.88389354933804,93181,537,1094,5191,
73.89106442646651,93181,537,1093,5192,
73.89431698502264,93180,538,1093,5192,
73.90147292027495,93180,538,1092,5193,
73.90328410506183,93180,537,1093,5193,
73.90866257811561,93179,538,1093,5193,
73.9089918082715,93179,538,1092,5194,
73.90917160404632,93179,537,1093,5194,
73.90954314639055,93179,537,1092,5195,
73.91123226525553,93178,538,1092,5195,
73.92167690388902,93177,539,1092,5195,
73.93235977386868,93177,538,1093,5195,
73.94164068157885,93176,539,1093,5195,
73.94269803360422,93176,538,1094,5195,
73.94440961857016,93176,538,1093,5196,
73.94552112858514,93176,537,1094,5196,
73.94633411005515,93176,537,1093,5197,
73.95197818756688,93176,536,1094,5197,
73.95566605423693,93175,537,1094,5197,
73.9572094330034,93175,536,1095,5197,
73.95728995086228,93175,536,1094,5198,
73.96243614315227,93175,536,1093,5199,
73.9627475672799,93175,535,1094,5199,
73.96378069414139,93175,534,1095,5199,
73.96478772073712,93175,533,1096,5199,
73.96580126182437,93175,533,1095,5200,
73.97137427957031,93175,532,1096,5200,
73.97964122095802,93175,532,1095,5201,
73.98148425750725,93175,532,1094,5202,
73.98306730492547,93175,532,1093,5203,
73.98373033777786,93174,533,1093,5203,
73.98520269416483,93174,532,1094,5203,
73.98526520076774,93174,532,1093,5204,
73.98591267084163,93174,531,1094,5204,
73.98655442329586,93174,530,1095,5204,
73.99198251190359,93174,530,1094,5205,
73.99740965465514,93174,530,1093,5206,
74.00128240878092,93173,531,1093,5206,
74.00899099592309,93173,531,1092,5207,
74.01038761091846,93172,532,1092,5207,
74.0122902951234,93172,531,1093,5207,
74.01262297049068,93172,531,1092,5208,
74.01646350632731,93172,530,1093,5208,
74.01942939411845,93172,529,1094,5208,
74.02416759125222,93171,530,1094,5208,
74.03119152122557,93171,530,1093,5209,
74.03439429950382,93171,530,1092,5210,
74.0395842869806,93171,529,1093,5210,
74.04016598897935,93170,530,1093,5210,
74.0438848029045,93170,529,1094,5210,
74.04854854510103,93170,529,1093,5211,
74.04898393730929,93169,530,1093,5211,
74.04984156126689,93169,530,1092,5212,
74.04992373685234,93169,529,1093,5212,
74.05695001103894,93169,529,1092,5213,
74.05751769199208,93169,529,1091,5214,
74.06525533158585,93169,529,1090,5215,
74.0677803688024,93169,528,1091,5215,
74.06858643597971,93169,528,1090,5216,
74.07173426686091,93169,528,1089,5217,
74.0717793758809,93169,527,1090,5217,
74.07251571214496,93169,527,1089,5218,
74.0725457039707,93169,526,1090,5218,
74.07615529155619,93169,525,1091,5218,
74.07656379427452,93169,524,1092,5218,
74.08353553879967,93168,525,1092,5218,
74.08455690897465,93168,524,1093,5218,
74.08529600879052,93167,525,1093,5218,
74.08606155204163,93167,525,1092,5219,
74.08805028189354,93167,524,1093,5219,
74.08826410083373,93166,525,1093,5219,
74.08916269665195,93166,524,1094,5219,
74.09085486617563,93166,524,1093,5220,
74.10899706615601,93166,524,1092,5221,
74.11410416141038,93166,524,1091,5222,
74.11668341686614,93165,525,1091,5222,
74.11786193605889,93165,524,1092,5222,
74.12057576055732,93165,523,1093,5222,
74.1209139735993,93165,522,1094,5222,
74.12237177726959,93165,521,1095,5222,
74.13165808339508,93165,520,1096,5222,
74.14438697938007,93165,519,1097,5222,
74.14687622123222,93164,520,1097,5222,
74.14720795850033,93164,520,1096,5223,
74.14908413524812,93164,520,1095,5224,
74.15170104638078,93163,521,1095,5224,
74.15221362765499,93163,521,1094,5225,
74.15405721396584,93162,522,1094,5225,
74.16564052845087,93162,522,1093,5226,
74.16887924195167,93162,521,1094,5226,
74.16952828176129,93162,520,1095,5226,
74.17489350538267,93161,521,1095,5226,
74.17575879649698,93161,520,1096,5226,
74.17685666423192,93161,520,1095,5227,
74.183418819224,93160,521,1095,5227,
74.18832917600015,93160,520,1096,5227,
74.19011923848392,93159,521,1096,5227,
74.20034535451275,93159,521,1095,5228,
74.20715615690344,93159,521,1094,5229,
74.20860583712866,93158,522,1094,5229,
74.20872123994606,93158,522,1093,5230,
74.21068025071186,93158,522,1092,5231,
74.21571005854562,93158,522,1091,5232,
74.22059984790708,93158,521,1092,5232,
74.22248538578414,93158,521,1091,5233,
74.2235866613132,93157,522,1091,5233,
74.22908204836361,93157,521,1092,5233,
74.23190270313296,93156,522,1092,5233,
74.23423819456684,93156,522,1091,5234,
74.23736416552555,93155,523,1091,5234,
74.23750984994999,93155,523,1090,5235,
74.24056583543052,93155,522,1091,5235,
74.24238263247723,93155,521,1092,5235,
74.2447144169958,93155,521,1091,5236,
74.25385816909679,93155,520,1092,5236,
74.2595785067002,93155,519,1093,5236,
74.26401880152079,93155,519,1092,5237,
74.26559545417075,93154,520,1092,5237,
74.26614587857011,93153,521,1092,5237,
74.27505722292068,93152,522,1092,5237,
74.28196946611301,93152,522,1091,5238,
74.28277994169812,93151,523,1091,5238,
74.28284438372836,93151,523,1090,5239,
74.28520709388519,93150,524,1090,5239,
74.28541683699186,93149,525,1090,5239,
74.28564005195678,93148,526,1090,5239,
74.28768960017236,93147,527,1090,5239,
74.29142760232796,93147,526,1091,5239,
74.29196290695924,93147,525,1092,5239,
74.29423376072522,93147,524,1093,5239,
74.29457811639406,93147,524,1092,5240,
74.296754171576,93146,525,1092,5240,
74.30014774354686,93145,526,1092,5240,
74.30089605187516,93145,526,1091,5241,
74.30118675597515,93144,527,1091,5241,
74.30738291327555,93143,528,1091,5241,
74.31242814550312,93143,527,1092,5241,
74.31411489308294,93143,527,1091,5242,
74.31778182868815,93143,526,1092,5242,
74.32259956750926,93143,525,1093,5242,
74.32658069389674,93143,525,1092,5243,
74.32675327095541,93143,525,1091,5244,
74.32755761433623,93143,525,1090,5245,
74.32905153007971,93142,526,1090,5245,
74.33571205705597,93142,526,1089,5246,
74.33686248061466,93141,527,1089,5246,
74.34653016998064,93140,528,1089,5246,
74.34670441647373,93139,529,1089,5246,
74.34992666358696,93139,529,1088,5247,
74.35074317416392,93138,530,1088,5247,
74.35113693433846,93138,529,1089,5247,
74.35131934281631,93138,529,1088,5248,
74.35227850448126,93138,528,1089,5248,
74.35333362834207,93138,527,1090,5248,
74.35665063840926,93137,528,1090,5248,
74.35737767115627,93137,528,1089,5249,
74.35781539606268,93136,529,1089,5249,
74.35993921856274,93135,530,1089,5249,
74.36114886420859,93135,529,1090,5249,
74.3670774945596,93135,528,1091,5249,
74.36752692573901,93135,527,1092,5249,
74.37162255990738,93134,528,1092,5249,
74.37180415238176,93134,528,1091,5250,
74.37446890523108,93134,528,1090,5251,
74.3789069459235,93133,529,1090,5251,
74.38099695559256,93133,529,1089,5252,
74.38103646747888,93133,528,1090,5252,
74.38248185337486,93133,528,1089,5253,
74.38479180753654,93133,527,1090,5253,
74.38830839320954,93132,528,1090,5253,
74.39212579602314,93132,527,1091,5253,
74.39320019239261,93132,527,1090,5254,
74.39391279286197,93132,527,1089,5255,
74.39644809994172,93132,526,1090,5255,
74.4008535113083,93132,526,1089,5256,
74.4009879008991,93132,526,1088,5257,
74.40349971792753,93132,526,1087,5258,
74.4061754369294,93132,526,1086,5259,
74.40943708807984,93131,527,1086,5259,
74.42155263316398,93130,528,1086,5259,
74.42173301843694,93130,527,1087,5259,
74.42230987786124,93129,528,1087,5259,
74.42353825351188,93129,527,1088,5259,
74.43145882519084,93129,526,1089,5259,
74.43179906055116,93129,525,1090,5259,
74.43823751873978,93129,525,1089,5260,
74.4385426730403,93128,526,1089,5260,
74.4409240875789,93127,527,1089,5260,
74.4424400794749,93126,528,1089,5260,
74.44318196945105,93126,527,1090,5260,
74.44469579453623,93126,526,1091,5260,
74.44537373500788,93126,526,1090,5261,
74.44617727265718,93126,525,1091,5261,
74.4501169729114,93126,525,1090,5262,
74.45541759111447,93125,526,1090,5262,
74.45997687330993,93124,527,1090,5262,
74.46091062380556,93124,526,1091,5262,
74.46610334834396,93123,527,1091,5262,
74.46789242081276,93122,528,1091,5262,
74.46889779023745,93121,529,1091,5262,
74.4708531980748,93121,528,1092,5262,
74.47306084523541,93121,528,1091,5263,
74.47621074364521,93120,529,1091,5263,
74.48270437365613,93119,530,1091,5263,
74.48577110292513,93118,531,1091,5263,
74.48640006442275,93118,531,1090,5264,
74.48703894848614,93118,531,1089,5265,
74.48906749728422,93117,532,1089,5265,
74.4924193364268,93117,532,1088,5266,
74.49590561995971,93117,532,1087,5267,
74.4968306518862,93117,532,1086,5268,
74.49732009897747,93117,532,1085,5269,
74.49771920168142,93116,533,1085,5269,
74.49880303671029,93116,533,1084,5270,
74.50063630132477,93116,533,1083,5271,
74.50082283013705,93115,534,1083,5271,
74.50842034203623,93115,533,1084,5271,
74.5184412618066,93115,533,1083,5272,
74.51950949599767,93114,534,1083,5272,
74.52980141700593,93113,535,1083,5272,
74.53331571895592,93113,534,1084,5272,
74.53352026340129,93113,533,1085,5272,
74.5351408077652,93113,533,1084,5273,
74.53911902672218,93112,534,1084,5273,
74.5418745412542,93112,533,1085,5273,
74.54404588952787,93111,534,1085,5273,
74.54967369201022,93110,535,1085,5273,
74.55241385312964,93109,536,1085,5273,
74.55734929651797,93108,537,1085,5273,
74.56468744701688,93107,538,1085,5273,
74.56611417597621,93106,539,1085,5273,
74.56690954386433,93105,540,1085,5273,
74.56918600823015,93105,539,1086,5273,
74.5722237286837,93105,538,1087,5273,
74.5731728019955,93105,537,1088,5273,
74.57327860778965,93104,538,1088,5273,
74.57560420222171,93104,538,1087,5274,
74.57614772633714,93104,538,1086,5275,
74.57645640491975,93103,539,1086,5275,
74.57785210934597,93102,540,1086,5275,
74.57938652634763,93101,541,1086,5275,
74.58071038090577,93100,542,1086,5275,
74.58365058148549,93100,542,1085,5276,
74.58390302631118,93100,541,1086,5276,
74.59054521814737,93099,542,1086,5276,
74.59062613614674,93099,542,1085,5277,
74.59360246647222,93099,541,1086,5277,
74.59863993343143,93099,540,1087,5277,
74.61010418788233,93099,540,1086,5278,
74.61550170142655,93098,541,1086,5278,
74.61824435396667,93097,542,1086,5278,
74.61926808662469,93097,542,1085,5279,
74.62005041515727,93097,541,1086,5279,
74.62026926907049,93097,540,1087,5279,
74.62567438612376,93097,540,1086,5280,
74.6303602513178,93097,540,1085,5281,
74.630747818996,93097,539,1086,5281,
74.63336233543048,93097,539,1085,5282,
74.63935810890311,93097,539,1084,5283,
74.64259246145808,93096,540,1084,5283,
74.64757786721573,93096,539,1085,5283,
74.65209942194475,93095,540,1085,5283,
74.65796212220609,93094,541,1085,5283,
74.65968415390796,93094,541,1084,5284,
74.66049534337125,93094,541,1083,5285,
74.66072806653105,93094,541,1082,5286,
74.66402767630026,93094,540,1083,5286,
74.66551671486826,93093,541,1083,5286,
74.6655422110859,93093,540,1084,5286,
74.66914963571902,93093,539,1085,5286,
74.67024214691682,93092,540,1085,5286,
74.67110886109495,93092,539,1086,5286,
74.67285238352329,93091,540,1086,5286,
74.67901084066483,93091,539,1087,5286,
74.6795125460589,93091,539,1086,5287,
74.68163485195058,93091,539,1085,5288,
74.6831455784691,93091,539,1084,5289,
74.6870624368299,93091,539,1083,5290,
74.687837148196,93091,538,1084,5290,
74.68954313885868,93091,538,1083,5291,
74.69021818661949,93091,537,1084,5291,
74.6919595763179,93090,538,1084,5291,
74.69911572133785,93089,539,1084,5291,
74.70172633925475,93089,539,1083,5292,
74.70474032064955,93089,538,1084,5292,
74.70541902583477,93089,538,1083,5293,
74.7066849309029,93089,537,1084,5293,
74.70828689058042,93089,536,1085,5293,
74.71101810798876,93089,535,1086,5293,
74.71256549070321,93089,535,1085,5294,
74.71505133625058,93088,536,1085,5294,
74.72111846062447,93087,537,1085,5294,
74.72266385062166,93086,538,1085,5294,
74.72808697328392,93086,538,1084,5295,
74.72923299337539,93086,538,1083,5296,
74.73718898758801,93085,539,1083,5296,
74.74336925998468,93085,538,1084,5296,
74.74351194719597,93085,537,1085,5296,
74.74361384528123,93085,536,1086,5296,
74.75228899582943,93085,536,1085,5297,
74.75474422301329,93085,535,1086,5297,
74.75527889953214,93085,534,1087,5297,
74.76172642006082,93084,535,1087,5297,
74.76188672029934,93084,535,1086,5298,
74.76665353033232,93084,534,1087,5298,
74.77409999857147,93084,533,1088,5298,
74.77619839402392,93084,532,1089,5298,
74.77738500698932,93083,533,1089,5298,
74.78203501129774,93083,533,1088,5299,
74.78207530665814,93083,533,1087,5300,
74.78712311316603,93083,533,1086,5301,
74.79339853419776,93083,533,1085,5302,
74.79428352726602,93083,532,1086,5302,
74.79748647457714,93083,531,1087,5302,
74.8089406872769,93083,531,1086,5303,
74.8109772927049,93083,531,1085,5304,
74.82039720924531,93083,531,1084,5305,
74.82480981006724,93082,532,1084,5305,
74.83393782335848,93082,532,1083,5306,
74.83504148760602,93082,531,1084,5306,
74.83816311852279,93082,531,1083,5307,
74.8455940935748,93082,531,1082,5308,
74.84671296472992,93081,532,1082,5308,
74.8509599918106,93081,532,1081,5309,
74.8511101992281,93080,533,1081,5309,
74.85129537131706,93080,533,1080,5310,
74.8563008903032,93079,534,1080,5310,
74.86312385791524,93079,534,1079,5311,
74.864086872249,93079,534,1078,5312,
74.87118701510974,93079,533,1079,5312,
74.87417920866194,93079,533,1078,5313,
74.87573279339274,93079,533,1077,5314,
74.8795420441997,93079,533,1076,5315,
74.88063027439631,93079,532,1077,5315,
74.88122580604961,93079,531,1078,5315,
74.88432544307233,93079,531,1077,5316,
74.88982650231361,93079,531,1076,5317,
74.88996606156579,93079,531,1075,5318,
74.89458893826941,93079,531,1074,5319,
74.89748372895596,93079,530,1075,5319,
74.89767021775279,93079,530,1074,5320,
74.90065835212538,93078,531,1074,5320,
74.90173161349281,93077,532,1074,5320,
74.90226866312484,93077,531,1075,5320,
74.91044880790415,93077,530,1076,5320,
74.91083757105565,93077,530,1075,5321,
74.91100448718149,93077,530,1074,5322,
74.9139375958664,93076,531,1074,5322,
74.91827493887948,93076,531,1073,5323,
74.91956080109046,93076,531,1072,5324,
74.92332145297596,93075,532,1072,5324,
74.92759699594926,93074,533,1072,5324,
74.9278660940314,93074,533,1071,5325,
74.93160835266207,93074,532,1072,5325,
74.93228816619258,93073,533,1072,5325,
74.93559362501966,93073,532,1073,5325,
74.93751703826209,93072,533,1073,5325,
74.93995786069404,93072,532,1074,5325,
74.94607369253026,93072,532,1073,5326,
74.94765440522724,93072,532,1072,5327,
74.94791278203115,93072,531,1073,5327,
74.94920224489118,93072,531,1072,5328,
74.95124515271783,93072,531,1071,5329,
74.95148603383741,93072,530,1072,5329,
74.95568696823858,93072,530,1071,5330,
74.9568224899686,93071,531,1071,5330,
74.95711025192452,93070,532,1071,5330,
74.95987591378163,93070,532,1070,5331,
74.96187394699216,93070,532,1069,5332,
74.96536651276827,93070,531,1070,5332,
74.96550219257603,93070,531,1069,5333,
74.96617521162088,93070,530,1070,5333,
74.96757606070534,93070,529,1071,5333,
74.9703170588575,93070,528,1072,5333,
74.97676058467772,93069,529,1072,5333,
74.98112864430885,93069,529,1071,5334,
74.98291851566852,93069,529,1070,5335,
74.98643376000233,93069,528,1071,5335,
74.98866263337419,93068,529,1071,5335,
74.99240789908004,93068,529,1070,5336,
74.99351044907233,93068,528,1071,5336,
74.99525297392857,93068,527,1072,5336,
74.9953337268688,93068,526,1073,5336,
75.00549224985369,93068,525,1074,5336,
75.00551389476853,93068,524,1075,5336,
75.00653973745851,93068,524,1074,5337,
75.00746291849619,93068,524,1073,5338,
75.01148437746663,93068,524,1072,5339,
75.01220789818362,93067,525,1072,5339,
75.01485660530268,93067,525,1071,5340,
75.01737158347703,93067,525,1070,5341,
75.0226181990783,93067,525,1069,5342,
75.0261335366399,93067,524,1070,5342,
75.03138045553499,93067,523,1071,5342,
75.03819691672075,93067,522,1072,5342,
75.05450400421861,93067,522,1071,5343,
75.05792609411569,93067,522,1070,5344,
75.05800150535572,93066,523,1070,5344,
75.05876455308139,93066,522,1071,5344,
75.06106193679472,93065,523,1071,5344,
75.0631448320325,93065,523,1070,5345,
75.0709642473239,93065,523,1069,5346,
75.073076781901,93065,523,1068,5347,
75.07411702326453,93065,522,1069,5347,
75.076406337688,93064,523,1069,5347,
75.07934965683071,93064,523,1068,5348,
75.0806923442068,93064,523,1067,5349,
75.08667769936422,93064,522,1068,5349,
75.08746499340253,93064,521,1069,5349,
75.09229050705537,93064,520,1070,5349,
75.09530234641397,93064,519,1071,5349,
75.09565404247118,93063,520,1071,5349,
75.10074037940191,93062,521,1071,5349,
75.10091201741011,93061,522,1071,5349,
75.10754185191018,93061,522,1070,5350,
75.11140830652697,93061,522,1069,5351,
75.11477149154624,93060,523,1069,5351,
75.11540522678166,93059,524,1069,5351,
75.12108070755139,93059,524,1068,5352,
75.12216324851708,93059,523,1069,5352,
75.13175628074454,93059,522,1070,5352,
75.13203379394724,93059,522,1069,5353,
75.13228489048817,93058,523,1069,5353,
75.13266692228663,93057,524,1069,5353,
75.1342547707483,93057,524,1068,5354,
75.134770474049,93057,524,1067,5355,
75.13968537108119,93056,525,1067,5355,
75.14037787781109,93056,525,1066,5356,
75.14536115068763,93056,525,1065,5357,
75.14655970181241,93056,525,1064,5358,
75.14686413675885,93056,525,1063,5359,
75.15115187870553,93056,524,1064,5359,
75.15510434777053,93056,524,1063,5360,
75.15592165146604,93056,523,1064,5360,
75.16179898617462,93056,523,1063,5361,
75.16245821977925,93056,523,1062,5362,
75.1653804697246,93056,523,1061,5363,
75.16640949493109,93056,523,1060,5364,
75.16886034520172,93055,524,1060,5364,
75.17075506878984,93054,525,1060,5364,
75.18278325856527,93054,524,1061,5364,
75.18398683830699,93054,524,1060,5365,
75.18551125673113,93054,523,1061,5365,
75.18937713943467,93054,523,1060,5366,
75.1898539851875,93054,523,1059,5367,
75.19375423615293,93054,522,1060,5367,
75.19449062431606,93054,521,1061,5367,
75.19678251202842,93053,522,1061,5367,
75.19973733117506,93053,522,1060,5368,
75.20086889764477,93053,521,1061,5368,
75.20280356694316,93053,521,1060,5369,
75.2077085946053,93053,521,1059,5370,
75.2080051339415,93052,522,1059,5370,
75.21007383732632,93052,522,1058,5371,
75.22774859314924,93052,522,1057,5372,
75.22910000755135,93052,521,1058,5372,
75.23410273549068,93052,521,1057,5373,
75.23817925694371,93051,522,1057,5373,
75.24075393808683,93050,523,1057,5373,
75.24105733326172,93049,524,1057,5373,
75.24327115239767,93049,524,1056,5374,
75.24718981886905,93048,525,1056,5374,
75.24797766081895,93047,526,1056,5374,
75.25773393792471,93047,526,1055,5375,
75.26119057751343,93047,526,1054,5376,
75.26467331175027,93047,526,1053,5377,
75.26796915474574,93047,526,1052,5378,
75.27038792127537,93047,525,1053,5378,
75.27450688561946,93047,525,1052,5379,
75.27909944241807,93047,525,1051,5380,
75.28009693129935,93046,526,1051,5380,
75.28426457968298,93046,525,1052,5380,
75.28498647145656,93046,524,1053,5380,
75.29054738905697,93045,525,1053,5380,
75.29816341981802,93045,525,1052,5381,
75.30667162792605,93045,524,1053,5381,
75.32450538152592,93045,524,1052,5382,
75.32689354854232,93045,524,1051,5383,
75.32702245101177,93044,525,1051,5383,
75.33349943905334,93043,526,1051,5383,
75.33658616871902,93043,526,1050,5384,
75.34051741300523,93042,527,1050,5384,
75.34171630266314,93042,526,1051,5384,
75.34199947938765,93042,526,1050,5385,
75.34463386896287,93041,527,1050,5385,
75.34534936580555,93041,527,1049,5386,
75.34703784378802,93041,527,1048,5387,
75.34982882265777,93041,527,1047,5388,
75.35141182089176,93041,527,1046,5389,
75.35560626853636,93041,527,1045,5390,
75.36475941664182,93041,526,1046,5390,
75.36984966737285,93041,526,1045,5391,
75.37373107465265,93041,525,1046,5391,
75.37386401524755,93040,526,1046,5391,
75.37910108508147,93040,525,1047,5391,
75.38312207975409,93039,526,1047,5391,
75.38386025760823,93039,525,1048,5391,
75.38432773447823,93038,526,1048,5391,
75.38477666875607,93038,525,1049,5391,
75.38657444420808,93037,526,1049,5391,
75.39648237457772,93037,525,1050,5391,
75.3990114330458,93037,524,1051,5391,
75.40021191562175,93037,524,1050,5392,
75.4026286661317,93037,524,1049,5393,
75.40574606353836,93037,524,1048,5394,
75.40656944399998,93037,524,1047,5395,
75.4089135889141,93037,524,1046,5396,
75.41107766502638,93037,524,1045,5397,
75.41368985711964,93037,523,1046,5397,
75.4155914195946,93037,523,1045,5398,
75.41993781276807,93037,522,1046,5398,
75.42077528947318,93037,521,1047,5398,
75.4242363216742,93036,522,1047,5398,
75.42567675890332,93036,521,1048,5398,
75.43263560319495,93035,522,1048,5398,
75.44063439997197,93035,522,1047,5399,
75.44169079684951,93035,521,1048,5399,
75.44268898572113,93035,521,1047,5400,
75.44497823753967,93034,522,1047,5400,
75.44907264747265,93033,523,1047,5400,
75.45001184247297,93033,522,1048,5400,
75.4507178593133,93032,523,1048,5400,
75.45122377047139,93032,522,1049,5400,
75.4532194025723,93031,523,1049,5400,
75.45439222008288,93031,522,1050,5400,
75.45489010845898,93030,523,1050,5400,
75.45889618560304,93030,522,1051,5400,
75.4596673942355,93030,522,1050,5401,
75.46103550030327,93030,521,1051,5401,
75.46188248702094,93030,520,1052,5401,
75.46548598913355,93029,521,1052,5401,
75.4666484712598,93029,520,1053,5401,
75.46799144871484,93028,521,1053,5401,
75.46809192714821,93027,522,1053,5401,
75.47435296009155,93027,522,1052,5402,
75.4911495395572,93026,523,1052,5402,
75.50381613014378,93025,524,1052,5402,
75.50453682706966,93024,525,1052,5402,
75.50655331602975,93024,524,1053,5402,
75.50765424170329,93024,524,1052,5403,
75.51049032028611,93024,523,1053,5403,
75.51194478666926,93023,524,1053,5403,
75.51205413110705,93022,525,1053,5403,
75.51344635533866,93022,524,1054,5403,
75.51569032378997,93022,523,1055,5403,
75.52353292247884,93022,523,1054,5404,
75.52367003732522,93022,523,1053,5405,
75.53357051861171,93022,522,1054,5405,
75.53504404806357,93022,521,1055,5405,
75.53803317820493,93022,520,1056,5405,
75.53879334374666,93022,519,1057,5405,
75.53957818393636,93021,520,1057,5405,
75.5440381118803,93021,519,1058,5405,
75.54421149171239,93021,518,1059,5405,
75.54613820203676,93021,518,1058,5406,
75.54815662828277,93021,517,1059,5406,
75.55023887915084,93020,518,1059,5406,
75.55115557603335,93019,519,1059,5406,
75.55651929606366,93018,520,1059,5406,
75.56008044977308,93018,519,1060,5406,
75.56629211045905,93018,518,1061,5406,
75.56945316982802,93017,519,1061,5406,
75.57741437870477,93017,518,1062,5406,
75.58002765270263,93017,518,1061,5407,
75.58466613531495,93017,517,1062,5407,
75.5875794306128,93017,517,1061,5408,
75.59067789506736,93016,518,1061,5408,
75.59415398571969,93016,518,1060,5409,
75.60796103771132,93015,519,1060,5409,
75.60945813148163,93015,518,1061,5409,
75.61072410741028,93015,518,1060,5410,
75.61427347600204,93014,519,1060,5410,
75.61911309042574,93013,520,1060,5410,
75.62409540044695,93013,520,1059,5411,
75.62805416106887,93012,521,1059,5411,
75.62869588114327,93012,521,1058,5412,
75.63143943693443,93012,521,1057,5413,
75.63609895916079,93012,520,1058,5413,
75.63724195547857,93011,521,1058,5413,
75.65041423367802,93011,520,1059,5413,
75.65193411416061,93010,521,1059,5413,
75.66018579935641,93010,520,1060,5413,
75.66179663007578,93010,520,1059,5414,
75.66296179476,93010,519,1060,5414,
75.66720500814753,93010,518,1061,5414,
75.66851424293098,93010,518,1060,5415,
75.68370096398789,93009,519,1060,5415,
75.68382094238936,93009,518,1061,5415,
75.69207715028956,93009,518,1060,5416,
75.69483512385833,93009,518,1059,5417,
75.69767479555782,93009,518,1058,5418,
75.69786635170038,93008,519,1058,5418,
75.69965785171212,93008,518,1059,5418,
75.70016114871997,93008,517,1060,5418,
75.70119585835496,93008,516,1061,5418,
75.70138350985091,93008,516,1060,5419,
75.70278241976277,93008,516,1059,5420,
75.70446005795831,93007,517,1059,5420,
75.70467677258662,93006,518,1059,5420,
75.70809996502389,93005,519,1059,5420,
75.71230662472477,93005,518,1060,5420,
75.72299751482764,93005,518,1059,5421,
75.72308066698785,93005,517,1060,5421,
75.74336482574607,93005,517,1059,5422,
75.74900048708363,93005,517,1058,5423,
75.75369019093088,93005,516,1059,5423,
75.75734108585922,93004,517,1059,5423,
75.75931695120194,93004,516,1060,5423,
75.76090000866336,93004,516,1059,5424,
75.76321055305938,93004,516,1058,5425,
75.76459860925472,93004,516,1057,5426,
75.76619947516961,93003,517,1057,5426,
75.76729151690266,93002,518,1057,5426,
75.76813058850198,93001,519,1057,5426,
75.7734564881791,93000,520,1057,5426,
75.77618368883985,93000,519,1058,5426,
75.77792703511582,93000,519,1057,5427,
75.7804734304672,93000,518,1058,5427,
75.78122628285719,93000,517,1059,5427,
75.78346895990643,93000,516,1060,5427,
75.78450224959857,92999,517,1060,5427,
75.78641154308104,92999,516,1061,5427,
75.78838647542412,92999,516,1060,5428,
75.7884859692227,92999,516,1059,5429,
75.79059432373921,92999,516,1058,5430,
75.79249937353225,92998,517,1058,5430,
75.79662849140558,92998,516,1059,5430,
75.80114980049234,92998,516,1058,5431,
75.80533405157578,92998,516,1057,5432,
75.80867361574369,92998,515,1058,5432,
75.80962221139858,92998,515,1057,5433,
75.81869875299967,92998,515,1056,5434,
75.81966515948875,92998,515,1055,5435,
75.81967454751488,92998,515,1054,5436,
75.82128578537842,92998,514,1055,5436,
75.82182382724855,92997,515,1055,5436,
75.82230008678805,92997,515,1054,5437,
75.82681065487347,92996,516,1054,5437,
75.82719425640056,92995,517,1054,5437,
75.82856121795018,92995,517,1053,5438,
75.82937013773626,92995,517,1052,5439,
75.82967134271834,92995,516,1053,5439,
75.83186878392503,92995,515,1054,5439,
75.83212267566765,92995,515,1053,5440,
75.83314408879275,92995,515,1052,5441,
75.83345149359691,92994,516,1052,5441,
75.83798585542145,92994,516,1051,5442,
75.84683300720152,92994,515,1052,5442,
75.8468613912159,92994,514,1053,5442,
75.84695516431695,92994,513,1054,5442,
75.84884172551199,92994,513,1053,5443,
75.85197740184084,92993,514,1053,5443,
75.85461171354069,92992,515,1053,5443,
75.85690584381095,92992,515,1052,5444,
75.8583918154138,92992,515,1051,5445,
75.86024028666301,92991,516,1051,5445,
75.86114303339795,92991,516,1050,5446,
75.86346370417695,92991,515,1051,5446,
75.8681787943307,92990,516,1051,5446,
75.86915476000684,92989,517,1051,5446,
75.8747104298656,92988,518,1051,5446,
75.87967964879937,92988,518,1050,5447,
75.88127740789008,92988,517,1051,5447,
75.88133493580438,92988,516,1052,5447,
75.88437977699681,92987,517,1052,5447,
75.88504900357471,92986,518,1052,5447,
75.88745324520013,92985,519,1052,5447,
75.88880122196569,92985,518,1053,5447,
75.8927761027225,92985,517,1054,5447,
75.8927896253262,92985,517,1053,5448,
75.89354693372148,92985,517,1052,5449,
75.89528092273646,92985,516,1053,5449,
75.89653481577099,92984,517,1053,5449,
75.89846630653511,92983,518,1053,5449,
75.90867561573343,92982,519,1053,5449,
75.91103516762514,92982,519,1052,5450,
75.91257019917049,92981,520,1052,5450,
75.91977076802722,92981,520,1051,5451,
75.9255175786719,92981,520,1050,5452,
75.92552981504309,92981,519,1051,5452,
75.92793674203696,92981,519,1050,5453,
75.93082827599447,92981,518,1051,5453,
75.9332690638685,92981,518,1050,5454,
75.93550398178891,92980,519,1050,5454,
75.93647316426188,92979,520,1050,5454,
75.93676793501437,92979,520,1049,5455,
75.9391937829153,92979,519,1050,5455,
75.94147506902135,92979,518,1051,5455,
75.94400272084432,92978,519,1051,5455,
75.94450286625084,92978,519,1050,5456,
75.95357209696928,92978,519,1049,5457,
75.95870938925596,92978,519,1048,5458,
75.97956000035545,92977,520,1048,5458,
75.97994959020102,92977,520,1047,5459,
75.98146444699489,92976,521,1047,5459,
75.9821577516872,92976,521,1046,5460,
75.98358422322052,92976,520,1047,5460,
75.98559933226744,92975,521,1047,5460,
75.9870653747221,92975,521,1046,5461,
75.99316217274072,92975,521,1045,5462,
76.00847539996738,92974,522,1045,5462,
76.01359344333716,92974,521,1046,5462,
76.0156071985423,92974,520,1047,5462,
76.02114406615176,92974,520,1046,5463,
76.03032004410163,92974,520,1045,5464,
76.03617056718984,92974,520,1044,5465,
76.04094299264354,92974,519,1045,5465,
76.04685983151163,92974,518,1046,5465,
76.04948240847867,92973,519,1046,5465,
76.05966144474084,92973,519,1045,5466,
76.06910960497629,92972,520,1045,5466,
76.0709943938807,92972,520,1044,5467,
76.07805923685552,92972,519,1045,5467,
76.08022764290233,92971,520,1045,5467,
76.0805984215303,92971,520,1044,5468,
76.0915314579819,92971,519,1045,5468,
76.09265368291993,92971,518,1046,5468,
76.09487274569089,92971,518,1045,5469,
76.1044016851179,92971,518,1044,5470,
76.10944381713017,92971,518,1043,5471,
76.11336494388286,92971,517,1044,5471,
76.11654780912646,92971,516,1045,5471,
76.11749826761303,92970,517,1045,5471,
76.1253087323392,92969,518,1045,5471,
76.12896936443875,92969,517,1046,5471,
76.13267398851693,92968,518,1046,5471,
76.13463167039129,92968,517,1047,5471,
76.13556532649943,92967,518,1047,5471,
76.13675214748362,92967,518,1046,5472,
76.1445865380766,92967,518,1045,5473,
76.1516540144028,92966,519,1045,5473,
76.15407644512035,92965,520,1045,5473,
76.15423189111007,92965,520,1044,5474,
76.15615768134458,92965,520,1043,5475,
76.1611329454909,92965,520,1042,5476,
76.16976096962742,92964,521,1042,5476,
76.17119284854869,92964,521,1041,5477,
76.17148104896545,92964,521,1040,5478,
76.17162767310361,92964,520,1041,5478,
76.18431896045425,92964,520,1040,5479,
76.18929034791311,92963,521,1040,5479,
76.1914636055346,92963,521,1039,5480,
76.19436608601896,92963,521,1038,5481,
76.19448434692372,92963,521,1037,5482,
76.19913156173914,92963,520,1038,5482,
76.19966477652035,92963,519,1039,5482,
76.20899049626568,92963,518,1040,5482,
76.21069616891806,92963,518,1039,5483,
76.21434904041828,92963,518,1038,5484,
76.22186520192565,92962,519,1038,5484,
76.22879840266137,92962,518,1039,5484,
76.23049545214616,92962,517,1040,5484,
76.23491576028187,92962,517,1039,5485,
76.24051561963076,92962,517,1038,5486,
76.24101919174534,92962,517,1037,5487,
76.24219112382539,92961,518,1037,5487,
76.24339925472569,92961,517,1038,5487,
76.24743859217338,92961,517,1037,5488,
76.24861369308661,92961,516,1038,5488,
76.24899124318564,92960,517,1038,5488,
76.25019768574845,92959,518,1038,5488,
76.251435634719,92959,517,1039,5488,
76.25402881856772,92959,516,1040,5488,
76.25873128035597,92958,517,1040,5488,
76.26396556315005,92957,518,1040,5488,
76.26448428611458,92957,517,1041,5488,
76.27232265545447,92957,517,1040,5489,
76.2803734099103,92957,517,1039,5490,
76.28066600065192,92957,517,1038,5491,
76.28244591609013,92957,517,1037,5492,
76.28562073543137,92957,517,1036,5493,
76.285666232951,92957,516,1037,5493,
76.28698939212798,92956,517,1037,5493,
76.28730977740757,92956,517,1036,5494,
76.28814020948994,92955,518,1036,5494,
76.2917794547111,92955,518,1035,5495,
76.2929821772416,92955,518,1034,5496,
76.29742871292817,92955,517,1035,5496,
76.29991487398178,92955,516,1036,5496,
76.30005006221467,92955,515,1037,5496,
76.3024184112237,92954,516,1037,5496,
76.3047220676285,92954,515,1038,5496,
76.31874467013186,92953,516,1038,5496,
76.31875813089127,92952,517,1038,5496,
76.31994333721573,92952,517,1037,5497,
76.32031939135877,92952,516,1038,5497,
76.32107588706836,92952,516,1037,5498,
76.32198898726239,92952,516,1036,5499,
76.32422246327283,92952,515,1037,5499,
76.32525067800624,92952,515,1036,5500,
76.3256655072361,92952,515,1035,5501,
76.32733109025516,92952,514,1036,5501,
76.32990290035926,92952,514,1035,5502,
76.33029754220898,92952,513,1036,5502,
76.33207566340698,92951,514,1036,5502,
76.33365050764269,92951,513,1037,5502,
76.3348699956384,92951,513,1036,5503,
76.3394828361834,92951,512,1037,5503,
76.34051307221769,92951,511,1038,5503,
76.34319395029644,92951,511,1037,5504,
76.34622440384024,92950,512,1037,5504,
76.34910748887572,92950,512,1036,5505,
76.34942555927691,92950,512,1035,5506,
76.35086247003267,92950,511,1036,5506,
76.35457486258667,92950,511,1035,5507,
76.3574019029952,92949,512,1035,5507,
76.36106048115288,92948,513,1035,5507,
76.36231644388472,92948,513,1034,5508,
76.3731995610365,92947,514,1034,5508,
76.37458492468457,92947,513,1035,5508,
76.37564544025727,92947,513,1034,5509,
76.38078374472924,92947,513,1033,5510,
76.38135976531453,92946,514,1033,5510,
76.38139476319863,92946,514,1032,5511,
76.39095545844353,92946,513,1033,5511,
76.39616507715048,92945,514,1033,5511,
76.40074272957163,92945,513,1034,5511,
76.40156196656456,92944,514,1034,5511,
76.40195811965268,92944,514,1033,5512,
76.40209754511193,92943,515,1033,5512,
76.40477823563127,92942,516,1033,5512,
76.40905116869133,92941,517,1033,5512,
76.41238766944154,92941,516,1034,5512,
76.41431804017759,92940,517,1034,5512,
76.41485338907724,92940,517,1033,5513,
76.41516834468135,92940,517,1032,5514,
76.42107822920589,92940,516,1033,5514,
76.4260618400195,92940,516,1032,5515,
76.42797415394192,92940,516,1031,5516,
76.43568883562483,92940,515,1032,5516,
76.43684279566983,92940,514,1033,5516,
76.44266955763618,92940,514,1032,5517,
76.44389352349472,92940,513,1033,5517,
76.44427282198107,92939,514,1033,5517,
76.44514510934215,92939,514,1032,5518,
76.44654950030507,92939,514,1031,5519,
76.44679071333506,92939,513,1032,5519,
76.45041398094142,92939,513,1031,5520,
76.45214994546436,92939,513,1030,5521,
76.4525598098506,92938,514,1030,5521,
76.45470283892247,92938,513,1031,5521,
76.4555431749564,92938,512,1032,5521,
76.46281838188676,92937,513,1032,5521,
76.4681778868929,92936,514,1032,5521,
76.47409123497073,92936,514,1031,5522,
76.47548697003577,92936,514,1030,5523,
76.48335175786492,92936,513,1031,5523,
76.48364919404462,92936,512,1032,5523,
76.48376852802309,92936,511,1033,5523,
76.4881435248991,92936,511,1032,5524,
76.49203236375564,92936,510,1033,5524,
76.49350062069288,92936,510,1032,5525,
76.49408393982507,92936,510,1031,5526,
76.4948846672025,92935,511,1031,5526,
76.49666461129037,92934,512,1031,5526,
76.50038639052224,92934,511,1032,5526,
76.50242818985973,92933,512,1032,5526,
76.50453816718016,92932,513,1032,5526,
76.50584557351156,92932,513,1031,5527,
76.5084854591924,92932,512,1032,5527,
76.50997462328138,92931,513,1032,5527,
76.51149627722675,92931,513,1031,5528,
76.51272207631774,92931,512,1032,5528,
76.5146133329803,92930,513,1032,5528,
76.52365258236354,92930,513,1031,5529,
76.52399955104202,92929,514,1031,5529,
76.52436924410299,92928,515,1031,5529,
76.52799306402335,92928,515,1030,5530,
76.53025032115386,92928,514,1031,5530,
76.53754013093673,92928,513,1032,5530,
76.53875368122928,92928,513,1031,5531,
76.5403682305442,92928,513,1030,5532,
76.54253571124582,92928,512,1031,5532,
76.54878494617459,92928,512,1030,5533,
76.55279379005239,92927,513,1030,5533,
76.5530743833477,92927,513,1029,5534,
76.55975568932651,92927,513,1028,5535,
76.5624855614925,92926,514,1028,5535,
76.56321712576802,92925,515,1028,5535,
76.5667345257038,92925,515,1027,5536,
76.56841166980796,92925,515,1026,5537,
76.57123007468357,92925,514,1027,5537,
76.57348177732865,92925,514,1026,5538,
76.57639160322354,92924,515,1026,5538,
76.58259559435888,92923,516,1026,5538,
76.58695607055336,92922,517,1026,5538,
76.59073811271297,92922,516,1027,5538,
76.5923479521393,92922,516,1026,5539,
76.59433068219678,92922,516,1025,5540,
76.59615748628579,92922,515,1026,5540,
76.59878668988219,92922,514,1027,5540,
76.59976894848147,92921,515,1027,5540,
76.60212556067074,92921,515,1026,5541,
76.60724716938003,92921,514,1027,5541,
76.60960925600564,92920,515,1027,5541,
76.61104020925106,92920,515,1026,5542,
76.61112750778327,92919,516,1026,5542,
76.61331803639084,92918,517,1026,5542,
76.61575052783732,92918,517,1025,5543,
76.62667877828548,92918,516,1026,5543,
76.63569124289816,92918,516,1025,5544,
76.63592468161261,92918,515,1026,5544,
76.63689942487312,92917,516,1026,5544,
76.63894350900114,92917,516,1025,5545,
76.64084991064163,92916,517,1025,5545,
76.642877646916,92916,516,1026,5545,
76.64668254171231,92916,516,1025,5546,
76.65072355350122,92916,515,1026,5546,
76.65669443305393,92915,516,1026,5546,
76.67349200496066,92915,516,1025,5547,
76.67438072330447,92915,516,1024,5548,
76.67524682726356,92915,515,1025,5548,
76.67695600101588,92915,514,1026,5548,
76.67755505587468,92915,513,1027,5548,
76.67777716803923,92915,512,1028,5548,
76.68029910165727,92915,512,1027,5549,
76.6841030780097,92914,513,1027,5549,
76.68771228357608,92913,514,1027,5549,
76.6885949704086,92913,514,1026,5550,
76.68959651563458,92913,514,1025,5551,
76.69365676081281,92913,513,1026,5551,
76.69439651092017,92913,513,1025,5552,
76.69457881849718,92913,513,1024,5553,
76.69487436405878,92913,512,1025,5553,
76.69629171010088,92913,512,1024,5554,
76.6978385578299,92913,512,1023,5555,
76.69889440046717,92912,513,1023,5555,
76.70006588791497,92912,513,1022,5556,
76.70051721662779,92912,513,1021,5557,
76.70533676458955,92912,513,1020,5558,
76.71063021888034,92912,513,1019,5559,
76.71303778490588,92912,512,1020,5559,
76.7148163591263,92912,511,1021,5559,
76.71833137429644,92912,511,1020,5560,
76.71847595640402,92912,510,1021,5560,
76.72142247396708,92911,511,1021,5560,
76.72471178669382,92911,511,1020,5561,
76.72660833189724,92911,510,1021,5561,
76.73069400972827,92911,509,1022,5561,
76.73234516571888,92911,508,1023,5561,
76.73531615890215,92911,508,1022,5562,
76.73743350650474,92910,509,1022,5562,
76.73780568069236,92909,510,1022,5562,
76.74937435530751,92909,510,1021,5563,
76.7553997565762,92909,510,1020,5564,
76.75774048218159,92909,510,1019,5565,
76.76112037969443,92908,511,1019,5565,
76.76172164064653,92908,510,1020,5565,
76.76426356739856,92908,510,1019,5566,
76.77434418678382,92908,509,1020,5566,
76.7745866332595,92907,510,1020,5566,
76.77904839621618,92906,511,1020,5566,
76.78310524310476,92906,511,1019,5567,
76.78590947430565,92905,512,1019,5567,
76.79034659453683,92904,513,1019,5567,
76.79479875580742,92903,514,1019,5567,
76.80152520455002,92903,514,1018,5568,
76.80234021339903,92903,514,1017,5569,
76.80835458460331,92902,515,1017,5569,
76.80940821898113,92902,514,1018,5569,
76.81275866281898,92902,514,1017,5570,
76.81285418637427,92902,513,1018,5570,
76.81345714983584,92902,513,1017,5571,
76.81542703903222,92902,513,1016,5572,
76.81558518267369,92902,513,1015,5573,
76.81621757278188,92901,514,1015,5573,
76.81890369511595,92901,513,1016,5573,
76.82123147492965,92901,512,1017,5573,
76.82271964097056,92900,513,1017,5573,
76.82312655510658,92900,512,1018,5573,
76.82319362193425,92899,513,1018,5573,
76.83379610550652,92899,512,1019,5573,
76.83666897906323,92898,513,1019,5573,
76.83750465090591,92897,514,1019,5573,
76.84348347785716,92897,513,1020,5573,
76.84612907446822,92897,512,1021,5573,
76.85051332936592,92896,513,1021,5573,
76.85392450627208,92896,512,1022,5573,
76.85510398347793,92896,512,1021,5574,
76.85849846771032,92896,512,1020,5575,
76.86362844172355,92896,511,1021,5575,
76.86949621865466,92896,510,1022,5575,
76.8762415723855,92895,511,1022,5575,
76.87731927834855,92895,510,1023,5575,
76.87780815475367,92895,510,1022,5576,
76.88824778630357,92895,510,1021,5577,
76.89372678640315,92895,510,1020,5578,
76.89649173086869,92895,510,1019,5579,
76.89815462854494,92895,510,1018,5580,
76.8992063213926,92894,511,1018,5580,
76.89955213315545,92893,512,1018,5580,
76.90218438150816,92892,513,1018,5580,
76.91254861666354,92891,514,1018,5580,
76.91696197094113,92890,515,1018,5580,
76.91836489041674,92890,514,1019,5580,
76.92406451302898,92890,513,1020,5580,
76.93081592817106,92890,513,1019,5581,
76.93635142695578,92890,512,1020,5581,
76.937224991008,92890,512,1019,5582,
76.9448945620254,92890,511,1020,5582,
76.94812471503832,92890,511,1019,5583,
76.95507236011701,92889,512,1019,5583,
76.96040790498506,92889,512,1018,5584,
76.9648970784214,92889,512,1017,5585,
76.9685175573547,92889,512,1016,5586,
76.97223789564566,92889,511,1017,5586,
76.97384723198738,92889,510,1018,5586,
76.98678400479409,92888,511,1018,5586,
76.98709856919973,92888,510,1019,5586,
76.9882825808304,92887,511,1019,5586,
76.98948569246141,92887,511,1018,5587,
76.9977170729903,92886,512,1018,5587,
76.99965317996019,92886,511,1019,5587,
77.00705523040708,92886,511,1018,5588,
77.01057005120633,92886,510,1019,5588,
77.01275410239724,92886,510,1018,5589,
77.01487809992175,92885,511,1018,5589,
77.01636112957169,92885,510,1019,5589,
77.01981284573877,92885,510,1018,5590,
77.0232924084036,92884,511,1018,5590,
77.02723872193812,92884,510,1019,5590,
77.03938275018857,92883,511,1019,5590,
77.04279970293129,92883,511,1018,5591,
77.04317331644897,92883,510,1019,5591,
77.04866148006106,92882,511,1019,5591,
77.0497532948192,92882,511,1018,5592,
77.04989138126828,92882,510,1019,5592,
77.05479386066776,92881,511,1019,5592,
77.06531358410253,92881,510,1020,5592,
77.06849347299367,92880,511,1020,5592,
77.07194947778474,92880,511,1019,5593,
77.07462507901043,92880,510,1020,5593,
77.07491701535301,92880,510,1019,5594,
77.07749769438257,92879,511,1019,5594,
77.09071362952,92879,511,1018,5595,
77.09630536716237,92879,511,1017,5596,
77.0963209166019,92878,512,1017,5596,
77.09727769431174,92878,512,1016,5597,
77.10200968590237,92878,512,1015,5598,
77.10332736582782,92878,511,1016,5598,
77.10524161549127,92878,510,1017,5598,
77.1069931292422,92878,510,1016,5599,
77.11214789727349,92878,510,1015,5600,
77.11298246640975,92878,509,1016,5600,
77.11396997376242,92877,510,1016,5600,
77.11497971995769,92877,510,1015,5601,
77.13164140004213,92876,511,1015,5601,
77.13406608756128,92876,510,1016,5601,
77.14149417433212,92876,510,1015,5602,
77.1424957281443,92875,511,1015,5602,
77.14385601416525,92875,511,1014,5603,
77.14608187499766,92875,511,1013,5604,
77.14643443634938,92875,511,1012,5605,
77.14943139765539,92875,511,1011,5606,
77.15098713293888,92875,511,1010,5607,
77.16320768926091,92875,510,1011,5607,
77.17092919119212,92875,509,1012,5607,
77.17139889663207,92875,509,1011,5608,
77.1728282872515,92875,508,1012,5608,
77.17500128631461,92875,507,1013,5608,
77.17840046020459,92874,508,1013,5608,
77.18534956114456,92873,509,1013,5608,
77.18566006622478,92873,509,1012,5609,
77.18584348324416,92873,509,1011,5610,
77.18764462733535,92873,509,1010,5611,
77.18782248938918,92873,509,1009,5612,
77.19192810867307,92873,509,1008,5613,
77.19719758639543,92872,510,1008,5613,
77.2016477008644,92872,509,1009,5613,
77.201817896209,92871,510,1009,5613,
77.21060725095282,92870,511,1009,5613,
77.21072915839781,92870,510,1010,5613,
77.21887465955083,92869,511,1010,5613,
77.22564767743874,92869,510,1011,5613,
77.22774125604013,92869,510,1010,5614,
77.22913265057488,92869,509,1011,5614,
77.23058233197906,92869,509,1010,5615,
77.23874305450033,92868,510,1010,5615,
77.23992492992892,92868,510,1009,5616,
77.2449373995104,92868,509,1010,5616,
77.24568717812514,92867,510,1010,5616,
77.24658307641296,92867,509,1011,5616,
77.24802928950537,92867,509,1010,5617,
77.25077129329378,92867,509,1009,5618,
77.25276025770586,92866,510,1009,5618,
77.25360661542663,92865,511,1009,5618,
77.25739545540853,92865,510,1010,5618,
77.26567622458569,92864,511,1010,5618,
77.26691785064732,92864,511,1009,5619,
77.27144852869208,92864,511,1008,5620,
77.27394967246448,92863,512,1008,5620,
77.27551650194329,92863,512,1007,5621,
77.2756363523545,92863,512,1006,5622,
77.27795159647859,92863,511,1007,5622,
77.27817281951505,92863,511,1006,5623,
77.27904581928578,92863,510,1007,5623,
77.28080459479652,92863,510,1006,5624,
77.28273860171345,92863,509,1007,5624,
77.28411344458496,92863,509,1006,5625,
77.28996080471443,92862,510,1006,5625,
77.29751102634505,92862,510,1005,5626,
77.31192594233482,92861,511,1005,5626,
77.31371251606866,92861,510,1006,5626,
77.32988939457725,92861,509,1007,5626,
77.33023309525805,92861,508,1008,5626,
77.3347326709861,92861,507,1009,5626,
77.34188513868166,92861,506,1010,5626,
77.34613398530612,92861,506,1009,5627,
77.34747791048886,92861,505,1010,5627,
77.34847181417415,92861,504,1011,5627,
77.35003282741239,92860,505,1011,5627,
77.3546868124492,92859,506,1011,5627,
77.35538738228759,92859,505,1012,5627,
77.36183981269252,92859,505,1011,5628,
77.36459666259078,92859,504,1012,5628,
77.36675830305754,92858,505,1012,5628,
77.36895472588137,92858,504,1013,5628,
77.37188942019822,92858,504,1012,5629,
77.3749966532427,92858,503,1013,5629,
77.37640963885137,92858,503,1012,5630,
77.37943043062357,92858,502,1013,5630,
77.38246044735163,92858,501,1014,5630,
77.38336003338655,92858,501,1013,5631,
77.38693106913742,92857,502,1013,5631,
77.38734739784125,92857,502,1012,5632,
77.38966736694928,92857,502,1011,5633,
77.39153144542077,92857,502,1010,5634,
77.40035735784113,92857,502,1009,5635,
77.40464601337052,92857,502,1008,5636,
77.40481020645635,92857,502,1007,5637,
77.40803079897707,92856,503,1007,5637,
77.40840831423094,92856,503,1006,5638,
77.41267659482996,92856,503,1005,5639,
77.41673794887588,92855,504,1005,5639,
77.4181940728827,92855,503,1006,5639,
77.41982369642477,92855,502,1007,5639,
77.42084884616256,92855,501,1008,5639,
77.422477016374,92854,502,1008,5639,
77.42440650978969,92854,501,1009,5639,
77.42987750799828,92854,500,1010,5639,
77.43083631924782,92853,501,1010,5639,
77.43318789558695,92853,500,1011,5639,
77.43937047549534,92853,500,1010,5640,
77.44035524105918,92853,499,1011,5640,
77.44104219346661,92852,500,1011,5640,
77.4423540944557,92851,501,1011,5640,
77.44530264698938,92850,502,1011,5640,
77.44540067153471,92850,502,1010,5641,
77.45355460237491,92850,501,1011,5641,
77.46867889341885,92850,500,1012,5641,
77.47113772128478,92850,500,1011,5642,
77.47535908766966,92849,501,1011,5642,
77.48145376934856,92849,501,1010,5643,
77.48161776939499,92849,500,1011,5643,
77.48311655079601,92849,499,1012,5643,
77.48615063189624,92849,498,1013,5643,
77.49985767644664,92849,497,1014,5643,
77.50590222840675,92849,497,1013,5644,
77.5163427426487,92848,498,1013,5644,
77.51743593436848,92848,498,1012,5645,
77.51958065429895,92848,497,1013,5645,
77.5199095041593,92847,498,1013,5645,
77.52031544951029,92847,497,1014,5645,
77.52888564738602,92847,496,1015,5645,
77.53126606484318,92847,495,1016,5645,
77.53544604208673,92847,494,1017,5645,
77.53596942391887,92846,495,1017,5645,
77.53604506567044,92846,494,1018,5645,
77.53620629669132,92845,495,1018,5645,
77.53664534333205,92845,494,1019,5645,
77.53919806253082,92844,495,1019,5645,
77.54048211701073,92844,494,1020,5645,
77.5503925824192,92844,494,1019,5646,
77.55416971250114,92844,494,1018,5647,
77.55443181617404,92843,495,1018,5647,
77.55610638381687,92843,495,1017,5648,
77.56070930058075,92843,495,1016,5649,
77.56528402633825,92843,494,1017,5649,
77.56571585950043,92843,494,1016,5650,
77.57700490171058,92843,494,1015,5651,
77.580914099508,92843,493,1016,5651,
77.58127797808329,92842,494,1016,5651,
77.58279056758559,92842,493,1017,5651,
77.59234572554587,92842,492,1018,5651,
77.59274022279212,92842,492,1017,5652,
77.59704057302096,92842,491,1018,5652,
77.60726921953706,92841,492,1018,5652,
77.61325036602506,92841,491,1019,5652,
77.61888079871173,92841,490,1020,5652,
77.62058129114249,92840,491,1020,5652,
77.63063907759077,92840,490,1021,5652,
77.63362881136202,92840,489,1022,5652,
77.63942383183428,92840,489,1021,5653,
77.64006323838595,92839,490,1021,5653,
77.64030042719531,92838,491,1021,5653,
77.64317044688477,92838,491,1020,5654,
77.6462072897002,92838,491,1019,5655,
77.64666134127124,92837,492,1019,5655,
77.6473621259807,92837,491,1020,5655,
77.65196005200751,92837,490,1021,5655,
77.65582032421571,92837,490,1020,5656,
77.65845126641435,92837,490,1019,5657,
77.65884468617554,92837,489,1020,5657,
77.667590139342,92837,489,1019,5658,
77.67943446642556,92837,488,1020,5658,
77.68015079609998,92836,489,1020,5658,
77.68854808844438,92835,490,1020,5658,
77.69013583685228,92834,491,1020,5658,
77.69554062249281,92834,491,1019,5659,
77.69873130313226,92834,490,1020,5659,
77.70135361134125,92833,491,1020,5659,
77.7025908420603,92832,492,1020,5659,
77.7031193065445,92831,493,1020,5659,
77.70774050142799,92831,493,1019,5660,
77.70866621285138,92831,493,1018,5661,
77.70869488419994,92831,493,1017,5662,
77.71323098832976,92831,492,1018,5662,
77.71551165219628,92830,493,1018,5662,
77.71827713858755,92830,493,1017,5663,
77.72198784140178,92829,494,1017,5663,
77.72415486964212,92829,493,1018,5663,
77.72457641807014,92829,492,1019,5663,
77.72897466027803,92829,491,1020,5663,
77.74573025249343,92828,492,1020,5663,
77.75327927344762,92828,491,1021,5663,
77.75591397554587,92827,492,1021,5663,
77.7570320861002,92827,492,1020,5664,
77.75876092156075,92826,493,1020,5664,
77.75901631979883,92825,494,1020,5664,
77.76285303900292,92824,495,1020,5664,
77.762911735663,92823,496,1020,5664,
77.76998546231101,92823,495,1021,5664,
77.77013992560191,92823,495,1020,5665,
77.77157385205139,92823,494,1021,5665,
77.77363822762497,92822,495,1021,5665,
77.77499487948711,92822,494,1022,5665,
77.77802815159289,92822,493,1023,5665,
77.78401995424863,92822,492,1024,5665,
77.79086230223079,92822,492,1023,5666,
77.79136148971453,92821,493,1023,5666,
77.79270940598707,92821,493,1022,5667,
77.79575756790722,92821,492,1023,5667,
77.79966123901067,92821,491,1024,5667,
77.80328170127879,92821,490,1025,5667,
77.80423488647966,92821,489,1026,5667,
77.80643975995463,92820,490,1026,5667,
77.80777890254805,92820,489,1027,5667,
77.81553749953258,92820,489,1026,5668,
77.81762923979353,92820,489,1025,5669,
77.81826614999031,92820,489,1024,5670,
77.824808580049,92820,488,1025,5670,
77.82575145183156,92820,488,1024,5671,
77.82757956302193,92820,487,1025,5671,
77.82867855609459,92819,488,1025,5671,
77.82879791133018,92818,489,1025,5671,
77.83158207994371,92818,488,1026,5671,
77.83439144854094,92818,488,1025,5672,
77.8354278333384,92817,489,1025,5672,
77.84043265715181,92816,490,1025,5672,
77.84311005317977,92816,489,1026,5672,
77.8433705982991,92816,488,1027,5672,
77.84648337811467,92816,487,1028,5672,
77.85019320083693,92815,488,1028,5672,
77.85039409416937,92815,487,1029,5672,
77.85990182463634,92815,486,1030,5672,
77.86053082439747,92814,487,1030,5672,
77.86108956667458,92814,487,1029,5673,
77.86673804994159,92814,486,1030,5673,
77.87310342318065,92813,487,1030,5673,
77.87376003608156,92813,486,1031,5673,
77.87388798188019,92813,486,1030,5674,
77.88426670393613,92813,486,1029,5675,
77.88500653152278,92813,486,1028,5676,
77.8874236064484,92813,486,1027,5677,
77.88749741466593,92813,486,1026,5678,
77.88888945832383,92813,485,1027,5678,
77.89318001174917,92813,485,1026,5679,
77.89407727014344,92813,484,1027,5679,
77.90235277082212,92812,485,1027,5679,
77.90277051917741,92812,484,1028,5679,
77.90401860349212,92812,483,1029,5679,
77.90696514163353,92812,483,1028,5680,
77.91554685754272,92812,483,1027,5681,
77.91928103862993,92811,484,1027,5681,
77.91962402019465,92811,484,1026,5682,
77.92060667749786,92811,484,1025,5683,
77.92125136594191,92811,483,1026,5683,
77.93225757929027,92810,484,1026,5683,
77.9364719949277,92810,484,1025,5684,
77.93730333343845,92810,484,1024,5685,
77.94140112953448,92809,485,1024,5685,
77.94343166484384,92809,485,1023,5686,
77.95198893255156,92809,485,1022,5687,
77.95439559990972,92809,485,1021,5688,
77.95720998809244,92809,484,1022,5688,
77.95733928202539,92809,484,1021,5689,
77.97181842418632,92808,485,1021,5689,
77.98159494039862,92808,485,1020,5690,
77.98581441435643,92807,486,1020,5690,
77.98803374466353,92807,486,1019,5691,
77.98910742231726,92807,486,1018,5692,
77.99139168146378,92807,486,1017,5693,
77.99193610175084,92807,485,1018,5693,
77.99642035909875,92807,485,1017,5694,
78.00761815556234,92807,484,1018,5694,
78.0095243272204,92806,485,1018,5694,
78.01358624391055,92806,484,1019,5694,
78.02622810003385,92806,484,1018,5695,
78.0315327492548,92806,484,1017,5696,
78.04178674961236,92805,485,1017,5696,
78.04371878346731,92805,484,1018,5696,
78.04714571425811,92805,483,1019,5696,
78.04720470935808,92805,483,1018,5697,
78.04983644724871,92804,484,1018,5697,
78.05311423303749,92804,483,1019,5697,
78.06163740722154,92804,483,1018,5698,
78.06239270428084,92803,484,1018,5698,
78.06518606032816,92802,485,1018,5698,
78.06698341078283,92802,484,1019,5698,
78.06854915186655,92802,483,1020,5698,
78.07126030578125,92802,483,1019,5699,
78.07183076350881,92802,483,1018,5700,
78.07193313781687,92802,482,1019,5700,
78.07452171498689,92802,482,1018,5701,
78.07650172025602,92802,482,1017,5702,
78.08612136800271,92802,482,1016,5703,
78.08632051584479,92802,481,1017,5703,
78.08945735086056,92802,481,1016,5704,
78.09049296166263,92802,481,1015,5705,
78.09665309465547,92802,481,1014,5706,
78.098881522411,92802,480,1015,5706,
78.10249134727962,92802,480,1014,5707,
78.10566504138407,92801,481,1014,5707,
78.11716566700717,92801,481,1013,5708,
78.11792728461545,92801,481,1012,5709,
78.12013358367,92800,482,1012,5709,
78.12758428445201,92800,481,1013,5709,
78.12868114211595,92800,481,1012,5710,
78.13310519593405,92800,481,1011,5711,
78.13940586397082,92799,482,1011,5711,
78.14062422623236,92799,481,1012,5711,
78.14094996790037,92798,482,1012,5711,
78.14206453364815,92798,482,1011,5712,
78.14342565794588,92798,481,1012,5712,
78.1445016938456,92798,481,1011,5713,
78.15537305129565,92797,482,1011,5713,
78.15690676754652,92797,482,1010,5714,
78.15800812553111,92797,482,1009,5715,
78.15971646044792,92797,481,1010,5715,
78.16730291753979,92797,480,1011,5715,
78.16788513916566,92797,480,1010,5716,
78.16801319155354,92797,480,1009,5717,
78.17035417534053,92797,479,1010,5717,
78.17062916477748,92797,479,1009,5718,
78.17189328585945,92797,479,1008,5719,
78.17709306118363,92797,478,1009,5719,
78.17757782602376,92796,479,1009,5719,
78.17867474024264,92796,479,1008,5720,
78.18018110100718,92796,479,1007,5721,
78.18268426168483,92796,478,1008,5721,
78.18494811796648,92796,478,1007,5722,
78.18596660542411,92796,478,1006,5723,
78.18857968773207,92796,478,1005,5724,
78.19586821848826,92796,478,1004,5725,
78.2021021210899,92795,479,1004,5725,
78.20308377971489,92795,478,1005,5725,
78.20375273306489,92795,477,1006,5725,
78.20483670852322,92795,477,1005,5726,
78.20964313042805,92794,478,1005,5726,
78.21048136208437,92794,478,1004,5727,
78.21059321933497,92794,477,1005,5727,
78.21316167252789,92794,477,1004,5728,
78.21317196068543,92794,477,1003,5729,
78.2134020514764,92794,477,1002,5730,
78.21761952220672,92794,476,1003,5730,
78.21868545747895,92794,475,1004,5730,
78.21874912082907,92794,475,1003,5731,
78.22261912009103,92793,476,1003,5731,
78.22297688386159,92793,475,1004,5731,
78.22668100043657,92792,476,1004,5731,
78.23095488976529,92792,476,1003,5732,
78.23420811481475,92792,475,1004,5732,
78.23432549462726,92792,475,1003,5733,
78.23888739383115,92791,476,1003,5733,
78.241039262485,92791,476,1002,5734,
78.24522293235131,92791,476,1001,5735,
78.24808523462455,92791,476,1000,5736,
78.25380427388396,92790,477,1000,5736,
78.25656317377195,92790,476,1001,5736,
78.25697930817806,92790,475,1002,5736,
78.25852433625678,92790,475,1001,5737,
78.25941348228305,92789,476,1001,5737,
78.25968692656126,92789,475,1002,5737,
78.26082594011727,92789,475,1001,5738,
78.26384763848108,92789,475,1000,5739,
78.26570877042226,92789,474,1001,5739,
78.27256531928859,92789,473,1002,5739,
78.27563817202987,92789,472,1003,5739,
78.27910312669371,92789,471,1004,5739,
78.28289030356174,92789,471,1003,5740,
78.28407829763103,92789,470,1004,5740,
78.2842353193752,92788,471,1004,5740,
78.28526515544694,92787,472,1004,5740,
78.28601312792836,92787,471,1005,5740,
78.29177775502643,92787,471,1004,5741,
78.29719018504909,92787,470,1005,5741,
78.29730176162266,92787,469,1006,5741,
78.29825527375156,92787,468,1007,5741,
78.3005523343147,92786,469,1007,5741,
78.30478698056595,92786,469,1006,5742,
78.30547624453276,92786,469,1005,5743,
78.30596938208718,92786,468,1006,5743,
78.31623563274178,92786,468,1005,5744,
78.32981540758578,92786,467,1006,5744,
78.3328150838717,92786,467,1005,5745,
78.33689693196227,92786,466,1006,5745,
78.33979730284823,92785,467,1006,5745,
78.34184384162984,92785,467,1005,5746,
78.34444579174699,92785,467,1004,5747,
78.35035135753243,92785,467,1003,5748,
78.35168929604023,92785,467,1002,5749,
78.35231938015703,92785,466,1003,5749,
78.35491842205236,92785,466,1002,5750,
78.35603476432524,92784,467,1002,5750,
78.35784324541588,92784,466,1003,5750,
78.36032334918106,92784,465,1004,5750,
78.36234060236322,92784,465,1003,5751,
78.3624763118822,92783,466,1003,5751,
78.36740154374942,92782,467,1003,5751,
78.36915271967135,92782,467,1002,5752,
78.3709994679742,92782,467,1001,5753,
78.37481463345284,92782,467,1000,5754,
78.37516246150216,92782,467,999,5755,
78.37655811284988,92782,467,998,5756,
78.38709035782232,92782,466,999,5756,
78.39289190214487,92782,465,1000,5756,
78.39428920219238,92782,464,1001,5756,
78.3957291704773,92782,464,1000,5757,
78.39701936357937,92782,463,1001,5757,
78.39834014172996,92782,462,1002,5757,
78.40011367088084,92781,463,1002,5757,
78.40190287560759,92781,463,1001,5758,
78.40300079804516,92781,463,1000,5759,
78.40475344666845,92781,463,999,5760,
78.40600311494828,92781,463,998,5761,
78.40620865285123,92780,464,998,5761,
78.41084937449048,92780,464,997,5762,
78.41161593569335,92780,464,996,5763,
78.41184814998452,92780,464,995,5764,
78.4120960171825,92780,463,996,5764,
78.41236359089817,92780,463,995,5765,
78.41847948782407,92780,463,994,5766,
78.41925605103289,92779,464,994,5766,
78.41985992588639,92779,464,993,5767,
78.42064839344062,92779,464,992,5768,
78.42192877075533,92779,463,993,5768,
78.42509013796173,92779,462,994,5768,
78.42575032221094,92779,461,995,5768,
78.42696140763972,92778,462,995,5768,
78.42865525212791,92778,462,994,5769,
78.4376462055134,92778,461,995,5769,
78.44115794039612,92778,461,994,5770,
78.44174287102562,92777,462,994,5770,
78.44183070269068,92777,462,993,5771,
78.44201214266997,92776,463,993,5771,
78.4531718065324,92776,463,992,5772,
78.45325139312403,92776,462,993,5772,
78.45419187383187,92776,461,994,5772,
78.4574239829654,92776,461,993,5773,
78.45745391538362,92776,461,992,5774,
78.46243363590301,92775,462,992,5774,
78.462639068866,92775,462,991,5775,
78.46403898073135,92775,462,990,5776,
78.47520767496093,92775,461,991,5776,
78.47737989352004,92775,461,990,5777,
78.4828835353424,92775,461,989,5778,
78.48369020000567,92775,461,988,5779,
78.4862461760163,92775,460,989,5779,
78.48816971454747,92774,461,989,5779,
78.4892645825771,92774,460,990,5779,
78.49253253909822,92773,461,990,5779,
78.49269728861837,92773,461,989,5780,
78.49464495159917,92773,461,988,5781,
78.49544917914665,92773,460,989,5781,
78.50081996723145,92773,460,988,5782,
78.51002863737861,92773,460,987,5783,
78.512021062108,92773,460,986,5784,
78.51414961765876,92772,461,986,5784,
78.51476513007496,92771,462,986,5784,
78.51520092730327,92771,462,985,5785,
78.51785474232584,92771,462,984,5786,
78.52210789708548,92771,462,983,5787,
78.52580757058325,92770,463,983,5787,
78.52940866918496,92770,462,984,5787,
78.54138193167654,92769,463,984,5787,
78.54199874114842,92769,463,983,5788,
78.54436687180485,92769,463,982,5789,
78.5510610975645,92769,462,983,5789,
78.55282637918206,92769,461,984,5789,
78.55565929028108,92769,460,985,5789,
78.55730980388975,92768,461,985,5789,
78.55918872753622,92768,461,984,5790,
78.56113189931445,92768,461,983,5791,
78.56233487321798,92767,462,983,5791,
78.56321484898145,92766,463,983,5791,
78.56938160194657,92766,463,982,5792,
78.5827100582585,92765,464,982,5792,
78.59222961119431,92765,464,981,5793,
78.59355404853204,92764,465,981,5793,
78.59489278979741,92764,465,980,5794,
78.59561848034143,92764,465,979,5795,
78.5978614989796,92763,466,979,5795,
78.60716408076794,92763,465,980,5795,
78.60810818066088,92763,464,981,5795,
78.61216537985354,92763,463,982,5795,
78.61407821478296,92763,462,983,5795,
78.6190426397508,92762,463,983,5795,
78.62747650109495,92762,463,982,5796,
78.62780188997527,92762,463,981,5797,
78.63429891606715,92761,464,981,5797,
78.63983249248008,92760,465,981,5797,
78.64102597733071,92760,464,982,5797,
78.64257325127933,92760,464,981,5798,
78.64456586935034,92759,465,981,5798,
78.65035038450446,92759,464,982,5798,
78.65263403837073,92759,463,983,5798,
78.6528000146701,92759,462,984,5798,
78.66967926161756,92759,462,983,5799,
78.67182089200061,92758,463,983,5799,
78.67184189481449,92758,463,982,5800,
78.67248669066464,92758,463,981,5801,
78.6781760999121,92758,463,980,5802,
78.67832043317222,92758,463,979,5803,
78.68065550732598,92758,463,978,5804,
78.68134459788573,92758,462,979,5804,
78.68199337503368,92758,462,978,5805,
78.6835043973695,92757,463,978,5805,
78.6846452482581,92757,462,979,5805,
78.68649146629892,92757,461,980,5805,
78.69143228353698,92757,460,981,5805,
78.69156660707569,92756,461,981,5805,
78.69529098020165,92756,461,980,5806,
78.69841605239583,92756,460,981,5806,
78.70056026765972,92756,460,980,5807,
78.70201544783785,92756,459,981,5807,
78.70310902635748,92756,459,980,5808,
78.70670145076613,92756,459,979,5809,
78.70757705890864,92755,460,979,5809,
78.71286516055677,92754,461,979,5809,
78.7150839980869,92753,462,979,5809,
78.71772884834024,92752,463,979,5809,
78.72102331640458,92752,463,978,5810,
78.72665404305312,92752,463,977,5811,
78.7333838483948,92752,463,976,5812,
78.73373399234735,92751,464,976,5812,
78.73628462520861,92750,465,976,5812,
78.73980969154613,92750,465,975,5813,
78.74679053683697,92750,465,974,5814,
78.74700722865062,92750,465,973,5815,
78.75288406278221,92750,464,974,5815,
78.75670423143603,92750,463,975,5815,
78.75702778417134,92749,464,975,5815,
78.75982027365217,92749,464,974,5816,
78.76057671374625,92748,465,974,5816,
78.76575427505581,92747,466,974,5816,
78.76901573812853,92747,465,975,5816,
78.76994100161535,92747,465,974,5817,
78.77959067023704,92747,465,973,5818,
78.78044825819092,92747,465,972,5819,
78.78061027823934,92746,466,972,5819,
78.78063725162453,92745,467,972,5819,
78.78220946671675,92745,467,971,5820,
78.7823374250203,92745,467,970,5821,
78.78294138945577,92745,466,971,5821,
78.78298023723272,92744,467,971,5821,
78.78347249278399,92744,466,972,5821,
78.78356133592679,92743,467,972,5821,
78.78525489736924,92742,468,972,5821,
78.78785698265843,92742,468,971,5822,
78.79404238438983,92742,467,972,5822,
78.79459819240516,92742,466,973,5822,
78.79557825463604,92742,466,972,5823,
78.8053620358019,92742,465,973,5823,
78.81239153189463,92742,465,972,5824,
78.81581590837509,92742,465,971,5825,
78.81790643103817,92741,466,971,5825,
78.82098512065986,92740,467,971,5825,
78.82258960464328,92740,466,972,5825,
78.82447896816839,92739,467,972,5825,
78.82625450806547,92738,468,972,5825,
78.82779877804664,92738,467,973,5825,
78.83711223234464,92738,466,974,5825,
78.8386545658412,92738,466,973,5826,
78.84288449593896,92738,466,972,5827,
78.8431730680901,92737,467,972,5827,
78.84354561557342,92737,467,971,5828,
78.84801944170405,92737,466,972,5828,
78.85479910418945,92737,466,971,5829,
78.85487883075919,92737,466,970,5830,
78.85669231763438,92736,467,970,5830,
78.8582410580994,92736,467,969,5831,
78.86390860935833,92736,467,968,5832,
78.86867730426026,92736,467,967,5833,
78.87066769110083,92736,467,966,5834,
78.87306718685755,92736,467,965,5835,
78.87742944316486,92736,467,964,5836,
78.87829944148689,92736,467,963,5837,
78.87948510641104,92735,468,963,5837,
78.88043361053185,92735,468,962,5838,
78.88357833305406,92735,468,961,5839,
78.88703827733362,92735,467,962,5839,
78.8888185489128,92735,466,963,5839,
78.89350017678956,92735,466,962,5840,
78.89666352663913,92735,466,961,5841,
78.89807823343574,92734,467,961,5841,
78.89901718971436,92734,467,960,5842,
78.9018535606169,92734,467,959,5843,
78.9038284055189,92733,468,959,5843,
78.90579300513903,92733,468,958,5844,
78.91136402384575,92732,469,958,5844,
78.92273764165627,92731,470,958,5844,
78.92373495309822,92730,471,958,5844,
78.92891088981271,92730,471,957,5845,
78.93136991194929,92730,471,956,5846,
78.93340034363068,92730,471,955,5847,
78.93615816978776,92729,472,955,5847,
78.9410001183176,92728,473,955,5847,
78.94303744845912,92728,473,954,5848,
78.94462273352366,92728,473,953,5849,
78.94758393794007,92727,474,953,5849,
78.95307974516585,92726,475,953,5849,
78.96161227498379,92726,475,952,5850,
78.96164344981544,92726,475,951,5851,
78.9641319744971,92726,474,952,5851,
78.96776432119503,92725,475,952,5851,
78.97283360396807,92725,475,951,5852,
78.97432447696525,92725,474,952,5852,
78.97566691735084,92725,473,953,5852,
78.97927518242528,92725,473,952,5853,
78.982219720013,92725,473,951,5854,
78.98523205205453,92725,472,952,5854,
78.98830146770688,92725,471,953,5854,
78.99012379052668,92725,470,954,5854,
78.99143197199776,92725,470,953,5855,
79.00053503776407,92725,469,954,5855,
79.0022014046117,92725,469,953,5856,
79.00628179848513,92725,468,954,5856,
79.00756901724806,92724,469,954,5856,
79.00839735308644,92723,470,954,5856,
79.01147785660343,92723,470,953,5857,
79.01626373456423,92723,470,952,5858,
79.02177467231712,92723,469,953,5858,
79.02563313297779,92722,470,953,5858,
79.0265787523434,92722,469,954,5858,
79.03251708459894,92721,470,954,5858,
79.03407611775391,92721,470,953,5859,
79.0429552806469,92720,471,953,5859,
79.06994900315912,92720,471,952,5860,
79.07261693649268,92720,470,953,5860,
79.07266405984991,92720,470,952,5861,
79.07897844075325,92720,470,951,5862,
79.08463809934494,92719,471,951,5862,
79.0890966681543,92719,470,952,5862,
79.09398892081417,92719,469,953,5862,
79.09591321451133,92718,470,953,5862,
79.09921790625893,92718,469,954,5862,
79.10177991667278,92718,469,953,5863,
79.10545004467303,92718,469,952,5864,
79.10839144673182,92717,470,952,5864,
79.10877727691533,92717,469,953,5864,
79.11167810849223,92717,468,954,5864,
79.11705238687165,92717,467,955,5864,
79.1173211725461,92717,467,954,5865,
79.11893905795463,92717,466,955,5865,
79.12040170055195,92717,466,954,5866,
79.123675273951,92717,465,955,5866,
79.12534536371025,92717,464,956,5866,
79.1259981015478,92716,465,956,5866,
79.12619106360674,92715,466,956,5866,
79.12663799102583,92715,465,957,5866,
79.13004712560597,92715,465,956,5867,
79.13315164016576,92715,464,957,5867,
79.13337424968573,92714,465,957,5867,
79.1377384700744,92714,464,958,5867,
79.14478994465502,92714,464,957,5868,
79.15612751378822,92713,465,957,5868,
79.169616810426,92712,466,957,5868,
79.16969147307488,92711,467,957,5868,
79.17084011231753,92711,466,958,5868,
79.17550196016836,92711,465,959,5868,
79.17854280089979,92710,466,959,5868,
79.1787366694668,92710,466,958,5869,
79.18199122411944,92710,466,957,5870,
79.18971332130997,92710,465,958,5870,
79.19065571178322,92710,465,957,5871,
79.19278739494601,92710,465,956,5872,
79.19678426744747,92710,464,957,5872,
79.19852178045946,92709,465,957,5872,
79.20240329610158,92709,465,956,5873,
79.20375255549972,92709,464,957,5873,
79.20395740832899,92709,463,958,5873,
79.20419135017022,92709,462,959,5873,
79.20579756479694,92709,462,958,5874,
79.2072581040002,92709,461,959,5874,
79.21505027118518,92708,462,959,5874,
79.21560533419766,92707,463,959,5874,
79.2156621780554,92707,463,958,5875,
79.21693565370344,92706,464,958,5875,
79.22490192864684,92706,463,959,5875,
79.22755661621802,92706,463,958,5876,
79.22948416699779,92706,463,957,5877,
79.23017744332333,92705,464,957,5877,
79.23097672680208,92705,463,958,5877,
79.23401272445089,92705,463,957,5878,
79.23402677445314,92705,462,958,5878,
79.23930987002373,92704,463,958,5878,
79.2444950627093,92704,463,957,5879,
79.24577146327633,92703,464,957,5879,
79.24652894570674,92702,465,957,5879,
79.25346254224499,92701,466,957,5879,
79.25351777323013,92701,466,956,5880,
79.25984430079718,92701,465,957,5880,
79.26129550807434,92701,464,958,5880,
79.26319581530882,92700,465,958,5880,
79.26470739820729,92700,464,959,5880,
79.26773176840894,92699,465,959,5880,
79.26858492697797,92699,465,958,5881,
79.27031185881505,92699,465,957,5882,
79.2756138672211,92699,465,956,5883,
79.27855990705498,92699,465,955,5884,
79.27951763253233,92699,465,954,5885,
79.28081278144094,92699,465,953,5886,
79.28406534977125,92698,466,953,5886,
79.28619812563264,92698,466,952,5887,
79.2893054911548,92698,466,951,5888,
79.29664807595313,92697,467,951,5888,
79.29785740703986,92697,467,950,5889,
79.30213752236546,92696,468,950,5889,
79.30258293118018,92696,467,951,5889,
79.30284091518477,92696,466,952,5889,
79.30648795066347,92696,465,953,5889,
79.31023345614047,92695,466,953,5889,
79.31075700897317,92695,466,952,5890,
79.32658527931494,92694,467,952,5890,
79.32771955432133,92694,467,951,5891,
79.3351231639348,92694,467,950,5892,
79.33554940900885,92694,467,949,5893,
79.34511117730096,92694,466,950,5893,
79.34604805531232,92693,467,950,5893,
79.3474734889553,92693,466,951,5893,
79.3492416598863,92693,466,950,5894,
79.35247903850507,92693,466,949,5895,
79.35341026160181,92692,467,949,5895,
79.35652319302159,92691,468,949,5895,
79.35686299939641,92691,468,948,5896,
79.35900117172571,92691,467,949,5896,
79.35979158763276,92691,467,948,5897,
79.36375026824646,92691,466,949,5897,
79.36836560866543,92690,467,949,5897,
79.3710998579214,92690,466,950,5897,
79.37414010227985,92689,467,950,5897,
79.37657030084603,92688,468,950,5897,
79.37925573296447,92688,468,949,5898,
79.3813854344886,92687,469,949,5898,
79.38432909015339,92687,469,948,5899,
79.38518919823889,92687,469,947,5900,
79.38899197214627,92687,469,946,5901,
79.39276260581073,92686,470,946,5901,
79.39804869264853,92686,469,947,5901,
79.40277967106346,92686,469,946,5902,
79.40959436652963,92685,470,946,5902,
79.41233886242637,92684,471,946,5902,
79.41334581180259,92684,471,945,5903,
79.41701565887115,92684,470,946,5903,
79.4344263185985,92683,471,946,5903,
79.4402841276461,92682,472,946,5903,
79.44310795087517,92681,473,946,5903,
79.44817205873153,92681,473,945,5904,
79.44852479301187,92680,474,945,5904,
79.45355991108991,92680,474,944,5905,
79.45663659859882,92679,475,944,5905,
79.45693895956438,92679,475,943,5906,
79.4575979249839,92679,474,944,5906,
79.46676339285392,92679,474,943,5907,
79.46707087934023,92679,474,942,5908,
79.46964903604298,92679,473,943,5908,
79.4696746023877,92679,473,942,5909,
79.47159005163505,92679,472,943,5909,
79.47198910486077,92678,473,943,5909,
79.49075701595801,92677,474,943,5909,
79.4950449544177,92677,474,942,5910,
79.49634313309843,92676,475,942,5910,
79.50124372705496,92676,475,941,5911,
79.50271459743465,92676,474,942,5911,
79.5042126913054,92676,473,943,5911,
79.50440101329285,92676,473,942,5912,
79.51367759290639,92676,473,941,5913,
79.51610921847063,92676,473,940,5914,
79.52091381092217,92675,474,940,5914,
79.52515137945143,92675,473,941,5914,
79.52636564693574,92675,472,942,5914,
79.53060290585958,92675,471,943,5914,
79.53481455089374,92675,470,944,5914,
79.53906903770553,92675,470,943,5915,
79.54764790554049,92675,470,942,5916,
79.55398153681513,92674,471,942,5916,
79.55983391031502,92673,472,942,5916,
79.56427130576952,92673,472,941,5917,
79.56695767078926,92673,471,942,5917,
79.56742221469659,92672,472,942,5917,
79.57230864779406,92672,472,941,5918,
79.57253395016144,92672,471,942,5918,
79.5754669299578,92672,470,943,5918,
79.58545219596493,92671,471,943,5918,
79.58936725311942,92671,471,942,5919,
79.59463381628166,92670,472,942,5919,
79.59925799162559,92670,472,941,5920,
79.60383602484069,92670,471,942,5920,
79.6038868124931,92670,471,941,5921,
79.61190281844549,92670,471,940,5922,
79.61283277175416,92670,471,939,5923,
79.61337342587352,92669,472,939,5923,
79.61542987570918,92669,472,938,5924,
79.61641289210503,92669,471,939,5924,
79.61824519774515,92669,471,938,5925,
79.61912664351964,92669,471,937,5926,
79.62105272319181,92669,471,936,5927,
79.62340749247946,92669,471,935,5928,
79.62675742856584,92669,471,934,5929,
79.62764123322927,92669,470,935,5929,
79.64959986889266,92669,470,934,5930,
79.65247423201842,92669,469,935,5930,
79.65379982516698,92668,470,935,5930,
79.65606307096643,92667,471,935,5930,
79.65753518296972,92667,471,934,5931,
79.65773326084435,92667,471,933,5932,
79.66296757914466,92667,470,934,5932,
79.66572743769052,92667,470,933,5933,
79.66891438075243,92667,470,932,5934,
79.67426904454422,92667,470,931,5935,
79.67848032788177,92667,469,932,5935,
79.68015696845808,92666,470,932,5935,
79.68701810531103,92665,471,932,5935,
79.69018472038474,92665,471,931,5936,
79.69240351864143,92665,470,932,5936,
79.71216583429927,92665,469,933,5936,
79.71652246505077,92665,469,932,5937,
79.71913221434168,92665,469,931,5938,
79.72979032356207,92665,469,930,5939,
79.73012237115668,92665,469,929,5940,
79.73228938844552,92665,469,928,5941,
79.73324288686679,92664,470,928,5941,
79.73358872493489,92664,470,927,5942,
79.73735083485423,92664,469,928,5942,
79.73877576145416,92664,468,929,5942,
79.73987676112682,92664,467,930,5942,
79.74329220099042,92664,467,929,5943,
79.74670266496585,92664,467,928,5944,
79.75016658017701,92664,466,929,5944,
79.75349143609346,92664,465,930,5944,
79.75643473714524,92663,466,930,5944,
79.75718809488231,92662,467,930,5944,
79.7653573102481,92662,467,929,5945,
79.77334257378504,92662,466,930,5945,
79.7785534506018,92661,467,930,5945,
79.78186279998161,92661,466,931,5945,
79.78391942872821,92660,467,931,5945,
79.78402597570638,92660,467,930,5946,
79.79104065884965,92660,466,931,5946,
79.79467103601874,92659,467,931,5946,
79.79599507273065,92659,467,930,5947,
79.79690107285546,92659,466,931,5947,
79.80270951300761,92658,467,931,5947,
79.80532143628858,92658,466,932,5947,
79.80831222532844,92658,466,931,5948,
79.8133463232882,92658,465,932,5948,
79.81379437447892,92658,464,933,5948,
79.8233978053798,92658,464,932,5949,
79.82421462998275,92657,465,932,5949,
79.8247475901205,92657,464,933,5949,
79.82703332475782,92657,463,934,5949,
79.83113325780126,92656,464,934,5949,
79.8400922774131,92655,465,934,5949,
79.85038103427677,92654,466,934,5949,
79.85231523821406,92654,466,933,5950,
79.85236385770516,92654,465,934,5950,
79.85499288077521,92653,466,934,5950,
79.85637923461283,92653,465,935,5950,
79.85845163740262,92652,466,935,5950,
79.85894837347048,92651,467,935,5950,
79.86278335440427,92651,466,936,5950,
79.86303975240615,92651,465,937,5950,
79.86348021495984,92650,466,937,5950,
79.86521305427672,92649,467,937,5950,
79.86592361976041,92649,466,938,5950,
79.86596805496089,92649,466,937,5951,
79.86984662663869,92649,466,936,5952,
79.87460293754513,92648,467,936,5952,
79.87667218596044,92647,468,936,5952,
79.88071346092505,92646,469,936,5952,
79.8816783861306,92646,469,935,5953,
79.88405190966341,92646,469,934,5954,
79.88643628270748,92646,469,933,5955,
79.89939851072818,92646,469,932,5956,
79.9086750924674,92646,468,933,5956,
79.9111342687664,92646,468,932,5957,
79.91136935516252,92646,468,931,5958,
79.9143022260468,92646,468,930,5959,
79.91642460996002,92646,467,931,5959,
79.92735237559401,92645,468,931,5959,
79.92992016746024,92645,468,930,5960,
79.93086543358551,92645,467,931,5960,
79.93152060909932,92645,466,932,5960,
79.93625875126494,92645,466,931,5961,
79.93651478085832,92645,465,932,5961,
79.93885173371116,92645,465,931,5962,
79.93975669496992,92645,465,930,5963,
79.94138061783894,92645,465,929,5964,
79.94369839221737,92645,465,928,5965,
79.94512885421435,92644,466,928,5965,
79.95138566651337,92643,467,928,5965,
79.95227361613783,92643,466,929,5965,
79.95253908967187,92643,465,930,5965,
79.95684884119092,92642,466,930,5965,
79.961672288922,92641,467,930,5965,
79.968316210162,92641,467,929,5966,
79.9700592303268,92641,467,928,5967,
79.97009213746432,92640,468,928,5967,
79.97037152194767,92640,468,927,5968,
79.97212997024221,92640,467,928,5968,
79.97253327185209,92640,466,929,5968,
79.97693021176167,92640,466,928,5969,
79.98003587990354,92640,466,927,5970,
79.98248678508563,92640,465,928,5970,
79.98707692596419,92640,464,929,5970,
79.98752379496017,92640,464,928,5971,
79.98779759909866,92640,464,927,5972,
79.98784641259402,92639,465,927,5972,
79.9887930379265,92639,465,926,5973,
79.99026695979325,92639,464,927,5973,
79.99120547270618,92638,465,927,5973,
79.99211857866615,92638,464,928,5973,
79.99385247319705,92638,464,927,5974,
79.99758878399818,92637,465,927,5974,
80.00496416427113,92636,466,927,5974,
80.01069728326028,92636,465,928,5974,
80.01853712472933,92636,465,927,5975,
80.02826679324343,92636,465,926,5976,
80.02846842609988,92636,464,927,5976,
80.03511036818905,92636,463,928,5976,
80.03622906264928,92636,462,929,5976,
80.03735241431615,92636,461,930,5976,
80.0390742704175,92636,460,931,5976,
80.03930289031558,92636,459,932,5976,
80.04089872031565,92636,459,931,5977,
80.04181323269546,92636,458,932,5977,
80.04359410408037,92636,458,931,5978,
80.04749768105785,92635,459,931,5978,
80.04766348232252,92635,458,932,5978,
80.05051968825612,92635,457,933,5978,
80.05316397081332,92635,457,932,5979,
80.05540283862058,92635,457,931,5980,
80.05694445343222,92635,456,932,5980,
80.05806721365425,92635,456,931,5981,
80.0625981422854,92635,456,930,5982,
80.06479090890959,92635,455,931,5982,
80.06970928216458,92635,454,932,5982,
80.08044784484532,92635,454,931,5983,
80.09486347055571,92634,455,931,5983,
80.09811842114013,92633,456,931,5983,
80.09988187576793,92633,455,932,5983,
80.10328760364582,92633,454,933,5983,
80.11009823612397,92633,454,932,5984,
80.11135914127809,92632,455,932,5984,
80.11917279064825,92632,455,931,5985,
80.12153742854616,92632,455,930,5986,
80.12200045934628,92632,455,929,5987,
80.12217504524449,92631,456,929,5987,
80.13065962316813,92631,455,930,5987,
80.13204839284462,92630,456,930,5987,
80.13281424721258,92630,456,929,5988,
80.1330779426481,92629,457,929,5988,
80.1502423034249,92629,456,930,5988,
80.15707082128797,92628,457,930,5988,
80.16004033513681,92627,458,930,5988,
80.16353215265195,92627,457,931,5988,
80.1640095850522,92627,457,930,5989,
80.164660870912,92627,456,931,5989,
80.16828452957773,92627,455,932,5989,
80.16867578238684,92627,454,933,5989,
80.16986636720955,92627,453,934,5989,
80.17387886718058,92627,452,935,5989,
80.17833100347596,92626,453,935,5989,
80.18207141611495,92626,453,934,5990,
80.18327911291087,92626,453,933,5991,
80.18342077744607,92626,452,934,5991,
80.18360480696214,92626,452,933,5992,
80.19988872804188,92626,451,934,5992,
80.20582046598695,92625,452,934,5992,
80.20605656012299,92625,452,933,5993,
80.20706658691307,92625,452,932,5994,
80.20788404183591,92625,451,933,5994,
80.2112198579045,92625,451,932,5995,
80.21498252450544,92624,452,932,5995,
80.21538176463118,92624,451,933,5995,
80.2169892037325,92624,451,932,5996,
80.21982746375323,92624,451,931,5997,
80.22154254704131,92624,450,932,5997,
80.22186191731255,92623,451,932,5997,
80.22374647839928,92623,450,933,5997,
80.22381525834153,92623,450,932,5998,
80.23161275483294,92623,449,933,5998,
80.2320037950639,92622,450,933,5998,
80.23250352855544,92622,450,932,5999,
80.23289429099317,92622,450,931,6000,
80.23610223171919,92622,450,930,6001,
80.23921699627775,92622,450,929,6002,
80.24070934156461,92622,450,928,6003,
80.24364348575492,92622,450,927,6004,
80.24541673796324,92622,450,926,6005,
80.24628683837906,92621,451,926,6005,
80.24887987942051,92621,450,927,6005,
80.24891558606248,92621,449,928,6005,
80.24995417287519,92621,449,927,6006,
80.25294648073779,92621,448,928,6006,
80.25385208444678,92621,447,929,6006,
80.25829664465788,92621,447,928,6007,
80.26498227356903,92621,447,927,6008,
80.2651577512158,92621,446,928,6008,
80.2665039135568,92620,447,928,6008,
80.27030713632607,92620,447,927,6009,
80.27212564585037,92619,448,927,6009,
80.27270719562122,92618,449,927,6009,
80.2811420084138,92618,449,926,6010,
80.28772562890657,92617,450,926,6010,
80.28936427816642,92617,450,925,6011,
80.2932962995506,92616,451,925,6011,
80.29803421698537,92616,451,924,6012,
80.29853610969906,92616,451,923,6013,
80.30954550114423,92616,451,922,6014,
80.32796743303646,92616,451,921,6015,
80.3311382050576,92615,452,921,6015,
80.33901197006101,92615,452,920,6016,
80.33944746605995,92615,451,921,6016,
80.33952954106452,92615,450,922,6016,
80.34431792489204,92614,451,922,6016,
80.34770784426092,92613,452,922,6016,
80.35280484785778,92612,453,922,6016,
80.35394475968509,92612,452,923,6016,
80.35437056213618,92612,452,922,6017,
80.35827772013411,92612,452,921,6018,
80.35929126357752,92612,452,920,6019,
80.36932665053624,92612,452,919,6020,
80.37034912081383,92612,451,920,6020,
80.37124245046945,92612,450,921,6020,
80.37142584753954,92612,450,920,6021,
80.37607770449863,92612,449,921,6021,
80.37662825356907,92612,449,920,6022,
80.38138430985941,92612,449,919,6023,
80.38277085806168,92612,449,918,6024,
80.38747699631273,92612,449,917,6025,
80.3910699408104,92611,450,917,6025,
80.39232915443698,92610,451,917,6025,
80.39328163708885,92610,451,916,6026,
80.39390379594448,92609,452,916,6026,
80.4004338345681,92608,453,916,6026,
80.40399888222211,92608,452,917,6026,
80.40475849184229,92608,452,916,6027,
80.40613185846966,92608,452,915,6028,
80.4123289535778,92608,451,916,6028,
80.41250125480201,92608,451,915,6029,
80.41725321439245,92607,452,915,6029,
80.42495438281128,92607,451,916,6029,
80.42769297765604,92606,452,916,6029,
80.42782399335101,92605,453,916,6029,
80.4330424471763,92604,454,916,6029,
80.43572159987497,92604,453,917,6029,
80.43667354861591,92604,452,918,6029,
80.43785210732166,92604,451,919,6029,
80.44097529028248,92603,452,919,6029,
80.44359521470417,92603,451,920,6029,
80.4462712577049,92603,450,921,6029,
80.45709920610373,92603,450,920,6030,
80.45762078713744,92602,451,920,6030,
80.46031211024903,92602,451,919,6031,
80.4625969944911,92602,451,918,6032,
80.46741702745086,92601,452,918,6032,
80.46921084021446,92601,451,919,6032,
80.47138763094509,92600,452,919,6032,
80.47360753785152,92600,451,920,6032,
80.47658968704899,92599,452,920,6032,
80.49092544073895,92599,452,919,6033,
80.50056663966103,92599,451,920,6033,
80.50294988895317,92599,450,921,6033,
80.50421945326354,92599,450,920,6034,
80.50496373899222,92599,449,921,6034,
80.51386996113177,92599,449,920,6035,
80.51499696634076,92599,449,919,6036,
80.51756354229003,92599,449,918,6037,
80.51852142895237,92599,448,919,6037,
80.51905170699487,92599,448,918,6038,
80.52133570510617,92599,447,919,6038,
80.52176557572474,92598,448,919,6038,
80.52192503280341,92598,447,920,6038,
80.52198512880415,92598,446,921,6038,
80.52621392416972,92598,446,920,6039,
80.52803163203966,92598,446,919,6040,
80.52887864050302,92598,445,920,6040,
80.5338097714459,92597,446,920,6040,
80.54334717886847,92597,446,919,6041,
80.54474749519912,92596,447,919,6041,
80.54841417756658,92596,447,918,6042,
80.54994449728095,92596,447,917,6043,
80.55185768955955,92596,447,916,6044,
80.55549236537267,92596,447,915,6045,
80.55676610987067,92595,448,915,6045,
80.56344542953867,92594,449,915,6045,
80.56746054794553,92593,450,915,6045,
80.56767260419794,92593,449,916,6045,
80.568577984635,92592,450,916,6045,
80.5692032629724,92592,449,917,6045,
80.57617739733737,92592,449,916,6046,
80.57812129927741,92592,448,917,6046,
80.57957814860896,92592,448,916,6047,
80.5908107073987,92592,447,917,6047,
80.59101694637123,92592,446,918,6047,
80.59180258746562,92592,446,917,6048,
80.59180844649967,92592,445,918,6048,
80.59601349425267,92592,445,917,6049,
80.6025379552756,92592,445,916,6050,
80.60710319770273,92592,445,915,6051,
80.61026860414744,92592,445,914,6052,
80.61045976179616,92592,445,913,6053,
80.61112056484414,92591,446,913,6053,
80.61498082525227,92591,446,912,6054,
80.61513049289648,92591,446,911,6055,
80.63052221010113,92591,446,910,6056,
80.63361490232234,92590,447,910,6056,
80.63364762149035,92590,447,909,6057,
80.63388836005988,92590,446,910,6057,
80.63390412851372,92590,446,909,6058,
80.63480936369882,92590,446,908,6059,
80.63917483022391,92590,445,909,6059,
80.64407103047262,92590,445,908,6060,
80.64748863782751,92590,444,909,6060,
80.64839921666666,92590,444,908,6061,
80.65903702011272,92590,443,909,6061,
80.65921676325381,92589,444,909,6061,
80.659597465311,92588,445,909,6061,
80.66004245677706,92588,444,910,6061,
80.66233840008394,92588,443,911,6061,
80.66946229605134,92587,444,911,6061,
80.67613694559476,92587,444,910,6062,
80.68152410083255,92587,443,911,6062,
80.68426071103795,92587,443,910,6063,
80.68586039607156,92586,444,910,6063,
80.69038013848666,92586,444,909,6064,
80.70099523297854,92585,445,909,6064,
80.70788826276049,92585,444,910,6064,
80.71631426227135,92585,444,909,6065,
80.71741026337848,92584,445,909,6065,
80.71784545392612,92584,444,910,6065,
80.71927681872027,92584,443,911,6065,
80.71961253892248,92583,444,911,6065,
80.722035763097,92582,445,911,6065,
80.72396029452474,92581,446,911,6065,
80.72680091034894,92581,446,910,6066,
80.72689052855011,92581,445,911,6066,
80.72895329232963,92581,444,912,6066,
80.73519108784869,92581,443,913,6066,
80.73669982217294,92581,442,914,6066,
80.73743604512168,92581,442,913,6067,
80.73804671049395,92580,443,913,6067,
80.73821230817441,92580,442,914,6067,
80.73903691898013,92579,443,914,6067,
80.75147480216282,92579,443,913,6068,
80.75482332817765,92579,443,912,6069,
80.75484086907528,92579,443,911,6070,
80.75666302214049,92579,443,910,6071,
80.756739524454,92579,443,909,6072,
80.76496649412856,92578,444,909,6072,
80.7659932021941,92577,445,909,6072,
80.77015990885147,92576,446,909,6072,
80.78003918713836,92575,447,909,6072,
80.78059278261011,92575,446,910,6072,
80.78319406589998,92575,446,909,6073,
80.78434050556429,92575,446,908,6074,
80.78584658786508,92575,446,907,6075,
80.78827663649469,92575,446,906,6076,
80.79542343893591,92575,445,907,6076,
80.79592029556551,92574,446,907,6076,
80.79894677000331,92574,446,906,6077,
80.79925542516297,92574,446,905,6078,
80.80688898339264,92573,447,905,6078,
80.80965865965875,92573,447,904,6079,
80.81048082984253,92572,448,904,6079,
80.81214910196962,92572,448,903,6080,
80.83039938618525,92572,447,904,6080,
80.83127941618167,92572,446,905,6080,
80.83524865811916,92572,446,904,6081,
80.83713412635832,92572,446,903,6082,
80.83713677981507,92571,447,903,6082,
80.84082825310104,92571,447,902,6083,
80.84375745589969,92571,447,901,6084,
80.8446272554028,92570,448,901,6084,
80.8456452326972,92570,448,900,6085,
80.84583148736354,92570,447,901,6085,
80.85321476617946,92570,446,902,6085,
80.85346399559724,92569,447,902,6085,
80.86575408542868,92569,447,901,6086,
80.86696102028847,92569,447,900,6087,
80.8671075693497,92569,447,899,6088,
80.86859623649721,92569,447,898,6089,
80.86903720686797,92569,447,897,6090,
80.87577775720577,92569,447,896,6091,
80.87846359822775,92569,446,897,6091,
80.88303921089151,92569,446,896,6092,
80.88329915030863,92568,447,896,6092,
80.88755023881808,92568,447,895,6093,
80.8882913516741,92568,446,896,6093,
80.89122797715143,92568,445,897,6093,
80.8960687743616,92567,446,897,6093,
80.89820184958185,92567,446,896,6094,
80.89935977137603,92567,446,895,6095,
80.90264688497257,92566,447,895,6095,
80.90629479404815,92566,446,896,6095,
80.91047622956593,92566,446,895,6096,
80.91463204940891,92565,447,895,6096,
80.91496266732665,92564,448,895,6096,
80.93825224173352,92564,448,894,6097,
80.94401717086512,92563,449,894,6097,
80.94480570256965,92563,449,893,6098,
80.94604685946666,92563,449,892,6099,
80.95663651561411,92562,450,892,6099,
80.95691512444628,92561,451,892,6099,
80.95766467856885,92560,452,892,6099,
80.96369355370231,92560,452,891,6100,
80.9647683123485,92560,452,890,6101,
80.96816291254723,92560,452,889,6102,
80.96966719930899,92560,451,890,6102,
80.96991464725302,92560,451,889,6103,
80.97170490257642,92560,450,890,6103,
80.97300682191934,92560,450,889,6104,
80.97386913327585,92559,451,889,6104,
80.97643094900263,92559,450,890,6104,
80.97846601599213,92558,451,890,6104,
80.98062916525649,92557,452,890,6104,
80.98520238277064,92557,452,889,6105,
80.98957367331954,92557,452,888,6106,
80.9896235233138,92557,451,889,6106,
80.99204148624577,92557,450,890,6106,
80.99279062789827,92557,449,891,6106,
80.9946804309593,92556,450,891,6106,
81.00005895378597,92556,450,890,6107,
81.0009963001743,92555,451,890,6107,
81.0052299152864,92555,450,891,6107,
81.00568061753711,92554,451,891,6107,
81.01326377857607,92553,452,891,6107,
81.01522792184088,92552,453,891,6107,
81.01734804786989,92552,453,890,6108,
81.01832934295774,92551,454,890,6108,
81.02350994069141,92550,455,890,6108,
81.03361542039983,92550,455,889,6109,
81.03676633564191,92550,455,888,6110,
81.03772000441555,92549,456,888,6110,
81.03878666654708,92548,457,888,6110,
81.04348599204275,92548,457,887,6111,
81.04375995482297,92548,456,888,6111,
81.0443472966109,92547,457,888,6111,
81.04564761653963,92546,458,888,6111,
81.05634011525208,92546,457,889,6111,
81.05865350923605,92546,457,888,6112,
81.05993805357895,92546,457,887,6113,
81.06318144577621,92545,458,887,6113,
81.06882117091502,92545,458,886,6114,
81.07309516246181,92545,458,885,6115,
81.08272715427721,92545,457,886,6115,
81.08381812010532,92544,458,886,6115,
81.09024492568764,92544,458,885,6116,
81.09571739918479,92544,457,886,6116,
81.09941569600993,92544,457,885,6117,
81.09953357240002,92544,456,886,6117,
81.10329516535526,92543,457,886,6117,
81.10701562940756,92543,456,887,6117,
81.11429645916314,92543,456,886,6118,
81.11502483582179,92542,457,886,6118,
81.11904120071091,92542,456,887,6118,
81.12108862615085,92542,455,888,6118,
81.12218666900016,92542,455,887,6119,
81.12791161156326,92542,455,886,6120,
81.13584163208449,92542,455,885,6121,
81.13661776606577,92541,456,885,6121,
81.13956096076961,92541,456,884,6122,
81.14091228392924,92541,455,885,6122,
81.1507312911024,92541,454,886,6122,
81.1514816830508,92541,454,885,6123,
81.15329681486982,92540,455,885,6123,
81.1538064251844,92539,456,885,6123,
81.15656786083662,92539,455,886,6123,
81.15683067112306,92539,455,885,6124,
81.1613367808625,92539,455,884,6125,
81.16335093059178,92538,456,884,6125,
81.16467772534433,92538,455,885,6125,
81.16880175323666,92538,455,884,6126,
81.17332399737461,92537,456,884,6126,
81.1740134984575,92537,455,885,6126,
81.1808430632251,92537,454,886,6126,
81.18776716709493,92537,454,885,6127,
81.19050696250358,92537,453,886,6127,
81.19238316458822,92536,454,886,6127,
81.19446422223551,92536,453,887,6127,
81.1979924450291,92536,453,886,6128,
81.20589647294456,92535,454,886,6128,
81.20878529572371,92534,455,886,6128,
81.2090506859914,92533,456,886,6128,
81.20949028096425,92533,455,887,6128,
81.2167087877344,92532,456,887,6128,
81.21959313874629,92532,456,886,6129,
81.22317044116312,92532,456,885,6130,
81.22468941101613,92532,456,884,6131,
81.2248006888181,92531,457,884,6131,
81.22528833120833,92531,457,883,6132,
81.22596201422385,92531,456,884,6132,
81.24028654177624,92531,455,885,6132,
81.24112090070196,92531,454,886,6132,
81.24189765380842,92531,454,885,6133,
81.24468568298725,92531,453,886,6133,
81.2459737117971,92531,452,887,6133,
81.2483283207653,92531,452,886,6134,
81.24890169846756,92531,451,887,6134,
81.25391536406401,92530,452,887,6134,
81.26748559994299,92529,453,887,6134,
81.26770579650037,92529,453,886,6135,
81.27191298542729,92528,454,886,6135,
81.27443553051098,92527,455,886,6135,
81.27467493474319,92527,455,885,6136,
81.27764618561605,92527,455,884,6137,
81.28225730478489,92527,455,883,6138,
81.28878988402943,92527,455,882,6139,
81.29329202199108,92527,455,881,6140,
81.29517124737275,92527,455,880,6141,
81.30019659647698,92527,455,879,6142,
81.31045725062117,92527,454,880,6142,
81.31345084176866,92527,454,879,6143,
81.31504890421108,92527,453,880,6143,
81.31825104968298,92527,453,879,6144,
81.32515045286202,92527,453,878,6145,
81.32669011618232,92527,452,879,6145,
81.33659217333405,92527,451,880,6145,
81.33844067815593,92527,450,881,6145,
81.34332426008397,92527,450,880,6146,
81.3459612639896,92527,450,879,6147,
81.3524642584429,92527,450,878,6148,
81.3556956972005,92527,450,877,6149,
81.35635788309835,92527,450,876,6150,
81.35733198484246,92527,450,875,6151,
81.3611050064487,92526,451,875,6151,
81.36216090298777,92526,450,876,6151,
81.37286684293406,92526,450,875,6152,
81.37362450493885,92525,451,875,6152,
81.37621575661639,92525,451,874,6153,
81.38459924054143,92525,451,873,6154,
81.38726455917887,92525,451,872,6155,
81.38845846543543,92525,451,871,6156,
81.3897933212383,92525,450,872,6156,
81.39747155282612,92525,450,871,6157,
81.39800252350466,92525,449,872,6157,
81.39809422587965,92524,450,872,6157,
81.4026734146035,92524,449,873,6157,
81.41121390862048,92524,448,874,6157,
81.41356518961335,92524,447,875,6157,
81.41430558625095,92524,447,874,6158,
81.4178399761013,92523,448,874,6158,
81.41838031533418,92523,448,873,6159,
81.42030009250144,92523,447,874,6159,
81.42889930213616,92523,446,875,6159,
81.42965894085039,92523,446,874,6160,
81.43040432567136,92523,445,875,6160,
81.43161554445105,92522,446,875,6160,
81.4318220152874,92522,446,874,6161,
81.43834592481502,92521,447,874,6161,
81.44320548685064,92521,447,873,6162,
81.44707272582545,92521,447,872,6163,
81.44940036438084,92521,446,873,6163,
81.45282632176213,92521,446,872,6164,
81.45393562535432,92521,445,873,6164,
81.46385990301042,92520,446,873,6164,
81.46577157213122,92519,447,873,6164,
81.47005544922183,92519,446,874,6164,
81.47449095930159,92519,445,875,6164,
81.47786001941199,92519,445,874,6165,
81.49584446496962,92518,446,874,6165,
81.4978281417288,92517,447,874,6165,
81.50539334870882,92517,447,873,6166,
81.50610527735441,92516,448,873,6166,
81.50826059694333,92515,449,873,6166,
81.51740569363275,92515,448,874,6166,
81.52103495460224,92515,447,875,6166,
81.52312096024176,92515,447,874,6167,
81.5281220949664,92515,447,873,6168,
81.53435663717701,92515,447,872,6169,
81.54169611183427,92515,447,871,6170,
81.54231693770728,92514,448,871,6170,
81.54295305189754,92514,448,870,6171,
81.54780543660384,92513,449,870,6171,
81.54829779075526,92512,450,870,6171,
81.55280502720838,92512,449,871,6171,
81.55346024857579,92512,449,870,6172,
81.55673186686076,92512,449,869,6173,
81.55829333733972,92512,449,868,6174,
81.55864510723588,92512,448,869,6174,
81.56112387917764,92512,448,868,6175,
81.56157520766277,92512,448,867,6176,
81.5625339819992,92511,449,867,6176,
81.56603236071254,92510,450,867,6176,
81.5812346222207,92510,450,866,6177,
81.5824985520481,92510,449,867,6177,
81.59204158722045,92509,450,867,6177,
81.59466742508452,92508,451,867,6177,
81.6027153845105,92507,452,867,6177,
81.61852429817333,92506,453,867,6177,
81.63189371329378,92506,452,868,6177,
81.63562771055166,92506,452,867,6178,
81.6392951635286,92506,452,866,6179,
81.64166833201601,92506,451,867,6179,
81.64269964877295,92505,452,867,6179,
81.64510790980938,92505,452,866,6180,
81.6471427942703,92505,452,865,6181,
81.64968695027403,92505,452,864,6182,
81.65155699178388,92505,452,863,6183,
81.6524404528684,92505,452,862,6184,
81.66111406348136,92504,453,862,6184,
81.66133088817591,92503,454,862,6184,
81.66579570547223,92503,454,861,6185,
81.67219450192852,92502,455,861,6185,
81.67232524888016,92501,456,861,6185,
81.67423039454904,92501,456,860,6186,
81.67544567694353,92501,456,859,6187,
81.67582627184305,92501,456,858,6188,
81.67675044512546,92501,456,857,6189,
81.67906773556854,92501,456,856,6190,
81.6802949274146,92501,456,855,6191,
81.68119865883642,92501,455,856,6191,
81.68286735448419,92501,454,857,6191,
81.68849275773846,92501,454,856,6192,
81.68932641517753,92501,454,855,6193,
81.69427071562404,92501,453,856,6193,
81.69602018276606,92501,453,855,6194,
81.69623271199065,92501,453,854,6195,
81.69816332549689,92500,454,854,6195,
81.7020487376136,92499,455,854,6195,
81.70352836115404,92499,454,855,6195,
81.71110828974403,92499,454,854,6196,
81.71561182634085,92499,454,853,6197,
81.72193816845797,92499,454,852,6198,
81.72473851257531,92498,455,852,6198,
81.72531014910325,92497,456,852,6198,
81.73049551852718,92497,456,851,6199,
81.7316198417106,92497,456,850,6200,
81.7342961619049,92497,456,849,6201,
81.73505015162547,92496,457,849,6201,
81.73547840812583,92495,458,849,6201,
81.73696749963327,92495,458,848,6202,
81.74514402481586,92495,457,849,6202,
81.74699760289806,92495,456,850,6202,
81.74814450126769,92495,455,851,6202,
81.75082401610632,92495,454,852,6202,
81.751079291699,92495,453,853,6202,
81.75613072160505,92495,452,854,6202,
81.76173800670438,92495,451,855,6202,
81.76239726506181,92494,452,855,6202,
81.76422818482166,92494,452,854,6203,
81.77067131976234,92494,451,855,6203,
81.77105660804052,92494,450,856,6203,
81.78216809658703,92494,450,855,6204,
81.7839270777983,92494,449,856,6204,
81.78638916824954,92494,449,855,6205,
81.7871040365047,92493,450,855,6205,
81.79109800972682,92493,450,854,6206,
81.80320578062883,92492,451,854,6206,
81.80337371319172,92492,451,853,6207,
81.81071776409546,92492,450,854,6207,
81.8120881962241,92492,450,853,6208,
81.81367303166354,92491,451,853,6208,
81.82010820861029,92491,451,852,6209,
81.8213637182788,92491,450,853,6209,
81.82500097506947,92490,451,853,6209,
81.82571610741176,92489,452,853,6209,
81.8396625168204,92489,452,852,6210,
81.84023070585002,92489,452,851,6211,
81.84169336688996,92489,451,852,6211,
81.84257527348818,92488,452,852,6211,
81.84316145283678,92487,453,852,6211,
81.85482496261204,92487,452,853,6211,
81.85853769232958,92486,453,853,6211,
81.85864876183605,92485,454,853,6211,
81.86945962597161,92485,454,852,6212,
81.87578289487622,92484,455,852,6212,
81.87972854995566,92484,454,853,6212,
81.89043755403786,92483,455,853,6212,
81.89501201462872,92483,455,852,6213,
81.89726527206841,92483,455,851,6214,
81.897730302725,92482,456,851,6214,
81.89851474498722,92481,457,851,6214,
81.89999372853056,92480,458,851,6214,
81.90555388275935,92479,459,851,6214,
81.905663930308,92479,458,852,6214,
81.90785006056878,92479,458,851,6215,
81.9100174811706,92479,458,850,6216,
81.91051293585201,92478,459,850,6216,
81.91096710549354,92477,460,850,6216,
81.91233714955632,92477,459,851,6216,
81.91622268190044,92477,458,852,6216,
81.91969709209927,92477,457,853,6216,
81.92021843520125,92477,457,852,6217,
81.9208901342204,92477,457,851,6218,
81.922014375218,92477,457,850,6219,
81.92581276137196,92477,456,851,6219,
81.92851689806803,92476,457,851,6219,
81.93557854070716,92476,456,852,6219,
81.93602693636632,92476,455,853,6219,
81.937258553416,92475,456,853,6219,
81.94058871009241,92475,455,854,6219,
81.94217851420251,92475,455,853,6220,
81.94387083270375,92475,454,854,6220,
81.94532826480017,92474,455,854,6220,
81.94561498793936,92474,455,853,6221,
81.94587404769689,92474,455,852,6222,
81.95663052398999,92474,455,851,6223,
81.96769058959123,92473,456,851,6223,
81.96953044908022,92473,455,852,6223,
81.97308488362094,92473,454,853,6223,
81.97629870522732,92473,453,854,6223,
81.97903570783544,92473,453,853,6224,
81.98001898867132,92473,453,852,6225,
81.9898770441846,92473,452,853,6225,
81.99763539612587,92473,451,854,6225,
81.99912306821729,92473,451,853,6226,
81.99970906116141,92473,451,852,6227,
82.02257689475488,92473,451,851,6228,
82.03904933721,92472,452,851,6228,
82.03911456815928,92472,451,852,6228,
82.04242063057478,92472,451,851,6229,
82.04262303571431,92472,451,850,6230,
82.04755070159993,92472,450,851,6230,
82.04871703119441,92472,450,850,6231,
82.05345114553495,92472,449,851,6231,
82.05362604760244,92471,450,851,6231,
82.06685129272829,92471,450,850,6232,
82.08579250322074,92471,450,849,6233,
82.0954331178011,92471,449,850,6233,
82.10014623494811,92471,448,851,6233,
82.10299697620381,92471,448,850,6234,
82.10429955130084,92471,447,851,6234,
82.10438282307257,92471,447,850,6235,
82.107705710473,92470,448,850,6235,
82.10772957016684,92470,448,849,6236,
82.11339666934796,92470,447,850,6236,
82.11551633447189,92470,446,851,6236,
82.12109935517128,92470,446,850,6237,
82.12955368138341,92469,447,850,6237,
82.13152552960598,92469,447,849,6238,
82.13986277991695,92468,448,849,6238,
82.14207295411998,92468,448,848,6239,
82.1555331979022,92468,448,847,6240,
82.16299459772068,92468,448,846,6241,
82.16718232769648,92467,449,846,6241,
82.16752726061017,92467,448,847,6241,
82.16864910051714,92467,447,848,6241,
82.16912564068159,92467,447,847,6242,
82.17054196510115,92467,447,846,6243,
82.17485832315515,92467,447,845,6244,
82.18105416644863,92467,446,846,6244,
82.1850149332063,92467,445,847,6244,
82.1959678434939,92466,446,847,6244,
82.2008354430871,92466,445,848,6244,
82.20282276295035,92466,445,847,6245,
82.21308730327956,92465,446,847,6245,
82.21697504585597,92464,447,847,6245,
82.22490675815217,92464,446,848,6245,
82.22607806808941,92464,445,849,6245,
82.22670621881807,92464,445,848,6246,
82.22968794331786,92464,445,847,6247,
82.23235836630596,92464,445,846,6248,
82.23570806581091,92464,445,845,6249,
82.24738178906546,92464,445,844,6250,
82.26037231069373,92464,445,843,6251,
82.26291536089974,92464,445,842,6252,
82.26375604961132,92463,446,842,6252,
82.26969792614673,92463,446,841,6253,
82.27394366524483,92463,445,842,6253,
82.27657283690252,92463,444,843,6253,
82.27804664013115,92463,444,842,6254,
82.27930321336477,92463,443,843,6254,
82.28777255665347,92462,444,843,6254,
82.28900123105316,92462,443,844,6254,
82.29309137088572,92461,444,844,6254,
82.29656547181517,92460,445,844,6254,
82.3117808826513,92460,444,845,6254,
82.31596430534854,92460,444,844,6255,
82.32197524477895,92460,443,845,6255,
82.32459076950488,92460,443,844,6256,
82.32520046157406,92460,443,843,6257,
82.32771378652498,92460,443,842,6258,
82.33120926746554,92460,442,843,6258,
82.33125293847851,92460,441,844,6258,
82.33412908991927,92460,440,845,6258,
82.33522909850134,92459,441,845,6258,
82.33840882548166,92459,440,846,6258,
82.33887310869326,92458,441,846,6258,
82.33957581954859,92458,441,845,6259,
82.34129036064934,92458,440,846,6259,
82.34290231713095,92457,441,846,6259,
82.34506503048564,92457,441,845,6260,
82.35199616907067,92456,442,845,6260,
82.35636182662856,92456,442,844,6261,
82.35691155403396,92456,442,843,6262,
82.3650484411225,92456,442,842,6263,
82.36684020956129,92456,441,843,6263,
82.36755781728972,92455,442,843,6263,
82.36863158091072,92454,443,843,6263,
82.37369326627277,92453,444,843,6263,
82.37838188285609,92453,444,842,6264,
82.37838854046049,92453,444,841,6265,
82.3829140097398,92453,444,840,6266,
82.38469757406764,92453,444,839,6267,
82.39683554088157,92453,443,840,6267,
82.39815524239657,92453,442,841,6267,
82.40722259630971,92453,442,840,6268,
82.40867700344967,92452,443,840,6268,
82.41051850776283,92451,444,840,6268,
82.41265774586603,92450,445,840,6268,
82.41267776029714,92449,446,840,6268,
82.41854252292195,92449,446,839,6269,
82.4238000844714,92449,445,840,6269,
82.423918295101,92449,445,839,6270,
82.42507718958385,92449,444,840,6270,
82.42599900731263,92449,443,841,6270,
82.42706216825484,92449,443,840,6271,
82.42846200280525,92448,444,840,6271,
82.43308423532937,92447,445,840,6271,
82.44174722556485,92447,445,839,6272,
82.44607951696938,92447,445,838,6273,
82.44720345733242,92446,446,838,6273,
82.45077003598377,92446,445,839,6273,
82.46177001515431,92446,445,838,6274,
82.46391291895048,92445,446,838,6274,
82.466820035637,92445,445,839,6274,
82.46952163420201,92445,445,838,6275,
82.47240997356414,92445,444,839,6275,
82.47275937963666,92445,444,838,6276,
82.47580201148205,92445,444,837,6277,
82.4807212703763,92445,444,836,6278,
82.48459117820575,92445,444,835,6279,
82.49662045739925,92445,444,834,6280,
82.49839776792791,92445,443,835,6280,
82.50014616076295,92444,444,835,6280,
82.50119329814541,92444,444,834,6281,
82.50736937332395,92444,443,835,6281,
82.51210846361747,92443,444,835,6281,
82.51480402299323,92443,443,836,6281,
82.51497494666212,92443,442,837,6281,
82.5189147422549,92443,442,836,6282,
82.52061551203145,92443,442,835,6283,
82.52764675518421,92443,441,836,6283,
82.53060430642192,92443,441,835,6284,
82.53149446692203,92443,441,834,6285,
82.53458575396486,92443,441,833,6286,
82.53505523329957,92443,441,832,6287,
82.53534726081057,92442,442,832,6287,
82.54621406668102,92442,442,831,6288,
82.55320671644779,92442,442,830,6289,
82.55366493018629,92441,443,830,6289,
82.57446034398623,92440,444,830,6289,
82.58403079783659,92440,443,831,6289,
82.58593533896996,92440,443,830,6290,
82.58621293258602,92440,442,831,6290,
82.59337651989543,92440,442,830,6291,
82.59882607842545,92440,442,829,6292,
82.60272521471744,92440,441,830,6292,
82.6101221434854,92440,441,829,6293,
82.61405331683835,92440,441,828,6294,
82.61434482282118,92439,442,828,6294,
82.61601423992647,92439,441,829,6294,
82.62923041771788,92439,441,828,6295,
82.62951597660955,92439,440,829,6295,
82.63874117124064,92439,439,830,6295,
82.64242483876868,92439,439,829,6296,
82.64327811516046,92439,439,828,6297,
82.65057679069255,92438,440,828,6297,
82.65170588643811,92438,440,827,6298,
82.65572108913408,92438,440,826,6299,
82.65972088521912,92438,439,827,6299,
82.66237282035182,92438,438,828,6299,
82.66413578376009,92437,439,828,6299,
82.6655485547908,92437,438,829,6299,
82.6695164847475,92437,437,830,6299,
82.67013706037935,92437,437,829,6300,
82.67213792078485,92437,437,828,6301,
82.67446131864034,92437,436,829,6301,
82.67943539915905,92437,436,828,6302,
82.68444074677674,92436,437,828,6302,
82.68750942387553,92435,438,828,6302,
82.70107076512431,92434,439,828,6302,
82.70545026014344,92434,439,827,6303,
82.70830029377649,92434,438,828,6303,
82.71539700161247,92434,438,827,6304,
82.715413224537,92434,437,828,6304,
82.72156121088256,92433,438,828,6304,
82.73405146606103,92433,438,827,6305,
82.73531968137726,92433,437,828,6305,
82.73714323165632,92433,437,827,6306,
82.74113008927512,92433,436,828,6306,
82.74845484908954,92432,437,828,6306,
82.75315958219409,92432,436,829,6306,
82.75357176739158,92432,435,830,6306,
82.75412341945699,92432,434,831,6306,
82.75512518163603,92431,435,831,6306,
82.77070189189156,92431,435,830,6307,
82.77179541028167,92430,436,830,6307,
82.77472930288658,92430,435,831,6307,
82.77538050170494,92430,434,832,6307,
82.7771208399209,92429,435,832,6307,
82.78123370227087,92429,435,831,6308,
82.7817456439337,92429,435,830,6309,
82.78206080065122,92429,434,831,6309,
82.78238773220832,92429,433,832,6309,
82.78917572604814,92429,432,833,6309,
82.79297597535069,92429,432,832,6310,
82.79547188719232,92428,433,832,6310,
82.79967065374314,92427,434,832,6310,
82.80322699976072,92426,435,832,6310,
82.81432215008353,92426,434,833,6310,
82.81433550794348,92425,435,833,6310,
82.81456740556129,92425,434,834,6310,
82.816054970934,92425,434,833,6311,
82.81846049350045,92425,433,834,6311,
82.81853281638537,92425,432,835,6311,
82.82161743463337,92424,433,835,6311,
82.82642179170733,92424,433,834,6312,
82.82876388569039,92424,432,835,6312,
82.83108241219117,92423,433,835,6312,
82.8314768474757,92422,434,835,6312,
82.83283615937906,92422,434,834,6313,
82.83307317118158,92422,434,833,6314,
82.83453672299866,92421,435,833,6314,
82.8354586704044,92420,436,833,6314,
82.83977249916309,92420,435,834,6314,
82.84585124508109,92420,435,833,6315,
82.8483862833325,92420,435,832,6316,
82.84979332624414,92420,435,831,6317,
82.85832777362262,92420,435,830,6318,
82.85867886668458,92420,435,829,6319,
82.86122789866351,92420,434,830,6319,
82.86541667812705,92420,434,829,6320,
82.86896907989464,92419,435,829,6320,
82.86994385673513,92419,434,830,6320,
82.87030025062256,92418,435,830,6320,
82.87090868300494,92418,435,829,6321,
82.87513160563819,92418,434,830,6321,
82.87621729017687,92418,433,831,6321,
82.87730888372224,92418,433,830,6322,
82.87798982782843,92418,433,829,6323,
82.88086639202238,92418,432,830,6323,
82.88088615589703,92417,433,830,6323,
82.88309596475735,92417,433,829,6324,
82.88576072045115,92416,434,829,6324,
82.88809171256304,92416,433,830,6324,
82.8884769602424,92416,432,831,6324,
82.88902378381263,92415,433,831,6324,
82.89084078571705,92415,433,830,6325,
82.8918773672952,92415,433,829,6326,
82.89307314981039,92415,433,828,6327,
82.89398550769408,92415,433,827,6328,
82.90382827335753,92415,433,826,6329,
82.9099581013343,92415,433,825,6330,
82.91294505569174,92414,434,825,6330,
82.91552289500743,92413,435,825,6330,
82.91599136884034,92413,434,826,6330,
82.91900141647656,92413,433,827,6330,
82.92355365781967,92413,432,828,6330,
82.92671929393293,92413,431,829,6330,
82.92898221576752,92412,432,829,6330,
82.93189374720549,92411,433,829,6330,
82.93290669368668,92411,433,828,6331,
82.93617542137966,92411,433,827,6332,
82.9407885453945,92411,433,826,6333,
82.9426241718921,92411,432,827,6333,
82.94312352657494,92410,433,827,6333,
82.9449908308221,92409,434,827,6333,
82.94613932305917,92408,435,827,6333,
82.94955353384768,92408,435,826,6334,
82.95388916741838,92408,435,825,6335,
82.95638333499394,92408,435,824,6336,
82.95666070499405,92407,436,824,6336,
82.96690370246012,92407,436,823,6337,
82.96852595001677,92407,436,822,6338,
82.98006668379364,92407,436,821,6339,
82.98028006577684,92406,437,821,6339,
82.98382598711771,92405,438,821,6339,
82.98434906359668,92405,438,820,6340,
82.98991289961481,92404,439,820,6340,
82.99097360011372,92404,439,819,6341,
82.99100543527044,92403,440,819,6341,
82.99199650770291,92403,440,818,6342,
82.9930507859014,92403,439,819,6342,
82.99553927856707,92403,439,818,6343,
82.99974720349466,92402,440,818,6343,
83.00656348572754,92402,440,817,6344,
83.00700927714374,92401,441,817,6344,
83.00787390251827,92401,441,816,6345,
83.01037155089783,92401,440,817,6345,
83.01414816913177,92400,441,817,6345,
83.01595782378389,92400,441,816,6346,
83.01724593477688,92400,441,815,6347,
83.0181758298363,92400,441,814,6348,
83.02547595710227,92400,440,815,6348,
83.02647408223135,92399,441,815,6348,
83.0267541226657,92399,440,816,6348,
83.02770025793222,92399,440,815,6349,
83.0321504046982,92399,439,816,6349,
83.03624008416307,92399,438,817,6349,
83.03648680791852,92399,437,818,6349,
83.04458890026282,92399,437,817,6350,
83.04541034273464,92399,436,818,6350,
83.06068162547956,92398,437,818,6350,
83.06337005985431,92397,438,818,6350,
83.06418491691373,92397,438,817,6351,
83.06421007873271,92396,439,817,6351,
83.07645460685102,92395,440,817,6351,
83.08280743010152,92395,439,818,6351,
83.0870413493116,92394,440,818,6351,
83.0885757601757,92394,440,817,6352,
83.08865960010752,92394,440,816,6353,
83.09549454503428,92394,440,815,6354,
83.09562400715268,92394,440,814,6355,
83.09879948658816,92394,440,813,6356,
83.10188446281794,92393,441,813,6356,
83.10255175340976,92393,440,814,6356,
83.10303929583404,92393,440,813,6357,
83.10555869842594,92393,440,812,6358,
83.10632752958043,92393,439,813,6358,
83.10945786071133,92392,440,813,6358,
83.11312349944815,92391,441,813,6358,
83.11377636184515,92391,440,814,6358,
83.12203009264584,92391,440,813,6359,
83.12414083836764,92390,441,813,6359,
83.12849398799074,92390,440,814,6359,
83.12946488350772,92389,441,814,6359,
83.13623733049565,92389,441,813,6360,
83.13797105965187,92389,440,814,6360,
83.14171250616937,92389,439,815,6360,
83.14273106668827,92389,439,814,6361,
83.14539721455827,92389,439,813,6362,
83.1454219094112,92389,439,812,6363,
83.14675059115142,92389,438,813,6363,
83.14923116908112,92388,439,813,6363,
83.15593970679589,92387,440,813,6363,
83.16216397568706,92387,439,814,6363,
83.16426086919238,92386,440,814,6363,
83.16504599396019,92385,441,814,6363,
83.17103492920681,92385,440,815,6363,
83.17488993410348,92385,439,816,6363,
83.18281927020183,92385,439,815,6364,
83.18298008181092,92385,438,816,6364,
83.186083171,92385,438,815,6365,
83.18811677368663,92385,437,816,6365,
83.19294240197604,92384,438,816,6365,
83.20259014208659,92384,438,815,6366,
83.20647952172638,92384,437,816,6366,
83.20841359210252,92384,437,815,6367,
83.21021956339982,92384,436,816,6367,
83.21153899447015,92384,435,817,6367,
83.22519824426206,92383,436,817,6367,
83.23149805204322,92383,436,816,6368,
83.23987845360782,92383,435,817,6368,
83.2400177147856,92383,434,818,6368,
83.24214393597524,92383,434,817,6369,
83.25070863297668,92383,433,818,6369,
83.25448962609387,92382,434,818,6369,
83.25494544588622,92381,435,818,6369,
83.25818334512839,92381,435,817,6370,
83.26475186528447,92381,434,818,6370,
83.26824079202342,92380,435,818,6370,
83.27065102046524,92379,436,818,6370,
83.27599071537549,92379,435,819,6370,
83.27692494051504,92379,435,818,6371,
83.27805770747993,92379,434,819,6371,
83.27913638172183,92378,435,819,6371,
83.29144150572974,92378,434,820,6371,
83.29633209732879,92378,433,821,6371,
83.29644669373884,92377,434,821,6371,
83.30631827076476,92377,434,820,6372,
83.3071292746356,92376,435,820,6372,
83.30730548835439,92375,436,820,6372,
83.31047001922566,92374,437,820,6372,
83.31939529969468,92373,438,820,6372,
83.3198368426549,92373,438,819,6373,
83.32035572970153,92373,437,820,6373,
83.32728259433235,92372,438,820,6373,
83.33028105979358,92372,438,819,6374,
83.33767161709726,92371,439,819,6374,
83.3396240617189,92370,440,819,6374,
83.34138817145103,92370,439,820,6374,
83.34404819441848,92370,438,821,6374,
83.34822430735906,92370,437,822,6374,
83.35296064499313,92370,437,821,6375,
83.35892439717892,92370,436,822,6375,
83.36399970374664,92370,436,821,6376,
83.36745568312017,92369,437,821,6376,
83.36773937301254,92368,438,821,6376,
83.3851234737763,92367,439,821,6376,
83.39179466731147,92367,439,820,6377,
83.39588570533292,92367,439,819,6378,
83.39696440953983,92366,440,819,6378,
83.40004854599457,92366,440,818,6379,
83.40169022945051,92366,440,817,6380,
83.4025549270491,92366,440,816,6381,
83.40569388374632,92366,440,815,6382,
83.40607765603393,92366,440,814,6383,
83.4062823177054,92366,440,813,6384,
83.41097801208508,92366,440,812,6385,
83.41308093102745,92366,440,811,6386,
83.41340989102886,92365,441,811,6386,
83.42039240724478,92365,440,812,6386,
83.42109708345795,92365,439,813,6386,
83.4223848904362,92365,439,812,6387,
83.42487865293216,92365,438,813,6387,
83.4288037271929,92365,437,814,6387,
83.4295136562661,92365,437,813,6388,
83.43141013981304,92365,436,814,6388,
83.44185910417886,92365,436,813,6389,
83.4465497897876,92365,436,812,6390,
83.44668774731036,92365,435,813,6390,
83.45673925565305,92365,434,814,6390,
83.46015341565638,92365,433,815,6390,
83.46243079700456,92365,432,816,6390,
83.46660602888247,92365,432,815,6391,
83.4678883309557,92365,432,814,6392,
83.47033731939906,92365,431,815,6392,
83.47250565923102,92365,431,814,6393,
83.47541397839096,92365,431,813,6394,
83.47541771088788,92364,432,813,6394,
83.47620257899791,92363,433,813,6394,
83.47681193371616,92363,433,812,6395,
83.47805563442529,92362,434,812,6395,
83.48356947124009,92361,435,812,6395,
83.48424884361513,92360,436,812,6395,
83.48800861888583,92360,436,811,6396,
83.48960654982724,92360,436,810,6397,
83.49284536293001,92360,435,811,6397,
83.50504576914184,92360,435,810,6398,
83.50900016913701,92359,436,810,6398,
83.51151661013311,92359,436,809,6399,
83.51186312690854,92359,435,810,6399,
83.5165840715444,92359,434,811,6399,
83.51941441558765,92358,435,811,6399,
83.52398799952101,92357,436,811,6399,
83.52688749772912,92357,435,812,6399,
83.53026083238214,92357,434,813,6399,
83.53273147615332,92357,433,814,6399,
83.53680913206071,92356,434,814,6399,
83.54002660944406,92356,434,813,6400,
83.5459143149098,92356,434,812,6401,
83.54937288387467,92356,434,811,6402,
83.55283985816075,92356,433,812,6402,
83.56100594161055,92355,434,812,6402,
83.5736049334798,92355,433,813,6402,
83.57409637429262,92355,433,812,6403,
83.57658607811581,92354,434,812,6403,
83.57678614496116,92354,433,813,6403,
83.58217662925034,92354,433,812,6404,
83.58572464577627,92354,432,813,6404,
83.59126521054088,92354,431,814,6404,
83.59422480643778,92354,431,813,6405,
83.59941083326177,92354,430,814,6405,
83.59976506150332,92353,431,814,6405,
83.60228299034699,92353,431,813,6406,
83.60757047584966,92352,432,813,6406,
83.61498830012182,92352,432,812,6407,
83.6195197747345,92352,432,811,6408,
83.62084283959905,92352,432,810,6409,
83.624691045876,92352,432,809,6410,
83.63025517830062,92352,431,810,6410,
83.63540322917916,92351,432,810,6410,
83.6356439356322,92350,433,810,6410,
83.63577091493133,92350,432,811,6410,
83.64960181551268,92350,432,810,6411,
83.65598833412804,92350,432,809,6412,
83.65974014463262,92349,433,809,6412,
83.6613339645117,92348,434,809,6412,
83.66244063250977,92347,435,809,6412,
83.66450532483202,92346,436,809,6412,
83.66883573146197,92345,437,809,6412,
83.67027993710964,92345,437,808,6413,
83.67475609119565,92345,436,809,6413,
83.68103003822344,92345,435,810,6413,
83.68505339846692,92345,434,811,6413,
83.69010684689505,92345,434,810,6414,
83.69641991370298,92345,434,809,6415,
83.69722436083106,92344,435,809,6415,
83.69951896442453,92344,435,808,6416,
83.70134785517351,92344,434,809,6416,
83.70817311424462,92344,433,810,6416,
83.71278685287291,92344,433,809,6417,
83.7234444325361,92344,433,808,6418,
83.73831360380676,92344,433,807,6419,
83.7443097428091,92343,434,807,6419,
83.74435140662658,92342,435,807,6419,
83.74489361839858,92342,435,806,6420,
83.74513185507277,92342,435,805,6421,
83.75053105803869,92341,436,805,6421,
83.7580145622938,92340,437,805,6421,
83.75856042288132,92340,436,806,6421,
83.7632361359399,92340,435,807,6421,
83.7691503083451,92340,434,808,6421,
83.7694907401027,92340,434,807,6422,
83.76963656733159,92339,435,807,6422,
83.7727746223398,92339,435,806,6423,
83.7734629352575,92339,434,807,6423,
83.77514403087872,92339,434,806,6424,
83.77598007156459,92339,434,805,6425,
83.7805563956571,92338,435,805,6425,
83.78226698477465,92338,434,806,6425,
83.78549549552784,92338,434,805,6426,
83.7869552173608,92338,434,804,6427,
83.78723313710421,92338,434,803,6428,
83.80331505260835,92338,433,804,6428,
83.804569562046,92338,433,803,6429,
83.80881248691435,92337,434,803,6429,
83.81180795676026,92337,434,802,6430,
83.81187684321151,92337,433,803,6430,
83.81281698554645,92337,433,802,6431,
83.81836670202868,92337,432,803,6431,
83.82011475653343,92337,431,804,6431,
83.83211108787016,92336,432,804,6431,
83.8390624376581,92336,432,803,6432,
83.84491537389509,92335,433,803,6432,
83.8470752519536,92334,434,803,6432,
83.84729796231673,92334,434,802,6433,
83.8485928014762,92334,433,803,6433,
83.85306271448832,92333,434,803,6433,
83.85444336687902,92333,433,804,6433,
83.85715227340992,92333,432,805,6433,
83.8642780243533,92333,432,804,6434,
83.86654868076383,92333,432,803,6435,
83.86671128767166,92333,432,802,6436,
83.87183210955703,92333,432,801,6437,
83.87806118129652,92333,432,800,6438,
83.88196028152461,92332,433,800,6438,
83.88346752133964,92332,433,799,6439,
83.88525913156147,92332,432,800,6439,
83.89263514670894,92331,433,800,6439,
83.89608664753086,92331,433,799,6440,
83.90101035344483,92330,434,799,6440,
83.90568363736706,92330,433,800,6440,
83.90614864814604,92330,433,799,6441,
83.90724498447894,92330,433,798,6442,
83.90884033064825,92330,433,797,6443,
83.91021838182215,92330,432,798,6443,
83.91537546845416,92330,432,797,6444,
83.91770010854535,92330,432,796,6445,
83.91906924846923,92330,431,797,6445,
83.92078304850774,92329,432,797,6445,
83.92291623631455,92329,432,796,6446,
83.92396684796543,92329,431,797,6446,
83.92896790964565,92329,431,796,6447,
83.93062298097144,92329,431,795,6448,
83.94006207666553,92329,430,796,6448,
83.95244030350442,92329,430,795,6449,
83.9592845885257,92329,429,796,6449,
83.96358203198898,92329,429,795,6450,
83.9669717118594,92329,429,794,6451,
83.97559116276666,92328,430,794,6451,
83.97981522464943,92328,429,795,6451,
83.9805693245529,92328,429,794,6452,
83.98366878179293,92327,430,794,6452,
83.98552229972267,92326,431,794,6452,
83.99156953323072,92326,430,795,6452,
83.99219743874556,92326,429,796,6452,
83.99823083712528,92326,429,795,6453,
84.00233933314661,92326,429,794,6454,
84.01140875992874,92326,429,793,6455,
84.01585717697915,92326,429,792,6456,
84.02163737933694,92326,429,791,6457,
84.02200816398486,92326,428,792,6457,
84.02287286164062,92326,427,793,6457,
84.02636263839335,92325,428,793,6457,
84.03687512140807,92325,427,794,6457,
84.03878173224615,92325,426,795,6457,
84.0403714401273,92324,427,795,6457,
84.044904290843,92323,428,795,6457,
84.04845572986156,92323,427,796,6457,
84.05044078359506,92323,426,797,6457,
84.05112324901185,92322,427,797,6457,
84.06491209209042,92322,427,796,6458,
84.07386355590363,92322,427,795,6459,
84.07445739126275,92322,426,796,6459,
84.07733077042377,92321,427,796,6459,
84.0788343521228,92321,427,795,6460,
84.08027422842004,92321,426,796,6460,
84.08278455763,92321,426,795,6461,
84.08297115069097,92320,427,795,6461,
84.0887532488909,92320,427,794,6462,
84.09086467723779,92320,426,795,6462,
84.09444724680172,92319,427,795,6462,
84.10021800676904,92319,427,794,6463,
84.10403720851808,92319,427,793,6464,
84.10886777869922,92319,426,794,6464,
84.11167175514252,92318,427,794,6464,
84.11270784776485,92318,427,793,6465,
84.11535062958878,92317,428,793,6465,
84.11552696392701,92317,428,792,6466,
84.11783659739487,92316,429,792,6466,
84.11817727088663,92316,428,793,6466,
84.12399199666436,92316,428,792,6467,
84.12772775246876,92316,428,791,6468,
84.12906429474187,92316,428,790,6469,
84.13826176457295,92316,428,789,6470,
84.14186913452863,92316,427,790,6470,
84.15017123028548,92316,427,789,6471,
84.15437220477781,92316,426,790,6471,
84.15536424675072,92316,425,791,6471,
84.15581384340209,92316,425,790,6472,
84.15808323614974,92316,425,789,6473,
84.15898934726772,92315,426,789,6473,
84.16091060146618,92315,426,788,6474,
84.17164125237619,92315,425,789,6474,
84.18214101925591,92315,425,788,6475,
84.18323652389478,92314,426,788,6475,
84.19839789288939,92314,426,787,6476,
84.19976232096414,92314,425,788,6476,
84.2094223694998,92313,426,788,6476,
84.21001153827419,92313,426,787,6477,
84.21188801887158,92313,425,788,6477,
84.21416252503653,92313,425,787,6478,
84.2204050481248,92313,424,788,6478,
84.22217653738335,92313,424,787,6479,
84.22671609385218,92313,424,786,6480,
84.22811623227463,92313,424,785,6481,
84.23148667350343,92312,425,785,6481,
84.23199341422595,92312,425,784,6482,
84.23202078488328,92312,424,785,6482,
84.23338191226529,92312,423,786,6482,
84.24068077096044,92312,423,785,6483,
84.24697047971566,92311,424,785,6483,
84.24797242886392,92311,423,786,6483,
84.25440278059246,92311,423,785,6484,
84.26051039522233,92311,422,786,6484,
84.26106344194241,92310,423,786,6484,
84.26424966986994,92309,424,786,6484,
84.27021181333319,92309,423,787,6484,
84.27028558839626,92309,422,788,6484,
84.27434828358984,92308,423,788,6484,
84.27707842964003,92307,424,788,6484,
84.27993395317917,92307,423,789,6484,
84.29216704986464,92306,424,789,6484,
84.29466116780074,92305,425,789,6484,
84.29512416738159,92305,425,788,6485,
84.30331906605221,92305,424,789,6485,
84.3041290205351,92304,425,789,6485,
84.30697140674022,92304,424,790,6485,
84.30727637556575,92304,424,789,6486,
84.31041518353497,92304,423,790,6486,
84.32283211818954,92303,424,790,6486,
84.32356393789229,92302,425,790,6486,
84.3266652685811,92301,426,790,6486,
84.33246821559115,92301,425,791,6486,
84.33311379380255,92301,425,790,6487,
84.33619174254831,92300,426,790,6487,
84.34517353621918,92300,426,789,6488,
84.34617785000961,92300,425,790,6488,
84.35093623529289,92300,425,789,6489,
84.35535972365045,92300,425,788,6490,
84.35935276529833,92300,424,789,6490,
84.36287531103036,92299,425,789,6490,
84.36553900279814,92299,425,788,6491,
84.36754595193253,92299,424,789,6491,
84.36758309348825,92299,423,790,6491,
84.37082195715908,92299,422,791,6491,
84.37499635676946,92298,423,791,6491,
84.38247911022833,92298,422,792,6491,
84.38249678990704,92298,421,793,6491,
84.38705927321443,92298,420,794,6491,
84.39036569263558,92298,420,793,6492,
84.39111175596148,92298,420,792,6493,
84.3951650519736,92297,421,792,6493,
84.39852185345157,92296,422,792,6493,
84.40124062804168,92296,422,791,6494,
84.40435043127957,92296,421,792,6494,
84.40436524184668,92295,422,792,6494,
84.41334824652301,92295,421,793,6494,
84.4169087967263,92294,422,793,6494,
84.42194945529967,92294,421,794,6494,
84.42274721507025,92294,420,795,6494,
84.425093089431,92294,419,796,6494,
84.42724897796722,92293,420,796,6494,
84.4322592063792,92293,420,795,6495,
84.43502668953985,92293,420,794,6496,
84.43519079271502,92293,420,793,6497,
84.4379141421089,92293,419,794,6497,
84.44063178319445,92293,418,795,6497,
84.44186662233194,92292,419,795,6497,
84.4434309177887,92291,420,795,6497,
84.4505374369725,92291,419,796,6497,
84.46253405806652,92290,420,796,6497,
84.46941222377023,92290,419,797,6497,
84.47687895129668,92289,420,797,6497,
84.4792441442572,92288,421,797,6497,
84.47960535071884,92288,420,798,6497,
84.48559155234284,92287,421,798,6497,
84.48648589543495,92287,420,799,6497,
84.48771296837756,92287,420,798,6498,
84.49066821893751,92287,420,797,6499,
84.4918774425922,92287,420,796,6500,
84.5009508274635,92286,421,796,6500,
84.50463484730955,92286,421,795,6501,
84.51215856334167,92286,420,796,6501,
84.51521081719862,92286,420,795,6502,
84.5162885313889,92285,421,795,6502,
84.5167126781146,92284,422,795,6502,
84.51834515232565,92283,423,795,6502,
84.52066983811935,92283,422,796,6502,
84.54412837098042,92283,421,797,6502,
84.54519758551359,92283,421,796,6503,
84.54825769608394,92282,422,796,6503,
84.54842573077124,92281,423,796,6503,
84.55358611534803,92281,423,795,6504,
84.55446061379263,92280,424,795,6504,
84.56897232788455,92280,424,794,6505,
84.57133022218706,92279,425,794,6505,
84.57403742406257,92279,425,793,6506,
84.57541131628895,92278,426,793,6506,
84.57679273610202,92278,426,792,6507,
84.57751741971151,92278,425,793,6507,
84.58485010368013,92278,425,792,6508,
84.58495034838818,92277,426,792,6508,
84.58800409573129,92276,427,792,6508,
84.59205140541485,92276,427,791,6509,
84.59291824525867,92276,427,790,6510,
84.59690863847464,92276,427,789,6511,
84.59774146959325,92276,427,788,6512,
84.59829822831037,92276,427,787,6513,
84.59871190284616,92276,427,786,6514,
84.59949893032713,92276,427,785,6515,
84.59995537606176,92275,428,785,6515,
84.60153553152321,92275,428,784,6516,
84.61043023869712,92275,427,785,6516,
84.6151823478185,92275,427,784,6517,
84.63527423055,92275,426,785,6517,
84.63981288445359,92275,425,786,6517,
84.64375003623732,92275,425,785,6518,
84.65078685095087,92274,426,785,6518,
84.65209758972867,92274,426,784,6519,
84.66929717525497,92274,425,785,6519,
84.67773162279747,92274,425,784,6520,
84.7000201566353,92274,425,783,6521,
84.70519933898885,92274,424,784,6521,
84.71123576973913,92274,424,783,6522,
84.72392051508561,92274,423,784,6522,
84.72757007875686,92273,424,784,6522,
84.73517311921546,92273,423,785,6522,
84.7386031136819,92273,423,784,6523,
84.74711530489472,92273,423,783,6524,
84.74779798956598,92272,424,783,6524,
84.74820292099992,92272,424,782,6525,
84.75031261493854,92272,423,783,6525,
84.75157954318837,92271,424,783,6525,
84.76198747218865,92271,423,784,6525,
84.76719466584869,92271,423,783,6526,
84.76942455028511,92271,422,784,6526,
84.77470812260691,92271,421,785,6526,
84.77476704390406,92271,421,784,6527,
84.77563961151787,92271,421,783,6528,
84.77570141630724,92271,420,784,6528,
84.77644684476391,92270,421,784,6528,
84.7765880634355,92270,421,783,6529,
84.78028097186068,92270,420,784,6529,
84.78089370266161,92270,420,783,6530,
84.79194436110046,92269,421,783,6530,
84.79790359291438,92269,421,782,6531,
84.80177720638102,92269,420,783,6531,
84.8024495511149,92269,420,782,6532,
84.8058343433684,92269,420,781,6533,
84.80612260837736,92269,420,780,6534,
84.81410052926839,92268,421,780,6534,
84.81753259026083,92268,420,781,6534,
84.82017369092972,92268,419,782,6534,
84.82033649911659,92268,419,781,6535,
84.82119383486643,92268,419,780,6536,
84.82498659565317,92268,419,779,6537,
84.82532807218617,92268,418,780,6537,
84.83618310088909,92267,419,780,6537,
84.83806312836299,92267,418,781,6537,
84.84172154302975,92266,419,781,6537,
84.85034765656093,92266,419,780,6538,
84.85112986241535,92266,418,781,6538,
84.85367059683621,92266,418,780,6539,
84.85397018192108,92266,417,781,6539,
84.85471903410878,92266,416,782,6539,
84.85894635848781,92266,415,783,6539,
84.85999563343347,92265,416,783,6539,
84.86163844758292,92264,417,783,6539,
84.86513370105477,92264,416,784,6539,
84.86908441548759,92264,416,783,6540,
84.86974858778984,92264,416,782,6541,
84.87358196111072,92264,415,783,6541,
84.88403843888469,92263,416,783,6541,
84.90095736059236,92262,417,783,6541,
84.90202958529797,92262,416,784,6541,
84.90526449900486,92261,417,784,6541,
84.90557715625516,92261,416,785,6541,
84.90981114074165,92261,416,784,6542,
84.9172818910177,92261,415,785,6542,
84.91775786506435,92261,414,786,6542,
84.92544028498759,92261,413,787,6542,
84.92654316342183,92261,413,786,6543,
84.93063274221993,92261,412,787,6543,
84.93267458461096,92261,411,788,6543,
84.93396700250099,92261,410,789,6543,
84.93462612585421,92260,411,789,6543,
84.93521727449954,92259,412,789,6543,
84.94174428507276,92259,412,788,6544,
84.94343179828536,92259,411,789,6544,
84.94979238659394,92259,410,790,6544,
84.96054736922474,92259,410,789,6545,
84.96674073392879,92258,411,789,6545,
84.97302821349334,92258,410,790,6545,
84.97407005854693,92257,411,790,6545,
84.97682725913788,92257,410,791,6545,
84.98237677524642,92256,411,791,6545,
84.98598380655959,92255,412,791,6545,
84.98677583294557,92254,413,791,6545,
84.9893077599603,92253,414,791,6545,
84.99198578812008,92253,414,790,6546,
84.99319593604321,92253,414,789,6547,
85.00373537346223,92253,414,788,6548,
85.0042354358404,92253,413,789,6548,
85.01260305476433,92253,413,788,6549,
85.0242581749084,92253,413,787,6550,
85.02909569230573,92252,414,787,6550,
85.0307718006398,92252,414,786,6551,
85.03292200932162,92251,415,786,6551,
85.0368053588944,92250,416,786,6551,
85.03982003149046,92250,415,787,6551,
85.04056158495038,92250,414,788,6551,
85.04269871406356,92250,413,789,6551,
85.04390766455292,92250,412,790,6551,
85.04824394815378,92250,412,789,6552,
85.05728176949633,92250,411,790,6552,
85.06019388055091,92249,412,790,6552,
85.0640727598903,92249,411,791,6552,
85.07039230543323,92248,412,791,6552,
85.0794403081153,92248,412,790,6553,
85.07966622381633,92247,413,790,6553,
85.08058282748593,92246,414,790,6553,
85.08509094099264,92245,415,790,6553,
85.08549265833685,92244,416,790,6553,
85.08986423943871,92243,417,790,6553,
85.0922281718453,92243,416,791,6553,
85.09893873689722,92243,415,792,6553,
85.1007643726285,92242,416,792,6553,
85.10543157378652,92242,416,791,6554,
85.10562650329798,92242,416,790,6555,
85.10857695805765,92241,417,790,6555,
85.11286983739362,92241,416,791,6555,
85.1171731094833,92240,417,791,6555,
85.12479015839924,92240,417,790,6556,
85.12580000495684,92240,417,789,6557,
85.12746057129314,92240,416,790,6557,
85.12843712566396,92239,417,790,6557,
85.12987286500528,92238,418,790,6557,
85.13591147096558,92238,418,789,6558,
85.13748122128044,92238,417,790,6558,
85.13846268674357,92238,417,789,6559,
85.13888192740778,92237,418,789,6559,
85.14625311510105,92237,417,790,6559,
85.14736576676918,92236,418,790,6559,
85.14783088460644,92236,418,789,6560,
85.14790828980759,92236,418,788,6561,
85.14813179215554,92235,419,788,6561,
85.15818164589457,92234,420,788,6561,
85.16454310641376,92234,419,789,6561,
85.16552490823358,92234,419,788,6562,
85.17231521683206,92234,418,789,6562,
85.18808106030797,92234,417,790,6562,
85.18832110764997,92234,416,791,6562,
85.19076142480428,92233,417,791,6562,
85.191351007614,92233,416,792,6562,
85.19444930127037,92233,416,791,6563,
85.19713021518521,92233,416,790,6564,
85.2019102046694,92233,415,791,6564,
85.20250029190336,92232,416,791,6564,
85.2073638964831,92231,417,791,6564,
85.20951176488761,92231,417,790,6565,
85.20958568048408,92230,418,790,6565,
85.21338445088469,92230,417,791,6565,
85.21443245851782,92229,418,791,6565,
85.21681780852148,92229,418,790,6566,
85.22805881772831,92229,418,789,6567,
85.23014346634683,92229,418,788,6568,
85.23014750503395,92229,418,787,6569,
85.24434189874583,92229,417,788,6569,
85.2450274502204,92229,416,789,6569,
85.24600250739094,92229,416,788,6570,
85.25391499647696,92228,417,788,6570,
85.25800860285632,92228,416,789,6570,
85.2592206382692,92228,415,790,6570,
85.25956401786655,92228,415,789,6571,
85.26194775775264,92228,415,788,6572,
85.26372492283679,92228,414,789,6572,
85.26395584391173,92228,413,790,6572,
85.2676944683274,92228,413,789,6573,
85.26926488489964,92228,413,788,6574,
85.27123127989981,92228,413,787,6575,
85.2756833783643,92228,412,788,6575,
85.2786340482122,92227,413,788,6575,
85.28072660431991,92227,413,787,6576,
85.28099716053933,92226,414,787,6576,
85.28270850177753,92226,413,788,6576,
85.29062372186235,92226,412,789,6576,
85.29330495954332,92226,411,790,6576,
85.2942122622577,92226,411,789,6577,
85.3007083386023,92226,410,790,6577,
85.30276577824715,92225,411,790,6577,
85.3212016954741,92225,411,789,6578,
85.32267582236494,92224,412,789,6578,
85.32332992443926,92223,413,789,6578,
85.32559252536072,92223,412,790,6578,
85.32830725324504,92223,412,789,6579,
85.33483941978851,92223,412,788,6580,
85.33699011554023,92223,412,787,6581,
85.34151902257824,92223,412,786,6582,
85.34494084780131,92222,413,786,6582,
85.34626367251936,92222,413,785,6583,
85.34907034119625,92222,412,786,6583,
85.35583690580987,92222,412,785,6584,
85.36222054419162,92221,413,785,6584,
85.37150035561002,92221,412,786,6584,
85.37203814706936,92220,413,786,6584,
85.37379264049358,92220,413,785,6585,
85.37420257039102,92220,413,784,6586,
85.37658833034564,92220,412,785,6586,
85.37687798837115,92220,411,786,6586,
85.3805061592998,92219,412,786,6586,
85.38992354645683,92219,411,787,6586,
85.39167155897766,92218,412,787,6586,
85.3919756588206,92218,412,786,6587,
85.40065786262693,92217,413,786,6587,
85.40182320343912,92217,413,785,6588,
85.40376421796674,92216,414,785,6588,
85.41100596698031,92216,413,786,6588,
85.41873906141574,92216,412,787,6588,
85.41933505704873,92216,412,786,6589,
85.41944844332892,92216,412,785,6590,
85.42046156614629,92216,412,784,6591,
85.4214858349219,92215,413,784,6591,
85.4301321631741,92214,414,784,6591,
85.43095191811008,92213,415,784,6591,
85.43696907945414,92212,416,784,6591,
85.44067006732902,92212,416,783,6592,
85.4433358727733,92212,415,784,6592,
85.4433723459909,92212,414,785,6592,
85.4444957035011,92211,415,785,6592,
85.44730806375341,92211,414,786,6592,
85.44870074512059,92211,414,785,6593,
85.44887845876707,92211,414,784,6594,
85.44928498961613,92211,413,785,6594,
85.45162927200133,92211,413,784,6595,
85.45662960810665,92210,414,784,6595,
85.45783360202084,92209,415,784,6595,
85.46179802825625,92209,415,783,6596,
85.46209807643442,92209,415,782,6597,
85.46501587243614,92209,414,783,6597,
85.46990373950302,92209,414,782,6598,
85.46993505852264,92209,414,781,6599,
85.47296410298333,92209,414,780,6600,
85.47537066240122,92209,413,781,6600,
85.47670037011709,92209,412,782,6600,
85.47815858927348,92208,413,782,6600,
85.48391808341323,92208,412,783,6600,
85.49054708096986,92207,413,783,6600,
85.49494313708398,92207,413,782,6601,
85.49547299562582,92206,414,782,6601,
85.49760958960638,92206,414,781,6602,
85.50242095604943,92205,415,781,6602,
85.50480214072434,92205,414,782,6602,
85.5071373518488,92205,414,781,6603,
85.530989609443,92205,414,780,6604,
85.53792322552619,92205,414,779,6605,
85.55083055636022,92204,415,779,6605,
85.5523015516648,92203,416,779,6605,
85.55607521699677,92203,415,780,6605,
85.55703242737019,92203,414,781,6605,
85.55842972428597,92203,413,782,6605,
85.56704882746526,92203,412,783,6605,
85.56784486510335,92203,411,784,6605,
85.57538687779325,92202,412,784,6605,
85.57922207462767,92201,413,784,6605,
85.58224235188835,92201,413,783,6606,
85.5855104602042,92200,414,783,6606,
85.5933136359595,92200,413,784,6606,
85.59697385806547,92199,414,784,6606,
85.60218000684233,92199,414,783,6607,
85.60224257756411,92199,413,784,6607,
85.6023557478423,92199,413,783,6608,
85.6043908696676,92199,413,782,6609,
85.61067359679026,92199,412,783,6609,
85.6138844745486,92199,412,782,6610,
85.61448372131792,92199,411,783,6610,
85.61512246981803,92198,412,783,6610,
85.61681572372828,92198,412,782,6611,
85.61761639149094,92198,412,781,6612,
85.62962487470026,92198,412,780,6613,
85.63154032393979,92198,412,779,6614,
85.64927338561905,92198,412,778,6615,
85.6500637596777,92198,412,777,6616,
85.6516980509029,92198,411,778,6616,
85.65445956615645,92197,412,778,6616,
85.65511501913187,92196,413,778,6616,
85.65578496481201,92195,414,778,6616,
85.65804582152313,92194,415,778,6616,
85.66153811950414,92193,416,778,6616,
85.66384851065672,92192,417,778,6616,
85.66512868175994,92192,417,777,6617,
85.67982898190745,92192,417,776,6618,
85.68355484382371,92192,416,777,6618,
85.68403084588746,92192,416,776,6619,
85.70001263746246,92192,416,775,6620,
85.70437220277911,92192,415,776,6620,
85.71039576120799,92192,415,775,6621,
85.7142432191185,92192,415,774,6622,
85.71645646313695,92192,415,773,6623,
85.72237975536606,92192,414,774,6623,
85.73635003744852,92192,414,773,6624,
85.73903591908815,92192,414,772,6625,
85.73963785385567,92191,415,772,6625,
85.74450205094931,92191,415,771,6626,
85.7533859418744,92191,415,770,6627,
85.76805104069518,92191,414,771,6627,
85.77074086063415,92191,414,770,6628,
85.77085753016425,92191,414,769,6629,
85.77162246280585,92191,413,770,6629,
85.77488039283122,92191,412,771,6629,
85.7846348983166,92191,412,770,6630,
85.78990309827384,92191,412,769,6631,
85.79026601696985,92191,412,768,6632,
85.79167487551658,92190,413,768,6632,
85.7969979708869,92190,412,769,6632,
85.79747240847657,92190,412,768,6633,
85.8002126447698,92190,411,769,6633,
85.80032828706447,92190,410,770,6633,
85.80656448764026,92189,411,770,6633,
85.80920679048306,92188,412,770,6633,
85.81048211536893,92188,411,771,6633,
85.8142730775004,92187,412,771,6633,
85.81529993584306,92187,411,772,6633,
85.81872272498399,92187,410,773,6633,
85.82106662099072,92187,410,772,6634,
85.82169949879363,92186,411,772,6634,
85.82444193408391,92186,410,773,6634,
85.83553212686888,92186,410,772,6635,
85.83597381720415,92186,410,771,6636,
85.83697223175199,92186,409,772,6636,
85.83919879472407,92185,410,772,6636,
85.8403362318598,92185,410,771,6637,
85.84115929354678,92185,410,770,6638,
85.84382454315599,92185,410,769,6639,
85.84951611503875,92185,410,768,6640,
85.85036683971458,92185,409,769,6640,
85.85250879434474,92185,409,768,6641,
85.85972978637673,92185,409,767,6642,
85.86204429147537,92185,408,768,6642,
85.86626752849946,92184,409,768,6642,
85.86796830173921,92184,409,767,6643,
85.87385826788132,92183,410,767,6643,
85.87668923041255,92183,409,768,6643,
85.87687755740302,92182,410,768,6643,
85.88532847720089,92182,409,769,6643,
85.89036906136539,92181,410,769,6643,
85.89079304838415,92181,409,770,6643,
85.8925208711251,92180,410,770,6643,
85.89257825354966,92179,411,770,6643,
85.89754016545022,92179,411,769,6644,
85.90257194214463,92178,412,769,6644,
85.90367797399438,92178,411,770,6644,
85.9057585564303,92178,410,771,6644,
85.91487642789917,92177,411,771,6644,
85.91624130253126,92177,411,770,6645,
85.93141217544621,92177,410,771,6645,
85.94053653506417,92176,411,771,6645,
85.94240987249066,92176,410,772,6645,
85.9471439281443,92176,410,771,6646,
85.94938151568215,92175,411,771,6646,
85.95141284478134,92175,410,772,6646,
85.95744187543272,92174,411,772,6646,
85.95817890423203,92174,410,773,6646,
85.95820860141251,92174,409,774,6646,
85.96303446272853,92174,408,775,6646,
85.96444217788074,92174,408,774,6647,
85.96606428999343,92174,408,773,6648,
85.97025831300695,92174,407,774,6648,
85.9721862673745,92174,407,773,6649,
85.97788943418198,92174,406,774,6649,
85.9872409137057,92174,405,775,6649,
85.98881942925215,92174,405,774,6650,
85.99101406151183,92174,405,773,6651,
85.99815900616099,92174,405,772,6652,
86.00037765944779,92173,406,772,6652,
86.00190907005756,92173,406,771,6653,
86.00590331314766,92173,406,770,6654,
86.00795664353828,92173,406,769,6655,
86.01065478284646,92172,407,769,6655,
86.01692787797072,92172,407,768,6656,
86.02309352567147,92171,408,768,6656,
86.02547129194815,92170,409,768,6656,
86.03352652499258,92169,410,768,6656,
86.03552147255,92169,409,769,6656,
86.03617480627975,92169,408,770,6656,
86.03873097590436,92168,409,770,6656,
86.04024705079848,92168,408,771,6656,
86.05187753905034,92167,409,771,6656,
86.06053896986667,92167,408,772,6656,
86.06080511242595,92167,408,771,6657,
86.06182262702347,92167,408,770,6658,
86.07045162955407,92167,408,769,6659,
86.07548175696695,92167,408,768,6660,
86.07580939072386,92167,408,767,6661,
86.07721427519184,92167,407,768,6661,
86.07859569039208,92166,408,768,6661,
86.08608153491377,92165,409,768,6661,
86.08609162144607,92165,409,767,6662,
86.09118280694246,92164,410,767,6662,
86.0958542029032,92164,410,766,6663,
86.1044022793809,92164,410,765,6664,
86.10545516866443,92164,410,764,6665,
86.10767234539921,92164,409,765,6665,
86.11733234756004,92163,410,765,6665,
86.11894180293905,92163,410,764,6666,
86.12417554674138,92163,409,765,6666,
86.12457603464716,92162,410,765,6666,
86.12505045271075,92162,410,764,6667,
86.12555486973687,92162,410,763,6668,
86.1339054155052,92162,409,764,6668,
86.13742615135007,92162,409,763,6669,
86.14299520792682,92162,409,762,6670,
86.14773973222125,92162,408,763,6670,
86.15270510950393,92161,409,763,6670,
86.15339007256682,92161,408,764,6670,
86.15571748131003,92160,409,764,6670,
86.15796901661363,92160,409,763,6671,
86.17160174081125,92159,410,763,6671,
86.17396806705585,92158,411,763,6671,
86.1785524255668,92158,411,762,6672,
86.18391465389934,92158,410,763,6672,
86.19062948882276,92157,411,763,6672,
86.19339053752391,92157,410,764,6672,
86.19416692117643,92157,409,765,6672,
86.1950460095843,92157,409,764,6673,
86.19852661795059,92157,409,763,6674,
86.19859577220831,92157,409,762,6675,
86.20246037350753,92157,408,763,6675,
86.20598091812215,92157,407,764,6675,
86.20701905660232,92156,408,764,6675,
86.20836388557603,92156,408,763,6676,
86.20889432496433,92155,409,763,6676,
86.21008750175534,92154,410,763,6676,
86.22343066008071,92154,410,762,6677,
86.23726772485814,92154,409,763,6677,
86.23901623641683,92154,409,762,6678,
86.24061222401141,92154,409,761,6679,
86.2501228939612,92154,409,760,6680,
86.2547135180907,92154,409,759,6681,
86.25773081001395,92154,408,760,6681,
86.26180018288457,92153,409,760,6681,
86.27064107333752,92153,409,759,6682,
86.2773767401019,92153,408,760,6682,
86.27776081361756,92153,408,759,6683,
86.2778872395963,92152,409,759,6683,
86.2779429002056,92152,408,760,6683,
86.28048194952392,92151,409,760,6683,
86.28097005186274,92151,409,759,6684,
86.29419055456702,92150,410,759,6684,
86.29671544087778,92150,409,760,6684,
86.29826078680605,92150,408,761,6684,
86.30069516842617,92150,408,760,6685,
86.30159582137082,92150,407,761,6685,
86.30988441907377,92150,406,762,6685,
86.30994518317249,92150,406,761,6686,
86.32135447763994,92150,405,762,6686,
86.32793524279984,92150,404,763,6686,
86.32932474007603,92150,403,764,6686,
86.33165124957543,92150,403,763,6687,
86.33657831185624,92150,402,764,6687,
86.34274422874188,92150,402,763,6688,
86.34349868208011,92150,401,764,6688,
86.34387021800292,92149,402,764,6688,
86.34718921152088,92148,403,764,6688,
86.34862710798896,92147,404,764,6688,
86.35267471094042,92147,403,765,6688,
86.35535218222688,92147,403,764,6689,
86.35702751720252,92147,403,763,6690,
86.36040671133479,92146,404,763,6690,
86.36439206224287,92146,404,762,6691,
86.36687897643245,92146,404,761,6692,
86.36772073522471,92146,404,760,6693,
86.37017546990815,92146,404,759,6694,
86.37409133412751,92145,405,759,6694,
86.38491357651003,92145,405,758,6695,
86.38856775778233,92145,405,757,6696,
86.3889188011752,92145,405,756,6697,
86.38974914286945,92144,406,756,6697,
86.39564673430279,92144,405,757,6697,
86.39925061325559,92143,406,757,6697,
86.4004317469774,92142,407,757,6697,
86.40168742764588,92142,406,758,6697,
86.40637030438293,92142,405,759,6697,
86.41492648226892,92142,405,758,6698,
86.41824114673823,92142,404,759,6698,
86.42530058388739,92142,404,758,6699,
86.42777590031142,92142,404,757,6700,
86.42933269523553,92142,404,756,6701,
86.42983572959912,92141,405,756,6701,
86.43034000078643,92141,405,755,6702,
86.43294327172529,92141,404,756,6702,
86.43679500587196,92141,404,755,6703,
86.43701860030548,92141,404,754,6704,
86.4387379516757,92140,405,754,6704,
86.43906598583024,92139,406,754,6704,
86.43990470670957,92138,407,754,6704,
86.4483386645133,92138,406,755,6704,
86.45190375121122,92138,406,754,6705,
86.45214134776975,92138,405,755,6705,
86.45649716995803,92138,404,756,6705,
86.46330837773732,92138,403,757,6705,
86.46404976191938,92137,404,757,6705,
86.46893264877724,92136,405,757,6705,
86.47448783418932,92136,405,756,6706,
86.47727353290654,92136,405,755,6707,
86.47748311642988,92136,405,754,6708,
86.47809094203132,92136,405,753,6709,
86.49630797242946,92136,405,752,6710,
86.50424273629756,92135,406,752,6710,
86.5061943241357,92135,405,753,6710,
86.50857141524929,92135,404,754,6710,
86.51039568440342,92134,405,754,6710,
86.51271491686677,92134,404,755,6710,
86.51442071635815,92134,404,754,6711,
86.52709395871064,92133,405,754,6711,
86.53261623664295,92133,405,753,6712,
86.53584226589828,92133,404,754,6712,
86.53761601346798,92133,403,755,6712,
86.54010302241772,92133,403,754,6713,
86.54045572567111,92133,402,755,6713,
86.54675231610594,92132,403,755,6713,
86.54917421556871,92132,403,754,6714,
86.54964828839181,92132,402,755,6714,
86.55953738028339,92132,401,756,6714,
86.56274582305338,92132,401,755,6715,
86.56618109567907,92131,402,755,6715,
86.56984781148626,92131,401,756,6715,
86.58031926037967,92131,401,755,6716,
86.58581037418932,92130,402,755,6716,
86.59165986185914,92130,402,754,6717,
86.5925795755688,92129,403,754,6717,
86.59431293828399,92128,404,754,6717,
86.59602362248948,92127,405,754,6717,
86.5967232308029,92126,406,754,6717,
86.5979035380858,92126,406,753,6718,
86.60194494458554,92126,406,752,6719,
86.60420341307477,92125,407,752,6719,
86.61000648537927,92125,407,751,6720,
86.61560649924132,92125,406,752,6720,
86.62814330171102,92125,406,751,6721,
86.62914618117767,92124,407,751,6721,
86.62934388720367,92124,406,752,6721,
86.63355045152686,92124,406,751,6722,
86.64372083011222,92124,406,750,6723,
86.64499705515604,92124,406,749,6724,
86.64733836701426,92124,405,750,6724,
86.65201103572825,92124,405,749,6725,
86.65790094675182,92124,405,748,6726,
86.66027741871117,92124,404,749,6726,
86.6623910859278,92124,403,750,6726,
86.67048501633715,92123,404,750,6726,
86.6726244156709,92123,404,749,6727,
86.67332826734659,92123,403,750,6727,
86.67394003597687,92122,404,750,6727,
86.67684044139807,92122,403,751,6727,
86.68202586505154,92121,404,751,6727,
86.6842970224331,92120,405,751,6727,
86.68771317623623,92120,404,752,6727,
86.68794034829399,92120,403,753,6727,
86.68857290093635,92120,402,754,6727,
86.68893722903645,92119,403,754,6727,
86.68947801627624,92119,402,755,6727,
86.69485661135936,92119,402,754,6728,
86.69832768391151,92119,401,755,6728,
86.7023789293041,92118,402,755,6728,
86.70556192846979,92118,401,756,6728,
86.70574874898142,92118,401,755,6729,
86.70578821380934,92118,400,756,6729,
86.70756566136609,92118,400,755,6730,
86.70760519050005,92117,401,755,6730,
86.72200175751989,92117,400,756,6730,
86.72398394617193,92117,399,757,6730,
86.73009788225977,92117,398,758,6730,
86.73373899639728,92117,398,757,6731,
86.73590993215085,92116,399,757,6731,
86.73865089822971,92116,399,756,6732,
86.7395950947965,92116,398,757,6732,
86.74023107459891,92115,399,757,6732,
86.74594649348165,92115,399,756,6733,
86.74903529097823,92114,400,756,6733,
86.75809286978995,92113,401,756,6733,
86.77389803053073,92113,401,755,6734,
86.77541229408735,92113,400,756,6734,
86.77601139984571,92112,401,756,6734,
86.77677255363268,92112,400,757,6734,
86.77926900512242,92111,401,757,6734,
86.78267599377381,92111,400,758,6734,
86.78271710095052,92111,400,757,6735,
86.7837553737931,92110,401,757,6735,
86.7919159941467,92110,400,758,6735,
86.79730575687573,92110,400,757,6736,
86.79784639761425,92110,399,758,6736,
86.79854284786201,92109,400,758,6736,
86.80383153116625,92109,399,759,6736,
86.8106549604073,92109,399,758,6737,
86.81137754751622,92109,399,757,6738,
86.81630055740712,92109,398,758,6738,
86.82029461726606,92108,399,758,6738,
86.82549520175519,92107,400,758,6738,
86.83637311136093,92106,401,758,6738,
86.8510896179074,92106,401,757,6739,
86.86142479862936,92106,400,758,6739,
86.87021296140813,92106,399,759,6739,
86.8712551910701,92106,399,758,6740,
86.8753305098986,92106,398,759,6740,
86.87822707523218,92106,397,760,6740,
86.87850431416527,92105,398,760,6740,
86.8814093701265,92104,399,760,6740,
86.885042293921,92103,400,760,6740,
86.88637414287271,92102,401,760,6740,
86.89216761405203,92101,402,760,6740,
86.89302227939694,92101,402,759,6741,
86.90011161466542,92101,402,758,6742,
86.90170406691799,92101,402,757,6743,
86.9032936077918,92100,403,757,6743,
86.90490545629626,92100,402,758,6743,
86.90559602692241,92100,401,759,6743,
86.90829888356902,92099,402,759,6743,
86.91194985410462,92098,403,759,6743,
86.9146664889833,92098,402,760,6743,
86.91552191938766,92098,401,761,6743,
86.91614161825561,92098,401,760,6744,
86.92610557231609,92098,401,759,6745,
86.92635756303514,92097,402,759,6745,
86.92686851705955,92096,403,759,6745,
86.93082800677689,92096,402,760,6745,
86.93351241958919,92096,402,759,6746,
86.93616447327241,92096,401,760,6746,
86.93761800775535,92095,402,760,6746,
86.93796463026536,92094,403,760,6746,
86.93831342005798,92094,402,761,6746,
86.94417721290766,92094,402,760,6747,
86.94469835125732,92093,403,760,6747,
86.94625400121097,92093,402,761,6747,
86.94717961682204,92092,403,761,6747,
86.94934590100192,92092,403,760,6748,
86.95105435570217,92092,402,761,6748,
86.95690133550676,92092,402,760,6749,
86.95782786621635,92092,402,759,6750,
86.96001589329342,92092,401,760,6750,
86.96741421502173,92092,401,759,6751,
86.96870186776188,92091,402,759,6751,
86.97417904403211,92091,402,758,6752,
86.97551062909784,92091,402,757,6753,
86.9826704808479,92091,401,758,6753,
86.98282250165093,92090,402,758,6753,
86.9875715672737,92090,401,759,6753,
86.99046830048121,92090,400,760,6753,
86.99275885015557,92090,399,761,6753,
87.0041091899146,92090,399,760,6754,
87.00779273210279,92090,399,759,6755,
87.00839062699185,92090,398,760,6755,
87.01033380075978,92090,398,759,6756,
87.01765848016784,92090,397,760,6756,
87.02081484827315,92089,398,760,6756,
87.04265990197827,92088,399,760,6756,
87.04496545481494,92088,399,759,6757,
87.04666918205811,92088,398,760,6757,
87.04740337521518,92087,399,760,6757,
87.05093877910788,92087,399,759,6758,
87.06043549519963,92087,398,760,6758,
87.06339321907507,92087,398,759,6759,
87.06371637704618,92087,398,758,6760,
87.06928755477188,92087,398,757,6761,
87.07015112018365,92087,397,758,6761,
87.07111862965277,92087,396,759,6761,
87.07190487175595,92086,397,759,6761,
87.076258605184,92086,397,758,6762,
87.07645926312577,92086,396,759,6762,
87.08255095146377,92086,396,758,6763,
87.08417589127417,92085,397,758,6763,
87.09080983347975,92085,396,759,6763,
87.09328455756493,92085,396,758,6764,
87.10081025877506,92084,397,758,6764,
87.12809813930781,92084,397,757,6765,
87.12904561025361,92083,398,757,6765,
87.13958689264736,92082,399,757,6765,
87.14411469625762,92081,400,757,6765,
87.15462966647195,92081,400,756,6766,
87.1635435697599,92081,399,757,6766,
87.1674667679836,92081,399,756,6767,
87.17139006576954,92081,398,757,6767,
87.1717975807845,92081,397,758,6767,
87.18111842865832,92080,398,758,6767,
87.18329088496007,92079,399,758,6767,
87.18519017409332,92078,400,758,6767,
87.18562072921708,92077,401,758,6767,
87.19321380494247,92077,400,759,6767,
87.19442355788102,92076,401,759,6767,
87.19757909129058,92076,400,760,6767,
87.20195651731272,92075,401,760,6767,
87.20348313463319,92075,400,761,6767,
87.20448994765988,92075,399,762,6767,
87.21925930512023,92075,399,761,6768,
87.2235954723223,92074,400,761,6768,
87.22579269379693,92074,400,760,6769,
87.22581910511502,92073,401,760,6769,
87.23311842218887,92073,401,759,6770,
87.23424748712083,92072,402,759,6770,
87.2377035315338,92072,401,760,6770,
87.24072526672772,92072,401,759,6771,
87.24287234524621,92072,401,758,6772,
87.24694153155033,92072,400,759,6772,
87.25431711354936,92072,399,760,6772,
87.25445112373747,92072,398,761,6772,
87.25951162887748,92072,398,760,6773,
87.26147145050487,92072,397,761,6773,
87.26265545543168,92072,397,760,6774,
87.26567226387172,92072,397,759,6775,
87.27040403188744,92072,397,758,6776,
87.28458858087953,92071,398,758,6776,
87.29729624522565,92071,397,759,6776,
87.29815048875827,92071,396,760,6776,
87.30196483563833,92070,397,760,6776,
87.303742126246,92069,398,760,6776,
87.30379138927285,92069,398,759,6777,
87.30413773361937,92069,398,758,6778,
87.30420395575089,92069,397,759,6778,
87.30945495401443,92068,398,759,6778,
87.31111332028173,92068,398,758,6779,
87.32017518556064,92068,397,759,6779,
87.34311991809449,92067,398,759,6779,
87.34635774684219,92067,397,760,6779,
87.34772169245339,92067,396,761,6779,
87.3500434619634,92067,396,760,6780,
87.35193715088096,92067,395,761,6780,
87.35211815502879,92067,394,762,6780,
87.35627598086995,92067,393,763,6780,
87.35650162522882,92067,393,762,6781,
87.3617889800891,92067,392,763,6781,
87.36401839002237,92067,392,762,6782,
87.37356395771366,92067,391,763,6782,
87.38619913334853,92066,392,763,6782,
87.3887722131478,92066,392,762,6783,
87.3890086355924,92066,391,763,6783,
87.39415702219252,92065,392,763,6783,
87.39904952716049,92065,391,764,6783,
87.39985479268375,92064,392,764,6783,
87.4039145013499,92064,391,765,6783,
87.40394506386045,92064,391,764,6784,
87.40409206648641,92064,391,763,6785,
87.40725545592963,92064,390,764,6785,
87.41616325041053,92064,390,763,6786,
87.41624321692228,92064,390,762,6787,
87.41727702625343,92064,389,763,6787,
87.41901345293792,92064,389,762,6788,
87.42666343326562,92064,388,763,6788,
87.43483771357842,92064,388,762,6789,
87.44015006058478,92063,389,762,6789,
87.45452570288958,92063,388,763,6789,
87.4559814511656,92063,388,762,6790,
87.45733365679969,92063,388,761,6791,
87.45775706239955,92063,388,760,6792,
87.46674800783279,92063,387,761,6792,
87.47307750268683,92063,387,760,6793,
87.47838032672016,92063,386,761,6793,
87.4807574427433,92063,385,762,6793,
87.48383940621119,92063,385,761,6794,
87.48880121651132,92063,384,762,6794,
87.48899568889149,92062,385,762,6794,
87.49028188723727,92062,385,761,6795,
87.49103886167899,92062,384,762,6795,
87.49406888733253,92061,385,762,6795,
87.49868094943116,92061,384,763,6795,
87.51064265374143,92061,384,762,6796,
87.51366726299494,92061,384,761,6797,
87.51845079074123,92061,383,762,6797,
87.51961494917614,92061,382,763,6797,
87.52194224738689,92061,382,762,6798,
87.52558399723752,92060,383,762,6798,
87.52681774861617,92060,383,761,6799,
87.54262245625267,92060,382,762,6799,
87.54647320089339,92059,383,762,6799,
87.54906069185462,92059,383,761,6800,
87.55105757836978,92059,383,760,6801,
87.5523179048937,92059,383,759,6802,
87.55712300773124,92059,383,758,6803,
87.5631769566071,92059,383,757,6804,
87.57417204433236,92059,382,758,6804,
87.58299467956803,92059,381,759,6804,
87.5919939251479,92058,382,759,6804,
87.59218567605899,92058,382,758,6805,
87.59310958144789,92058,382,757,6806,
87.6000201602865,92057,383,757,6806,
87.60321735430843,92057,383,756,6807,
87.6079684968324,92056,384,756,6807,
87.60907139872796,92055,385,756,6807,
87.61366912769302,92054,386,756,6807,
87.61517175405828,92054,386,755,6808,
87.62860757858923,92054,386,754,6809,
87.63045313590833,92053,387,754,6809,
87.64135025158706,92053,386,755,6809,
87.6440450988199,92053,386,754,6810,
87.64421915179,92053,385,755,6810,
87.6500070065276,92052,386,755,6810,
87.65338118813716,92051,387,755,6810,
87.65520214476919,92050,388,755,6810,
87.66329954662073,92050,388,754,6811,
87.670535815563,92050,388,753,6812,
87.67775191749759,92049,389,753,6812,
87.68199984742324,92049,389,752,6813,
87.6864995356548,92049,388,753,6813,
87.68716641383728,92049,387,754,6813,
87.68969162744233,92049,387,753,6814,
87.69088191284756,92049,386,754,6814,
87.69132350437926,92049,385,755,6814,
87.69823640858394,92049,385,754,6815,
87.7055193915862,92048,386,754,6815,
87.70838763904084,92047,387,754,6815,
87.70873658615879,92046,388,754,6815,
87.71020615931165,92046,388,753,6816,
87.71256996638456,92046,388,752,6817,
87.71476775207927,92046,387,753,6817,
87.72029831969076,92045,388,753,6817,
87.72942097699942,92044,389,753,6817,
87.7305732973553,92044,388,754,6817,
87.73310855286692,92044,388,753,6818,
87.76419074040103,92043,389,753,6818,
87.7714852300777,92043,389,752,6819,
87.77394086145924,92043,388,753,6819,
87.77863438542994,92043,388,752,6820,
87.7845387999673,92043,388,751,6821,
87.79217760410191,92043,387,752,6821,
87.82184331777495,92043,386,753,6821,
87.83008731233744,92043,386,752,6822,
87.83469666853117,92043,386,751,6823,
87.8407569500482,92043,386,750,6824,
87.84784422309612,92043,386,749,6825,
87.84975325641685,92043,385,750,6825,
87.85028541109736,92042,386,750,6825,
87.85050006574771,92042,385,751,6825,
87.85397316381278,92042,384,752,6825,
87.85816823903727,92042,383,753,6825,
87.85877068816724,92041,384,753,6825,
87.85991838731492,92041,384,752,6826,
87.86126114617316,92041,383,753,6826,
87.86165911256438,92040,384,753,6826,
87.86365153507697,92039,385,753,6826,
87.86568661713156,92038,386,753,6826,
87.86744614428878,92037,387,753,6826,
87.87316311647618,92037,387,752,6827,
87.87868126975644,92037,386,753,6827,
87.87969730801562,92037,386,752,6828,
87.87984341952458,92037,386,751,6829,
87.88062023984764,92037,386,750,6830,
87.88224373255312,92037,385,751,6830,
87.88347405996812,92036,386,751,6830,
87.88354669577038,92036,386,750,6831,
87.8866989432965,92036,385,751,6831,
87.88799321995958,92036,384,752,6831,
87.89008519501037,92036,383,753,6831,
87.89162549140593,92036,383,752,6832,
87.89403209675909,92036,383,751,6833,
87.89411943353093,92036,383,750,6834,
87.8962340147892,92036,383,749,6835,
87.89935743057396,92035,384,749,6835,
87.90808468185342,92034,385,749,6835,
87.91239077522943,92034,385,748,6836,
87.91926797675092,92034,384,749,6836,
87.92506691617315,92034,384,748,6837,
87.92978433091878,92033,385,748,6837,
87.9307174595869,92033,384,749,6837,
87.93943092265971,92033,384,748,6838,
87.94072275972104,92033,383,749,6838,
87.94878425153159,92032,384,749,6838,
87.95357267115435,92032,383,750,6838,
87.95417840775278,92032,382,751,6838,
87.9610388035595,92032,382,750,6839,
87.96346966227627,92032,382,749,6840,
87.96518942922523,92032,382,748,6841,
87.97314192654805,92032,382,747,6842,
87.97319017859857,92032,381,748,6842,
87.98296274896708,92032,381,747,6843,
87.98454016480889,92031,382,747,6843,
87.98841767480687,92030,383,747,6843,
87.99373308181823,92030,383,746,6844,
87.99462978931001,92030,382,747,6844,
87.99636146658452,92030,381,748,6844,
87.99805381347116,92029,382,748,6844,
88.00191442998951,92028,383,748,6844,
88.00377579630603,92028,383,747,6845,
88.00723153618952,92028,382,748,6845,
88.02033250547478,92027,383,748,6845,
88.02097434042821,92026,384,748,6845,
88.02249563658441,92026,383,749,6845,
88.0291698247542,92026,383,748,6846,
88.03056222282197,92026,382,749,6846,
88.03267456036804,92026,382,748,6847,
88.03613835917383,92026,381,749,6847,
88.03630818195344,92026,380,750,6847,
88.0424670299621,92026,380,749,6848,
88.04750164752001,92026,380,748,6849,
88.0514140658256,92026,379,749,6849,
88.05199463430728,92026,379,748,6850,
88.05544706655552,92026,379,747,6851,
88.06150737921448,92025,380,747,6851,
88.06269230533798,92024,381,747,6851,
88.06549352660433,92024,381,746,6852,
88.07146772863769,92024,381,745,6853,
88.08106469187783,92024,380,746,6853,
88.08721517579086,92024,380,745,6854,
88.0874240802735,92024,379,746,6854,
88.09307794511909,92024,379,745,6855,
88.1055431874381,92024,378,746,6855,
88.1069523316547,92024,378,745,6856,
88.10697886011899,92024,378,744,6857,
88.11278183087087,92023,379,744,6857,
88.11380173660876,92023,379,743,6858,
88.11498490653162,92023,379,742,6859,
88.11568250122818,92023,378,743,6859,
88.11746205174634,92023,377,744,6859,
88.11809168310357,92023,377,743,6860,
88.1190702472436,92022,378,743,6860,
88.12444103977532,92022,377,744,6860,
88.12503611220312,92022,376,745,6860,
88.13914126723687,92022,375,746,6860,
88.13978888625917,92022,374,747,6860,
88.14206475749523,92021,375,747,6860,
88.15343866349065,92020,376,747,6860,
88.16214327062099,92020,376,746,6861,
88.16308708687743,92020,375,747,6861,
88.17332816321596,92019,376,747,6861,
88.17376577234641,92019,375,748,6861,
88.17437534474925,92019,375,747,6862,
88.17946548806952,92019,375,746,6863,
88.19542345121704,92019,374,747,6863,
88.2058567388916,92018,375,747,6863,
88.21315272221173,92017,376,747,6863,
88.21744259563658,92017,376,746,6864,
88.2250157533831,92017,376,745,6865,
88.23130590630522,92017,376,744,6866,
88.23191816253555,92017,376,743,6867,
88.24502732024882,92017,376,742,6868,
88.24675000108896,92017,376,741,6869,
88.24680524967343,92017,375,742,6869,
88.25314206612126,92017,375,741,6870,
88.25361238205049,92017,374,742,6870,
88.26521435959225,92017,373,743,6870,
88.27797601478517,92016,374,743,6870,
88.28271746752287,92016,373,744,6870,
88.2829455123733,92016,372,745,6870,
88.29412525737834,92016,372,744,6871,
88.29778105119416,92016,371,745,6871,
88.29870118506688,92015,372,745,6871,
88.29927633068787,92014,373,745,6871,
88.30422774167816,92013,374,745,6871,
88.30959478050005,92013,373,746,6871,
88.3130849465828,92012,374,746,6871,
88.33011910128144,92011,375,746,6871,
88.33727937567937,92011,374,747,6871,
88.33819316749069,92011,374,746,6872,
88.34349338440182,92010,375,746,6872,
88.35422434334154,92009,376,746,6872,
88.35536816716525,92009,375,747,6872,
88.35561993909087,92009,374,748,6872,
88.36174013430659,92009,374,747,6873,
88.36293891497955,92009,374,746,6874,
88.36351676904314,92008,375,746,6874,
88.36429143985124,92008,375,745,6875,
88.37144105844617,92008,375,744,6876,
88.37173392076964,92008,374,745,6876,
88.37416409334216,92007,375,745,6876,
88.3752933549305,92007,375,744,6877,
88.37650787045325,92006,376,744,6877,
88.37847784849075,92006,376,743,6878,
88.37878318759402,92006,376,742,6879,
88.38447007677726,92006,376,741,6880,
88.38659283819916,92005,377,741,6880,
88.3916029333514,92005,376,742,6880,
88.39213114688896,92005,376,741,6881,
88.39305103000348,92004,377,741,6881,
88.39957182241157,92004,376,742,6881,
88.40168520508382,92004,376,741,6882,
88.41476847123323,92004,375,742,6882,
88.41528270452108,92004,375,741,6883,
88.4158581778541,92003,376,741,6883,
88.41810244191251,92003,376,740,6884,
88.42356701816018,92002,377,740,6884,
88.43053420435066,92001,378,740,6884,
88.43303375879708,92000,379,740,6884,
88.4404981560528,92000,379,739,6885,
88.44210960118922,91999,380,739,6885,
88.44307861360039,91999,379,740,6885,
88.44450453344015,91999,379,739,6886,
88.44582755850357,91998,380,739,6886,
88.4480415215595,91998,380,738,6887,
88.4493824244485,91997,381,738,6887,
88.44993772301225,91997,381,737,6888,
88.45434788314623,91997,380,738,6888,
88.45438320551806,91997,379,739,6888,
88.45654412285164,91996,380,739,6888,
88.4611368046377,91996,379,740,6888,
88.47632118907248,91996,378,741,6888,
88.4768209766026,91996,378,740,6889,
88.48817492943184,91996,378,739,6890,
88.49089940998535,91996,378,738,6891,
88.49360475193012,91996,377,739,6891,
88.49397840616894,91995,378,739,6891,
88.49585488339679,91994,379,739,6891,
88.49653991472613,91994,378,740,6891,
88.49857756728557,91994,378,739,6892,
88.50527116923757,91993,379,739,6892,
88.50667719880019,91993,379,738,6893,
88.51451474121325,91992,380,738,6893,
88.52105064894857,91992,380,737,6894,
88.53064254648734,91992,380,736,6895,
88.53105023994459,91992,379,737,6895,
88.53937321843827,91992,379,736,6896,
88.54302120848679,91991,380,736,6896,
88.54581105646955,91991,380,735,6897,
88.54936345921313,91991,379,736,6897,
88.56460264967407,91991,379,735,6898,
88.56550380074192,91991,379,734,6899,
88.56712374591547,91991,378,735,6899,
88.57070454899991,91991,377,736,6899,
88.57121441054792,91991,376,737,6899,
88.5790692833917,91990,377,737,6899,
88.58168673646747,91990,376,738,6899,
88.58483762330208,91990,376,737,6900,
88.59651349951258,91990,376,736,6901,
88.60048867528674,91990,376,735,6902,
88.60054048014553,91989,377,735,6902,
88.60180587229725,91989,376,736,6902,
88.60444435016704,91989,376,735,6903,
88.60507832771216,91989,375,736,6903,
88.61836473600547,91989,375,735,6904,
88.6319197370693,91989,374,736,6904,
88.63373784969441,91988,375,736,6904,
88.64255681672361,91988,375,735,6905,
88.6485234092344,91988,375,734,6906,
88.65443093841878,91988,375,733,6907,
88.65449126127935,91988,374,734,6907,
88.65623364633117,91987,375,734,6907,
88.65948929592923,91987,374,735,6907,
88.65974511736351,91987,373,736,6907,
88.66977846592084,91987,372,737,6907,
88.67090153633376,91986,373,737,6907,
88.67453992022936,91985,374,737,6907,
88.68215665391483,91985,374,736,6908,
88.68887475565253,91985,373,737,6908,
88.69066709907617,91985,373,736,6909,
88.69586077420917,91985,373,735,6910,
88.70289821603372,91985,372,736,6910,
88.71443529061183,91985,371,737,6910,
88.71489732459632,91985,371,736,6911,
88.72622208733202,91985,371,735,6912,
88.72813242132321,91985,371,734,6913,
88.72863071025006,91985,371,733,6914,
88.74090801414499,91984,372,733,6914,
88.74712989646449,91984,371,734,6914,
88.75087206720076,91984,371,733,6915,
88.75432201130832,91984,370,734,6915,
88.75776694344208,91984,370,733,6916,
88.76221180427761,91984,369,734,6916,
88.76362321981446,91984,368,735,6916,
88.76618004380992,91983,369,735,6916,
88.78631467067864,91983,369,734,6917,
88.79470973582049,91983,368,735,6917,
88.80389161648165,91983,367,736,6917,
88.80509068462612,91983,366,737,6917,
88.80980528946827,91983,366,736,6918,
88.81103515997414,91982,367,736,6918,
88.81169859731645,91982,367,735,6919,
88.82097570099094,91982,366,736,6919,
88.8227050399422,91982,366,735,6920,
88.82344054790423,91982,365,736,6920,
88.82472080794862,91982,365,735,6921,
88.83961775091598,91982,364,736,6921,
88.85273717314621,91982,363,737,6921,
88.85420318498771,91982,363,736,6922,
88.86527545216788,91982,363,735,6923,
88.86585950508918,91982,363,734,6924,
88.86911657527611,91982,362,735,6924,
88.87919370249085,91981,363,735,6924,
88.89061875231066,91981,362,736,6924,
88.8921207394466,91980,363,736,6924,
88.89306981565068,91980,363,735,6925,
88.89840350148475,91980,363,734,6926,
88.91333734859974,91980,362,735,6926,
88.91658330196356,91980,362,734,6927,
88.91678884290053,91980,361,735,6927,
88.92144216180628,91980,361,734,6928,
88.92155264875703,91980,361,733,6929,
88.92213622889756,91980,361,732,6930,
88.9250760291911,91979,362,732,6930,
88.92754527965593,91979,362,731,6931,
88.9391045994486,91979,361,732,6931,
88.94005910108632,91979,361,731,6932,
88.94058024220483,91978,362,731,6932,
88.94823873955801,91978,362,730,6933,
88.96675359200096,91978,362,729,6934,
88.96934209370602,91977,363,729,6934,
88.98832953228049,91977,363,728,6935,
88.98964625726782,91976,364,728,6935,
88.99035010539464,91976,363,729,6935,
89.00170079638315,91975,364,729,6935,
89.00390197438813,91974,365,729,6935,
89.00733488278465,91974,364,730,6935,
89.00898549852883,91974,363,731,6935,
89.01278287868219,91974,362,732,6935,
89.01462885847033,91974,361,733,6935,
89.02603867582239,91974,360,734,6935,
89.03141639006913,91974,359,735,6935,
89.03614496219745,91974,358,736,6935,
89.03844016888075,91974,358,735,6936,
89.04700430787513,91974,358,734,6937,
89.05350748023044,91973,359,734,6937,
89.05382306011708,91973,359,733,6938,
89.05414466948989,91973,359,732,6939,
89.06455970196149,91973,358,733,6939,
89.06719672749901,91973,357,734,6939,
89.06941710658842,91973,356,735,6939,
89.07137429400473,91973,356,734,6940,
89.08178130093702,91972,357,734,6940,
89.08594427470003,91971,358,734,6940,
89.09173220684492,91971,357,735,6940,
89.0982573750181,91970,358,735,6940,
89.11302408551933,91969,359,735,6940,
89.11336062152955,91969,358,736,6940,
89.11862195649576,91969,357,737,6940,
89.12580421239147,91969,356,738,6940,
89.12895638493048,91969,355,739,6940,
89.13992536499632,91968,356,739,6940,
89.14116695500769,91968,355,740,6940,
89.14190637741888,91967,356,740,6940,
89.15016319184647,91967,355,741,6940,
89.15546105232423,91967,355,740,6941,
89.15700095297622,91967,355,739,6942,
89.1654521475932,91967,355,738,6943,
89.17065709960389,91967,354,739,6943,
89.17337857206715,91967,354,738,6944,
89.17557398931159,91967,354,737,6945,
89.1773809313722,91966,355,737,6945,
89.17761399290507,91966,354,738,6945,
89.1861210185227,91965,355,738,6945,
89.18940229995385,91965,354,739,6945,
89.19313879719192,91964,355,739,6945,
89.19790313668393,91963,356,739,6945,
89.19904706256631,91963,356,738,6946,
89.20171399053388,91963,355,739,6946,
89.20271191040342,91962,356,739,6946,
89.20880345637303,91962,356,738,6947,
89.21087331400913,91961,357,738,6947,
89.21268839662574,91961,357,737,6948,
89.22291180578125,91961,356,738,6948,
89.23868448281507,91960,357,738,6948,
89.2439193536583,91960,356,739,6948,
89.24414373479209,91960,356,738,6949,
89.24754106860783,91960,355,739,6949,
89.24756733809284,91960,355,738,6950,
89.25548554422787,91959,356,738,6950,
89.25578311781913,91958,357,738,6950,
89.25650799039897,91958,356,739,6950,
89.25770832188954,91958,355,740,6950,
89.25804247462096,91958,355,739,6951,
89.2605409259128,91958,355,738,6952,
89.261549552069,91958,354,739,6952,
89.26359047461575,91958,354,738,6953,
89.26429606814308,91958,354,737,6954,
89.26689984337506,91958,354,736,6955,
89.26950503074804,91958,353,737,6955,
89.27653723404597,91957,354,737,6955,
89.29158694264004,91957,353,738,6955,
89.29202063933535,91956,354,738,6955,
89.30058273348263,91955,355,738,6955,
89.30113307999079,91955,355,737,6956,
89.30239464025559,91955,354,738,6956,
89.3052577784459,91955,354,737,6957,
89.30764409762241,91955,353,738,6957,
89.30819624056073,91954,354,738,6957,
89.31017384977642,91954,353,739,6957,
89.31093406498422,91954,353,738,6958,
89.32557299996284,91954,352,739,6958,
89.32701332442258,91954,351,740,6958,
89.3323559320545,91953,352,740,6958,
89.34396306425371,91953,351,741,6958,
89.3499074707903,91953,350,742,6958,
89.3523506934247,91953,350,741,6959,
89.35818680883801,91953,349,742,6959,
89.36214486978395,91953,348,743,6959,
89.38032445949285,91953,347,744,6959,
89.3834244827215,91953,347,743,6960,
89.38661817965095,91953,347,742,6961,
89.38808008021809,91952,348,742,6961,
89.38996321686413,91951,349,742,6961,
89.39201705187915,91950,350,742,6961,
89.41019557173445,91950,349,743,6961,
89.41148700999193,91950,348,744,6961,
89.41372160392618,91950,348,743,6962,
89.41738764867782,91949,349,743,6962,
89.42309000537406,91949,348,744,6962,
89.42989245181566,91949,347,745,6962,
89.43131791175367,91949,346,746,6962,
89.4369274856832,91948,347,746,6962,
89.46588764150938,91948,347,745,6963,
89.47124810210259,91947,348,745,6963,
89.48139410179655,91946,349,745,6963,
89.48681529838063,91945,350,745,6963,
89.48766506155525,91944,351,745,6963,
89.49451169760252,91944,351,744,6964,
89.4994789551181,91944,350,745,6964,
89.50157631166599,91943,351,745,6964,
89.5053977644546,91942,352,745,6964,
89.50618341076644,91942,352,744,6965,
89.5100507664938,91941,353,744,6965,
89.51071241245344,91941,353,743,6966,
89.51132115195168,91941,352,744,6966,
89.51227032178076,91940,353,744,6966,
89.51437521848624,91939,354,744,6966,
89.51593036533336,91939,353,745,6966,
89.52285304729273,91939,352,746,6966,
89.527749021353,91938,353,746,6966,
89.53114673322196,91938,353,745,6967,
89.53350277699315,91937,354,745,6967,
89.5358497174148,91937,354,744,6968,
89.53608710623905,91936,355,744,6968,
89.54035875696192,91936,355,743,6969,
89.54160061755046,91935,356,743,6969,
89.54162736797821,91935,355,744,6969,
89.55262718991109,91935,354,745,6969,
89.55721220424628,91935,353,746,6969,
89.55996411440837,91935,352,747,6969,
89.56103010919273,91934,353,747,6969,
89.56390409620761,91934,352,748,6969,
89.56706589361002,91933,353,748,6969,
89.57341158375081,91933,352,749,6969,
89.57870931257654,91933,352,748,6970,
89.5852559766949,91933,351,749,6970,
89.58804816668427,91933,351,748,6971,
89.59648127297879,91933,351,747,6972,
89.60028208015238,91933,350,748,6972,
89.60952992857273,91932,351,748,6972,
89.61347645251453,91932,351,747,6973,
89.61383214434377,91932,351,746,6974,
89.6236305173704,91932,350,747,6974,
89.62664745866189,91932,349,748,6974,
89.6289101810134,91931,350,748,6974,
89.63140202842631,91931,350,747,6975,
89.63765117198042,91930,351,747,6975,
89.65315118539327,91929,352,747,6975,
89.65672333261503,91929,352,746,6976,
89.66082751157418,91929,352,745,6977,
89.66142366470096,91929,352,744,6978,
89.66159987578985,91929,352,743,6979,
89.66349730236183,91928,353,743,6979,
89.66491335482809,91928,353,742,6980,
89.68078986047726,91928,353,741,6981,
89.6841646134445,91928,352,742,6981,
89.68488187227294,91927,353,742,6981,
89.68751680230295,91927,353,741,6982,
89.69048788745108,91927,352,742,6982,
89.69558651530235,91927,351,743,6982,
89.7025306930208,91927,350,744,6982,
89.70649131414152,91927,349,745,6982,
89.72844832543637,91927,348,746,6982,
89.72977398524196,91927,347,747,6982,
89.73145195935706,91927,347,746,6983,
89.74009353229974,91927,347,745,6984,
89.74818478175297,91927,347,744,6985,
89.75032941075443,91926,348,744,6985,
89.75047786950287,91926,347,745,6985,
89.75153529548012,91925,348,745,6985,
89.75802532845094,91924,349,745,6985,
89.75887777540615,91924,348,746,6985,
89.76281884354341,91924,347,747,6985,
89.77307818273815,91924,347,746,6986,
89.77446088072544,91924,347,745,6987,
89.77485890309043,91924,347,744,6988,
89.77552583531207,91923,348,744,6988,
89.77784189348965,91923,348,743,6989,
89.77916952401867,91922,349,743,6989,
89.7833627440795,91921,350,743,6989,
89.7866304400041,91921,350,742,6990,
89.78682428689845,91921,350,741,6991,
89.78890320269778,91921,349,742,6991,
89.79053601944393,91920,350,742,6991,
89.80112483284199,91919,351,742,6991,
89.81180057285329,91919,351,741,6992,
89.81313883696313,91918,352,741,6992,
89.81577639642131,91918,352,740,6993,
89.82040107490661,91918,352,739,6994,
89.82720551982976,91917,353,739,6994,
89.83276515694088,91917,353,738,6995,
89.83490948478476,91917,352,739,6995,
89.83901790770189,91917,352,738,6996,
89.8413198722815,91917,351,739,6996,
89.84169510879454,91917,351,738,6997,
89.84758331462622,91917,351,737,6998,
89.85017179965169,91916,352,737,6998,
89.85146622430861,91915,353,737,6998,
89.85257079509307,91914,354,737,6998,
89.85341047795256,91914,353,738,6998,
89.85480654461341,91914,353,737,6999,
89.86635028572888,91914,352,738,6999,
89.86948153682656,91914,352,737,7000,
89.8805559101134,91914,351,738,7000,
89.88733612554228,91913,352,738,7000,
89.89335734333508,91913,352,737,7001,
89.89680490012745,91913,352,736,7002,
89.89763244490561,91913,352,735,7003,
89.89984596745458,91912,353,735,7003,
89.90165018813714,91912,353,734,7004,
89.90555797499604,91912,352,735,7004,
89.90970639077484,91912,352,734,7005,
89.90989638294747,91912,352,733,7006,
89.91213995545996,91912,351,734,7006,
89.9132164231718,91911,352,734,7006,
89.9145135062976,91911,351,735,7006,
89.91531867463334,91911,350,736,7006,
89.92002399834801,91910,351,736,7006,
89.92317852979878,91910,351,735,7007,
89.92695782708077,91910,351,734,7008,
89.93032673065358,91909,352,734,7008,
89.93554479206907,91909,352,733,7009,
89.94057569432852,91908,353,733,7009,
89.94166447041798,91908,352,734,7009,
89.948558344681,91907,353,734,7009,
89.9488369000436,91907,353,733,7010,
89.97249234934208,91906,354,733,7010,
89.98143683044023,91906,354,732,7011,
89.98309295390884,91905,355,732,7011,
89.98401742498498,91904,356,732,7011,
89.98703781556554,91904,356,731,7012,
89.99011636060149,91904,356,730,7013,
89.9920415128426,91904,356,729,7014,
89.99278104963575,91903,357,729,7014,
90.01054065958098,91903,357,728,7015,
90.01134116835541,91902,358,728,7015,
90.01371292404205,91902,358,727,7016,
90.01807354276227,91901,359,727,7016,
90.01898111359671,91901,359,726,7017,
90.02068465818189,91901,359,725,7018,
90.0209061391233,91901,358,726,7018,
90.02265567157266,91901,358,725,7019,
90.03586339499674,91901,358,724,7020,
90.05157377855835,91901,358,723,7021,
90.06374481441627,91901,358,722,7022,
90.06496070118143,91901,358,721,7023,
90.06597476948929,91901,357,722,7023,
90.06610667698254,91901,356,723,7023,
90.06648257569498,91900,357,723,7023,
90.07279709351269,91899,358,723,7023,
90.07499397778498,91898,359,723,7023,
90.07805909073062,91898,358,724,7023,
90.08231591075287,91898,357,725,7023,
90.08289425775233,91898,356,726,7023,
90.0858600031709,91898,355,727,7023,
90.08600103860823,91898,355,726,7024,
90.08677168757544,91897,356,726,7024,
90.08686710522825,91897,356,725,7025,
90.08810219849698,91897,356,724,7026,
90.08861036044645,91896,357,724,7026,
90.09111698649886,91895,358,724,7026,
90.09117035913653,91895,358,723,7027,
90.10107408227414,91894,359,723,7027,
90.10397530953372,91894,359,722,7028,
90.10492773910863,91894,359,721,7029,
90.10647911092985,91894,359,720,7030,
90.11853194742649,91894,358,721,7030,
90.11896736197384,91894,358,720,7031,
90.11985089214065,91894,357,721,7031,
90.12652704576811,91894,356,722,7031,
90.14634274200502,91894,355,723,7031,
90.15107602838063,91893,356,723,7031,
90.15505071289192,91893,356,722,7032,
90.17891662599399,91893,356,721,7033,
90.18356036644938,91892,357,721,7033,
90.18757043238932,91892,356,722,7033,
90.18944758731539,91892,355,723,7033,
90.2014057578951,91892,354,724,7033,
90.2021706737477,91892,353,725,7033,
90.20468350185075,91892,352,726,7033,
90.21228925080962,91892,352,725,7034,
90.21453808359232,91892,351,726,7034,
90.21516707995289,91892,350,727,7034,
90.22090233316891,91892,350,726,7035,
90.22132569436873,91892,350,725,7036,
90.22291036385188,91892,350,724,7037,
90.22519565553353,91892,349,725,7037,
90.24082329838342,91891,350,725,7037,
90.25782919728789,91891,350,724,7038,
90.26386137814504,91890,351,724,7038,
90.27203241454663,91890,351,723,7039,
90.27468199602934,91890,350,724,7039,
90.27645806964622,91890,349,725,7039,
90.28140636180038,91889,350,725,7039,
90.29236454672255,91888,351,725,7039,
90.30243438295747,91887,352,725,7039,
90.31757811016777,91887,351,726,7039,
90.3184093316121,91887,351,725,7040,
90.32339860689692,91886,352,725,7040,
90.32578922680887,91886,352,724,7041,
90.32736977036394,91886,351,725,7041,
90.34113766258915,91886,350,726,7041,
90.34638726625988,91886,350,725,7042,
90.35957279424392,91886,349,726,7042,
90.36282682856975,91886,349,725,7043,
90.36707357284871,91886,348,726,7043,
90.37854784426844,91885,349,726,7043,
90.37980523746144,91884,350,726,7043,
90.38228751149113,91884,350,725,7044,
90.38451627649295,91884,349,726,7044,
90.38938865619681,91884,348,727,7044,
90.39202620681654,91884,348,726,7045,
90.39414435375589,91884,348,725,7046,
90.39482588487286,91883,349,725,7046,
90.39597198038662,91882,350,725,7046,
90.39752738098579,91882,349,726,7046,
90.3989045180268,91882,349,725,7047,
90.40355420640739,91882,348,726,7047,
90.42242947863656,91882,348,725,7048,
90.43622131854187,91882,348,724,7049,
90.43793581839097,91882,348,723,7050,
90.44819674619453,91881,349,723,7050,
90.47058879688588,91881,348,724,7050,
90.47085323756758,91881,348,723,7051,
90.4721765233214,91881,347,724,7051,
90.48284164271308,91881,347,723,7052,
90.48459023503628,91881,347,722,7053,
90.49605406266457,91881,346,723,7053,
90.51008087126971,91881,346,722,7054,
90.51045496764199,91881,345,723,7054,
90.513584158573,91881,345,722,7055,
90.5201768048463,91881,344,723,7055,
90.52568871341882,91881,343,724,7055,
90.52950691360853,91881,343,723,7056,
90.53867955309153,91880,344,723,7056,
90.54443489754415,91880,344,722,7057,
90.5510504011344,91880,344,721,7058,
90.56747604028445,91880,344,720,7059,
90.5699214782729,91880,344,719,7060,
90.57204102426897,91880,344,718,7061,
90.57262094082357,91880,343,719,7061,
90.57426046410373,91879,344,719,7061,
90.5771845537127,91879,344,718,7062,
90.59241308038224,91879,344,717,7063,
90.5965962459513,91878,345,717,7063,
90.60540707911231,91877,346,717,7063,
90.6109089722253,91877,345,718,7063,
90.61530507165678,91877,344,719,7063,
90.62153665793639,91877,344,718,7064,
90.62370988986561,91877,343,719,7064,
90.62390657248892,91876,344,719,7064,
90.63344533549943,91876,344,718,7065,
90.63539015313506,91876,344,717,7066,
90.63766985021198,91876,344,716,7067,
90.64009734589926,91876,343,717,7067,
90.64488418691894,91876,342,718,7067,
90.64732079665711,91876,342,717,7068,
90.64916407659989,91876,342,716,7069,
90.65125006118967,91876,341,717,7069,
90.65293275982549,91876,341,716,7070,
90.6572518380713,91875,342,716,7070,
90.66918346409415,91874,343,716,7070,
90.67329503960512,91874,343,715,7071,
90.680390464237,91874,343,714,7072,
90.68075914287454,91873,344,714,7072,
90.68079560439209,91872,345,714,7072,
90.6895375107351,91871,346,714,7072,
90.69009997447026,91871,346,713,7073,
90.69202731187497,91871,346,712,7074,
90.69210566748467,91871,346,711,7075,
90.69993595247655,91870,347,711,7075,
90.70126388778374,91869,348,711,7075,
90.70164549711856,91869,348,710,7076,
90.70707292200584,91868,349,710,7076,
90.70873658428302,91868,349,709,7077,
90.70885537217384,91868,348,710,7077,
90.71388164554861,91868,348,709,7078,
90.72107626947864,91868,347,710,7078,
90.7260825456729,91867,348,710,7078,
90.72703278646986,91867,348,709,7079,
90.73232366382166,91867,348,708,7080,
90.74631079541007,91866,349,708,7080,
90.74891524628907,91866,348,709,7080,
90.7556370536941,91866,347,710,7080,
90.7571815227887,91866,346,711,7080,
90.75735495611723,91865,347,711,7080,
90.76283622190915,91865,347,710,7081,
90.77099946280852,91865,346,711,7081,
90.77870741533711,91864,347,711,7081,
90.7790605383085,91864,347,710,7082,
90.78114938896628,91864,347,709,7083,
90.78377389370509,91864,347,708,7084,
90.78589021858963,91864,347,707,7085,
90.79865693871896,91864,347,706,7086,
90.81684783676724,91864,347,705,7087,
90.8173872615796,91863,348,705,7087,
90.81798518905468,91863,348,704,7088,
90.82024815877372,91863,348,703,7089,
90.8205335531234,91863,348,702,7090,
90.82636493767927,91863,348,701,7091,
90.82652733174254,91863,347,702,7091,
90.82676693906356,91863,347,701,7092,
90.83457328428972,91863,347,700,7093,
90.83986395673168,91863,346,701,7093,
90.84247422190691,91863,345,702,7093,
90.84323697366527,91862,346,702,7093,
90.84935951475165,91861,347,702,7093,
90.85830924808019,91861,347,701,7094,
90.86316200990503,91860,348,701,7094,
90.8634302546979,91859,349,701,7094,
90.86549536059763,91859,348,702,7094,
90.87045403488355,91859,348,701,7095,
90.87211350566284,91859,348,700,7096,
90.88104869429954,91859,348,699,7097,
90.88274664128531,91858,349,699,7097,
90.89921347406094,91858,348,700,7097,
90.89926584198903,91857,349,700,7097,
90.90896966816342,91856,350,700,7097,
90.91017364233329,91856,349,701,7097,
90.91426251814147,91856,349,700,7098,
90.92002766531093,91855,350,700,7098,
90.92367665809925,91855,350,699,7099,
90.92964119552585,91854,351,699,7099,
90.93114909618944,91854,350,700,7099,
90.93402157437808,91854,350,699,7100,
90.93562230226794,91853,351,699,7100,
90.94356367687729,91853,351,698,7101,
90.94677194452052,91852,352,698,7101,
90.94914566733863,91851,353,698,7101,
90.95394920866357,91851,352,699,7101,
90.95407292751479,91850,353,699,7101,
90.97824787101251,91850,352,700,7101,
90.98479759670315,91849,353,700,7101,
90.98485116764068,91848,354,700,7101,
90.98972302703493,91848,354,699,7102,
90.99546908079233,91848,354,698,7103,
91.00607300782873,91848,353,699,7103,
91.00881045826381,91848,352,700,7103,
91.01056959964382,91848,352,699,7104,
91.01176290705112,91847,353,699,7104,
91.01244494823672,91847,353,698,7105,
91.01262110874646,91847,353,697,7106,
91.01481033132916,91847,352,698,7106,
91.02353020285028,91847,352,697,7107,
91.03943953581334,91846,353,697,7107,
91.04024681797615,91845,354,697,7107,
91.04154146526903,91845,353,698,7107,
91.04678963478324,91845,352,699,7107,
91.05454650382205,91845,351,700,7107,
91.06043433215292,91845,351,699,7108,
91.06867008291633,91845,351,698,7109,
91.07288885919725,91844,352,698,7109,
91.07631701524457,91844,352,697,7110,
91.07891794793434,91844,352,696,7111,
91.09093497729748,91844,351,697,7111,
91.09207640241726,91844,351,696,7112,
91.09605948626209,91844,351,695,7113,
91.09867142132057,91844,350,696,7113,
91.10481338298916,91844,350,695,7114,
91.10628096754573,91844,349,696,7114,
91.106450646182,91844,348,697,7114,
91.10988167808162,91844,347,698,7114,
91.1209811122954,91844,346,699,7114,
91.12666331314692,91843,347,699,7114,
91.12926707298877,91843,347,698,7115,
91.13756645837489,91843,346,699,7115,
91.13929355763248,91842,347,699,7115,
91.14137826493295,91841,348,699,7115,
91.14706489589486,91841,347,700,7115,
91.15340050929652,91841,347,699,7116,
91.16828736725871,91840,348,699,7116,
91.16878385706964,91840,347,700,7116,
91.17013253880452,91840,346,701,7116,
91.17902053492699,91839,347,701,7116,
91.17948902670965,91839,347,700,7117,
91.18675441341759,91839,346,701,7117,
91.18675558531402,91839,346,700,7118,
91.18800499614396,91839,345,701,7118,
91.1884238599226,91839,344,702,7118,
91.1934689569125,91838,345,702,7118,
91.19549997120012,91838,344,703,7118,
91.19923168832557,91838,343,704,7118,
91.20372082786835,91838,343,703,7119,
91.20844650820392,91838,343,702,7120,
91.21397028830728,91838,343,701,7121,
91.22463943215153,91838,342,702,7121,
91.22879539387245,91838,341,703,7121,
91.22936247258312,91838,341,702,7122,
91.23288530188313,91838,341,701,7123,
91.26602865058938,91838,341,700,7124,
91.26975694202372,91837,342,700,7124,
91.270242414526,91837,341,701,7124,
91.27241390535998,91837,340,702,7124,
91.27504230554237,91836,341,702,7124,
91.27573127283408,91835,342,702,7124,
91.27631818804053,91835,341,703,7124,
91.27648507559202,91835,341,702,7125,
91.27702855977773,91834,342,702,7125,
91.2813657626348,91834,342,701,7126,
91.28480758616777,91834,342,700,7127,
91.28710726134042,91834,342,699,7128,
91.29365526745553,91834,341,700,7128,
91.29698414591479,91833,342,700,7128,
91.31237976682507,91833,341,701,7128,
91.31578980447364,91833,341,700,7129,
91.32219895470185,91833,340,701,7129,
91.32231937903309,91833,339,702,7129,
91.33306001869444,91832,340,702,7129,
91.33325505816441,91831,341,702,7129,
91.337278084079,91830,342,702,7129,
91.33766976956707,91829,343,702,7129,
91.34124668179456,91829,342,703,7129,
91.34594299158337,91829,341,704,7129,
91.35013002011462,91829,341,703,7130,
91.35059613842392,91828,342,703,7130,
91.35778069055264,91827,343,703,7130,
91.36153320566473,91827,343,702,7131,
91.36191354022492,91827,343,701,7132,
91.36824429162334,91827,343,700,7133,
91.37437308583657,91827,343,699,7134,
91.38934555865671,91827,343,698,7135,
91.3922424787778,91826,344,698,7135,
91.39333608810622,91826,343,699,7135,
91.39586167203905,91826,343,698,7136,
91.39664433749851,91826,342,699,7136,
91.3980635123153,91826,342,698,7137,
91.39902527832781,91825,343,698,7137,
91.39944155414352,91825,342,699,7137,
91.40348831578356,91825,341,700,7137,
91.40602631103796,91825,340,701,7137,
91.43013265393664,91825,339,702,7137,
91.43175996266888,91825,338,703,7137,
91.43848027108157,91825,338,702,7138,
91.44741069347819,91825,338,701,7139,
91.45000060317953,91825,338,700,7140,
91.45034357914122,91825,337,701,7140,
91.4514608197909,91825,337,700,7141,
91.45975671364977,91825,337,699,7142,
91.4646828739969,91825,337,698,7143,
91.46775739032303,91825,336,699,7143,
91.47452115559173,91825,336,698,7144,
91.48445641505543,91825,336,697,7145,
91.49527999025575,91825,336,696,7146,
91.4995823104592,91824,337,696,7146,
91.50801101758263,91824,337,695,7147,
91.51009342730293,91823,338,695,7147,
91.51236269227905,91822,339,695,7147,
91.51708264790572,91822,339,694,7148,
91.52976680558906,91822,339,693,7149,
91.53560074337074,91822,338,694,7149,
91.5409106402896,91822,338,693,7150,
91.54573497696651,91822,338,692,7151,
91.5583577310857,91822,337,693,7151,
91.55852548726298,91822,337,692,7152,
91.56134684114758,91822,337,691,7153,
91.56959669313349,91822,337,690,7154,
91.5857021664819,91822,337,689,7155,
91.58785569227497,91821,338,689,7155,
91.59778460305631,91821,337,690,7155,
91.59986417587442,91821,337,689,7156,
91.60329278649453,91821,336,690,7156,
91.60338223414195,91821,335,691,7156,
91.6070439033343,91820,336,691,7156,
91.60901093455637,91820,335,692,7156,
91.6177780014929,91820,335,691,7157,
91.62074453101837,91820,334,692,7157,
91.62924276759338,91820,333,693,7157,
91.63344278990732,91820,332,694,7157,
91.63369058037001,91820,331,695,7157,
91.63607061726796,91820,331,694,7158,
91.63854510931367,91819,332,694,7158,
91.64539503152946,91818,333,694,7158,
91.65399246132067,91818,333,693,7159,
91.65510549518254,91818,333,692,7160,
91.65619091485398,91818,333,691,7161,
91.65725977244,91818,332,692,7161,
91.66779546657423,91818,332,691,7162,
91.67317443730818,91818,332,690,7163,
91.67607047460864,91817,333,690,7163,
91.68468832727797,91817,332,691,7163,
91.6869098700848,91817,331,692,7163,
91.69070052786468,91817,330,693,7163,
91.69796833282618,91816,331,693,7163,
91.70377748003631,91816,331,692,7164,
91.71018313184439,91816,330,693,7164,
91.7258190254762,91815,331,693,7164,
91.72701209717535,91815,331,692,7165,
91.72710942734179,91815,330,693,7165,
91.73725075212394,91815,330,692,7166,
91.74709489648025,91814,331,692,7166,
91.74849034832455,91814,330,693,7166,
91.7508116049473,91814,330,692,7167,
91.75177244120232,91814,329,693,7167,
91.75912812044054,91814,328,694,7167,
91.76271956326858,91814,328,693,7168,
91.77181435242792,91814,328,692,7169,
91.77193764529693,91814,328,691,7170,
91.77489940168395,91813,329,691,7170,
91.77813877414742,91813,328,692,7170,
91.78413797102256,91812,329,692,7170,
91.78495585286312,91812,329,691,7171,
91.78633934283968,91812,328,692,7171,
91.78636817617857,91812,327,693,7171,
91.78762061903822,91812,327,692,7172,
91.78873749134638,91812,327,691,7173,
91.78979227333474,91812,327,690,7174,
91.79271887574643,91812,327,689,7175,
91.79973493547504,91812,327,688,7176,
91.83045979075412,91812,327,687,7177,
91.83580345843167,91812,327,686,7178,
91.83747782908236,91812,327,685,7179,
91.8472829909186,91812,327,684,7180,
91.85492144128175,91812,327,683,7181,
91.85981505880639,91811,328,683,7181,
91.867597548873,91811,327,684,7181,
91.87013574356237,91811,327,683,7182,
91.87255568513284,91811,327,682,7183,
91.88396335884255,91811,326,683,7183,
91.88979061710855,91811,325,684,7183,
91.89387965426856,91811,325,683,7184,
91.89726225422001,91811,325,682,7185,
91.90292801764058,91811,325,681,7186,
91.90524691267899,91811,324,682,7186,
91.91014242301591,91811,323,683,7186,
91.91108738106448,91811,323,682,7187,
91.9128213579215,91811,323,681,7188,
91.91501912698604,91810,324,681,7188,
91.91583667403671,91810,323,682,7188,
91.91646805836862,91810,322,683,7188,
91.91673065868306,91810,322,682,7189,
91.91888955451574,91809,323,682,7189,
91.93625788876075,91809,322,683,7189,
91.94392205602213,91808,323,683,7189,
91.94518184954924,91808,323,682,7190,
91.94876304449653,91807,324,682,7190,
91.95431514627387,91807,324,681,7191,
91.95826206129898,91807,324,680,7192,
91.95887164030374,91806,325,680,7192,
91.96247222461832,91806,325,679,7193,
91.96335802910446,91806,324,680,7193,
91.96422090710188,91806,324,679,7194,
91.97852601365301,91806,324,678,7195,
91.99371524582395,91805,325,678,7195,
91.9962032800565,91805,325,677,7196,
91.99723468001812,91805,325,676,7197,
91.99823171623393,91805,325,675,7198,
91.99879225778612,91805,324,676,7198,
92.00041265759509,91805,324,675,7199,
92.00969530208005,91805,324,674,7200,
92.01097515252165,91805,323,675,7200,
92.0142138612662,91805,322,676,7200,
92.01546992179016,91805,321,677,7200,
92.01849102526387,91805,321,676,7201,
92.0221536600793,91804,322,676,7201,
92.03143293876603,91803,323,676,7201,
92.03496744210948,91802,324,676,7201,
92.04128938421111,91802,324,675,7202,
92.05793013947257,91801,325,675,7202,
92.06592307740307,91801,325,674,7203,
92.06753992586737,91801,324,675,7203,
92.07255580479553,91801,324,674,7204,
92.07453669816526,91801,324,673,7205,
92.0756418575834,91801,324,672,7206,
92.07819363448459,91801,324,671,7207,
92.07875559569877,91801,323,672,7207,
92.07913402372036,91801,323,671,7208,
92.08142045550565,91801,322,672,7208,
92.08451800720852,91801,321,673,7208,
92.08645971920552,91800,322,673,7208,
92.09350451364277,91800,321,674,7208,
92.10449044715708,91800,320,675,7208,
92.1084207250067,91800,320,674,7209,
92.10891257506667,91799,321,674,7209,
92.1102312789182,91799,321,673,7210,
92.11181076096584,91799,321,672,7211,
92.12368054272983,91799,321,671,7212,
92.1261729841572,91799,320,672,7212,
92.12948844341108,91799,319,673,7212,
92.13608058773517,91799,318,674,7212,
92.14512305524352,91799,318,673,7213,
92.15063075733684,91799,317,674,7213,
92.15873545672356,91799,316,675,7213,
92.16020900965188,91799,316,674,7214,
92.1654193411581,91799,315,675,7214,
92.16651803557403,91799,315,674,7215,
92.1666425908127,91799,314,675,7215,
92.17091325655312,91798,315,675,7215,
92.17403217407178,91798,315,674,7216,
92.17547536829919,91798,314,675,7216,
92.18431319715098,91798,314,674,7217,
92.186014599679,91798,314,673,7218,
92.18651388740724,91798,313,674,7218,
92.1914634022261,91798,312,675,7218,
92.19264536473044,91798,311,676,7218,
92.19297502828425,91798,311,675,7219,
92.1970753294041,91798,311,674,7220,
92.20497536932035,91798,310,675,7220,
92.20692364980275,91798,310,674,7221,
92.21424163043295,91798,310,673,7222,
92.21701841710899,91797,311,673,7222,
92.22736365900116,91797,310,674,7222,
92.23106893928664,91797,310,673,7223,
92.24373797393889,91797,310,672,7224,
92.24568107814305,91796,311,672,7224,
92.25008103848242,91796,311,671,7225,
92.25578445024831,91796,311,670,7226,
92.25828220136668,91795,312,670,7226,
92.26089636503127,91795,311,671,7226,
92.27444901052783,91795,310,672,7226,
92.27501996225496,91795,310,671,7227,
92.27708177836477,91795,309,672,7227,
92.2866149265085,91795,308,673,7227,
92.29503208288025,91795,308,672,7228,
92.29913596692597,91794,309,672,7228,
92.30888638938274,91794,308,673,7228,
92.3103355974363,91794,308,672,7229,
92.32259079357297,91794,307,673,7229,
92.32363083072389,91794,307,672,7230,
92.33546611312741,91794,306,673,7230,
92.34494034279741,91794,306,672,7231,
92.34773432557307,91794,305,673,7231,
92.36359070913923,91793,306,673,7231,
92.36659461541078,91793,306,672,7232,
92.3697999653308,91793,306,671,7233,
92.37834294435069,91792,307,671,7233,
92.3793837994831,91792,306,672,7233,
92.40749876532084,91792,305,673,7233,
92.40843113399686,91792,304,674,7233,
92.42121412071745,91792,304,673,7234,
92.42138570755374,91792,303,674,7234,
92.4227603833785,91792,303,673,7235,
92.42794354825418,91792,302,674,7235,
92.43309067848861,91792,301,675,7235,
92.44637868759719,91792,300,676,7235,
92.44667226374588,91792,300,675,7236,
92.44703286350375,91791,301,675,7236,
92.45172794819601,91790,302,675,7236,
92.46270531224695,91789,303,675,7236,
92.46553061363957,91789,302,676,7236,
92.47112955743394,91789,301,677,7236,
92.47636563705233,91789,301,676,7237,
92.4773574286738,91788,302,676,7237,
92.48705690036235,91787,303,676,7237,
92.49081307185301,91787,303,675,7238,
92.49232143630066,91786,304,675,7238,
92.50101860142985,91785,305,675,7238,
92.50395897624696,91785,305,674,7239,
92.50641989482943,91785,305,673,7240,
92.51243547889571,91784,306,673,7240,
92.51447962360871,91784,305,674,7240,
92.51757704572825,91784,305,673,7241,
92.52088046724967,91784,304,674,7241,
92.52176366856048,91784,304,673,7242,
92.52444958196189,91784,303,674,7242,
92.53308543702282,91784,302,675,7242,
92.54459181445262,91784,301,676,7242,
92.55024323048158,91784,301,675,7243,
92.55074432411811,91784,301,674,7244,
92.55517812534599,91784,301,673,7245,
92.56412842230895,91784,301,672,7246,
92.56426371955382,91783,302,672,7246,
92.56550979448009,91783,302,671,7247,
92.57514715327764,91782,303,671,7247,
92.57752343130079,91782,302,672,7247,
92.58488669745265,91782,302,671,7248,
92.58795629731459,91781,303,671,7248,
92.5890648460205,91781,303,670,7249,
92.59114153738929,91781,302,671,7249,
92.59382630341572,91780,303,671,7249,
92.59423918490664,91780,303,670,7250,
92.60617292982755,91780,303,669,7251,
92.60674363916841,91780,302,670,7251,
92.61030198630712,91780,301,671,7251,
92.63597892106284,91780,300,672,7251,
92.64323210520263,91780,299,673,7251,
92.64470685303617,91780,299,672,7252,
92.6559897211288,91779,300,672,7252,
92.6596381662516,91779,300,671,7253,
92.66726158350149,91778,301,671,7253,
92.67142339250006,91777,302,671,7253,
92.67746657734403,91776,303,671,7253,
92.69210377336522,91776,303,670,7254,
92.69765212562032,91776,302,671,7254,
92.69935107874994,91775,303,671,7254,
92.69945013297777,91775,303,670,7255,
92.69981336612946,91775,302,671,7255,
92.70019184112147,91775,302,670,7256,
92.70350552376152,91775,301,671,7256,
92.70488065760502,91775,300,672,7256,
92.71809948155547,91774,301,672,7256,
92.72124492411072,91773,302,672,7256,
92.7216782261475,91773,301,673,7256,
92.7227817933427,91772,302,673,7256,
92.72391954892102,91772,301,674,7256,
92.7266968261913,91771,302,674,7256,
92.73824830570706,91771,302,673,7257,
92.74022123481242,91770,303,673,7257,
92.74654424833827,91770,302,674,7257,
92.74935334057194,91770,301,675,7257,
92.74975091819785,91770,300,676,7257,
92.75136443602273,91770,300,675,7258,
92.75227086133219,91769,301,675,7258,
92.75658315444565,91769,301,674,7259,
92.77256101327922,91769,301,673,7260,
92.787176085399,91769,300,674,7260,
92.7951254462601,91768,301,674,7260,
92.80876759148232,91768,301,673,7261,
92.80942969415068,91767,302,673,7261,
92.81235000304896,91767,301,674,7261,
92.81573061411028,91766,302,674,7261,
92.82908505648385,91766,302,673,7262,
92.83744180684042,91766,301,674,7262,
92.8421458175035,91766,300,675,7262,
92.8471489217315,91765,301,675,7262,
92.85136555810058,91765,300,676,7262,
92.85397857056762,91765,299,677,7262,
92.85845027340842,91764,300,677,7262,
92.86510848349154,91763,301,677,7262,
92.87236732770614,91763,301,676,7263,
92.8735050568265,91762,302,676,7263,
92.87401164351215,91761,303,676,7263,
92.87903550417916,91760,304,676,7263,
92.88104739967795,91760,304,675,7264,
92.88450452432721,91760,303,676,7264,
92.88482996409161,91760,303,675,7265,
92.88569896657097,91760,303,674,7266,
92.88618783313478,91760,302,675,7266,
92.88993602952482,91759,303,675,7266,
92.8944090526308,91758,304,675,7266,
92.89578380914926,91757,305,675,7266,
92.89647436256625,91756,306,675,7266,
92.89803138352165,91756,306,674,7267,
92.89926292409574,91756,305,675,7267,
92.89982755146686,91756,304,676,7267,
92.90311265816851,91756,304,675,7268,
92.9059239730704,91756,304,674,7269,
92.92008303942363,91756,303,675,7269,
92.92794208721554,91755,304,675,7269,
92.93238106507258,91755,303,676,7269,
92.93350258810226,91755,302,677,7269,
92.93794096373725,91755,301,678,7269,
92.94233307606959,91755,300,679,7269,
92.94855415814664,91755,300,678,7270,
92.94999625753655,91754,301,678,7270,
92.95135661343323,91754,300,679,7270,
92.95407190329675,91754,299,680,7270,
92.95970877382486,91754,299,679,7271,
92.96073912129785,91754,299,678,7272,
92.96189896245885,91754,298,679,7272,
92.96319537594692,91753,299,679,7272,
92.96502063265828,91753,299,678,7273,
92.9656107803815,91752,300,678,7273,
92.96947874019205,91752,299,679,7273,
92.97035381563146,91752,299,678,7274,
92.97395205796016,91751,300,678,7274,
92.98614173503037,91750,301,678,7274,
93.01156226240505,91750,301,677,7275,
93.01629329368345,91750,300,678,7275,
93.01688077381215,91750,300,677,7276,
93.01846398781468,91750,299,678,7276,
93.0249730151645,91749,300,678,7276,
93.03414894708983,91749,299,679,7276,
93.0404234251558,91748,300,679,7276,
93.04771396649095,91748,299,680,7276,
93.04798499286727,91748,299,679,7277,
93.05558418538789,91748,299,678,7278,
93.06081657084542,91748,298,679,7278,
93.06389750768291,91748,298,678,7279,
93.06402004873262,91748,297,679,7279,
93.06944870568178,91748,297,678,7280,
93.0702582505874,91747,298,678,7280,
93.07474071626196,91747,298,677,7281,
93.07796034422441,91747,298,676,7282,
93.08086697192007,91747,297,677,7282,
93.08939869040712,91747,296,678,7282,
93.09460030021674,91747,295,679,7282,
93.10560121196922,91747,294,680,7282,
93.12685957002768,91746,295,680,7282,
93.13022616158827,91746,295,679,7283,
93.13296441541968,91746,294,680,7283,
93.15387541344322,91746,294,679,7284,
93.16153254508191,91745,295,679,7284,
93.16227293649146,91744,296,679,7284,
93.17931722239847,91744,295,680,7284,
93.18760147576774,91744,295,679,7285,
93.19085504475743,91744,295,678,7286,
93.19300524621352,91744,294,679,7286,
93.20015720172483,91744,294,678,7287,
93.20448960513423,91744,293,679,7287,
93.2049669477752,91744,292,680,7287,
93.22934678388137,91744,292,679,7288,
93.23742403262203,91744,292,678,7289,
93.24140546635437,91744,292,677,7290,
93.24885097280693,91744,291,678,7290,
93.2536966047,91743,292,678,7290,
93.25408030562497,91743,292,677,7291,
93.25675992379713,91743,292,676,7292,
93.26239665349104,91743,292,675,7293,
93.26280742755961,91742,293,675,7293,
93.27673490703174,91742,293,674,7294,
93.27958415985044,91741,294,674,7294,
93.28269137770886,91741,293,675,7294,
93.29358610859438,91741,292,676,7294,
93.31864911887934,91740,293,676,7294,
93.32590031090237,91740,292,677,7294,
93.32772238950523,91740,292,676,7295,
93.33601334300982,91740,292,675,7296,
93.34133873338769,91740,291,676,7296,
93.34494131226026,91739,292,676,7296,
93.35225638000466,91739,292,675,7297,
93.3525785383813,91739,292,674,7298,
93.35262425980474,91739,292,673,7299,
93.36704040141548,91738,293,673,7299,
93.37335154047872,91738,293,672,7300,
93.37807511531203,91738,293,671,7301,
93.39135969739482,91738,292,672,7301,
93.39137799357577,91738,291,673,7301,
93.39248396185386,91737,292,673,7301,
93.39258379521354,91737,291,674,7301,
93.39360311531925,91736,292,674,7301,
93.40303758191948,91736,292,673,7302,
93.40333906662016,91735,293,673,7302,
93.40567766943596,91734,294,673,7302,
93.40618609623402,91733,295,673,7302,
93.42310827796291,91732,296,673,7302,
93.42476248832726,91732,296,672,7303,
93.4247894140573,91731,297,672,7303,
93.42722220029725,91731,297,671,7304,
93.4351744490858,91730,298,671,7304,
93.43571773367944,91730,297,672,7304,
93.44033650554857,91730,296,673,7304,
93.44219473209489,91730,296,672,7305,
93.4505729354698,91730,295,673,7305,
93.46592387950852,91730,295,672,7306,
93.46928245382861,91729,296,672,7306,
93.46987065991192,91729,295,673,7306,
93.47810490324215,91728,296,673,7306,
93.48938306603776,91728,296,672,7307,
93.49345660326523,91728,295,673,7307,
93.49838232880344,91728,294,674,7307,
93.51547011028113,91727,295,674,7307,
93.52028238234774,91727,294,675,7307,
93.52338514808628,91727,294,674,7308,
93.53423183527872,91727,293,675,7308,
93.53435970332296,91726,294,675,7308,
93.54068221584572,91726,294,674,7309,
93.5439542487505,91726,294,673,7310,
93.5701022763668,91725,295,673,7310,
93.57463017631468,91725,295,672,7311,
93.57850003650832,91725,294,673,7311,
93.58227370546692,91725,293,674,7311,
93.58256388619736,91725,292,675,7311,
93.58408692438461,91725,292,674,7312,
93.58834752034417,91725,292,673,7313,
93.59390629264432,91724,293,673,7313,
93.59454236087757,91724,293,672,7314,
93.59587342059856,91724,292,673,7314,
93.60088487158019,91724,292,672,7315,
93.6025334783892,91724,291,673,7315,
93.61265257356771,91723,292,673,7315,
93.6149879603052,91723,291,674,7315,
93.61686944733428,91723,291,673,7316,
93.62687154870424,91723,291,672,7317,
93.63783645717118,91722,292,672,7317,
93.63933139092103,91722,292,671,7318,
93.64231124401599,91722,291,672,7318,
93.64652854221016,91721,292,672,7318,
93.64718099606809,91721,291,673,7318,
93.65190214032074,91721,290,674,7318,
93.66590552207113,91721,290,673,7319,
93.66671361067364,91721,289,674,7319,
93.66768332162232,91721,289,673,7320,
93.66878757503545,91721,288,674,7320,
93.67280645214228,91721,287,675,7320,
93.68238232741726,91720,288,675,7320,
93.68701928662333,91719,289,675,7320,
93.68779279605934,91719,288,676,7320,
93.68909066166648,91719,288,675,7321,
93.71346133665784,91719,288,674,7322,
93.7140818255422,91719,288,673,7323,
93.71684678736139,91719,287,674,7323,
93.72050342772151,91719,286,675,7323,
93.7207356488683,91719,286,674,7324,
93.72724195211678,91719,285,675,7324,
93.7327601501072,91718,286,675,7324,
93.73674366528832,91717,287,675,7324,
93.7420692760314,91717,286,676,7324,
93.7428599377949,91716,287,676,7324,
93.74562525083087,91715,288,676,7324,
93.74644981813269,91715,288,675,7325,
93.76163822945159,91715,288,674,7326,
93.76174614350347,91714,289,674,7326,
93.76219248867883,91713,290,674,7326,
93.76808213910837,91712,291,674,7326,
93.76901645056296,91711,292,674,7326,
93.77087805739338,91711,291,675,7326,
93.78895418469433,91711,290,676,7326,
93.80670446218303,91710,291,676,7326,
93.80980490499478,91709,292,676,7326,
93.81353627973033,91709,292,675,7327,
93.81917065713213,91708,293,675,7327,
93.82208514654748,91708,292,676,7327,
93.82280061255184,91708,292,675,7328,
93.8293704112298,91708,292,674,7329,
93.83068524652754,91708,292,673,7330,
93.83161097685334,91708,292,672,7331,
93.83690843215692,91708,292,671,7332,
93.84407965130708,91707,293,671,7332,
93.85077675724204,91706,294,671,7332,
93.85237856772639,91706,294,670,7333,
93.85262987509674,91706,294,669,7334,
93.85415059432327,91706,294,668,7335,
93.86165219523805,91706,293,669,7335,
93.8674925793951,91705,294,669,7335,
93.87003368157252,91705,294,668,7336,
93.87243603595618,91704,295,668,7336,
93.87367746458995,91704,295,667,7337,
93.87713334472281,91703,296,667,7337,
93.88202362103593,91702,297,667,7337,
93.88519475795195,91702,297,666,7338,
93.88555934266648,91701,298,666,7338,
93.88791700511013,91701,298,665,7339,
93.8942981288765,91701,298,664,7340,
93.9100766076156,91701,297,665,7340,
93.9130614947187,91701,297,664,7341,
93.91419983060189,91701,297,663,7342,
93.91644245149845,91701,297,662,7343,
93.91961806519737,91701,296,663,7343,
93.92857489437455,91700,297,663,7343,
93.92877862722537,91700,297,662,7344,
93.94673278051067,91700,296,663,7344,
93.94841904606136,91700,295,664,7344,
93.96444202942116,91699,296,664,7344,
93.96569902861816,91699,295,665,7344,
93.96866244637903,91699,295,664,7345,
93.96969376891451,91699,294,665,7345,
93.97534323563579,91699,294,664,7346,
93.9805913861835,91699,293,665,7346,
93.98188587330345,91699,292,666,7346,
93.9844706736163,91699,292,665,7347,
93.99241001966496,91699,292,664,7348,
93.9931460686731,91699,291,665,7348,
93.99428331011964,91698,292,665,7348,
93.99854834079468,91697,293,665,7348,
94.00062892023799,91696,294,665,7348,
94.0050957796075,91695,295,665,7348,
94.00885671016351,91695,294,666,7348,
94.01196424415483,91695,294,665,7349,
94.01447065561575,91694,295,665,7349,
94.01546757277765,91694,295,664,7350,
94.01914467621839,91694,295,663,7351,
94.03314362669907,91693,296,663,7351,
94.04203969771098,91693,296,662,7352,
94.04463279722367,91693,296,661,7353,
94.04656976051761,91693,295,662,7353,
94.05395299491063,91693,294,663,7353,
94.05475926105942,91693,293,664,7353,
94.06799123710725,91693,293,663,7354,
94.0688446193139,91693,292,664,7354,
94.06925628534219,91693,291,665,7354,
94.07609661079263,91693,291,664,7355,
94.07974034847885,91692,292,664,7355,
94.0829251063143,91691,293,664,7355,
94.0858870018216,91691,293,663,7356,
94.0859738453852,91691,292,664,7356,
94.0871600074681,91690,293,664,7356,
94.08778093096427,91690,293,663,7357,
94.09536873134863,91689,294,663,7357,
94.10547756178387,91688,295,663,7357,
94.10835763856116,91688,294,664,7357,
94.10878722340772,91687,295,664,7357,
94.11321592542843,91687,295,663,7358,
94.11727868472951,91687,295,662,7359,
94.11736605820735,91687,295,661,7360,
94.12409208703859,91687,295,660,7361,
94.13664436036123,91687,294,661,7361,
94.14650288448678,91687,293,662,7361,
94.14682434330113,91686,294,662,7361,
94.15153147562924,91686,294,661,7362,
94.15258492182821,91686,294,660,7363,
94.15455626663507,91686,294,659,7364,
94.15784828548792,91686,294,658,7365,
94.1608649313887,91685,295,658,7365,
94.16133730628323,91685,295,657,7366,
94.17654341511988,91685,294,658,7366,
94.18477682123486,91684,295,658,7366,
94.19070107401022,91684,294,659,7366,
94.19294945493053,91684,293,660,7366,
94.19593403574777,91684,293,659,7367,
94.19641357784927,91684,292,660,7367,
94.20406602982212,91683,293,660,7367,
94.20412472408361,91682,294,660,7367,
94.21516899445771,91682,294,659,7368,
94.21703361920244,91682,294,658,7369,
94.21724125657593,91682,293,659,7369,
94.22789304060447,91682,293,658,7370,
94.23381323477409,91682,293,657,7371,
94.23906490404677,91682,293,656,7372,
94.2481966238429,91682,293,655,7373,
94.25970440192373,91682,292,656,7373,
94.27183993616191,91682,292,655,7374,
94.2721695889588,91682,291,656,7374,
94.27350797106058,91682,291,655,7375,
94.28245096352099,91681,292,655,7375,
94.28252296680233,91680,293,655,7375,
94.28297736338887,91680,292,656,7375,
94.28637752064711,91680,292,655,7376,
94.28925617332865,91680,292,654,7377,
94.28925855689182,91680,292,653,7378,
94.29381822422283,91679,293,653,7378,
94.29969466733836,91678,294,653,7378,
94.31105385075433,91678,294,652,7379,
94.32004380979103,91678,294,651,7380,
94.3254100725959,91678,294,650,7381,
94.32645902878323,91678,294,649,7382,
94.32734462768265,91677,295,649,7382,
94.33692029719924,91677,294,650,7382,
94.33981781051462,91676,295,650,7382,
94.34942287720943,91676,295,649,7383,
94.3499529555104,91676,295,648,7384,
94.35005792383633,91676,294,649,7384,
94.35242709867889,91676,293,650,7384,
94.37442448957647,91676,293,649,7385,
94.37620605721496,91676,292,650,7385,
94.37628277030223,91676,292,649,7386,
94.37717236178841,91675,293,649,7386,
94.3874612970988,91675,292,650,7386,
94.3902908139363,91675,292,649,7387,
94.40358449374595,91675,292,648,7388,
94.40871897431973,91675,292,647,7389,
94.42027660755436,91675,292,646,7390,
94.42566472274765,91675,291,647,7390,
94.43433423460193,91675,291,646,7391,
94.43762294707287,91674,292,646,7391,
94.44826597538687,91673,293,646,7391,
94.45061187198479,91672,294,646,7391,
94.45269641546393,91672,294,645,7392,
94.4553887250926,91672,294,644,7393,
94.46163048399922,91672,293,645,7393,
94.46340797156208,91672,293,644,7394,
94.46862862352846,91672,293,643,7395,
94.47042381607753,91671,294,643,7395,
94.47802466769707,91671,293,644,7395,
94.47847431383812,91670,294,644,7395,
94.48056511740813,91669,295,644,7395,
94.49208899379877,91668,296,644,7395,
94.50462110879221,91668,296,643,7396,
94.50467769368525,91668,295,644,7396,
94.50678112005824,91668,295,643,7397,
94.51115145325531,91667,296,643,7397,
94.52099920870992,91667,296,642,7398,
94.52307233672376,91667,296,641,7399,
94.52708971755614,91667,295,642,7399,
94.528705829873,91667,294,643,7399,
94.53028439394116,91667,294,642,7400,
94.54646277912983,91667,294,641,7401,
94.55781797589356,91667,293,642,7401,
94.56601690500214,91667,293,641,7402,
94.57561318501641,91667,293,640,7403,
94.5762263303146,91666,294,640,7403,
94.59797655889584,91666,294,639,7404,
94.6116203735343,91666,294,638,7405,
94.61816326994301,91666,293,639,7405,
94.62047244323,91666,292,640,7405,
94.62919748572023,91666,292,639,7406,
94.6304412473006,91666,292,638,7407,
94.63636269115973,91666,292,637,7408,
94.63943203720181,91665,293,637,7408,
94.6429237564789,91665,292,638,7408,
94.64587471825845,91664,293,638,7408,
94.66359562775196,91664,293,637,7409,
94.66948618526573,91663,294,637,7409,
94.67277334175094,91662,295,637,7409,
94.67578481763339,91662,295,636,7410,
94.67933485638287,91661,296,636,7410,
94.68158968919809,91661,295,637,7410,
94.68360207782302,91661,295,636,7411,
94.68533851160967,91660,296,636,7411,
94.68626636369396,91660,295,637,7411,
94.6872361534775,91660,295,636,7412,
94.6892257516086,91660,295,635,7413,
94.70221920847231,91660,294,636,7413,
94.70590850719353,91660,294,635,7414,
94.7066075185431,91660,293,636,7414,
94.70798501020212,91659,294,636,7414,
94.7082251916649,91659,293,637,7414,
94.71760920784656,91659,292,638,7414,
94.7197649055328,91659,291,639,7414,
94.7214213370864,91659,291,638,7415,
94.72279548535798,91659,291,637,7416,
94.7298870193894,91659,290,638,7416,
94.73100658618604,91659,290,637,7417,
94.73637153097773,91659,290,636,7418,
94.7416751002763,91659,290,635,7419,
94.74726088007307,91659,290,634,7420,
94.74925167094202,91659,290,633,7421,
94.75540405885873,91658,291,633,7421,
94.75770060608264,91657,292,633,7421,
94.75928394900384,91657,291,634,7421,
94.7732097171795,91657,290,635,7421,
94.77378177579257,91657,289,636,7421,
94.79166258519878,91656,290,636,7421,
94.79608376832809,91656,289,637,7421,
94.80829733210193,91656,289,636,7422,
94.81302869002101,91656,289,635,7423,
94.8273445039247,91655,290,635,7423,
94.83673027825296,91655,290,634,7424,
94.8373840954468,91654,291,634,7424,
94.84266450762495,91653,292,634,7424,
94.84642493351225,91652,293,634,7424,
94.84868699440648,91652,292,635,7424,
94.85141320801819,91652,291,636,7424,
94.85359707753514,91652,290,637,7424,
94.85747909741247,91652,290,636,7425,
94.85990162603181,91651,291,636,7425,
94.86260146551871,91650,292,636,7425,
94.8658425662796,91650,292,635,7426,
94.86932290647903,91649,293,635,7426,
94.87392958986892,91649,292,636,7426,
94.87499410033877,91648,293,636,7426,
94.87565171386211,91648,293,635,7427,
94.87717803241699,91648,292,636,7427,
94.87944890711879,91648,292,635,7428,
94.88845333901898,91648,292,634,7429,
94.89942136894928,91648,292,633,7430,
94.91049072961232,91647,293,633,7430,
94.9198698822342,91646,294,633,7430,
94.92184189895846,91645,295,633,7430,
94.92353481014186,91644,296,633,7430,
94.92778745847673,91644,295,634,7430,
94.92982990554333,91643,296,634,7430,
94.94127504141053,91643,296,633,7431,
94.94377294484721,91643,295,634,7431,
94.95137709737388,91643,295,633,7432,
94.95617321839178,91642,296,633,7432,
94.95677515109546,91641,297,633,7432,
94.95940443238857,91640,298,633,7432,
94.95972934177968,91639,299,633,7432,
94.96438060787713,91639,298,634,7432,
94.97675704193901,91638,299,634,7432,
94.98129612296736,91637,300,634,7432,
94.98150891899667,91636,301,634,7432,
94.98760703221257,91636,301,633,7433,
94.99887677169738,91635,302,633,7433,
95.00523696190382,91635,302,632,7434,
95.01168177137203,91635,301,633,7434,
95.01468774631934,91634,302,633,7434,
95.01640053772995,91634,301,634,7434,
95.02903228183993,91634,300,635,7434,
95.03683346588969,91633,301,635,7434,
95.03857711156886,91633,301,634,7435,
95.04018260208375,91632,302,634,7435,
95.04032329085194,91632,301,635,7435,
95.04665477869133,91631,302,635,7435,
95.05351002006825,91631,301,636,7435,
95.05538447849582,91631,300,637,7435,
95.05932837321734,91630,301,637,7435,
95.07342633783196,91630,301,636,7436,
95.08117571044103,91629,302,636,7436,
95.08806038459772,91629,301,637,7436,
95.13111200815737,91629,300,638,7436,
95.13771746815318,91629,299,639,7436,
95.13883944600113,91628,300,639,7436,
95.14407962727964,91627,301,639,7436,
95.14496108414698,91627,301,638,7437,
95.1506382778346,91627,301,637,7438,
95.16353249339059,91626,302,637,7438,
95.18479438074948,91626,301,638,7438,
95.19283457302403,91626,300,639,7438,
95.1976384585389,91626,300,638,7439,
95.20206574756716,91626,299,639,7439,
95.20230209783941,91626,299,638,7440,
95.21139611142037,91625,300,638,7440,
95.22241397449085,91625,300,637,7441,
95.22536409209336,91625,300,636,7442,
95.22832280236905,91625,300,635,7443,
95.23288562420005,91625,300,634,7444,
95.2604107483762,91624,301,634,7444,
95.2718012354239,91624,301,633,7445,
95.2920011255486,91623,302,633,7445,
95.29382521442531,91623,301,634,7445,
95.29515439552155,91623,301,633,7446,
95.29680659635048,91623,301,632,7447,
95.30000592211249,91622,302,632,7447,
95.32125496260133,91622,301,633,7447,
95.33632776244791,91621,302,633,7447,
95.33937301298525,91620,303,633,7447,
95.34443546156251,91620,303,632,7448,
95.35101807546658,91620,303,631,7449,
95.36307037056864,91620,302,632,7449,
95.36313998522009,91620,301,633,7449,
95.36330932288281,91619,302,633,7449,
95.36917545773474,91619,301,634,7449,
95.37573983634627,91619,300,635,7449,
95.38768768826304,91618,301,635,7449,
95.39087047800516,91618,301,634,7450,
95.41025839199828,91618,300,635,7450,
95.41214243703314,91617,301,635,7450,
95.41285180297066,91617,301,634,7451,
95.4157019236188,91617,301,633,7452,
95.41603856272963,91616,302,633,7452,
95.41674821841791,91616,302,632,7453,
95.41819434983574,91615,303,632,7453,
95.42180232524726,91615,303,631,7454,
95.42253156719221,91614,304,631,7454,
95.42333385237849,91614,304,630,7455,
95.42743451485316,91614,304,629,7456,
95.43055964760836,91613,305,629,7456,
95.43281614292678,91613,305,628,7457,
95.44111817920366,91613,305,627,7458,
95.44132935939265,91613,304,628,7458,
95.45418623188796,91613,303,629,7458,
95.45653427731594,91613,303,628,7459,
95.46791932751866,91612,304,628,7459,
95.47210101498854,91612,303,629,7459,
95.47748928423728,91612,302,630,7459,
95.47759691852451,91612,302,629,7460,
95.4778493666434,91612,302,628,7461,
95.4895537018248,91612,302,627,7462,
95.49440403250472,91611,303,627,7462,
95.49527448203389,91611,302,628,7462,
95.5020893426616,91611,302,627,7463,
95.50389032083606,91611,302,626,7464,
95.5083606943912,91611,302,625,7465,
95.52981190179256,91610,303,625,7465,
95.53322461907017,91609,304,625,7465,
95.5351778691218,91608,305,625,7465,
95.56728701994136,91608,305,624,7466,
95.56822265710284,91607,306,624,7466,
95.57516562805118,91607,305,625,7466,
95.58289359464256,91606,306,625,7466,
95.58331476585599,91606,305,626,7466,
95.58362821555716,91606,305,625,7467,
95.58612145235497,91606,304,626,7467,
95.5899190890303,91606,303,627,7467,
95.60299656096691,91606,303,626,7468,
95.60931498963689,91606,302,627,7468,
95.61452866672876,91606,302,626,7469,
95.61565946741864,91606,301,627,7469,
95.62043855200474,91606,300,628,7469,
95.62324834266613,91606,299,629,7469,
95.62358726537671,91606,299,628,7470,
95.63037145194275,91606,299,627,7471,
95.63107400545384,91605,300,627,7471,
95.65298181014373,91604,301,627,7471,
95.66091314146476,91604,301,626,7472,
95.6674251745263,91604,301,625,7473,
95.67212290412675,91604,301,624,7474,
95.67972863354666,91604,301,623,7475,
95.68005910011524,91604,301,622,7476,
95.68110548863913,91604,301,621,7477,
95.69090359553621,91603,302,621,7477,
95.70390434481541,91603,302,620,7478,
95.70964021546091,91603,301,621,7478,
95.71281531489821,91602,302,621,7478,
95.73265093573113,91602,301,622,7478,
95.74618681943667,91602,301,621,7479,
95.7530657002603,91602,300,622,7479,
95.76046122933624,91602,299,623,7479,
95.76847582063756,91602,298,624,7479,
95.76938321395299,91602,297,625,7479,
95.77267436586585,91602,297,624,7480,
95.77991785758512,91601,298,624,7480,
95.78814506817662,91600,299,624,7480,
95.79818184751241,91600,298,625,7480,
95.7988613672778,91599,299,625,7480,
95.8031959537409,91599,298,626,7480,
95.80875269944215,91599,297,627,7480,
95.80994029990401,91599,297,626,7481,
95.81485579787949,91599,296,627,7481,
95.83146706463873,91599,295,628,7481,
95.83402155586369,91599,294,629,7481,
95.83791073211253,91599,293,630,7481,
95.84171153433476,91598,294,630,7481,
95.84460421171227,91597,295,630,7481,
95.8467875871896,91597,294,631,7481,
95.86388178670711,91597,294,630,7482,
95.86448700527568,91597,294,629,7483,
95.87266209856553,91597,293,630,7483,
95.87928286461297,91596,294,630,7483,
95.88900093819993,91596,294,629,7484,
95.89084611055617,91596,293,630,7484,
95.8955378260683,91595,294,630,7484,
95.90025738833228,91595,293,631,7484,
95.90458680470107,91595,293,630,7485,
95.91111085585601,91595,293,629,7486,
95.91145965707867,91594,294,629,7486,
95.92011036003291,91593,295,629,7486,
95.92167360221852,91593,295,628,7487,
95.92459449265613,91592,296,628,7487,
95.9270347737505,91592,296,627,7488,
95.93590478172375,91592,295,628,7488,
95.9382050258552,91592,295,627,7489,
95.93935847643445,91592,294,628,7489,
95.94280789593265,91592,294,627,7490,
95.94317939344218,91592,294,626,7491,
95.96480940494625,91592,294,625,7492,
95.96835606035971,91592,293,626,7492,
95.96993995970371,91592,293,625,7493,
95.98056074307249,91592,293,624,7494,
95.99238527870733,91592,293,623,7495,
96.00713143050389,91592,292,624,7495,
96.01166504590549,91591,293,624,7495,
96.01214681031354,91590,294,624,7495,
96.01338528661736,91590,293,625,7495,
96.01538141278002,91590,293,624,7496,
96.01911731592604,91589,294,624,7496,
96.02507087068932,91589,294,623,7497,
96.02580153342913,91589,294,622,7498,
96.03484538565496,91588,295,622,7498,
96.03898001335669,91587,296,622,7498,
96.04498778359415,91587,295,623,7498,
96.04700386164679,91587,295,622,7499,
96.05659305282414,91587,295,621,7500,
96.05850937534615,91587,294,622,7500,
96.06767011916324,91587,293,623,7500,
96.07658266208247,91587,293,622,7501,
96.0775949460483,91587,292,623,7501,
96.07901807511908,91587,292,622,7502,
96.08101475628337,91587,291,623,7502,
96.08697619610837,91587,291,622,7503,
96.09401542235307,91587,290,623,7503,
96.09933530840738,91586,291,623,7503,
96.1141330102223,91586,291,622,7504,
96.11490355195816,91585,292,622,7504,
96.11824878587184,91584,293,622,7504,
96.12396371580515,91584,293,621,7505,
96.13109945949525,91584,293,620,7506,
96.15018223414367,91584,293,619,7507,
96.16357587421017,91584,292,620,7507,
96.17258256994333,91584,291,621,7507,
96.18404835530711,91583,292,621,7507,
96.20156730975579,91583,291,622,7507,
96.2023285876434,91583,291,621,7508,
96.20693854701807,91582,292,621,7508,
96.21734644591851,91582,292,620,7509,
96.21831483962893,91582,291,621,7509,
96.21994319713562,91582,291,620,7510,
96.22089414428967,91582,290,621,7510,
96.22265535359477,91582,290,620,7511,
96.22698771992864,91582,289,621,7511,
96.22767817683626,91581,290,621,7511,
96.22864333425858,91581,290,620,7512,
96.22930835795546,91581,289,621,7512,
96.23043606301538,91580,290,621,7512,
96.23978340593183,91580,290,620,7513,
96.24700794970732,91579,291,620,7513,
96.24853945028806,91579,291,619,7514,
96.2495646623878,91579,290,620,7514,
96.25072111538731,91578,291,620,7514,
96.2529238143927,91578,290,621,7514,
96.25351821758386,91577,291,621,7514,
96.25826847478979,91577,290,622,7514,
96.26021336120836,91576,291,622,7514,
96.27259840730085,91576,291,621,7515,
96.29446144161426,91575,292,621,7515,
96.29534249435117,91575,292,620,7516,
96.30248335467022,91575,291,621,7516,
96.30867729156935,91575,291,620,7517,
96.32267747720459,91575,291,619,7518,
96.33039837109236,91574,292,619,7518,
96.3352421051055,91574,292,618,7519,
96.34233933067904,91574,292,617,7520,
96.34697490388689,91574,292,616,7521,
96.35224510888327,91574,292,615,7522,
96.35872041270352,91574,292,614,7523,
96.37696001084237,91574,292,613,7524,
96.39017845859257,91573,293,613,7524,
96.3916882043664,91572,294,613,7524,
96.39181626059593,91571,295,613,7524,
96.39275711994827,91571,294,614,7524,
96.39894045829442,91571,294,613,7525,
96.41089098079962,91571,293,614,7525,
96.4113303066344,91571,292,615,7525,
96.41199657305333,91571,291,616,7525,
96.42145836993642,91571,290,617,7525,
96.42246184494448,91571,289,618,7525,
96.42615694969842,91570,290,618,7525,
96.4272878781667,91570,289,619,7525,
96.42788803049308,91570,289,618,7526,
96.42812929480343,91569,290,618,7526,
96.43447408410782,91568,291,618,7526,
96.45466507507953,91568,290,619,7526,
96.45872426624534,91568,289,620,7526,
96.45891942556948,91568,288,621,7526,
96.46482278454582,91568,287,622,7526,
96.47142163711479,91568,287,621,7527,
96.47157112552843,91568,286,622,7527,
96.4851502906539,91568,285,623,7527,
96.48665002334167,91568,285,622,7528,
96.49393702613406,91568,284,623,7528,
96.49540002754699,91567,285,623,7528,
96.49690112300497,91567,285,622,7529,
96.50100135924568,91567,285,621,7530,
96.50808324612004,91567,285,620,7531,
96.51176260413592,91566,286,620,7531,
96.51614132145637,91566,285,621,7531,
96.51889375487937,91566,284,622,7531,
96.52766365443307,91566,284,621,7532,
96.53421667482763,91565,285,621,7532,
96.53628103480736,91565,285,620,7533,
96.53641869461869,91564,286,620,7533,
96.54261379696221,91564,286,619,7534,
96.54625843530263,91563,287,619,7534,
96.55676784338253,91562,288,619,7534,
96.57073484587227,91562,287,620,7534,
96.58248813248518,91562,287,619,7535,
96.59022541077772,91562,286,620,7535,
96.60095155889194,91562,285,621,7535,
96.60902794969263,91562,285,620,7536,
96.62167642794643,91562,284,621,7536,
96.62432427180016,91561,285,621,7536,
96.62647236330571,91561,284,622,7536,
96.62681026843012,91561,284,621,7537,
96.62713957425328,91560,285,621,7537,
96.62801935065032,91560,284,622,7537,
96.62904937347216,91560,283,623,7537,
96.63054510850156,91560,283,622,7538,
96.63366845048276,91559,284,622,7538,
96.64587180197597,91558,285,622,7538,
96.64631147654333,91558,284,623,7538,
96.64674797566258,91558,283,624,7538,
96.64718900577911,91557,284,624,7538,
96.64846944822732,91556,285,624,7538,
96.65274624293075,91556,285,623,7539,
96.65871352580143,91555,286,623,7539,
96.66284407716151,91555,286,622,7540,
96.66441863201607,91554,287,622,7540,
96.6644753561065,91553,288,622,7540,
96.6653089898632,91553,287,623,7540,
96.66754495877329,91553,287,622,7541,
96.66985702260203,91553,287,621,7542,
96.67597036540367,91553,286,622,7542,
96.67698481845845,91553,285,623,7542,
96.69009458069706,91553,285,622,7543,
96.69370617852667,91553,284,623,7543,
96.69387543543138,91553,283,624,7543,
96.69492152716157,91553,283,623,7544,
96.69604877872214,91553,283,622,7545,
96.69638038504644,91552,284,622,7545,
96.70792753947866,91552,283,623,7545,
96.71940725280474,91552,283,622,7546,
96.72163744355754,91552,282,623,7546,
96.72249631215246,91552,281,624,7546,
96.7260252403241,91552,281,623,7547,
96.74046155275943,91552,281,622,7548,
96.74871485265867,91552,281,621,7549,
96.74963877154872,91552,280,622,7549,
96.76738447203384,91552,280,621,7550,
96.80367738278977,91552,279,622,7550,
96.80481757675898,91552,279,621,7551,
96.81970989576715,91552,278,622,7551,
96.84069375971087,91551,279,622,7551,
96.8500684099941,91551,278,623,7551,
96.85056943846337,91550,279,623,7551,
96.85073715485113,91550,279,622,7552,
96.85319899303705,91550,279,621,7553,
96.85496516057266,91550,279,620,7554,
96.85513898294579,91550,278,621,7554,
96.85870718846577,91549,279,621,7554,
96.87023573983086,91549,278,622,7554,
96.8767526043888,91549,278,621,7555,
96.87684617683314,91548,279,621,7555,
96.8784976922771,91548,278,622,7555,
96.90331012677477,91547,279,622,7555,
96.90756279445533,91546,280,622,7555,
96.9118528923692,91545,281,622,7555,
96.9375450076716,91545,281,621,7556,
96.93773880750419,91544,282,621,7556,
96.94408554800393,91544,281,622,7556,
96.95197176257224,91543,282,622,7556,
96.9537712285167,91543,282,621,7557,
96.95491963251897,91543,282,620,7558,
96.95635766772088,91542,283,620,7558,
96.96221579485128,91542,282,621,7558,
96.9652037558954,91542,281,622,7558,
96.96551830133265,91541,282,622,7558,
96.96754719036605,91541,282,621,7559,
96.97244942173167,91541,281,622,7559,
96.97784034196752,91541,280,623,7559,
96.98346815372476,91541,279,624,7559,
96.98587852542033,91540,280,624,7559,
96.99323450039527,91540,280,623,7560,
97.0015047469956,91540,279,624,7560,
97.01282794588434,91540,279,623,7561,
97.01586591652205,91539,280,623,7561,
97.02234433941932,91539,280,622,7562,
97.02864938779932,91539,279,623,7562,
97.02901504396965,91538,280,623,7562,
97.0388878438472,91538,280,622,7563,
97.0415206500313,91537,281,622,7563,
97.0516775331137,91536,282,622,7563,
97.05984722121262,91536,282,621,7564,
97.07299569021703,91535,283,621,7564,
97.07678852613256,91535,283,620,7565,
97.07871377093014,91535,283,619,7566,
97.08995560307766,91535,282,620,7566,
97.09144196828704,91535,282,619,7567,
97.09432660836029,91535,282,618,7568,
97.09963247770767,91534,283,618,7568,
97.10087678987756,91534,283,617,7569,
97.1031912128878,91534,283,616,7570,
97.10618905616155,91534,283,615,7571,
97.11142207005227,91533,284,615,7571,
97.1175495826713,91533,283,616,7571,
97.14225084641711,91532,284,616,7571,
97.1522676432854,91532,284,615,7572,
97.15332437023235,91532,283,616,7572,
97.15697554482566,91532,282,617,7572,
97.17940429477542,91532,282,616,7573,
97.18298204229592,91532,281,617,7573,
97.18696537238532,91532,281,616,7574,
97.19744619262653,91532,281,615,7575,
97.19962213922318,91532,281,614,7576,
97.20054427644344,91532,280,615,7576,
97.20656418280501,91531,281,615,7576,
97.20886030391841,91531,281,614,7577,
97.21371114173976,91531,281,613,7578,
97.21606197144813,91531,280,614,7578,
97.22328051093957,91531,280,613,7579,
97.22606598489847,91531,280,612,7580,
97.23819830896623,91530,281,612,7580,
97.24066037728895,91530,281,611,7581,
97.2600344017155,91530,281,610,7582,
97.26424349778922,91530,280,611,7582,
97.26676074685642,91530,280,610,7583,
97.26710087357056,91529,281,610,7583,
97.26870002292215,91529,281,609,7584,
97.27070756700431,91528,282,609,7584,
97.27482214079899,91527,283,609,7584,
97.27933527823478,91527,283,608,7585,
97.2796440060304,91526,284,608,7585,
97.29290655083096,91525,285,608,7585,
97.29508266070266,91525,285,607,7586,
97.29594597871336,91525,284,608,7586,
97.29844687643728,91525,284,607,7587,
97.30311211953644,91525,284,606,7588,
97.30501883226353,91525,283,607,7588,
97.31291140528414,91524,284,607,7588,
97.314874139133,91524,284,606,7589,
97.32088169251138,91523,285,606,7589,
97.32323765973325,91523,284,607,7589,
97.32753323767466,91522,285,607,7589,
97.32934952641226,91522,284,608,7589,
97.33455439249494,91521,285,608,7589,
97.33460533192905,91521,284,609,7589,
97.33784774779063,91520,285,609,7589,
97.34621286145577,91520,284,610,7589,
97.34783082124115,91519,285,610,7589,
97.35681038994827,91518,286,610,7589,
97.37144012308116,91518,285,611,7589,
97.37307530387386,91517,286,611,7589,
97.37631827484773,91517,285,612,7589,
97.37728213083503,91517,285,611,7590,
97.38998371531453,91516,286,611,7590,
97.40495479044009,91516,286,610,7591,
97.41805031946527,91516,286,609,7592,
97.4252004937301,91516,285,610,7592,
97.43874182978988,91516,285,609,7593,
97.4389914489324,91515,286,609,7593,
97.44940082787213,91514,287,609,7593,
97.45342494637123,91513,288,609,7593,
97.4536037608975,91513,288,608,7594,
97.45739203111297,91513,288,607,7595,
97.4627079688068,91513,287,608,7595,
97.47823833929894,91513,287,607,7596,
97.4885829064925,91512,288,607,7596,
97.49482337179977,91511,289,607,7596,
97.50417021677575,91511,288,608,7596,
97.5086565987694,91511,287,609,7596,
97.51145172947191,91511,287,608,7597,
97.51521805474104,91511,287,607,7598,
97.5183604564572,91511,287,606,7599,
97.52183936519779,91511,286,607,7599,
97.52351724811979,91510,287,607,7599,
97.52791080924706,91510,287,606,7600,
97.52953839141671,91509,288,606,7600,
97.53754644300776,91508,289,606,7600,
97.56829437311009,91508,289,605,7601,
97.5717053603338,91508,289,604,7602,
97.57263126155644,91508,288,605,7602,
97.57330017410165,91507,289,605,7602,
97.57581471207847,91506,290,605,7602,
97.58527355955579,91506,289,606,7602,
97.58665722739761,91506,289,605,7603,
97.58841510754606,91506,288,606,7603,
97.59116394378799,91506,287,607,7603,
97.60100018773545,91506,286,608,7603,
97.6029084165848,91505,287,608,7603,
97.61422188981939,91504,288,608,7603,
97.61657803849056,91504,288,607,7604,
97.62601294183294,91503,289,607,7604,
97.64064149235942,91502,290,607,7604,
97.65467049440136,91502,289,608,7604,
97.66244108591445,91502,288,609,7604,
97.67059508940787,91501,289,609,7604,
97.67167939804096,91500,290,609,7604,
97.67422175807638,91500,289,610,7604,
97.67674022196704,91500,288,611,7604,
97.67882597785254,91499,289,611,7604,
97.6822668581195,91499,289,610,7605,
97.68422482786188,91499,289,609,7606,
97.68541843687265,91498,290,609,7606,
97.69011416568611,91498,289,610,7606,
97.69458432850887,91498,289,609,7607,
97.69640208714364,91497,290,609,7607,
97.70368393174314,91497,290,608,7608,
97.70786431331626,91497,289,609,7608,
97.7149081803783,91497,289,608,7609,
97.72192411802476,91497,288,609,7609,
97.72914882115117,91497,288,608,7610,
97.73245827583662,91497,288,607,7611,
97.74390582836858,91497,288,606,7612,
97.74750521982097,91496,289,606,7612,
97.75136991621625,91495,290,606,7612,
97.76441694868187,91495,290,605,7613,
97.78831787205928,91495,289,606,7613,
97.78970055299982,91495,289,605,7614,
97.79316588364918,91494,290,605,7614,
97.80436875746923,91494,290,604,7615,
97.80565263658715,91493,291,604,7615,
97.81051660340349,91493,290,605,7615,
97.81158212406001,91493,290,604,7616,
97.81630316562658,91493,290,603,7617,
97.82876527665016,91493,290,602,7618,
97.8288120014013,91492,291,602,7618,
97.83011982836847,91492,291,601,7619,
97.83628754841601,91491,292,601,7619,
97.8372798258961,91491,292,600,7620,
97.84562901517711,91491,291,601,7620,
97.84799282254599,91491,291,600,7621,
97.85229333037043,91490,292,600,7621,
97.85713180259958,91489,293,600,7621,
97.8741104659671,91489,292,601,7621,
97.87458161385216,91489,292,600,7622,
97.87519475647696,91489,292,599,7623,
97.88102088533923,91488,293,599,7623,
97.88434696863035,91488,292,600,7623,
97.88877652105134,91487,293,600,7623,
97.88934066152213,91486,294,600,7623,
97.89031649974615,91486,293,601,7623,
97.8986650640691,91485,294,601,7623,
97.90027877046185,91485,293,602,7623,
97.90409389401378,91485,292,603,7623,
97.90515072932523,91485,291,604,7623,
97.9185907934476,91484,292,604,7623,
97.9283352833644,91484,292,603,7624,
97.936139972831,91484,291,604,7624,
97.94344368066903,91483,292,604,7624,
97.94372950859419,91482,293,604,7624,
97.95054122357647,91482,292,605,7624,
97.97373769102381,91481,293,605,7624,
97.97455689237721,91481,293,604,7625,
97.97615251661844,91480,294,604,7625,
97.97666235801026,91479,295,604,7625,
97.97785223300133,91478,296,604,7625,
97.98168946152117,91478,296,603,7626,
97.98815299612103,91478,296,602,7627,
97.99052345861813,91478,296,601,7628,
98.00070098093033,91478,296,600,7629,
98.00349946125533,91478,296,599,7630,
98.01151801112431,91478,296,598,7631,
98.01196860981304,91478,296,597,7632,
98.01376812229526,91478,295,598,7632,
98.01472468680245,91478,295,597,7633,
98.02213525547305,91478,294,598,7633,
98.0304265573762,91478,294,597,7634,
98.0356626722673,91478,294,596,7635,
98.04271001624943,91477,295,596,7635,
98.04368520161088,91477,294,597,7635,
98.04461309540352,91477,294,596,7636,
98.05219302632584,91477,294,595,7637,
98.05294644336853,91476,295,595,7637,
98.0599310952571,91476,294,596,7637,
98.06507966703629,91476,293,597,7637,
98.06677350269707,91476,293,596,7638,
98.07441703433508,91476,292,597,7638,
98.0818133616435,91475,293,597,7638,
98.08948733721425,91474,294,597,7638,
98.09068816264856,91474,294,596,7639,
98.0937094718436,91473,295,596,7639,
98.1024828635027,91473,295,595,7640,
98.10992952309351,91472,296,595,7640,
98.12168875722998,91471,297,595,7640,
98.12468465519898,91471,297,594,7641,
98.13644202942893,91471,296,595,7641,
98.14163116017173,91470,297,595,7641,
98.14455210677951,91470,296,596,7641,
98.14797127142455,91470,296,595,7642,
98.15337799832432,91470,296,594,7643,
98.158583350567,91469,297,594,7643,
98.1635434085002,91469,296,595,7643,
98.16905247786197,91469,295,596,7643,
98.17046090150862,91469,294,597,7643,
98.17511198362934,91469,293,598,7643,
98.1764938859995,91469,292,599,7643,
98.1811601422125,91469,292,598,7644,
98.18605140593466,91469,292,597,7645,
98.18956342302303,91469,291,598,7645,
98.19323904435927,91469,291,597,7646,
98.19815681718836,91469,291,596,7647,
98.19986356180053,91469,290,597,7647,
98.20104457897776,91469,289,598,7647,
98.20384816370282,91469,289,597,7648,
98.20677144187655,91468,290,597,7648,
98.21397058191431,91467,291,597,7648,
98.2141654064017,91467,290,598,7648,
98.21483720959979,91467,290,597,7649,
98.21654600923885,91467,290,596,7650,
98.22161628380815,91467,289,597,7650,
98.22666578027864,91467,288,598,7650,
98.2327980819325,91467,287,599,7650,
98.2357103218589,91466,288,599,7650,
98.23644180992943,91466,288,598,7651,
98.24201418192621,91466,288,597,7652,
98.25040833756138,91465,289,597,7652,
98.26410229006902,91464,290,597,7652,
98.26744200059241,91463,291,597,7652,
98.27847862334929,91462,292,597,7652,
98.28755613606873,91462,291,598,7652,
98.2897581568817,91462,291,597,7653,
98.29647545071714,91461,292,597,7653,
98.29651302777094,91460,293,597,7653,
98.30239320375676,91460,293,596,7654,
98.30474010669298,91460,293,595,7655,
98.31018735756314,91460,293,594,7656,
98.31215844282794,91460,293,593,7657,
98.31274245488356,91459,294,593,7657,
98.3165763521386,91459,293,594,7657,
98.31692916822564,91458,294,594,7657,
98.31703833295322,91458,294,593,7658,
98.35876095544762,91458,293,594,7658,
98.37834940437725,91458,293,593,7659,
98.3861103074748,91458,293,592,7660,
98.38973443660468,91458,293,591,7661,
98.40145458510776,91458,293,590,7662,
98.40610332183857,91458,293,589,7663,
98.40939001861105,91457,294,589,7663,
98.41368172469475,91457,294,588,7664,
98.41673795411319,91456,295,588,7664,
98.41685455701621,91455,296,588,7664,
98.42227280809189,91455,295,589,7664,
98.42319978161714,91454,296,589,7664,
98.42367108544548,91454,295,590,7664,
98.4476058284309,91454,294,591,7664,
98.4477959277291,91454,294,590,7665,
98.45910725341062,91454,293,591,7665,
98.4653455167875,91454,293,590,7666,
98.46773946110771,91454,293,589,7667,
98.47011869789873,91454,292,590,7667,
98.47131652865622,91453,293,590,7667,
98.47441419731501,91452,294,590,7667,
98.47850595643956,91451,295,590,7667,
98.48226020616045,91451,294,591,7667,
98.48438830820585,91451,293,592,7667,
98.48989397770451,91451,293,591,7668,
98.49276487333316,91451,292,592,7668,
98.49786084948474,91451,292,591,7669,
98.4997642133334,91451,292,590,7670,
98.50088146416371,91451,292,589,7671,
98.50136322744923,91450,293,589,7671,
98.50508922661406,91450,293,588,7672,
98.5122935370924,91449,294,588,7672,
98.51581545599876,91448,295,588,7672,
98.51811794664638,91448,295,587,7673,
98.52641425620988,91448,295,586,7674,
98.5290101447444,91447,296,586,7674,
98.54958455577878,91447,295,587,7674,
98.55705961909862,91447,295,586,7675,
98.5607282041888,91447,295,585,7676,
98.57880262557147,91446,296,585,7676,
98.59080385356758,91446,295,586,7676,
98.59132441590947,91445,296,586,7676,
98.59438792857854,91445,295,587,7676,
98.60088049751297,91444,296,587,7676,
98.60869156499379,91443,297,587,7676,
98.62973298038312,91443,296,588,7676,
98.62979346119731,91443,295,589,7676,
98.63126315089532,91443,295,588,7677,
98.64187866580315,91443,294,589,7677,
98.65150915290809,91443,294,588,7678,
98.65528234073491,91443,294,587,7679,
98.66450279182439,91443,293,588,7679,
98.66603000618105,91443,292,589,7679,
98.6699826043899,91443,292,588,7680,
98.67273287488244,91443,292,587,7681,
98.67825416140911,91443,292,586,7682,
98.68701092374619,91443,291,587,7682,
98.68733479691232,91442,292,587,7682,
98.69017300051522,91442,292,586,7683,
98.6940855930757,91442,292,585,7684,
98.7060119891245,91442,291,586,7684,
98.70993140058124,91442,291,585,7685,
98.7128761587243,91442,290,586,7685,
98.72191459644935,91442,289,587,7685,
98.74362335732788,91442,289,586,7686,
98.74434560939213,91441,290,586,7686,
98.75116659186449,91441,289,587,7686,
98.75287840962213,91440,290,587,7686,
98.75728154296155,91440,289,588,7686,
98.76425773391196,91439,290,588,7686,
98.76667052841223,91439,290,587,7687,
98.77236603978324,91439,289,588,7687,
98.77921456523296,91439,289,587,7688,
98.78468585953266,91438,290,587,7688,
98.80010004804646,91438,289,588,7688,
98.80235701687161,91438,288,589,7688,
98.82593731485014,91438,288,588,7689,
98.82989102853,91438,288,587,7690,
98.83383181814835,91438,288,586,7691,
98.83729558693292,91438,287,587,7691,
98.83982400286831,91438,286,588,7691,
98.84606259000921,91438,286,587,7692,
98.853065812609,91437,287,587,7692,
98.85900973844647,91437,286,588,7692,
98.85995128331876,91437,286,587,7693,
98.86676176784619,91437,286,586,7694,
98.86762606270784,91437,285,587,7694,
98.87313613500734,91437,284,588,7694,
98.8788569219154,91437,284,587,7695,
98.88309039868119,91437,283,588,7695,
98.89238711722926,91437,282,589,7695,
98.89881953837465,91437,281,590,7695,
98.91018665792193,91437,281,589,7696,
98.93159756434142,91437,281,588,7697,
98.93284609183557,91437,280,589,7697,
98.95259358708475,91437,279,590,7697,
98.9651755825914,91437,279,589,7698,
98.96995561312227,91437,278,590,7698,
98.98812447408949,91437,277,591,7698,
98.98876331851685,91436,278,591,7698,
98.99072779040804,91436,277,592,7698,
98.99215249515805,91435,278,592,7698,
98.99319840144787,91434,279,592,7698,
98.99544436421915,91434,278,593,7698,
98.99705254769752,91434,278,592,7699,
99.00141364500212,91434,278,591,7700,
99.0109486249631,91433,279,591,7700,
99.01239451321516,91433,279,590,7701,
99.01898475072112,91433,279,589,7702,
99.02752734391672,91433,279,588,7703,
99.03817471575212,91433,279,587,7704,
99.05899818423535,91433,279,586,7705,
99.08309880899546,91433,278,587,7705,
99.09261414967256,91432,279,587,7705,
99.09293936962851,91432,278,588,7705,
99.10380322131877,91432,278,587,7706,
99.10475725298409,91431,279,587,7706,
99.1072484034018,91431,279,586,7707,
99.10803055254482,91431,279,585,7708,
99.11346166261376,91431,279,584,7709,
99.12022649497891,91430,280,584,7709,
99.12435017911787,91430,279,585,7709,
99.13263861356438,91430,278,586,7709,
99.14194346158634,91430,277,587,7709,
99.15368161792793,91430,277,586,7710,
99.15790308965833,91430,277,585,7711,
99.16484563082233,91430,277,584,7712,
99.17454434594805,91430,277,583,7713,
99.18170030934277,91430,276,584,7713,
99.18808310445759,91430,276,583,7714,
99.20537840248309,91429,277,583,7714,
99.21247357384013,91428,278,583,7714,
99.21748332896306,91428,277,584,7714,
99.22215670948775,91428,276,585,7714,
99.22377536886742,91428,275,586,7714,
99.22625642849525,91428,275,585,7715,
99.2301209368328,91428,275,584,7716,
99.23046982647341,91428,274,585,7716,
99.23509719863881,91428,274,584,7717,
99.23895114860304,91428,273,585,7717,
99.25075782749357,91428,273,584,7718,
99.25773218138713,91428,273,583,7719,
99.26452392495278,91428,272,584,7719,
99.26465489422716,91428,271,585,7719,
99.270435732804,91428,271,584,7720,
99.27047464624047,91428,271,583,7721,
99.27679359146805,91428,271,582,7722,
99.28722146473447,91428,271,581,7723,
99.29500210737052,91428,270,582,7723,
99.296141047698,91428,270,581,7724,
99.30431202127751,91428,269,582,7724,
99.31512319930445,91428,269,581,7725,
99.32131781881448,91428,268,582,7725,
99.32560561606208,91428,267,583,7725,
99.3340854531053,91428,267,582,7726,
99.33588802730608,91428,267,581,7727,
99.33963952137182,91428,267,580,7728,
99.3426971049531,91428,266,581,7728,
99.3434755138386,91428,265,582,7728,
99.34793948725523,91428,264,583,7728,
99.35063695970966,91428,264,582,7729,
99.36530767848167,91428,263,583,7729,
99.36626441928112,91428,263,582,7730,
99.37220474724698,91427,264,582,7730,
99.37713176798071,91427,263,583,7730,
99.3782832277879,91426,264,583,7730,
99.37858946580334,91425,265,583,7730,
99.38100375997813,91424,266,583,7730,
99.38536538965914,91423,267,583,7730,
99.39372205265042,91423,266,584,7730,
99.39662455181849,91423,266,583,7731,
99.40078187763281,91423,266,582,7732,
99.40363336667232,91423,265,583,7732,
99.41326286936993,91423,264,584,7732,
99.41613847690039,91423,264,583,7733,
99.4273675886713,91422,265,583,7733,
99.42836516542407,91422,265,582,7734,
99.43199012777157,91422,265,581,7735,
99.43600222335004,91422,264,582,7735,
99.44568262068148,91422,263,583,7735,
99.44746379051605,91421,264,583,7735,
99.45370434317037,91421,263,584,7735,
99.45707837260017,91421,263,583,7736,
99.45709589027638,91421,263,582,7737,
99.47043655809523,91421,263,581,7738,
99.48058638098544,91420,264,581,7738,
99.49360726710202,91419,265,581,7738,
99.50231942862123,91419,264,582,7738,
99.50916855109077,91419,263,583,7738,
99.5144938672274,91418,264,583,7738,
99.51646030351955,91418,263,584,7738,
99.51693940790571,91418,263,583,7739,
99.52131092303782,91418,263,582,7740,
99.5215758897703,91418,263,581,7741,
99.52270310380698,91418,263,580,7742,
99.52994523394264,91417,264,580,7742,
99.5338456693672,91417,264,579,7743,
99.53818219349404,91416,265,579,7743,
99.5401447601831,91416,265,578,7744,
99.54058847338497,91416,264,579,7744,
99.55142693171075,91416,263,580,7744,
99.55833970071367,91416,263,579,7745,
99.565606022547,91415,264,579,7745,
99.57797439461388,91414,265,579,7745,
99.57886427896973,91413,266,579,7745,
99.58680685937674,91413,266,578,7746,
99.58716121383985,91413,266,577,7747,
99.59035809277067,91413,265,578,7747,
99.61270592913195,91413,264,579,7747,
99.61287410787651,91413,264,578,7748,
99.63205009316977,91413,264,577,7749,
99.64364350289877,91413,264,576,7750,
99.65060281225595,91413,264,575,7751,
99.65576655659959,91412,265,575,7751,
99.65829966750894,91412,265,574,7752,
99.66278605543371,91411,266,574,7752,
99.66652016275505,91411,266,573,7753,
99.66915671874915,91411,265,574,7753,
99.67475052493057,91410,266,574,7753,
99.67835835168128,91410,265,575,7753,
99.68220148929994,91410,265,574,7754,
99.68350376774328,91410,264,575,7754,
99.69323412845944,91410,264,574,7755,
99.70038611393161,91410,263,575,7755,
99.70122799465204,91409,264,575,7755,
99.70393445541856,91409,263,576,7755,
99.70822658953034,91409,262,577,7755,
99.71974472796359,91409,262,576,7756,
99.72689903322541,91409,262,575,7757,
99.74370820507434,91408,263,575,7757,
99.74659773050098,91407,264,575,7757,
99.7552541425758,91407,264,574,7758,
99.75676761710685,91407,264,573,7759,
99.77033706445803,91407,263,574,7759,
99.77546770509267,91407,263,573,7760,
99.78878981874186,91407,262,574,7760,
99.79194823800631,91407,261,575,7760,
99.79555686097599,91407,260,576,7760,
99.79959637769849,91407,259,577,7760,
99.80203352195558,91407,258,578,7760,
99.8057890959796,91406,259,578,7760,
99.8108447496631,91406,258,579,7760,
99.8202846912856,91405,259,579,7760,
99.82233886807504,91404,260,579,7760,
99.82521972455632,91404,260,578,7761,
99.82659715703164,91404,260,577,7762,
99.82756710809285,91404,260,576,7763,
99.83035002216275,91404,259,577,7763,
99.84679761361922,91404,258,578,7763,
99.84966394631411,91404,258,577,7764,
99.85594681499785,91404,257,578,7764,
99.85653883439444,91404,257,577,7765,
99.86140082429611,91404,257,576,7766,
99.86251094176487,91404,256,577,7766,
99.86617369409224,91404,255,578,7766,
99.87071589439097,91403,256,578,7766,
99.87203466124036,91402,257,578,7766,
99.87664206440786,91402,257,577,7767,
99.87859958469588,91401,258,577,7767,
99.88396532136238,91401,258,576,7768,
99.88703376627932,91400,259,576,7768,
99.88897423496365,91400,259,575,7769,
99.89062404491375,91400,259,574,7770,
99.89110866544624,91400,259,573,7771,
99.8916258460155,91400,258,574,7771,
99.89565529031361,91400,257,575,7771,
99.89880922396313,91400,257,574,7772,
99.90950612571619,91400,257,573,7773,
99.91035294071858,91399,258,573,7773,
99.91098355343532,91399,258,572,7774,
99.91158136998983,91398,259,572,7774,
99.91185335329104,91398,259,571,7775,
99.91310720198454,91398,258,572,7775,
99.91339298216374,91397,259,572,7775,
99.91465591641887,91396,260,572,7775,
99.91652335487632,91395,261,572,7775,
99.92054667931438,91395,261,571,7776,
99.92707752926631,91395,261,570,7777,
99.93861372898854,91395,260,571,7777,
99.94112559243496,91394,261,571,7777,
99.94367902151518,91394,260,572,7777,
99.95272275489225,91394,259,573,7777,
99.95735273791482,91393,260,573,7777,
99.95977815440834,91393,260,572,7778,
99.96168945291528,91393,260,571,7779,
99.96504675739791,91393,259,572,7779,
99.96703464259615,91393,258,573,7779,
99.96831314832109,91393,258,572,7780,
99.9724466577704,91392,259,572,7780,
99.97423645138949,91392,259,571,7781,
99.98679645798205,91392,259,570,7782,
99.9894305139895,91392,259,569,7783,
100.00262307910926,91391,260,569,7783,
100.00735469013206,91391,260,568,7784,
100.0262571668394,91391,260,567,7785,
100.0337400191303,91391,259,568,7785,
100.03747501885948,91391,258,569,7785,
100.03858144793253,91391,258,568,7786,
100.0457254551701,91391,258,567,7787,
100.04755006144124,91390,259,567,7787,
100.04881965879741,91390,259,566,7788,
100.04966910231792,91390,259,565,7789,
100.04999705923714,91390,258,566,7789,
100.05147823589373,91390,258,565,7790,
100.05417492536262,91390,258,564,7791,
100.06109307448637,91390,258,563,7792,
100.06707746775764,91390,258,562,7793,
100.06745904423161,91389,259,562,7793,
100.06806095752837,91389,259,561,7794,
100.07133863207287,91388,260,561,7794,
100.07195957982285,91388,260,560,7795,
100.07622804137733,91388,259,561,7795,
100.07764429911694,91388,259,560,7796,
100.08301230684474,91387,260,560,7796,
100.090568898096,91387,259,561,7796,
100.09213514825193,91387,259,560,7797,
100.11198705413146,91387,259,559,7798,
100.11375286766659,91387,259,558,7799,
100.11379884537693,91387,258,559,7799,
100.11534296074623,91387,257,560,7799,
100.11651653879211,91387,256,561,7799,
100.11866028304604,91387,256,560,7800,
100.12860845560118,91387,255,561,7800,
100.13260019513618,91387,254,562,7800,
100.14156985227305,91387,253,563,7800,
100.14272405584728,91386,254,563,7800,
100.1442788627215,91385,255,563,7800,
100.15031263314896,91384,256,563,7800,
100.16761994555881,91384,255,564,7800,
100.17484629010133,91384,254,565,7800,
100.17637516927263,91384,254,564,7801,
100.18661012887118,91383,255,564,7801,
100.18803287643524,91382,256,564,7801,
100.1931800116052,91382,256,563,7802,
100.19350978664875,91382,256,562,7803,
100.20228971802871,91382,255,563,7803,
100.20912525684855,91382,255,562,7804,
100.214179686112,91382,255,561,7805,
100.21934385648262,91382,254,562,7805,
100.24285415347606,91381,255,562,7805,
100.24770873769033,91380,256,562,7805,
100.26100381800771,91380,255,563,7805,
100.26730487461805,91380,255,562,7806,
100.26900643215443,91379,256,562,7806,
100.2815298754606,91379,255,563,7806,
100.28340540538787,91379,255,562,7807,
100.28369459538204,91379,255,561,7808,
100.28798683476455,91379,255,560,7809,
100.2905356808727,91378,256,560,7809,
100.29739417510493,91377,257,560,7809,
100.30087103348231,91376,258,560,7809,
100.31696514129982,91376,258,559,7810,
100.32586796003852,91376,258,558,7811,
100.33222692665709,91376,258,557,7812,
100.34238714754176,91376,257,558,7812,
100.34401675825303,91375,258,558,7812,
100.36585405361895,91375,258,557,7813,
100.36674596888469,91375,258,556,7814,
100.36678882786558,91375,258,555,7815,
100.37704076241522,91375,258,554,7816,
100.38973530382847,91375,258,553,7817,
100.39991725913475,91375,258,552,7818,
100.40594014754865,91375,257,553,7818,
100.42203393175174,91374,258,553,7818,
100.44408848270247,91373,259,553,7818,
100.44565230304688,91372,260,553,7818,
100.46150592960558,91371,261,553,7818,
100.47293464287782,91371,261,552,7819,
100.48121282601403,91370,262,552,7819,
100.4834734943343,91369,263,552,7819,
100.48972585151196,91369,263,551,7820,
100.49331430028079,91369,263,550,7821,
100.49695562707463,91369,262,551,7821,
100.50023638550573,91369,262,550,7822,
100.52284781583279,91368,263,550,7822,
100.54102048094546,91367,264,550,7822,
100.54665808646695,91366,265,550,7822,
100.55735171954356,91366,264,551,7822,
100.55943111973419,91365,265,551,7822,
100.5634498793025,91365,264,552,7822,
100.56602924142692,91365,263,553,7822,
100.5671783227779,91365,263,552,7823,
100.57362770160591,91364,264,552,7823,
100.58559709463646,91363,265,552,7823,
100.59273654900747,91363,265,551,7824,
100.60190141140856,91363,265,550,7825,
100.60253845749381,91363,264,551,7825,
100.60847798503048,91362,265,551,7825,
100.61168887175097,91361,266,551,7825,
100.61371458849327,91361,265,552,7825,
100.61518970142005,91360,266,552,7825,
100.6187273566454,91360,266,551,7826,
100.62632268262703,91360,265,552,7826,
100.62914955343535,91360,265,551,7827,
100.6410035459876,91359,266,551,7827,
100.64575299551822,91359,265,552,7827,
100.64738710409364,91359,265,551,7828,
100.64959712410692,91359,265,550,7829,
100.65148471019107,91358,266,550,7829,
100.65792387383718,91358,265,551,7829,
100.65896972810188,91358,265,550,7830,
100.66120927278524,91358,265,549,7831,
100.66219882605694,91358,264,550,7831,
100.67204961192718,91358,263,551,7831,
100.67426432278447,91358,263,550,7832,
100.68693635396934,91358,263,549,7833,
100.69441734052526,91357,264,549,7833,
100.69475990130407,91357,264,548,7834,
100.70035111753617,91357,264,547,7835,
100.70085311661931,91356,265,547,7835,
100.70421764489036,91355,266,547,7835,
100.7060513288153,91355,266,546,7836,
100.71479633304781,91355,266,545,7837,
100.71676290096781,91355,265,546,7837,
100.72360369654217,91355,265,545,7838,
100.72649330603058,91355,265,544,7839,
100.73427494765335,91354,266,544,7839,
100.76478312571979,91354,265,545,7839,
100.77469205983729,91353,266,545,7839,
100.7753557756557,91353,265,546,7839,
100.77997422551138,91353,264,547,7839,
100.78030574781656,91353,264,546,7840,
100.78040475315653,91352,265,546,7840,
100.78045795802086,91352,264,547,7840,
100.78240690975369,91352,263,548,7840,
100.7858912217104,91352,263,547,7841,
100.78883486911818,91351,264,547,7841,
100.79330151413689,91351,264,546,7842,
100.79613942826644,91350,265,546,7842,
100.81033942085355,91349,266,546,7842,
100.81338682273483,91348,267,546,7842,
100.81360338052868,91347,268,546,7842,
100.82202727361997,91347,268,545,7843,
100.82286097031405,91347,268,544,7844,
100.82334038799499,91347,267,545,7844,
100.82417496542685,91347,267,544,7845,
100.82418685861828,91347,266,545,7845,
100.82730608010607,91347,266,544,7846,
100.8311772451847,91347,266,543,7847,
100.8319163231993,91347,266,542,7848,
100.83402380705786,91346,267,542,7848,
100.84138805566823,91346,267,541,7849,
100.8430148909273,91346,267,540,7850,
100.84845232628128,91346,267,539,7851,
100.85143993474297,91345,268,539,7851,
100.86500476802658,91345,268,538,7852,
100.9007196535525,91345,268,537,7853,
100.91699020862254,91345,268,536,7854,
100.92306496110504,91344,269,536,7854,
100.92537706612495,91344,268,537,7854,
100.93076603408181,91344,268,536,7855,
100.93093707494833,91344,268,535,7856,
100.95755802485309,91343,269,535,7856,
100.96683728909991,91342,270,535,7856,
100.96947258644649,91342,270,534,7857,
100.9719075093887,91342,270,533,7858,
100.98965288120627,91342,270,532,7859,
100.98994932422349,91342,270,531,7860,
100.99052441304681,91341,271,531,7860,
100.99292613061662,91341,270,532,7860,
100.99416118408467,91340,271,532,7860,
101.00056115281707,91340,270,533,7860,
101.00374578346631,91340,269,534,7860,
101.00837999300876,91339,270,534,7860,
101.01112887849298,91338,271,534,7860,
101.02809263031756,91337,272,534,7860,
101.0336261156059,91337,271,535,7860,
101.0338980264257,91337,270,536,7860,
101.05434767889412,91337,270,535,7861,
101.06044261439794,91336,271,535,7861,
101.06329464919185,91336,271,534,7862,
101.06386794852037,91336,270,535,7862,
101.06918859201843,91336,270,534,7863,
101.07004580434489,91335,271,534,7863,
101.07425826953734,91335,270,535,7863,
101.08110191781678,91334,271,535,7863,
101.08653044524439,91333,272,535,7863,
101.09106586565676,91333,272,534,7864,
101.09979347687329,91333,271,535,7864,
101.09980196338054,91333,271,534,7865,
101.1110308271899,91333,270,535,7865,
101.11348447619741,91332,271,535,7865,
101.13305121409275,91331,272,535,7865,
101.13538898773382,91331,271,536,7865,
101.1394992695076,91331,270,537,7865,
101.14084902096917,91331,269,538,7865,
101.1444651404588,91331,269,537,7866,
101.14928185995021,91330,270,537,7866,
101.15490890521089,91330,270,536,7867,
101.15778149110793,91330,269,537,7867,
101.16688639078347,91330,268,538,7867,
101.17007395642406,91330,267,539,7867,
101.18063791979128,91330,266,540,7867,
101.18574103661462,91330,266,539,7868,
101.18575428296741,91330,265,540,7868,
101.19181130659473,91330,265,539,7869,
101.2026567436544,91330,264,540,7869,
101.23194034876084,91330,264,539,7870,
101.23436581445033,91330,264,538,7871,
101.23525787413004,91329,265,538,7871,
101.23851079948318,91329,265,537,7872,
101.24142231917877,91329,264,538,7872,
101.24906738175875,91329,264,537,7873,
101.25077763745931,91329,264,536,7874,
101.25249581743287,91329,263,537,7874,
101.27172532189158,91329,263,536,7875,
101.27884104088704,91329,263,535,7876,
101.28001810889594,91328,264,535,7876,
101.28007986366498,91327,265,535,7876,
101.2827204768935,91327,264,536,7876,
101.28320818582108,91327,264,535,7877,
101.29092983626961,91326,265,535,7877,
101.29524041883519,91326,265,534,7878,
101.30026810983676,91326,265,533,7879,
101.31044716008495,91325,266,533,7879,
101.31199554892086,91325,266,532,7880,
101.32015374199027,91325,265,533,7880,
101.32071098779139,91325,265,532,7881,
101.33239986531937,91324,266,532,7881,
101.33528693821094,91324,265,533,7881,
101.3356819111407,91324,265,532,7882,
101.33982301777198,91323,266,532,7882,
101.34541438905566,91323,265,533,7882,
101.35451554145367,91323,265,532,7883,
101.35727134256138,91323,264,533,7883,
101.36426123927225,91323,264,532,7884,
101.3647064958871,91323,264,531,7885,
101.3654501694441,91323,264,530,7886,
101.37088470535542,91323,264,529,7887,
101.38615769139292,91323,263,530,7887,
101.39121666440128,91322,264,530,7887,
101.39397926643642,91322,263,531,7887,
101.39416281661373,91322,263,530,7888,
101.39700577523212,91321,264,530,7888,
101.39757688899624,91321,264,529,7889,
101.39817611558269,91321,264,528,7890,
101.39836844105392,91321,264,527,7891,
101.40062728153674,91321,263,528,7891,
101.40332217623948,91321,263,527,7892,
101.41111028263805,91321,263,526,7893,
101.41421424302646,91321,263,525,7894,
101.42713435165433,91321,263,524,7895,
101.43404561539643,91321,263,523,7896,
101.43719268484537,91321,263,522,7897,
101.44214444054265,91320,264,522,7897,
101.44799677932113,91320,263,523,7897,
101.44832128776501,91319,264,523,7897,
101.45103167337976,91319,264,522,7898,
101.4529608075305,91319,263,523,7898,
101.45340084999137,91319,262,524,7898,
101.4566573349729,91319,262,523,7899,
101.4629202138298,91319,262,522,7900,
101.46328174794056,91318,263,522,7900,
101.46748269914531,91318,262,523,7900,
101.46995745322502,91318,262,522,7901,
101.48051863379354,91318,261,523,7901,
101.48231971617031,91318,260,524,7901,
101.48600992191712,91318,260,523,7902,
101.48879355388745,91318,260,522,7903,
101.4961945105266,91317,261,522,7903,
101.49987244100001,91317,261,521,7904,
101.51147487601386,91317,261,520,7905,
101.53138423944455,91317,260,521,7905,
101.53343254953859,91316,261,521,7905,
101.54134284613112,91316,261,520,7906,
101.55217979432939,91316,261,519,7907,
101.55234705552762,91316,260,520,7907,
101.55427867605651,91316,260,519,7908,
101.56306589986242,91316,259,520,7908,
101.5667260799828,91316,258,521,7908,
101.57504593454495,91316,257,522,7908,
101.58334174469047,91316,256,523,7908,
101.5888560891205,91315,257,523,7908,
101.59106600006047,91315,256,524,7908,
101.60034212185073,91315,256,523,7909,
101.60238859943327,91315,256,522,7910,
101.60480321122975,91315,255,523,7910,
101.60711970926681,91315,255,522,7911,
101.61453520070057,91315,255,521,7912,
101.61627346847726,91315,254,522,7912,
101.6190240591333,91315,254,521,7913,
101.6229736491754,91315,253,522,7913,
101.62810733503096,91315,252,523,7913,
101.6352238484076,91315,252,522,7914,
101.63529048338903,91315,251,523,7914,
101.63558978720698,91315,251,522,7915,
101.64061681053869,91315,251,521,7916,
101.64531096613803,91314,252,521,7916,
101.64552348995687,91314,252,520,7917,
101.6477487785737,91314,252,519,7918,
101.64821201328775,91314,251,520,7918,
101.6566853864749,91314,251,519,7919,
101.66135556771269,91314,250,520,7919,
101.6707023601012,91314,249,521,7919,
101.67111362142208,91314,248,522,7919,
101.67131549055236,91314,248,521,7920,
101.6858040292571,91313,249,521,7920,
101.70119470396543,91313,248,522,7920,
101.7226862963193,91313,247,523,7920,
101.73377336585477,91313,246,524,7920,
101.74940502697409,91313,245,525,7920,
101.75451543989175,91313,244,526,7920,
101.76326597697653,91313,244,525,7921,
101.76600342750588,91313,244,524,7922,
101.77017154911155,91313,244,523,7923,
101.77518279529214,91312,245,523,7923,
101.78147416925432,91312,244,524,7923,
101.78319837437002,91312,244,523,7924,
101.78461361576515,91312,244,522,7925,
101.7875462797187,91311,245,522,7925,
101.79381258847786,91311,245,521,7926,
101.8112529227092,91310,246,521,7926,
101.8209947330014,91310,245,522,7926,
101.8211717452727,91309,246,522,7926,
101.8229807857565,91309,246,521,7927,
101.83293701849179,91309,246,520,7928,
101.83379561703646,91309,245,521,7928,
101.84688207104679,91309,245,520,7929,
101.84903480499979,91308,246,520,7929,
101.85766580332017,91307,247,520,7929,
101.8638204632498,91307,247,519,7930,
101.87384662201924,91307,246,520,7930,
101.88156290408979,91307,246,519,7931,
101.89084725442342,91307,246,518,7932,
101.89971249270275,91307,246,517,7933,
101.9023289087111,91307,246,516,7934,
101.90437623066703,91306,247,516,7934,
101.90882643997861,91306,247,515,7935,
101.91183987698,91305,248,515,7935,
101.91472702855071,91305,248,514,7936,
101.91985080647603,91305,248,513,7937,
101.92260931117949,91304,249,513,7937,
101.92893057024531,91303,250,513,7937,
101.93360561786841,91303,250,512,7938,
101.93626022290222,91302,251,512,7938,
101.93790801772175,91302,250,513,7938,
101.93811809199671,91302,249,514,7938,
101.93930359501506,91302,248,515,7938,
101.94278971242667,91302,248,514,7939,
101.94775676862929,91302,248,513,7940,
101.96068529566179,91302,248,512,7941,
101.98036142570771,91302,248,511,7942,
101.98133503667371,91301,249,511,7942,
101.98593858624199,91301,249,510,7943,
101.9864428541287,91301,249,509,7944,
101.98828109453001,91301,248,510,7944,
102.00519503773347,91301,248,509,7945,
102.01421525242678,91301,247,510,7945,
102.02636471611872,91301,246,511,7945,
102.02723640721712,91300,247,511,7945,
102.03487222947425,91299,248,511,7945,
102.04140680255682,91299,247,512,7945,
102.05085516841086,91299,247,511,7946,
102.05787125274344,91298,248,511,7946,
102.06561434548622,91298,247,512,7946,
102.07476018955526,91297,248,512,7946,
102.0807704074904,91297,248,511,7947,
102.09391061056489,91297,248,510,7948,
102.09928495380012,91297,248,509,7949,
102.10294504640343,91297,248,508,7950,
102.10349049098818,91296,249,508,7950,
102.10596536994132,91296,249,507,7951,
102.10793914095288,91295,250,507,7951,
102.11014713235588,91294,251,507,7951,
102.11238799363308,91294,251,506,7952,
102.13024378978437,91294,251,505,7953,
102.13138349746399,91294,250,506,7953,
102.13179936738226,91293,251,506,7953,
102.13244483675075,91292,252,506,7953,
102.13426206212287,91292,252,505,7954,
102.14168945938574,91291,253,505,7954,
102.14665990060536,91290,254,505,7954,
102.14988560390609,91289,255,505,7954,
102.15046389183311,91289,255,504,7955,
102.15922039794256,91289,254,505,7955,
102.1744129998734,91289,254,504,7956,
102.1809537797379,91288,255,504,7956,
102.1817062157157,91287,256,504,7956,
102.18222911930138,91287,255,505,7956,
102.18426382977746,91287,254,506,7956,
102.18798993473585,91287,254,505,7957,
102.19458617474936,91287,254,504,7958,
102.2025593855542,91287,253,505,7958,
102.20803831744021,91286,254,505,7958,
102.21809099962891,91286,253,506,7958,
102.22087780506664,91286,253,505,7959,
102.22406734006962,91286,252,506,7959,
102.24408665967078,91286,252,505,7960,
102.24436302359821,91286,252,504,7961,
102.2463427807279,91286,252,503,7962,
102.26032423320248,91285,253,503,7962,
102.2606507356723,91285,252,504,7962,
102.26128965697191,91285,251,505,7962,
102.26690834476601,91284,252,505,7962,
102.27096339304157,91284,251,506,7962,
102.27487965435901,91284,250,507,7962,
102.27560692762967,91284,250,506,7963,
102.28103170931018,91284,250,505,7964,
102.28250881038086,91284,249,506,7964,
102.29162497936687,91284,249,505,7965,
102.29855307127879,91283,250,505,7965,
102.30358038318712,91283,250,504,7966,
102.31205503990549,91283,250,503,7967,
102.31849845997692,91283,249,504,7967,
102.32116314762098,91283,249,503,7968,
102.32223375186427,91282,250,503,7968,
102.32766142580735,91281,251,503,7968,
102.3426670527843,91281,250,504,7968,
102.35802431350092,91280,251,504,7968,
102.35931314432949,91280,250,505,7968,
102.37927317628805,91280,250,504,7969,
102.3801781343764,91280,250,503,7970,
102.3954907275158,91280,249,504,7970,
102.39952248430824,91279,250,504,7970,
102.40191460718523,91279,249,505,7970,
102.41485221999315,91279,249,504,7971,
102.41881489420302,91278,250,504,7971,
102.42183383685958,91278,250,503,7972,
102.42593605416053,91278,249,504,7972,
102.43338166189656,91278,249,503,7973,
102.43745366673632,91277,250,503,7973,
102.43840947267172,91277,250,502,7974,
102.44293446298488,91277,249,503,7974,
102.46519462073442,91277,249,502,7975,
102.47680335957101,91277,248,503,7975,
102.49672990222751,91277,248,502,7976,
102.49699922410886,91277,247,503,7976,
102.50031953491636,91276,248,503,7976,
102.50528164848474,91275,249,503,7976,
102.50942281043724,91275,248,504,7976,
102.50951327079255,91275,248,503,7977,
102.5115693247515,91275,247,504,7977,
102.51510392809658,91275,246,505,7977,
102.51529704159455,91274,247,505,7977,
102.51757257846685,91274,247,504,7978,
102.51821197600334,91274,246,505,7978,
102.52160432643164,91274,245,506,7978,
102.52486094079049,91273,246,506,7978,
102.52524549256151,91273,245,507,7978,
102.53353115443575,91273,244,508,7978,
102.56805789560475,91273,244,507,7979,
102.56947934458012,91272,245,507,7979,
102.57328926553593,91272,245,506,7980,
102.57410799470684,91272,245,505,7981,
102.58500931056558,91272,244,506,7981,
102.58805258338526,91271,245,506,7981,
102.59204031154044,91271,245,505,7982,
102.61112599976386,91270,246,505,7982,
102.615402681477,91270,245,506,7982,
102.63066290872473,91269,246,506,7982,
102.6317040278357,91269,246,505,7983,
102.63266195663847,91269,246,504,7984,
102.64741819914738,91269,246,503,7985,
102.65917509230545,91269,246,502,7986,
102.66304345693177,91269,245,503,7986,
102.66637101902433,91268,246,503,7986,
102.67264005811609,91268,246,502,7987,
102.67737267756232,91267,247,502,7987,
102.67939084480471,91267,247,501,7988,
102.6793993087106,91266,248,501,7988,
102.68019778361798,91266,248,500,7989,
102.6830468428917,91266,247,501,7989,
102.68972897325557,91266,247,500,7990,
102.69522177850138,91266,247,499,7991,
102.69596675292932,91266,247,498,7992,
102.69989745103207,91266,246,499,7992,
102.71010927298877,91265,247,499,7992,
102.71949057154193,91265,247,498,7993,
102.72403963154827,91265,246,499,7993,
102.72692892331568,91265,245,500,7993,
102.73162557984924,91265,244,501,7993,
102.73335759105262,91265,243,502,7993,
102.73801553427482,91265,242,503,7993,
102.74030329746911,91265,242,502,7994,
102.74443910464478,91265,242,501,7995,
102.74595858490254,91264,243,501,7995,
102.74779090885622,91263,244,501,7995,
102.7537243293107,91263,244,500,7996,
102.75603479305603,91263,244,499,7997,
102.7572059692701,91263,244,498,7998,
102.75930505367933,91262,245,498,7998,
102.77264019688374,91262,244,499,7998,
102.77679140024591,91261,245,499,7998,
102.78089060889714,91261,245,498,7999,
102.78508222540489,91260,246,498,7999,
102.80756560541994,91260,245,499,7999,
102.81111721133817,91260,245,498,8000,
102.81236606498605,91260,244,499,8000,
102.81366189885576,91260,244,498,8001,
102.81378573931141,91260,244,497,8002,
102.81457622052203,91260,243,498,8002,
102.8448987410683,91260,242,499,8002,
102.84539364742213,91260,242,498,8003,
102.84885813900524,91260,242,497,8004,
102.87502548721156,91260,242,496,8005,
102.87759847332173,91259,243,496,8005,
102.8781065069424,91258,244,496,8005,
102.885070666237,91258,243,497,8005,
102.88574255420356,91258,243,496,8006,
102.88590106422578,91258,242,497,8006,
102.88959964773191,91257,243,497,8006,
102.89081454390711,91257,242,498,8006,
102.90580746025798,91257,241,499,8006,
102.90779418432365,91257,241,498,8007,
102.91387846030827,91257,240,499,8007,
102.91631266934357,91257,239,500,8007,
102.92251340497612,91257,239,499,8008,
102.94589782554266,91257,238,500,8008,
102.9516417722821,91257,237,501,8008,
102.97226766423461,91256,238,501,8008,
102.97509514549495,91255,239,501,8008,
102.9755408759498,91255,238,502,8008,
102.97715092130954,91255,237,503,8008,
102.98808943776731,91254,238,503,8008,
102.98862987283704,91254,237,504,8008,
103.00087758237365,91253,238,504,8008,
103.02424744585129,91253,238,503,8009,
103.04231875271391,91253,238,502,8010,
103.05602329387463,91252,239,502,8010,
103.05944623113265,91251,240,502,8010,
103.06641654194097,91251,240,501,8011,
103.08561216682844,91251,240,500,8012,
103.0927085247966,91251,240,499,8013,
103.10000832631465,91251,239,500,8013,
103.10418240660798,91251,239,499,8014,
103.11224931513078,91251,239,498,8015,
103.12491343208501,91251,239,497,8016,
103.1293337826656,91251,238,498,8016,
103.12989719224822,91250,239,498,8016,
103.13417249494883,91249,240,498,8016,
103.14683313096492,91249,239,499,8016,
103.15061051493007,91249,239,498,8017,
103.1512183640847,91249,239,497,8018,
103.15305122462424,91248,240,497,8018,
103.15633395506569,91248,240,496,8019,
103.16117046133158,91248,240,495,8020,
103.17368111317273,91248,239,496,8020,
103.1773483950135,91248,238,497,8020,
103.18250561317357,91247,239,497,8020,
103.18315764978811,91247,238,498,8020,
103.19080239757642,91247,238,497,8021,
103.1980067872912,91247,238,496,8022,
103.21700443023073,91247,238,495,8023,
103.21930288192006,91247,238,494,8024,
103.22089163189852,91247,237,495,8024,
103.22135307807443,91246,238,495,8024,
103.24112566740644,91246,238,494,8025,
103.24610340689536,91246,238,493,8026,
103.27000416624759,91246,238,492,8027,
103.27655267554333,91246,237,493,8027,
103.27733400320764,91246,237,492,8028,
103.28921892060669,91246,237,491,8029,
103.31151394746905,91245,238,491,8029,
103.32130646096039,91245,238,490,8030,
103.32636199885246,91245,238,489,8031,
103.32826711796218,91245,238,488,8032,
103.32942563596119,91244,239,488,8032,
103.3359344729632,91244,239,487,8033,
103.33759120313394,91243,240,487,8033,
103.34222791689785,91242,241,487,8033,
103.34608986646171,91242,240,488,8033,
103.35971251393038,91242,239,489,8033,
103.3665619039856,91242,239,488,8034,
103.3680756313015,91242,239,487,8035,
103.37239521448205,91242,238,488,8035,
103.38259288746232,91242,237,489,8035,
103.38301602943623,91242,237,488,8036,
103.38496688258464,91241,238,488,8036,
103.38762315784382,91241,237,489,8036,
103.4011074418448,91240,238,489,8036,
103.40282520539665,91240,237,490,8036,
103.4053150432159,91240,237,489,8037,
103.41472562511149,91240,236,490,8037,
103.42843678945144,91240,235,491,8037,
103.43617440754801,91240,234,492,8037,
103.43677280814381,91240,233,493,8037,
103.4398554859111,91239,234,493,8037,
103.45356374715368,91238,235,493,8037,
103.46460090669528,91237,236,493,8037,
103.4736013604725,91237,235,494,8037,
103.47950871757745,91237,235,493,8038,
103.49042900960357,91236,236,493,8038,
103.49449896113012,91236,235,494,8038,
103.49658007293019,91236,235,493,8039,
103.50077361049071,91236,235,492,8040,
103.51011188921709,91236,234,493,8040,
103.51339412345615,91235,235,493,8040,
103.51435033291489,91235,235,492,8041,
103.51824642748335,91235,235,491,8042,
103.51956539337722,91234,236,491,8042,
103.52235512068722,91234,236,490,8043,
103.5250373255558,91233,237,490,8043,
103.5416359961598,91233,237,489,8044,
103.54965097054477,91232,238,489,8044,
103.55260425536464,91232,237,490,8044,
103.56333668104878,91232,237,489,8045,
103.56356945903798,91231,238,489,8045,
103.58510587510202,91230,239,489,8045,
103.5861261816279,91230,238,490,8045,
103.60429973757168,91230,238,489,8046,
103.60523384341478,91230,237,490,8046,
103.61807755699151,91230,237,489,8047,
103.62829063768596,91230,237,488,8048,
103.62956171789027,91230,237,487,8049,
103.63735537584014,91229,238,487,8049,
103.64165874654239,91228,239,487,8049,
103.64531023355175,91228,239,486,8050,
103.64591361015434,91228,239,485,8051,
103.65626761364771,91227,240,485,8051,
103.66689762453142,91227,239,486,8051,
103.69498259980352,91227,238,487,8051,
103.69510601127038,91227,237,488,8051,
103.6972781336651,91226,238,488,8051,
103.7015670602071,91225,239,488,8051,
103.70466695659164,91225,239,487,8052,
103.70824623708127,91224,240,487,8052,
103.71410848389375,91223,241,487,8052,
103.71509417677495,91223,241,486,8053,
103.71765711689787,91223,240,487,8053,
103.72522590305246,91222,241,487,8053,
103.72704754555787,91222,240,488,8053,
103.73056763684349,91222,239,489,8053,
103.7487502636003,91222,239,488,8054,
103.74949323712582,91221,240,488,8054,
103.76162494227484,91220,241,488,8054,
103.77034973634079,91219,242,488,8054,
103.77643054045845,91218,243,488,8054,
103.77975706377543,91217,244,488,8054,
103.79063747969734,91217,244,487,8055,
103.80111552391352,91217,244,486,8056,
103.80164933258007,91217,244,485,8057,
103.80958869724961,91217,244,484,8058,
103.82265072238701,91217,243,485,8058,
103.84097943167498,91217,243,484,8059,
103.86614395627733,91217,243,483,8060,
103.86663464109947,91216,244,483,8060,
103.86753666139529,91216,244,482,8061,
103.8680738912133,91215,245,482,8061,
103.87046017720436,91215,244,483,8061,
103.88516311016728,91215,243,484,8061,
103.89021707735654,91215,243,483,8062,
103.9012788445323,91214,244,483,8062,
103.90368604337209,91214,243,484,8062,
103.91214841756872,91213,244,484,8062,
103.91225170330512,91213,244,483,8063,
103.91437875919715,91213,244,482,8064,
103.9183282093795,91213,244,481,8065,
103.92017102660287,91213,243,482,8065,
103.92778563221253,91212,244,482,8065,
103.94539913084066,91211,245,482,8065,
103.9474337376262,91211,244,483,8065,
103.96421682669981,91210,245,483,8065,
103.96871123467217,91209,246,483,8065,
103.98230689535268,91209,245,484,8065,
103.98360270900096,91208,246,484,8065,
103.99871781136338,91207,247,484,8065,
104.00688743665773,91207,247,483,8066,
104.01704856224153,91207,247,482,8067,
104.03693953835878,91207,246,483,8067,
104.04021749168605,91207,245,484,8067,
104.04866495191297,91207,245,483,8068,
104.0575836494057,91207,245,482,8069,
104.07018806638476,91207,245,481,8070,
104.07112985252846,91207,244,482,8070,
104.0815287816366,91207,244,481,8071,
104.09307286264436,91207,244,480,8072,
104.09323789245232,91207,244,479,8073,
104.09369394664273,91207,243,480,8073,
104.10509604355178,91206,244,480,8073,
104.12114058030551,91206,243,481,8073,
104.14029486717794,91206,242,482,8073,
104.14482393779234,91206,242,481,8074,
104.14716005369829,91205,243,481,8074,
104.16431742659698,91205,243,480,8075,
104.16626564447003,91205,243,479,8076,
104.17347914920792,91205,242,480,8076,
104.17925952965582,91205,242,479,8077,
104.1869628888629,91205,242,478,8078,
104.18710864185815,91205,242,477,8079,
104.19866420027725,91204,243,477,8079,
104.20694344061144,91203,244,477,8079,
104.20915648180728,91203,243,478,8079,
104.21192308467246,91203,243,477,8080,
104.21635531724107,91203,242,478,8080,
104.21659880362282,91203,241,479,8080,
104.21906323237016,91202,242,479,8080,
104.21997405237568,91202,241,480,8080,
104.22179628831942,91202,241,479,8081,
104.22343052645108,91201,242,479,8081,
104.22500517922359,91201,242,478,8082,
104.22774504731579,91200,243,478,8082,
104.23439518430166,91200,243,477,8083,
104.24468748077625,91200,242,478,8083,
104.24925905949605,91199,243,478,8083,
104.251312938019,91199,242,479,8083,
104.25501753423117,91199,241,480,8083,
104.25815126150152,91199,240,481,8083,
104.26850057597743,91198,241,481,8083,
104.26985414650261,91197,242,481,8083,
104.27408846041683,91197,241,482,8083,
104.27497583745844,91197,240,483,8083,
104.2839408506068,91196,241,483,8083,
104.28799705758527,91196,240,484,8083,
104.28989640623004,91196,239,485,8083,
104.28993976527634,91195,240,485,8083,
104.29379107922975,91195,240,484,8084,
104.30415800698418,91194,241,484,8084,
104.30491690344083,91194,240,485,8084,
104.32184373461637,91193,241,485,8084,
104.322289861213,91193,241,484,8085,
104.33305151492527,91193,240,485,8085,
104.33648021284782,91193,240,484,8086,
104.33976787036124,91193,240,483,8087,
104.3536516748931,91193,240,482,8088,
104.36374165646224,91193,239,483,8088,
104.3695435739539,91193,238,484,8088,
104.37673726614696,91193,238,483,8089,
104.39465650764518,91192,239,483,8089,
104.39618455146808,91192,239,482,8090,
104.39815097691306,91192,239,481,8091,
104.40507029914768,91192,239,480,8092,
104.41898197579303,91192,238,481,8092,
104.4261409566363,91191,239,481,8092,
104.43703980357773,91191,239,480,8093,
104.44373586392328,91190,240,480,8093,
104.44613116222646,91189,241,480,8093,
104.45843735054169,91188,242,480,8093,
104.46023955685065,91188,241,481,8093,
104.46427768243109,91188,240,482,8093,
104.4669314081541,91188,240,481,8094,
104.46759309423209,91188,239,482,8094,
104.47564753621981,91188,239,481,8095,
104.47781168970586,91188,239,480,8096,
104.48438102079606,91187,240,480,8096,
104.49100563063753,91187,239,481,8096,
104.49297577263386,91187,239,480,8097,
104.49678346951123,91187,238,481,8097,
104.50025486467686,91187,238,480,8098,
104.5024445020757,91187,237,481,8098,
104.52169904126151,91186,238,481,8098,
104.52228367956636,91186,238,480,8099,
104.53485360902954,91186,237,481,8099,
104.53741324333554,91186,236,482,8099,
104.54557812174276,91186,236,481,8100,
104.55559625851572,91186,235,482,8100,
104.59510718291668,91186,235,481,8101,
104.61486806346932,91185,236,481,8101,
104.62480821879387,91185,236,480,8102,
104.63497667774607,91185,235,481,8102,
104.63745609587397,91185,235,480,8103,
104.64147621554761,91185,234,481,8103,
104.64392669065502,91185,233,482,8103,
104.64459431904608,91185,232,483,8103,
104.64528649378045,91185,231,484,8103,
104.64719370042812,91184,232,484,8103,
104.65259080521093,91183,233,484,8103,
104.65915698931747,91182,234,484,8103,
104.67119810238836,91182,234,483,8104,
104.69291649657781,91182,234,482,8105,
104.70026208656287,91181,235,482,8105,
104.70426976697416,91181,235,481,8106,
104.70844766369778,91181,235,480,8107,
104.71030876302794,91181,235,479,8108,
104.71159770097196,91181,235,478,8109,
104.71433536847783,91181,234,479,8109,
104.72531189254326,91180,235,479,8109,
104.73150299206279,91180,235,478,8110,
104.73654042449039,91179,236,478,8110,
104.73898713138415,91178,237,478,8110,
104.74512918530954,91178,237,477,8111,
104.7455682575325,91178,236,478,8111,
104.75159655369234,91178,235,479,8111,
104.75785123107136,91178,234,480,8111,
104.76769926252295,91177,235,480,8111,
104.7710261970295,91176,236,480,8111,
104.77341258806005,91175,237,480,8111,
104.81289514099899,91174,238,480,8111,
104.81430148233288,91174,237,481,8111,
104.83057066444246,91173,238,481,8111,
104.83301402738003,91172,239,481,8111,
104.84254477572432,91171,240,481,8111,
104.84450309483874,91171,239,482,8111,
104.8465029366553,91171,239,481,8112,
104.85946774251386,91171,238,482,8112,
104.86367575891565,91170,239,482,8112,
104.86493017885749,91169,240,482,8112,
104.8711845686446,91169,240,481,8113,
104.87344592972491,91169,239,482,8113,
104.88125408911867,91169,238,483,8113,
104.88530403339138,91168,239,483,8113,
104.88996551025721,91168,239,482,8114,
104.8927430528424,91168,238,483,8114,
104.89661985986928,91167,239,483,8114,
104.9001109893179,91166,240,483,8114,
104.90884394713464,91166,240,482,8115,
104.91028099012563,91165,241,482,8115,
104.91582787098874,91165,240,483,8115,
104.91593348968985,91165,240,482,8116,
104.92948042826373,91165,240,481,8117,
104.93598450782784,91164,241,481,8117,
104.94126158775155,91164,241,480,8118,
104.95681944846451,91163,242,480,8118,
104.97751207096289,91163,242,479,8119,
104.98657145878391,91162,243,479,8119,
105.00421730965743,91161,244,479,8119,
105.00557469316377,91160,245,479,8119,
105.00914757453205,91160,245,478,8120,
105.01096042822485,91160,245,477,8121,
105.01724412475383,91160,244,478,8121,
105.02774028806326,91159,245,478,8121,
105.03042593300292,91158,246,478,8121,
105.03981682863801,91158,246,477,8122,
105.04415608406555,91158,246,476,8123,
105.04883425673779,91157,247,476,8123,
105.05184387169923,91157,247,475,8124,
105.0569684720183,91156,248,475,8124,
105.06563665552167,91155,249,475,8124,
105.08053339367544,91154,250,475,8124,
105.08131841487561,91154,250,474,8125,
105.08521329400918,91154,250,473,8126,
105.09467308207192,91154,250,472,8127,
105.0960342005661,91153,251,472,8127,
105.0976250937494,91153,250,473,8127,
105.1059069971432,91153,250,472,8128,
105.11403591811487,91153,250,471,8129,
105.1157386719565,91153,250,470,8130,
105.14865080023263,91153,249,471,8130,
105.17161790298738,91153,249,470,8131,
105.1800911679805,91152,250,470,8131,
105.18645102197127,91152,249,471,8131,
105.19644326336655,91152,249,470,8132,
105.20191393041452,91152,248,471,8132,
105.20402049865648,91152,248,470,8133,
105.2040877540916,91152,248,469,8134,
105.20949304934773,91152,247,470,8134,
105.21282120078908,91151,248,470,8134,
105.21552365130296,91151,247,471,8134,
105.22837013818574,91151,247,470,8135,
105.23231875872037,91151,247,469,8136,
105.2438461047214,91151,247,468,8137,
105.26153326172805,91151,247,467,8138,
105.27348703971464,91151,247,466,8139,
105.2767672332251,91150,248,466,8139,
105.27783566147451,91150,248,465,8140,
105.27818750989442,91150,247,466,8140,
105.28567825792865,91150,247,465,8141,
105.29003996923782,91150,246,466,8141,
105.30045142303108,91149,247,466,8141,
105.30655708241238,91149,247,465,8142,
105.30669604419677,91148,248,465,8142,
105.31154544982927,91147,249,465,8142,
105.31261917363904,91147,249,464,8143,
105.32560729030548,91146,250,464,8143,
105.33874812464998,91146,250,463,8144,
105.34578925469484,91146,250,462,8145,
105.36513890252294,91146,249,463,8145,
105.36544977410115,91146,249,462,8146,
105.37713834176898,91145,250,462,8146,
105.38507595704834,91144,251,462,8146,
105.39159982681034,91144,251,461,8147,
105.40152118202118,91144,251,460,8148,
105.4030000541725,91143,252,460,8148,
105.40621590381821,91142,253,460,8148,
105.42178696650257,91142,252,461,8148,
105.42465207969327,91142,251,462,8148,
105.42576738470133,91142,250,463,8148,
105.42628824190965,91142,250,462,8149,
105.42952026462828,91142,250,461,8150,
105.42963684437834,91141,251,461,8150,
105.43360807894531,91141,251,460,8151,
105.44044913304566,91140,252,460,8151,
105.46202316780061,91140,251,461,8151,
105.47457499622683,91140,251,460,8152,
105.47565151092245,91140,251,459,8153,
105.50001723584126,91140,250,460,8153,
105.50065979334059,91140,250,459,8154,
105.52018674239604,91140,249,460,8154,
105.52939886724012,91140,248,461,8154,
105.53545255868858,91140,248,460,8155,
105.53682583713959,91139,249,460,8155,
105.5430517707297,91139,248,461,8155,
105.54463260084871,91138,249,461,8155,
105.5709894912676,91138,249,460,8156,
105.58390387101443,91137,250,460,8156,
105.58473876037235,91137,249,461,8156,
105.58501363073154,91136,250,461,8156,
105.58555278395714,91135,251,461,8156,
105.60345461217157,91135,251,460,8157,
105.60503023383855,91135,250,461,8157,
105.61470466874411,91135,249,462,8157,
105.61943324840381,91135,249,461,8158,
105.62325867969246,91135,249,460,8159,
105.62821569299017,91135,249,459,8160,
105.62991629669071,91135,249,458,8161,
105.63228484949717,91135,249,457,8162,
105.63295831246083,91134,250,457,8162,
105.63751045051609,91134,249,458,8162,
105.64901552899141,91133,250,458,8162,
105.6533458520918,91133,250,457,8163,
105.65801016308728,91132,251,457,8163,
105.66199846766992,91131,252,457,8163,
105.66325289826901,91131,251,458,8163,
105.66976451851195,91131,251,457,8164,
105.6824317766025,91131,251,456,8165,
105.68383520845265,91131,251,455,8166,
105.68445899072185,91131,251,454,8167,
105.6994176328833,91131,250,455,8167,
105.70215940959977,91130,251,455,8167,
105.70312171835985,91130,250,456,8167,
105.70409744972997,91130,249,457,8167,
105.71458608199947,91130,249,456,8168,
105.72827043713556,91130,249,455,8169,
105.7289281852132,91130,248,456,8169,
105.74518612349767,91129,249,456,8169,
105.75005168983182,91129,249,455,8170,
105.77516664067927,91128,250,455,8170,
105.78620735064277,91127,251,455,8170,
105.78718969846801,91126,252,455,8170,
105.80287644110938,91126,251,456,8170,
105.81356377196033,91125,252,456,8170,
105.81589629261894,91125,252,455,8171,
105.81935534425453,91124,253,455,8171,
105.82398078540962,91124,252,456,8171,
105.83365671800527,91124,252,455,8172,
105.83494229201433,91123,253,455,8172,
105.85643988486268,91123,252,456,8172,
105.85970847007982,91122,253,456,8172,
105.87028351761603,91122,253,455,8173,
105.87123826199193,91122,253,454,8174,
105.87349578087418,91122,252,455,8174,
105.87400269951146,91122,251,456,8174,
105.8761729489029,91121,252,456,8174,
105.8831345897281,91121,251,457,8174,
105.88917700254629,91121,250,458,8174,
105.89429709299606,91121,249,459,8174,
105.90445657025884,91121,249,458,8175,
105.91238495785743,91121,249,457,8176,
105.91671492945196,91121,248,458,8176,
105.91884600183658,91121,248,457,8177,
105.9219870448934,91120,249,457,8177,
105.922532588884,91120,249,456,8178,
105.92311670792645,91119,250,456,8178,
105.93709240059813,91119,249,457,8178,
105.94341059881594,91119,249,456,8179,
105.94528084082282,91119,248,457,8179,
105.95036466739623,91119,247,458,8179,
105.95046721086251,91118,248,458,8179,
105.95816953244565,91118,248,457,8180,
105.9586356693301,91117,249,457,8180,
105.96169645331473,91117,248,458,8180,
105.97567152784762,91117,248,457,8181,
105.98789410904533,91117,247,458,8181,
105.98830951428153,91117,246,459,8181,
105.98872247672443,91117,246,458,8182,
105.99222535083999,91116,247,458,8182,
105.99618372133685,91116,246,459,8182,
106.0005000618979,91116,246,458,8183,
106.00190751428087,91116,245,459,8183,
106.01739137615243,91115,246,459,8183,
106.0266571122084,91115,246,458,8184,
106.0429079724766,91114,247,458,8184,
106.04760399381462,91113,248,458,8184,
106.04809023170307,91112,249,458,8184,
106.06453589842013,91112,248,459,8184,
106.07376667571701,91111,249,459,8184,
106.08345705170015,91111,248,460,8184,
106.08644850450631,91111,248,459,8185,
106.09997570974508,91111,247,460,8185,
106.10735246477574,91111,246,461,8185,
106.11690319860361,91110,247,461,8185,
106.11865934421955,91109,248,461,8185,
106.1420507696166,91109,248,460,8186,
106.1422868867067,91109,248,459,8187,
106.14238010229528,91109,248,458,8188,
106.14621825583922,91109,247,459,8188,
106.14904231447667,91109,247,458,8189,
106.15109705612102,91109,247,457,8190,
106.15456096401158,91109,247,456,8191,
106.16304034219884,91109,246,457,8191,
106.17440225306923,91108,247,457,8191,
106.18480532344151,91108,246,458,8191,
106.18701006740142,91107,247,458,8191,
106.19302393862658,91106,248,458,8191,
106.20487019264637,91106,248,457,8192,
106.20497486073923,91105,249,457,8192,
106.20892846083538,91104,250,457,8192,
106.21107762652461,91104,249,458,8192,
106.21660057858469,91103,250,458,8192,
106.22259853331094,91102,251,458,8192,
106.23500067405394,91102,250,459,8192,
106.23656047928026,91102,249,460,8192,
106.25751434326332,91102,249,459,8193,
106.26434112883872,91102,248,460,8193,
106.27504246966978,91102,248,459,8194,
106.27541114696075,91102,248,458,8195,
106.27800446196821,91101,249,458,8195,
106.28595472265984,91101,248,459,8195,
106.29241756497217,91101,247,460,8195,
106.29388886717518,91101,247,459,8196,
106.29413171545214,91101,247,458,8197,
106.29865262216302,91101,247,457,8198,
106.30878008039599,91100,248,457,8198,
106.30975837980526,91100,247,458,8198,
106.3122355094436,91100,247,457,8199,
106.3127134526745,91099,248,457,8199,
106.34318777647388,91099,247,458,8199,
106.36483854835379,91099,246,459,8199,
106.37714643237926,91099,245,460,8199,
106.39675023334817,91099,245,459,8200,
106.42480320940014,91099,245,458,8201,
106.43206789755419,91099,244,459,8201,
106.43397325395772,91098,245,459,8201,
106.43899780412508,91098,244,460,8201,
106.44377920244533,91098,244,459,8202,
106.45562082906257,91098,243,460,8202,
106.45821211409763,91098,243,459,8203,
106.45881760917459,91097,244,459,8203,
106.45971288075535,91097,243,460,8203,
106.45979414969543,91097,243,459,8204,
106.46071229287328,91097,242,460,8204,
106.47154392761351,91097,242,459,8205,
106.47745232686083,91097,241,460,8205,
106.47805882732465,91097,241,459,8206,
106.47848188303762,91096,242,459,8206,
106.4787835453922,91096,242,458,8207,
106.48732307647688,91096,241,459,8207,
106.48816112267431,91096,241,458,8208,
106.48835169691476,91096,241,457,8209,
106.49387110514942,91096,241,456,8210,
106.49698499261169,91095,242,456,8210,
106.50450963263938,91095,241,457,8210,
106.50883829283603,91094,242,457,8210,
106.51015096568557,91094,242,456,8211,
106.52241203300021,91094,241,457,8211,
106.5338347209877,91094,241,456,8212,
106.54140357909235,91093,242,456,8212,
106.55178461333057,91093,241,457,8212,
106.56254686540896,91092,242,457,8212,
106.5786378505598,91092,241,458,8212,
106.6140926280617,91092,240,459,8212,
106.6164247356837,91092,239,460,8212,
106.65653501579904,91091,240,460,8212,
106.6772235265344,91090,241,460,8212,
106.68264543762994,91090,241,459,8213,
106.68486240031487,91090,240,460,8213,
106.68602497046643,91090,240,459,8214,
106.69448478509742,91089,241,459,8214,
106.69777227255454,91089,240,460,8214,
106.70101307784262,91089,239,461,8214,
106.73191213296823,91089,238,462,8214,
106.73237383274902,91089,237,463,8214,
106.7392589045137,91089,236,464,8214,
106.7396065173966,91089,235,465,8214,
106.75185344234873,91089,235,464,8215,
106.75482110447237,91089,235,463,8216,
106.75754305790252,91088,236,463,8216,
106.7595187432565,91087,237,463,8216,
106.75995780641338,91087,237,462,8217,
106.76251153949872,91087,237,461,8218,
106.77255169636601,91087,237,460,8219,
106.77439747278456,91087,237,459,8220,
106.77728731340788,91087,236,460,8220,
106.78031136630939,91087,235,461,8220,
106.78094303414971,91087,235,460,8221,
106.79350498067183,91087,235,459,8222,
106.7937014583568,91087,234,460,8222,
106.80045037507807,91087,233,461,8222,
106.80802706252206,91086,234,461,8222,
106.81989957325322,91086,233,462,8222,
106.82243947150394,91086,233,461,8223,
106.82540676409835,91086,233,460,8224,
106.8286412120704,91086,233,459,8225,
106.84075656186957,91085,234,459,8225,
106.85244811434075,91084,235,459,8225,
106.85652018104139,91084,234,460,8225,
106.86023534595708,91083,235,460,8225,
106.86615707840377,91083,235,459,8226,
106.86937134838973,91082,236,459,8226,
106.88271998862513,91082,236,458,8227,
106.8833074488421,91081,237,458,8227,
106.90306928181238,91081,237,457,8228,
106.90718177427863,91081,236,458,8228,
106.90950720646819,91081,236,457,8229,
106.91153065965659,91080,237,457,8229,
106.94020669342518,91080,236,458,8229,
106.94639561332176,91080,236,457,8230,
106.96289142489516,91080,236,456,8231,
106.9638021629084,91080,236,455,8232,
106.97630367886303,91079,237,455,8232,
106.97649568817306,91079,237,454,8233,
106.98292222463152,91079,237,453,8234,
106.98674700281373,91079,236,454,8234,
106.99757731287755,91079,236,453,8235,
107.0273547821377,91079,236,452,8236,
107.0557391401916,91078,237,452,8236,
107.05746575159412,91078,236,453,8236,
107.05847682429939,91077,237,453,8236,
107.0594549845535,91077,236,454,8236,
107.06110358099464,91077,236,453,8237,
107.06751630452194,91076,237,453,8237,
107.0713313539862,91076,237,452,8238,
107.07134775357311,91075,238,452,8238,
107.08590345389923,91075,237,453,8238,
107.08797537845453,91075,236,454,8238,
107.08800117465162,91075,235,455,8238,
107.09060859362681,91075,234,456,8238,
107.09520252809145,91075,233,457,8238,
107.09717158363347,91075,233,456,8239,
107.1121791667247,91075,232,457,8239,
107.11978742459269,91075,231,458,8239,
107.12127945151575,91075,231,457,8240,
107.12263505192496,91074,232,457,8240,
107.12668150995759,91074,232,456,8241,
107.1337944808432,91074,231,457,8241,
107.1426939215136,91074,231,456,8242,
107.14692104616948,91074,230,457,8242,
107.1551035220109,91074,229,458,8242,
107.1605871872519,91074,228,459,8242,
107.16351859546904,91074,228,458,8243,
107.17457357133671,91074,228,457,8244,
107.17617276522635,91074,228,456,8245,
107.1786563501467,91073,229,456,8245,
107.18495916749987,91073,228,457,8245,
107.20554883814424,91073,227,458,8245,
107.20817369321696,91073,227,457,8246,
107.20867057352157,91072,228,457,8246,
107.21443722947727,91072,227,458,8246,
107.23250233646851,91071,228,458,8246,
107.23277861593587,91071,227,459,8246,
107.2333970171444,91070,228,459,8246,
107.23637245628115,91070,227,460,8246,
107.24053330515707,91070,227,459,8247,
107.24492030817531,91070,227,458,8248,
107.24534697464745,91070,227,457,8249,
107.26177548470385,91069,228,457,8249,
107.26800620505254,91069,228,456,8250,
107.2713383984451,91068,229,456,8250,
107.27559013424664,91067,230,456,8250,
107.28185996036784,91067,229,457,8250,
107.2994549262654,91066,230,457,8250,
107.3264647550024,91066,229,458,8250,
107.32782005850784,91066,229,457,8251,
107.3284319343091,91066,229,456,8252,
107.33012583582247,91065,230,456,8252,
107.3330381179141,91065,230,455,8253,
107.3415891974298,91064,231,455,8253,
107.35861887969281,91064,230,456,8253,
107.36303999278329,91063,231,456,8253,
107.366295041281,91063,231,455,8254,
107.37903106344899,91062,232,455,8254,
107.38667986395052,91062,232,454,8255,
107.38711780017658,91062,231,455,8255,
107.40081237496369,91062,231,454,8256,
107.43177996206586,91061,232,454,8256,
107.4350225455376,91061,231,455,8256,
107.43960416553864,91061,231,454,8257,
107.44160177337531,91061,231,453,8258,
107.45197282870751,91061,230,454,8258,
107.46514457683085,91060,231,454,8258,
107.46640863542329,91060,230,455,8258,
107.47221952490906,91060,230,454,8259,
107.47240229380172,91060,230,453,8260,
107.47821387763946,91059,231,453,8260,
107.48129837094308,91058,232,453,8260,
107.48369497148721,91058,232,452,8261,
107.48373156380468,91058,231,453,8261,
107.50732733892815,91058,230,454,8261,
107.51294053678568,91058,230,453,8262,
107.53020176948002,91058,229,454,8262,
107.54599903428701,91057,230,454,8262,
107.5485142562143,91057,229,455,8262,
107.55041737818982,91057,229,454,8263,
107.55557218026479,91056,230,454,8263,
107.5566850816207,91055,231,454,8263,
107.56120735311471,91055,231,453,8264,
107.56174804333634,91055,231,452,8265,
107.56264045300327,91054,232,452,8265,
107.56519229756529,91054,232,451,8266,
107.56959115934208,91054,231,452,8266,
107.57374348398625,91054,231,451,8267,
107.57938632168347,91054,231,450,8268,
107.58881590587896,91054,231,449,8269,
107.59849410835295,91054,230,450,8269,
107.59967658663608,91053,231,450,8269,
107.60244486136953,91053,231,449,8270,
107.60477940644583,91053,231,448,8271,
107.61880858569472,91053,230,449,8271,
107.62283533784975,91053,230,448,8272,
107.62389068264186,91053,229,449,8272,
107.62689106883033,91053,228,450,8272,
107.63179281509571,91053,228,449,8273,
107.65322035055625,91053,228,448,8274,
107.65703582954299,91053,228,447,8275,
107.6634911310765,91053,228,446,8276,
107.66564506141609,91053,228,445,8277,
107.66976094154967,91053,228,444,8278,
107.67689581950387,91052,229,444,8278,
107.6823965727466,91052,228,445,8278,
107.68901244505764,91051,229,445,8278,
107.69607601406997,91051,229,444,8279,
107.70530373075027,91051,229,443,8280,
107.71917743854584,91051,228,444,8280,
107.7197348587337,91051,228,443,8281,
107.72249168297247,91051,227,444,8281,
107.72495507500236,91051,227,443,8282,
107.73162876649494,91051,226,444,8282,
107.73600826740817,91051,225,445,8282,
107.73627568771212,91051,225,444,8283,
107.74317908971344,91051,225,443,8284,
107.75336263322312,91051,224,444,8284,
107.76858200922203,91051,223,445,8284,
107.77146693124001,91051,222,446,8284,
107.776391190395,91051,222,445,8285,
107.77643670883157,91050,223,445,8285,
107.7861193416017,91050,223,444,8286,
107.80452555951285,91050,222,445,8286,
107.81037520035127,91049,223,445,8286,
107.81053086719136,91048,224,445,8286,
107.82212965902573,91048,223,446,8286,
107.82215359997798,91048,223,445,8287,
107.8346945617069,91048,223,444,8288,
107.84551137963936,91048,222,445,8288,
107.84572720854024,91048,222,444,8289,
107.86765014720586,91048,222,443,8290,
107.88335608041308,91047,223,443,8290,
107.88863510475629,91047,223,442,8291,
107.89434824089658,91047,222,443,8291,
107.90141282893323,91047,222,442,8292,
107.90580507708847,91046,223,442,8292,
107.9100676504381,91046,223,441,8293,
107.92016569251783,91045,224,441,8293,
107.92920335029808,91045,224,440,8294,
107.9297984413746,91045,224,439,8295,
107.94990020639075,91044,225,439,8295,
107.95924991173067,91043,226,439,8295,
107.96442325857699,91043,225,440,8295,
107.97220521695408,91043,225,439,8296,
107.97964516581058,91043,224,440,8296,
108.01273679413708,91043,223,441,8296,
108.01447326399266,91043,223,440,8297,
108.02245462249043,91043,223,439,8298,
108.03030550148208,91042,224,439,8298,
108.03047672751607,91042,224,438,8299,
108.0492484677965,91042,223,439,8299,
108.05505576512797,91042,223,438,8300,
108.07798426226077,91042,223,437,8301,
108.08602565929264,91042,223,436,8302,
108.08629444596333,91041,224,436,8302,
108.08791713872621,91041,223,437,8302,
108.09788110585018,91041,223,436,8303,
108.09971893344155,91041,222,437,8303,
108.11042029385091,91041,221,438,8303,
108.11197828241002,91041,221,437,8304,
108.11575939440422,91041,220,438,8304,
108.13828531369,91040,221,438,8304,
108.13912494509938,91039,222,438,8304,
108.14257352998139,91038,223,438,8304,
108.15671318409879,91037,224,438,8304,
108.17060319650366,91036,225,438,8304,
108.18381944073887,91036,225,437,8305,
108.18612052104454,91036,224,438,8305,
108.19502555339231,91036,224,437,8306,
108.19854706587643,91036,224,436,8307,
108.20324572370893,91036,223,437,8307,
108.213143732963,91036,222,438,8307,
108.2339879807203,91035,223,438,8307,
108.23856674335659,91035,222,439,8307,
108.24804477203645,91035,221,440,8307,
108.28392617292653,91035,220,441,8307,
108.28952839602636,91035,220,440,8308,
108.29040266074163,91035,219,441,8308,
108.30674958006225,91034,220,441,8308,
108.31686619333196,91034,219,442,8308,
108.32302796551798,91033,220,442,8308,
108.33218904768171,91033,220,441,8309,
108.33348392243494,91033,219,442,8309,
108.33873923587629,91033,219,441,8310,
108.35658221803214,91032,220,441,8310,
108.35860701378834,91032,220,440,8311,
108.366539938962,91032,220,439,8312,
108.37923447257032,91032,220,438,8313,
108.38550127481602,91031,221,438,8313,
108.39316321620994,91031,221,437,8314,
108.40256329088523,91030,222,437,8314,
108.40469317607838,91030,221,438,8314,
108.40717683958071,91030,220,439,8314,
108.41611517367218,91030,220,438,8315,
108.42731378130756,91029,221,438,8315,
108.43261947129349,91029,221,437,8316,
108.43380247230954,91029,220,438,8316,
108.43539356822583,91028,221,438,8316,
108.44990570985549,91028,221,437,8317,
108.45371038584852,91028,220,438,8317,
108.45846315773588,91027,221,438,8317,
108.45958040624683,91027,220,439,8317,
108.46068423976712,91026,221,439,8317,
108.46691596184343,91025,222,439,8317,
108.47055588979634,91025,222,438,8318,
108.48824271427397,91025,221,439,8318,
108.49074467967361,91025,220,440,8318,
108.49275533490575,91024,221,440,8318,
108.50734918809964,91024,220,441,8318,
108.51546488083093,91024,219,442,8318,
108.5166091628341,91024,218,443,8318,
108.51807192580293,91024,218,442,8319,
108.522795210988,91023,219,442,8319,
108.53470201046565,91023,218,443,8319,
108.55188650038795,91023,218,442,8320,
108.55613899324752,91022,219,442,8320,
108.55833319356856,91022,219,441,8321,
108.5585989192393,91022,219,440,8322,
108.5611510383061,91021,220,440,8322,
108.56127859235775,91021,220,439,8323,
108.56339811536097,91021,220,438,8324,
108.57746211038332,91021,220,437,8325,
108.58709220463294,91021,220,436,8326,
108.59080387131971,91021,220,435,8327,
108.59548556728795,91020,221,435,8327,
108.59764477278937,91020,221,434,8328,
108.60679384455378,91020,220,435,8328,
108.62234437878024,91019,221,435,8328,
108.62857326326292,91019,220,436,8328,
108.63300732257805,91019,220,435,8329,
108.64360856802223,91019,220,434,8330,
108.64553409428424,91019,219,435,8330,
108.64658131146285,91019,218,436,8330,
108.65217840849343,91019,218,435,8331,
108.66698251364761,91019,218,434,8332,
108.6679847982247,91019,218,433,8333,
108.66978918917535,91019,218,432,8334,
108.68056014291861,91019,218,431,8335,
108.68790530807847,91019,218,430,8336,
108.68864353119318,91019,217,431,8336,
108.69339288914838,91019,216,432,8336,
108.73605447628421,91019,215,433,8336,
108.75494793041642,91019,215,432,8337,
108.75621402753283,91018,216,432,8337,
108.76250290365968,91018,216,431,8338,
108.78203710899042,91018,215,432,8338,
108.78386149813029,91017,216,432,8338,
108.80147971897671,91016,217,432,8338,
108.81184574977375,91016,217,431,8339,
108.81518706209573,91016,217,430,8340,
108.83629597388281,91016,217,429,8341,
108.84338168294113,91016,217,428,8342,
108.84425775127892,91016,217,427,8343,
108.84579773208728,91016,216,428,8343,
108.85840950787457,91016,215,429,8343,
108.86640765103955,91016,215,428,8344,
108.87138414595823,91016,214,429,8344,
108.87273898356676,91016,213,430,8344,
108.88658715429057,91015,214,430,8344,
108.89490229626897,91014,215,430,8344,
108.9162613870422,91014,214,431,8344,
108.91816079384074,91014,214,430,8345,
108.93007546317072,91013,215,430,8345,
108.933898007582,91013,215,429,8346,
108.93746853831371,91013,214,430,8346,
108.9409836920232,91012,215,430,8346,
108.94573729480213,91012,215,429,8347,
108.94656786804703,91012,214,430,8347,
108.94888165845447,91012,213,431,8347,
108.95166010003311,91011,214,431,8347,
108.95726123057801,91011,214,430,8348,
108.96059997794288,91011,214,429,8349,
108.96981195874616,91010,215,429,8349,
108.97168318169382,91010,215,428,8350,
108.99432402052831,91010,215,427,8351,
109.01015891188077,91010,215,426,8352,
109.04379960669965,91010,214,427,8352,
109.06591917922653,91010,213,428,8352,
109.07670490602065,91009,214,428,8352,
109.07956487445003,91009,213,429,8352,
109.09425039191427,91009,213,428,8353,
109.10633964113131,91008,214,428,8353,
109.10852189410103,91007,215,428,8353,
109.10923899737884,91007,214,429,8353,
109.12531989526079,91007,214,428,8354,
109.13322780022827,91007,213,429,8354,
109.13844351013972,91007,213,428,8355,
109.16182435506835,91007,212,429,8355,
109.16727395913162,91006,213,429,8355,
109.16741764120457,91006,213,428,8356,
109.17209808993397,91006,213,427,8357,
109.17733920065521,91005,214,427,8357,
109.20504760563463,91005,213,428,8357,
109.21574839938732,91005,213,427,8358,
109.21597558685066,91004,214,427,8358,
109.22733383916085,91004,213,428,8358,
109.22921961479895,91004,212,429,8358,
109.24522709690399,91004,211,430,8358,
109.24636428247986,91004,210,431,8358,
109.25509721990977,91004,209,432,8358,
109.26017355039114,91003,210,432,8358,
109.27288654911865,91003,210,431,8359,
109.2763466634699,91002,211,431,8359,
109.27986644067852,91002,210,432,8359,
109.28320196657987,91002,209,433,8359,
109.28443105545996,91002,209,432,8360,
109.287790874985,91001,210,432,8360,
109.29348775086717,91001,209,433,8360,
109.30135445007582,91001,208,434,8360,
109.30961659735907,91000,209,434,8360,
109.30971422386624,91000,208,435,8360,
109.31070264583212,91000,208,434,8361,
109.31471741728893,91000,208,433,8362,
109.32899036716228,90999,209,433,8362,
109.33337662854174,90998,210,433,8362,
109.33996614729442,90997,211,433,8362,
109.35140510639509,90997,211,432,8363,
109.35995945138582,90997,211,431,8364,
109.36029594767612,90997,211,430,8365,
109.37709986595294,90997,211,429,8366,
109.38965800450528,90996,212,429,8366,
109.39612575411337,90995,213,429,8366,
109.4024063258467,90995,213,428,8367,
109.40438670538666,90995,213,427,8368,
109.40554525669211,90995,213,426,8369,
109.40658148375394,90995,212,427,8369,
109.41378440132601,90994,213,427,8369,
109.41664879061923,90993,214,427,8369,
109.41789682520091,90992,215,427,8369,
109.41799050969493,90992,215,426,8370,
109.43733277249113,90991,216,426,8370,
109.43733386378065,90991,215,427,8370,
109.44613204731985,90991,214,428,8370,
109.45229908291135,90991,214,427,8371,
109.45378570584691,90991,214,426,8372,
109.45762194946525,90991,214,425,8373,
109.4735227148841,90990,215,425,8373,
109.48290266849202,90990,215,424,8374,
109.48331428210334,90990,214,425,8374,
109.48354658087138,90990,214,424,8375,
109.49600284081102,90989,215,424,8375,
109.49887296946943,90989,214,425,8375,
109.54373762864375,90989,214,424,8376,
109.54965755333791,90989,214,423,8377,
109.55904747727635,90988,215,423,8377,
109.56574138978041,90987,216,423,8377,
109.58525617467873,90987,216,422,8378,
109.58751110637193,90986,217,422,8378,
109.60118436141053,90986,216,423,8378,
109.61521837435733,90986,216,422,8379,
109.62362735151768,90986,216,421,8380,
109.62528011986501,90985,217,421,8380,
109.63124385434529,90985,216,422,8380,
109.63490772680758,90985,215,423,8380,
109.64182188498708,90985,215,422,8381,
109.64268566510867,90985,214,423,8381,
109.64525331380864,90985,214,422,8382,
109.65122536585544,90985,214,421,8383,
109.65473982825375,90985,213,422,8383,
109.6610413725196,90985,213,421,8384,
109.6664224601294,90985,213,420,8385,
109.69916573814726,90985,213,419,8386,
109.70266899648163,90984,214,419,8386,
109.71075697528552,90983,215,419,8386,
109.71616710722955,90983,215,418,8387,
109.72488117371336,90983,214,419,8387,
109.73196662311113,90983,213,420,8387,
109.73281759717588,90983,213,419,8388,
109.74788753371502,90983,213,418,8389,
109.7504408343122,90983,213,417,8390,
109.75093660840717,90983,213,416,8391,
109.77379376575465,90983,213,415,8392,
109.77709374489135,90983,213,414,8393,
109.78164382054554,90983,213,413,8394,
109.78190067042942,90983,213,412,8395,
109.78392472546537,90983,213,411,8396,
109.79333560568642,90983,213,410,8397,
109.79797245366753,90983,212,411,8397,
109.79853237738698,90983,212,410,8398,
109.80054527314863,90982,213,410,8398,
109.80222007496761,90982,213,409,8399,
109.80694655393937,90981,214,409,8399,
109.80725129142888,90981,213,410,8399,
109.81039219847288,90981,212,411,8399,
109.824530854946,90981,212,410,8400,
109.8280116859766,90980,213,410,8400,
109.83980348841335,90980,213,409,8401,
109.85534251736428,90979,214,409,8401,
109.87071399981855,90979,214,408,8402,
109.88620117132314,90979,214,407,8403,
109.90187959679838,90978,215,407,8403,
109.9076041514991,90978,215,406,8404,
109.9106613577801,90977,216,406,8404,
109.91498682382311,90977,216,405,8405,
109.9186409394394,90976,217,405,8405,
109.92316143680677,90976,217,404,8406,
109.94175940720228,90976,216,405,8406,
109.95830896750746,90976,215,406,8406,
109.9591284180202,90976,214,407,8406,
109.96246619333805,90975,215,407,8406,
109.96920423286286,90975,215,406,8407,
109.99105153405866,90975,215,405,8408,
109.99899792845744,90974,216,405,8408,
109.99992998783691,90974,215,406,8408,
110.02496563404627,90974,214,407,8408,
110.04180201774518,90974,214,406,8409,
110.05483291318134,90973,215,406,8409,
110.05547169486934,90973,214,407,8409,
110.06564039364383,90973,214,406,8410,
110.07500249329198,90972,215,406,8410,
110.0756349105068,90971,216,406,8410,
110.07677822810936,90971,216,405,8411,
110.08168035374541,90971,216,404,8412,
110.08454585622766,90970,217,404,8412,
110.08473194287325,90969,218,404,8412,
110.08848138788774,90969,217,405,8412,
110.09119230412091,90969,216,406,8412,
110.0988897989237,90969,215,407,8412,
110.10555165740934,90969,215,406,8413,
110.10567673282543,90969,215,405,8414,
110.10576583605877,90969,214,406,8414,
110.11744493405641,90969,214,405,8415,
110.1250807865205,90969,213,406,8415,
110.12956777629573,90969,213,405,8416,
110.13178462375535,90969,213,404,8417,
110.1480589236468,90969,213,403,8418,
110.17540791223928,90969,212,404,8418,
110.17867806810725,90968,213,404,8418,
110.19002285908704,90968,213,403,8419,
110.19739434604386,90967,214,403,8419,
110.2003859013645,90966,215,403,8419,
110.2096522719901,90966,214,404,8419,
110.21103892200335,90966,213,405,8419,
110.2125041044824,90966,213,404,8420,
110.21363474835984,90966,213,403,8421,
110.22023154269522,90965,214,403,8421,
110.23636116152227,90965,214,402,8422,
110.24125737450672,90965,214,401,8423,
110.24193738466066,90964,215,401,8423,
110.24729574916552,90964,214,402,8423,
110.27984756598201,90963,215,402,8423,
110.28651645184803,90963,215,401,8424,
110.29012748573179,90963,215,400,8425,
110.30870686850744,90963,214,401,8425,
110.31476357236004,90962,215,401,8425,
110.32653440645089,90962,215,400,8426,
110.3330899616806,90962,214,401,8426,
110.3435855653293,90961,215,401,8426,
110.3444314641163,90961,214,402,8426,
110.36886981308857,90961,213,403,8426,
110.38363846969672,90960,214,403,8426,
110.3952160775797,90959,215,403,8426,
110.40169552568085,90958,216,403,8426,
110.42366041662683,90958,215,404,8426,
110.4282344983278,90958,214,405,8426,
110.43192863038028,90958,214,404,8427,
110.43763431076064,90958,214,403,8428,
110.44067508365914,90958,213,404,8428,
110.44452646709631,90957,214,404,8428,
110.46352811218513,90957,214,403,8429,
110.46705632592227,90957,214,402,8430,
110.47239148660277,90957,214,401,8431,
110.47827553596684,90957,214,400,8432,
110.48208961003836,90957,213,401,8432,
110.48858005548894,90957,213,400,8433,
110.49288962977732,90956,214,400,8433,
110.5032704641801,90955,215,400,8433,
110.50796816999934,90955,215,399,8434,
110.51256282298255,90955,215,398,8435,
110.51742051961601,90955,214,399,8435,
110.52894557853242,90955,214,398,8436,
110.52978697859821,90954,215,398,8436,
110.54535067042886,90953,216,398,8436,
110.55840330513091,90952,217,398,8436,
110.56011802775191,90952,217,397,8437,
110.57258335838993,90952,216,398,8437,
110.57711370448285,90952,215,399,8437,
110.59218933244787,90952,215,398,8438,
110.59924560928533,90952,215,397,8439,
110.61203111363977,90952,215,396,8440,
110.63299915437874,90952,214,397,8440,
110.63410618729608,90952,213,398,8440,
110.63826644320288,90952,213,397,8441,
110.64319657148752,90952,213,396,8442,
110.65205854169571,90952,213,395,8443,
110.65737358564695,90952,212,396,8443,
110.65952388840387,90952,212,395,8444,
110.66073054119053,90952,211,396,8444,
110.67065892826943,90952,210,397,8444,
110.67078227303787,90951,211,397,8444,
110.69001598388124,90951,210,398,8444,
110.70004822370291,90951,210,397,8445,
110.70067455215465,90950,211,397,8445,
110.70756714307755,90949,212,397,8445,
110.71444696706698,90949,211,398,8445,
110.72084341276258,90949,210,399,8445,
110.72318362641053,90949,209,400,8445,
110.72339327046983,90949,208,401,8445,
110.72758533316542,90948,209,401,8445,
110.73181271479615,90947,210,401,8445,
110.74333317402572,90946,211,401,8445,
110.7627669155496,90946,210,402,8445,
110.76529507111249,90945,211,402,8445,
110.77411347473978,90944,212,402,8445,
110.77439488637567,90944,211,403,8445,
110.77551578283212,90943,212,403,8445,
110.77586950345565,90943,212,402,8446,
110.7833235164471,90943,212,401,8447,
110.7838267038859,90943,211,402,8447,
110.78726201144912,90942,212,402,8447,
110.78953517793812,90942,212,401,8448,
110.79218862003083,90941,213,401,8448,
110.79401676147693,90941,213,400,8449,
110.80390361764607,90940,214,400,8449,
110.80693368233415,90940,213,401,8449,
110.80952018260948,90940,212,402,8449,
110.81263958917833,90940,211,403,8449,
110.81338003557545,90940,210,404,8449,
110.8208894278851,90940,209,405,8449,
110.82305586628925,90939,210,405,8449,
110.82833972757498,90939,210,404,8450,
110.83485162195419,90939,209,405,8450,
110.8468401905526,90938,210,405,8450,
110.84912640553634,90937,211,405,8450,
110.85654137913443,90937,211,404,8451,
110.85803021051956,90937,211,403,8452,
110.85940198664576,90936,212,403,8452,
110.86256458200725,90936,212,402,8453,
110.86869346011764,90935,213,402,8453,
110.87726650514803,90935,213,401,8454,
110.88575323582867,90935,212,402,8454,
110.8891526753666,90935,211,403,8454,
110.89310116100827,90935,211,402,8455,
110.89475970209838,90935,210,403,8455,
110.89637385374053,90935,210,402,8456,
110.89842421467775,90935,210,401,8457,
110.91895980338424,90934,211,401,8457,
110.93383853136787,90934,211,400,8458,
110.94133020658373,90933,212,400,8458,
110.97491943596351,90933,211,401,8458,
110.97853753900324,90933,210,402,8458,
110.98565198754832,90933,210,401,8459,
110.99082825135727,90933,210,400,8460,
111.00976293559715,90933,209,401,8460,
111.0257666136192,90933,208,402,8460,
111.02805990734412,90932,209,402,8460,
111.02998085338062,90931,210,402,8460,
111.04482126410367,90931,209,403,8460,
111.0557536985576,90931,209,402,8461,
111.05945913172148,90930,210,402,8461,
111.06024436102607,90930,210,401,8462,
111.06674466771358,90930,209,402,8462,
111.0769868623251,90930,208,403,8462,
111.09025446149808,90930,207,404,8462,
111.09132137957073,90930,206,405,8462,
111.09665768853503,90930,206,404,8463,
111.10156384642107,90929,207,404,8463,
111.10337827203088,90929,206,405,8463,
111.10375245819684,90929,206,404,8464,
111.11827628142069,90928,207,404,8464,
111.11934230122226,90927,208,404,8464,
111.12267376860592,90927,208,403,8465,
111.13098455182522,90926,209,403,8465,
111.1394810054198,90925,210,403,8465,
111.14784278551726,90925,210,402,8466,
111.14916629828568,90925,210,401,8467,
111.15596564204188,90925,210,400,8468,
111.16404293167135,90925,210,399,8469,
111.17088686604629,90924,211,399,8469,
111.17300157998645,90924,210,400,8469,
111.17345700237104,90924,209,401,8469,
111.17872721820743,90924,208,402,8469,
111.18537982491756,90923,209,402,8469,
111.19758783895773,90923,208,403,8469,
111.1984234597317,90922,209,403,8469,
111.20647915382534,90921,210,403,8469,
111.21260712513933,90921,210,402,8470,
111.23601061664422,90921,210,401,8471,
111.27146850608483,90921,209,402,8471,
111.29207490489115,90921,209,401,8472,
111.29906380736226,90920,210,401,8472,
111.31092534467416,90919,211,401,8472,
111.32180003166988,90919,211,400,8473,
111.32737072135576,90919,210,401,8473,
111.3280584646909,90919,210,400,8474,
111.32861109103521,90919,210,399,8475,
111.34462590923474,90919,210,398,8476,
111.34610129204117,90918,211,398,8476,
111.35378651783648,90918,210,399,8476,
111.35772107275336,90918,209,400,8476,
111.37275032778764,90918,208,401,8476,
111.37398072638396,90918,207,402,8476,
111.37573377104157,90918,207,401,8477,
111.37661560441683,90917,208,401,8477,
111.3926493613217,90917,208,400,8478,
111.39717533495507,90916,209,400,8478,
111.39967384424173,90916,209,399,8479,
111.40627582929108,90916,208,400,8479,
111.41902682742662,90916,208,399,8480,
111.42039748442456,90915,209,399,8480,
111.42152542407564,90915,208,400,8480,
111.42908289073368,90915,208,399,8481,
111.43227715150738,90915,208,398,8482,
111.43344176374617,90915,208,397,8483,
111.44063884937239,90915,207,398,8483,
111.44585077119578,90914,208,398,8483,
111.4653445082948,90914,207,399,8483,
111.46750100697201,90914,207,398,8484,
111.48207404630398,90914,207,397,8485,
111.4883957279462,90914,207,396,8486,
111.4921163384783,90914,206,397,8486,
111.49648914981857,90914,206,396,8487,
111.50641228458767,90914,205,397,8487,
111.51180653652958,90914,205,396,8488,
111.51297004175191,90914,205,395,8489,
111.51341052728323,90914,205,394,8490,
111.52753046373698,90913,206,394,8490,
111.53360764442816,90912,207,394,8490,
111.53911482189429,90912,207,393,8491,
111.56106881790667,90912,206,394,8491,
111.56272511270822,90912,205,395,8491,
111.57755190732513,90912,205,394,8492,
111.5927666302575,90912,205,393,8493,
111.59805039513017,90911,206,393,8493,
111.59869003263498,90911,206,392,8494,
111.60092490087459,90911,206,391,8495,
111.60463463438913,90911,205,392,8495,
111.61607034488898,90911,205,391,8496,
111.62473007029726,90910,206,391,8496,
111.6309121801015,90910,205,392,8496,
111.63556990376927,90909,206,392,8496,
111.63691038625969,90908,207,392,8496,
111.64233371473753,90908,207,391,8497,
111.64473031885501,90907,208,391,8497,
111.6524221853499,90906,209,391,8497,
111.66102065164766,90905,210,391,8497,
111.6918987167507,90905,209,392,8497,
111.69517798360488,90905,209,391,8498,
111.69662151232178,90905,209,390,8499,
111.717766069236,90904,210,390,8499,
111.73659739275988,90904,210,389,8500,
111.74433962834951,90904,210,388,8501,
111.745449664387,90904,210,387,8502,
111.76569138023397,90904,209,388,8502,
111.76806742346827,90904,209,387,8503,
111.78556896919615,90903,210,387,8503,
111.78787315472576,90903,210,386,8504,
111.78885927977328,90903,209,387,8504,
111.79113672062238,90903,209,386,8505,
111.79376821354613,90903,208,387,8505,
111.79576525819827,90903,208,386,8506,
111.80814914873496,90902,209,386,8506,
111.8217879858849,90901,210,386,8506,
111.82729194969264,90901,210,385,8507,
111.8325530178073,90900,211,385,8507,
111.84504923617874,90900,210,386,8507,
111.84715774038668,90900,210,385,8508,
111.85605278323001,90900,209,386,8508,
111.87368527429686,90900,208,387,8508,
111.87973057918646,90900,207,388,8508,
111.88473466712028,90900,207,387,8509,
111.89397831055791,90900,206,388,8509,
111.89526547483074,90900,205,389,8509,
111.89550955463167,90900,205,388,8510,
111.89895316472153,90900,205,387,8511,
111.90529254063252,90900,205,386,8512,
111.93406558329528,90899,206,386,8512,
111.93484203799642,90899,206,385,8513,
111.93667593544545,90899,206,384,8514,
111.937831015467,90898,207,384,8514,
111.93850072731325,90898,207,383,8515,
111.93933489701233,90898,206,384,8515,
111.96849354210585,90897,207,384,8515,
111.97024418465942,90897,207,383,8516,
111.97116156959228,90897,207,382,8517,
112.00227478908067,90897,207,381,8518,
112.00760465240887,90897,207,380,8519,
112.01272526462246,90896,208,380,8519,
112.0151468237514,90896,208,379,8520,
112.02257927650248,90896,208,378,8521,
112.02553779595593,90896,207,379,8521,
112.03030585979815,90896,207,378,8522,
112.03284879926292,90895,208,378,8522,
112.03595743016334,90894,209,378,8522,
112.0419455877886,90894,208,379,8522,
112.05782633651955,90894,208,378,8523,
112.06421214615443,90894,208,377,8524,
112.0853933006162,90893,209,377,8524,
112.08702702146584,90893,209,376,8525,
112.09805988474139,90893,208,377,8525,
112.1031793483279,90892,209,377,8525,
112.11017975122806,90891,210,377,8525,
112.12063335717765,90890,211,377,8525,
112.14303546952618,90890,210,378,8525,
112.15689379216295,90889,211,378,8525,
112.16244697766726,90889,211,377,8526,
112.1632603646739,90888,212,377,8526,
112.18188020838089,90888,211,378,8526,
112.18469061404016,90887,212,378,8526,
112.20009615674309,90887,212,377,8527,
112.2044990047449,90886,213,377,8527,
112.21608196212938,90886,212,378,8527,
112.23963224221723,90886,212,377,8528,
112.23996601861981,90885,213,377,8528,
112.26054526226997,90885,213,376,8529,
112.27500291198226,90884,214,376,8529,
112.27829814307368,90884,213,377,8529,
112.27934025425543,90884,213,376,8530,
112.29892479028058,90884,213,375,8531,
112.31607697126977,90884,213,374,8532,
112.31759212328338,90884,213,373,8533,
112.3335504459211,90884,213,372,8534,
112.3368671397717,90884,213,371,8535,
112.33845299599459,90883,214,371,8535,
112.34703493577369,90883,213,372,8535,
112.34882669457151,90883,212,373,8535,
112.35339498306413,90883,212,372,8536,
112.37816959509524,90882,213,372,8536,
112.3799246605572,90882,213,371,8537,
112.38273093635556,90882,213,370,8538,
112.40910961016849,90881,214,370,8538,
112.41414953266016,90881,213,371,8538,
112.41991932709783,90880,214,371,8538,
112.42143712922805,90879,215,371,8538,
112.42161654094818,90879,215,370,8539,
112.43007205846786,90879,214,371,8539,
112.43319033398603,90878,215,371,8539,
112.44647350524127,90878,214,372,8539,
112.46489494897392,90878,213,373,8539,
112.46521123726778,90878,213,372,8540,
112.4670200682502,90878,213,371,8541,
112.46738100912142,90878,212,372,8541,
112.46807582470285,90877,213,372,8541,
112.4780775904853,90877,212,373,8541,
112.482929368007,90877,212,372,8542,
112.49452549306841,90877,212,371,8543,
112.49550306860087,90877,212,370,8544,
112.49938097048752,90877,211,371,8544,
112.50489121644313,90877,210,372,8544,
112.50985838463126,90877,210,371,8545,
112.514292938378,90877,210,370,8546,
112.5199432940644,90877,209,371,8546,
112.52161497827007,90877,208,372,8546,
112.52291028525062,90877,207,373,8546,
112.526843838735,90876,208,373,8546,
112.52738551293328,90875,209,373,8546,
112.52816994453298,90875,209,372,8547,
112.53264098831295,90875,209,371,8548,
112.53424135266215,90875,209,370,8549,
112.5385213875628,90875,208,371,8549,
112.53948723393415,90875,207,372,8549,
112.55321724839908,90875,206,373,8549,
112.55989216129926,90875,205,374,8549,
112.5616218182621,90874,206,374,8549,
112.5672441135954,90874,205,375,8549,
112.57537760673245,90873,206,375,8549,
112.58486154048407,90873,205,376,8549,
112.60143029651081,90873,204,377,8549,
112.60324708894004,90873,204,376,8550,
112.60890181380526,90873,203,377,8550,
112.61122829284037,90873,202,378,8550,
112.6204775850971,90873,202,377,8551,
112.6234233265221,90872,203,377,8551,
112.62492076454035,90872,203,376,8552,
112.63118700955229,90871,204,376,8552,
112.63600235214358,90871,203,377,8552,
112.64186982489505,90870,204,377,8552,
112.64852031316963,90869,205,377,8552,
112.65582307415033,90869,205,376,8553,
112.65883523901454,90869,204,377,8553,
112.66746234852056,90869,204,376,8554,
112.66886341112595,90869,203,377,8554,
112.69701272817011,90869,203,376,8555,
112.70661832480806,90869,202,377,8555,
112.72574837828608,90869,201,378,8555,
112.72692937398716,90869,200,379,8555,
112.73012307467697,90869,200,378,8556,
112.7414098215553,90869,199,379,8556,
112.75914833974524,90869,198,380,8556,
112.76687278358189,90868,199,380,8556,
112.77901428128564,90868,198,381,8556,
112.78915226945907,90868,198,380,8557,
112.79243185987134,90868,198,379,8558,
112.79790988355819,90868,197,380,8558,
112.82968683869584,90868,197,379,8559,
112.8381493309878,90867,198,379,8559,
112.83909283100022,90867,198,378,8560,
112.83963990988153,90867,198,377,8561,
112.85238461129182,90867,198,376,8562,
112.85294118621516,90866,199,376,8562,
112.85452756721935,90866,199,375,8563,
112.85577080138572,90866,198,376,8563,
112.86371786080926,90865,199,376,8563,
112.88508191342785,90865,199,375,8564,
112.88793995081116,90865,199,374,8565,
112.90047450298783,90865,198,375,8565,
112.90271325132835,90865,198,374,8566,
112.90432762634117,90865,197,375,8566,
112.9151018100599,90865,196,376,8566,
112.9166512993026,90865,196,375,8567,
112.92156888303282,90865,195,376,8567,
112.92622497117321,90865,195,375,8568,
112.93025729011106,90865,194,376,8568,
112.93443534666727,90865,193,377,8568,
112.93636296428619,90865,192,378,8568,
112.96604158465053,90865,192,377,8569,
112.97361965646118,90865,191,378,8569,
112.98372429042874,90865,191,377,8570,
112.99726603598506,90864,192,377,8570,
113.00226913742225,90864,192,376,8571,
113.01251589923712,90864,192,375,8572,
113.01539478429015,90864,192,374,8573,
113.04051420260268,90864,192,373,8574,
113.06929576787104,90864,191,374,8574,
113.07042625514404,90863,192,374,8574,
113.07744168458859,90862,193,374,8574,
113.08624658893956,90862,192,375,8574,
113.0886226890737,90862,192,374,8575,
113.08881259183437,90862,191,375,8575,
113.10517454842298,90862,191,374,8576,
113.10917683509635,90862,191,373,8577,
113.11166385560972,90862,190,374,8577,
113.11449426109522,90862,190,373,8578,
113.11466238576162,90861,191,373,8578,
113.12502595189994,90861,191,372,8579,
113.1301777460991,90861,191,371,8580,
113.16266294522995,90860,192,371,8580,
113.16876253753966,90860,191,372,8580,
113.18375440692049,90860,190,373,8580,
113.19017361224309,90860,189,374,8580,
113.20539949421595,90860,189,373,8581,
113.22530947099693,90860,188,374,8581,
113.22642379010765,90860,188,373,8582,
113.226869448151,90860,187,374,8582,
113.229400657468,90860,186,375,8582,
113.24820993650147,90860,186,374,8583,
113.26160330233873,90859,187,374,8583,
113.27013938158919,90858,188,374,8583,
113.29188158573123,90858,188,373,8584,
113.3064090215625,90858,188,372,8585,
113.31994085974185,90858,187,373,8585,
113.32969155749453,90858,187,372,8586,
113.3450464922135,90858,187,371,8587,
113.371296632618,90858,187,370,8588,
113.3735769843504,90858,186,371,8588,
113.39327033801652,90858,186,370,8589,
113.42009112603805,90858,185,371,8589,
113.42633902264527,90858,185,370,8590,
113.4302096152301,90858,185,369,8591,
113.43449809846854,90858,185,368,8592,
113.44337423160789,90858,184,369,8592,
113.46168180175141,90858,184,368,8593,
113.46558059158903,90857,185,368,8593,
113.46794050748005,90857,184,369,8593,
113.46888430672917,90857,184,368,8594,
113.47307070321168,90857,184,367,8595,
113.48927729932024,90857,183,368,8595,
113.4931871092989,90857,183,367,8596,
113.49327453847908,90856,184,367,8596,
113.49504392473952,90856,183,368,8596,
113.49563045022552,90856,183,367,8597,
113.5204756123295,90855,184,367,8597,
113.52098542967835,90855,184,366,8598,
113.52246967364661,90854,185,366,8598,
113.54631428443861,90854,185,365,8599,
113.55897085180146,90853,186,365,8599,
113.56213663314807,90853,186,364,8600,
113.56386695912624,90852,187,364,8600,
113.56739304032064,90852,187,363,8601,
113.5684209059327,90852,186,364,8601,
113.56900263735415,90852,186,363,8602,
113.57061317689931,90852,186,362,8603,
113.5785418534478,90852,185,363,8603,
113.5849884914725,90851,186,363,8603,
113.58911741560499,90851,185,364,8603,
113.5972338768257,90851,184,365,8603,
113.60981555668755,90851,184,364,8604,
113.61250583034192,90851,183,365,8604,
113.62355896836578,90851,182,366,8604,
113.63629194298528,90851,182,365,8605,
113.64876692786791,90851,181,366,8605,
113.65854025136221,90851,180,367,8605,
113.66461554685151,90850,181,367,8605,
113.68704387615892,90850,180,368,8605,
113.69065680085862,90850,180,367,8606,
113.70786249797183,90850,180,366,8607,
113.71484667434609,90850,180,365,8608,
113.72698537704628,90850,180,364,8609,
113.73231110536196,90850,180,363,8610,
113.74377020062636,90850,180,362,8611,
113.75853841787509,90850,180,361,8612,
113.7669584416821,90849,181,361,8612,
113.76706939432356,90849,180,362,8612,
113.7701974172563,90849,180,361,8613,
113.77328744059079,90849,180,360,8614,
113.77940515351551,90848,181,360,8614,
113.78693892807027,90848,180,361,8614,
113.79071548523459,90848,179,362,8614,
113.81194901119906,90848,179,361,8615,
113.82598306858748,90848,179,360,8616,
113.84197154012921,90848,179,359,8617,
113.86288029302855,90848,179,358,8618,
113.89360357344236,90848,179,357,8619,
113.89458400474422,90848,178,358,8619,
113.90439976552446,90848,178,357,8620,
113.93097485751235,90848,178,356,8621,
113.93784763781713,90848,177,357,8621,
113.96310942274508,90848,176,358,8621,
113.9657661475184,90847,177,358,8621,
113.96786228025434,90847,176,359,8621,
113.97656626810505,90847,175,360,8621,
113.97966187145911,90847,174,361,8621,
114.0006251547585,90847,174,360,8622,
114.03919762572619,90846,175,360,8622,
114.04684981088522,90846,175,359,8623,
114.04734252192125,90845,176,359,8623,
114.0499158704543,90845,176,358,8624,
114.05429212234233,90844,177,358,8624,
114.07058759594761,90843,178,358,8624,
114.08545932604187,90843,178,357,8625,
114.08774361594143,90843,177,358,8625,
114.09396818848197,90843,177,357,8626,
114.09423780402446,90843,176,358,8626,
114.09616974425165,90842,177,358,8626,
114.09749343927481,90842,177,357,8627,
114.11288669613094,90842,176,358,8627,
114.11366044518039,90842,176,357,8628,
114.11376798582313,90842,176,356,8629,
114.1177976703361,90842,175,357,8629,
114.12382173789166,90841,176,357,8629,
114.13246388548947,90840,177,357,8629,
114.13331920875518,90840,177,356,8630,
114.13661657694303,90839,178,356,8630,
114.15453111823197,90838,179,356,8630,
114.15974258001566,90838,178,357,8630,
114.17042051752637,90838,177,358,8630,
114.17354881770868,90838,176,359,8630,
114.18962871004516,90838,175,360,8630,
114.1984725427368,90838,175,359,8631,
114.21257702766081,90838,175,358,8632,
114.21698989591496,90838,175,357,8633,
114.22382323706515,90838,174,358,8633,
114.22426189858629,90837,175,358,8633,
114.25710910799702,90837,174,359,8633,
114.26146043731978,90836,175,359,8633,
114.264741872021,90836,175,358,8634,
114.267482851215,90836,175,357,8635,
114.28823404619573,90836,174,358,8635,
114.29113433137468,90835,175,358,8635,
114.30315978939433,90835,174,359,8635,
114.30641060712836,90834,175,359,8635,
114.3187382942971,90834,174,360,8635,
114.31878674388227,90834,173,361,8635,
114.32158360960221,90833,174,361,8635,
114.32650784575765,90833,173,362,8635,
114.332023745746,90833,173,361,8636,
114.33686226158866,90832,174,361,8636,
114.3370469323263,90831,175,361,8636,
114.33945654115664,90831,175,360,8637,
114.34721375226667,90831,175,359,8638,
114.35037446509185,90830,176,359,8638,
114.36754837575867,90830,176,358,8639,
114.37034375890843,90830,176,357,8640,
114.37285679326524,90830,175,358,8640,
114.3866975570902,90830,175,357,8641,
114.38679823398067,90830,175,356,8642,
114.39312218241375,90829,176,356,8642,
114.39758685593577,90828,177,356,8642,
114.39784629119197,90828,177,355,8643,
114.41985661586631,90828,177,354,8644,
114.42246460701315,90828,177,353,8645,
114.42525232790305,90828,176,354,8645,
114.42838800938182,90827,177,354,8645,
114.42936131305422,90827,176,355,8645,
114.44250111683434,90827,175,356,8645,
114.4434031027539,90827,174,357,8645,
114.45298462357363,90827,174,356,8646,
114.45727184900926,90827,174,355,8647,
114.4687913241624,90827,174,354,8648,
114.4998333817405,90826,175,354,8648,
114.51110658369299,90825,176,354,8648,
114.52858854377268,90825,176,353,8649,
114.54028373022365,90824,177,353,8649,
114.5426175390783,90823,178,353,8649,
114.55559032153943,90823,177,354,8649,
114.57359861402318,90823,176,355,8649,
114.58528307152343,90823,175,356,8649,
114.59418078616238,90823,174,357,8649,
114.60757373484782,90822,175,357,8649,
114.61275359527968,90821,176,357,8649,
114.61922086804955,90820,177,357,8649,
114.62687220937121,90820,176,358,8649,
114.6389101673694,90819,177,358,8649,
114.64495969101199,90819,177,357,8650,
114.66111610088959,90819,176,358,8650,
114.6765873940335,90819,175,359,8650,
114.67711062321621,90818,176,359,8650,
114.69817190230268,90818,176,358,8651,
114.71465743793587,90818,176,357,8652,
114.71585569010642,90817,177,357,8652,
114.73267890916424,90816,178,357,8652,
114.73587877877071,90816,178,356,8653,
114.74385684655405,90816,178,355,8654,
114.74485542363647,90816,178,354,8655,
114.74884263232647,90816,177,355,8655,
114.74900398180105,90816,176,356,8655,
114.76367575794794,90816,175,357,8655,
114.76944313126688,90816,174,358,8655,
114.7785660121653,90816,173,359,8655,
114.79396685066737,90816,173,358,8656,
114.79620625042048,90816,172,359,8656,
114.83000798273233,90816,171,360,8656,
114.83722012679345,90816,171,359,8657,
114.86959531321293,90816,171,358,8658,
114.87694241992301,90816,170,359,8658,
114.8833759141232,90816,169,360,8658,
114.88494805666798,90815,170,360,8658,
114.89661344868398,90815,170,359,8659,
114.90328729373712,90814,171,359,8659,
114.92480222141117,90813,172,359,8659,
114.93613802936488,90812,173,359,8659,
114.94434647004289,90812,172,360,8659,
114.95520829937783,90812,171,361,8659,
114.95851656592026,90812,171,360,8660,
114.9720626984305,90812,170,361,8660,
114.98452502715605,90811,171,361,8660,
114.99829111924771,90811,170,362,8660,
115.02691638891889,90811,169,363,8660,
115.03078154477348,90811,168,364,8660,
115.03430177389083,90811,167,365,8660,
115.04597253569634,90811,167,364,8661,
115.05449526233204,90811,167,363,8662,
115.05858099870593,90811,166,364,8662,
115.06977036346456,90810,167,364,8662,
115.07060581353568,90809,168,364,8662,
115.0741470617431,90809,167,365,8662,
115.07761224484949,90809,167,364,8663,
115.07807900074405,90809,166,365,8663,
115.08387247536373,90809,166,364,8664,
115.0873838520557,90809,166,363,8665,
115.09911328361235,90809,165,364,8665,
115.10349352863358,90809,164,365,8665,
115.1041658195594,90808,165,365,8665,
115.11438607099845,90808,165,364,8666,
115.12585471449796,90808,164,365,8666,
115.14273055737871,90807,165,365,8666,
115.14969962171097,90806,166,365,8666,
115.16648118357756,90806,166,364,8667,
115.18926174067212,90806,165,365,8667,
115.19869626520338,90806,165,364,8668,
115.20316581625812,90806,164,365,8668,
115.21331918183742,90806,164,364,8669,
115.22849029550375,90806,163,365,8669,
115.24123657775127,90805,164,365,8669,
115.25002336292596,90804,165,365,8669,
115.25033511161672,90803,166,365,8669,
115.2635388688519,90802,167,365,8669,
115.26428965630714,90802,167,364,8670,
115.29305858946526,90801,168,364,8670,
115.2935869671787,90801,168,363,8671,
115.30008573862628,90800,169,363,8671,
115.30823003914838,90799,170,363,8671,
115.32158161589263,90799,170,362,8672,
115.3350978585247,90798,171,362,8672,
115.35271766275173,90798,170,363,8672,
115.35681728803138,90798,169,364,8672,
115.3599456640413,90798,169,363,8673,
115.36058140422023,90797,170,363,8673,
115.36289346122894,90797,170,362,8674,
115.37975077075691,90797,170,361,8675,
115.38361835456905,90797,169,362,8675,
115.4007368389411,90797,168,363,8675,
115.41853802131749,90797,167,364,8675,
115.42069659027138,90797,167,363,8676,
115.43220089472646,90796,168,363,8676,
115.45564651336369,90795,169,363,8676,
115.46153689001758,90795,168,364,8676,
115.46724364052895,90795,168,363,8677,
115.46930875310164,90795,167,364,8677,
115.47892241256488,90795,167,363,8678,
115.4825678940876,90794,168,363,8678,
115.48326472659929,90793,169,363,8678,
115.50205811359135,90793,169,362,8679,
115.51054149343301,90793,168,363,8679,
115.5140407805878,90793,168,362,8680,
115.53167255536093,90792,169,362,8680,
115.53601320500402,90792,169,361,8681,
115.54412162013762,90792,168,362,8681,
115.54980222894224,90791,169,362,8681,
115.57194423007198,90790,170,362,8681,
115.58025163896306,90790,169,363,8681,
115.58082215724647,90790,169,362,8682,
115.58618015524274,90789,170,362,8682,
115.60049680108372,90789,170,361,8683,
115.60546864294895,90789,170,360,8684,
115.60551514135787,90789,169,361,8684,
115.61334204751066,90789,169,360,8685,
115.61512938873443,90788,170,360,8685,
115.6214948638384,90788,169,361,8685,
115.62328770086214,90788,169,360,8686,
115.62475142707359,90788,168,361,8686,
115.64150419863634,90787,169,361,8686,
115.64440283237909,90786,170,361,8686,
115.64915308292228,90786,170,360,8687,
115.66566946881633,90786,170,359,8688,
115.67777578406702,90785,171,359,8688,
115.67844850318016,90785,170,360,8688,
115.72405462611758,90785,169,361,8688,
115.72842472474858,90784,170,361,8688,
115.74708500980023,90784,170,360,8689,
115.74717801232919,90783,171,360,8689,
115.76767142957786,90783,170,361,8689,
115.77407792890759,90783,170,360,8690,
115.77865015380672,90783,170,359,8691,
115.78071962731246,90782,171,359,8691,
115.78227826945144,90782,171,358,8692,
115.78842202672135,90782,171,357,8693,
115.8032712126697,90781,172,357,8693,
115.80671998582429,90781,172,356,8694,
115.81191532498582,90781,171,357,8694,
115.81489022638948,90781,171,356,8695,
115.81898110618562,90780,172,356,8695,
115.81966438420525,90780,172,355,8696,
115.82564581903807,90780,172,354,8697,
115.83171872288978,90780,172,353,8698,
115.84695199905366,90780,171,354,8698,
115.86057137574261,90779,172,354,8698,
115.87824812940809,90778,173,354,8698,
115.87868179404799,90778,173,353,8699,
115.88423477536722,90777,174,353,8699,
115.8846200493505,90777,173,354,8699,
115.88760944968152,90777,173,353,8700,
115.91108398430785,90777,173,352,8701,
115.9123803092535,90777,172,353,8701,
115.91459218704708,90776,173,353,8701,
115.91727319751337,90775,174,353,8701,
115.92117822426732,90775,174,352,8702,
115.94290301951062,90774,175,352,8702,
115.96838997278275,90774,175,351,8703,
115.97380135832654,90774,175,350,8704,
115.97385615883235,90774,174,351,8704,
115.97714209909557,90774,174,350,8705,
115.98072948902217,90774,174,349,8706,
116.00001720896066,90774,174,348,8707,
116.00295090108634,90774,173,349,8707,
116.00998169764569,90774,173,348,8708,
116.01025443343056,90773,174,348,8708,
116.01113242521885,90772,175,348,8708,
116.011664736846,90772,175,347,8709,
116.01180975256727,90772,175,346,8710,
116.01909379434477,90771,176,346,8710,
116.03133334829272,90771,175,347,8710,
116.0361992587925,90770,176,347,8710,
116.04846272517511,90769,177,347,8710,
116.05053875387543,90768,178,347,8710,
116.05104591557347,90768,178,346,8711,
116.05323832638422,90767,179,346,8711,
116.06420129160838,90767,178,347,8711,
116.068703226049,90766,179,347,8711,
116.06957731640637,90765,180,347,8711,
116.0776463811959,90765,179,348,8711,
116.08584934009414,90765,179,347,8712,
116.09397033840128,90765,179,346,8713,
116.10675678566275,90765,179,345,8714,
116.10693393092419,90764,180,345,8714,
116.12410045868066,90764,179,346,8714,
116.12598492409498,90764,178,347,8714,
116.13806264803532,90764,178,346,8715,
116.15430467803716,90764,178,345,8716,
116.1569837869553,90763,179,345,8716,
116.16905388851362,90763,178,346,8716,
116.17059889261793,90762,179,346,8716,
116.17203082435483,90762,179,345,8717,
116.17423543911028,90762,178,346,8717,
116.17957474832747,90762,177,347,8717,
116.18858703962997,90762,176,348,8717,
116.19152779177824,90762,175,349,8717,
116.20523981702067,90762,174,350,8717,
116.20689052947878,90762,174,349,8718,
116.21451726987036,90761,175,349,8718,
116.21904440511241,90760,176,349,8718,
116.23332202176795,90759,177,349,8718,
116.26143748882942,90758,178,349,8718,
116.26522660645159,90758,177,350,8718,
116.26730258838302,90757,178,350,8718,
116.26913968721479,90756,179,350,8718,
116.27875289916815,90756,178,351,8718,
116.27988124134507,90755,179,351,8718,
116.28062020570607,90755,178,352,8718,
116.2876556467005,90755,177,353,8718,
116.2908962740731,90755,177,352,8719,
116.30054988237819,90754,178,352,8719,
116.3151144703618,90753,179,352,8719,
116.31553743887613,90753,179,351,8720,
116.31709842743845,90753,178,352,8720,
116.33006076551237,90752,179,352,8720,
116.34505028161499,90751,180,352,8720,
116.3593304427323,90751,180,351,8721,
116.37083035638321,90751,180,350,8722,
116.37229380722869,90751,180,349,8723,
116.38200580437396,90751,179,350,8723,
116.38345412146182,90751,178,351,8723,
116.38521588890538,90751,178,350,8724,
116.38738912160869,90751,178,349,8725,
116.39802280990506,90751,178,348,8726,
116.4041389215156,90750,179,348,8726,
116.40842499947817,90749,180,348,8726,
116.42683320242955,90749,180,347,8727,
116.44384414285418,90749,180,346,8728,
116.45182449772975,90748,181,346,8728,
116.46064038009189,90747,182,346,8728,
116.46253511431547,90746,183,346,8728,
116.4647105782573,90746,183,345,8729,
116.46978896674912,90745,184,345,8729,
116.4837668241797,90744,185,345,8729,
116.48671647759903,90744,185,344,8730,
116.50405947226807,90744,185,343,8731,
116.50566558005553,90744,184,344,8731,
116.5090695267055,90744,184,343,8732,
116.50917970304073,90744,184,342,8733,
116.5132536893141,90743,185,342,8733,
116.51604061104251,90743,184,343,8733,
116.5201974634009,90743,183,344,8733,
116.52710092747273,90743,183,343,8734,
116.52794739938477,90743,183,342,8735,
116.52810967408905,90743,182,343,8735,
116.55084761309973,90742,183,343,8735,
116.58031876770613,90742,182,344,8735,
116.59175383518976,90742,182,343,8736,
116.60013916064716,90742,182,342,8737,
116.60575573123785,90742,181,343,8737,
116.61666479035452,90741,182,343,8737,
116.62436351916364,90741,181,344,8737,
116.63287660255924,90741,180,345,8737,
116.63348347911554,90740,181,345,8737,
116.63693890932205,90740,180,346,8737,
116.65240921863327,90740,180,345,8738,
116.65307023157413,90739,181,345,8738,
116.65577471055605,90738,182,345,8738,
116.67755232394015,90738,182,344,8739,
116.67924922113636,90737,183,344,8739,
116.68010446236812,90737,182,345,8739,
116.68239982054604,90737,182,344,8740,
116.70393377271327,90737,182,343,8741,
116.7085429829744,90737,182,342,8742,
116.71632887115467,90737,182,341,8743,
116.72341666403989,90736,183,341,8743,
116.73467112951431,90735,184,341,8743,
116.73880245679555,90735,183,342,8743,
116.74298980049755,90735,182,343,8743,
116.74627853212701,90735,181,344,8743,
116.74752155984672,90734,182,344,8743,
116.77636946206857,90734,182,343,8744,
116.7884963820425,90734,181,344,8744,
116.79289313198768,90734,180,345,8744,
116.80695348660771,90734,179,346,8744,
116.81057768328108,90734,178,347,8744,
116.81342648518199,90734,178,346,8745,
116.81834267305987,90734,178,345,8746,
116.82821152600783,90734,177,346,8746,
116.86240527186294,90734,177,345,8747,
116.8679763084235,90734,176,346,8747,
116.86853867168332,90734,175,347,8747,
116.871368211656,90733,176,347,8747,
116.87478948595546,90733,175,348,8747,
116.91476209945506,90733,174,349,8747,
116.92345412287517,90733,174,348,8748,
116.9236714614535,90733,173,349,8748,
116.9268743157466,90733,172,350,8748,
116.92756129112493,90732,173,350,8748,
116.9333388364712,90732,173,349,8749,
116.93547669382244,90732,172,350,8749,
116.93831133287321,90732,171,351,8749,
116.94188511467559,90732,171,350,8750,
116.95225560791633,90732,170,351,8750,
116.95879831667125,90732,170,350,8751,
116.9727184866507,90731,171,350,8751,
116.98325813894547,90731,170,351,8751,
116.99059243499823,90731,170,350,8752,
117.00153532711494,90731,169,351,8752,
117.00378677587003,90731,169,350,8753,
117.01718264311933,90730,170,350,8753,
117.02163231063972,90730,170,349,8754,
117.02672603465709,90730,169,350,8754,
117.04996227001877,90730,168,351,8754,
117.05408819781906,90729,169,351,8754,
117.06239493086409,90729,169,350,8755,
117.06533979192466,90729,169,349,8756,
117.06979325149649,90729,169,348,8757,
117.0846708708543,90728,170,348,8757,
117.09105327529616,90728,169,349,8757,
117.09349180569578,90728,169,348,8758,
117.0936929830043,90728,169,347,8759,
117.10589428926866,90728,169,346,8760,
117.1093450508827,90728,168,347,8760,
117.12276507897306,90728,167,348,8760,
117.13000507196642,90728,167,347,8761,
117.16471182916959,90728,167,346,8762,
117.16963977982132,90727,168,346,8762,
117.19724613090574,90727,168,345,8763,
117.20029680742181,90727,167,346,8763,
117.21419861996151,90727,167,345,8764,
117.22113464597734,90726,168,345,8764,
117.23808966949468,90726,168,344,8765,
117.2448751360474,90726,168,343,8766,
117.24590291194278,90726,167,344,8766,
117.25998416189609,90726,166,345,8766,
117.26576119321422,90726,166,344,8767,
117.27171058005939,90725,167,344,8767,
117.2729649439461,90725,166,345,8767,
117.28570860250781,90724,167,345,8767,
117.2922053650247,90724,166,346,8767,
117.29322856356544,90724,165,347,8767,
117.29464536193794,90724,165,346,8768,
117.3020405359569,90724,164,347,8768,
117.31202027296214,90724,163,348,8768,
117.31762977481716,90724,163,347,8769,
117.31976046547595,90724,162,348,8769,
117.3268689199611,90724,161,349,8769,
117.32833043748198,90724,160,350,8769,
117.34233527023517,90724,160,349,8770,
117.35157934055837,90723,161,349,8770,
117.35589343928186,90723,161,348,8771,
117.36250835624244,90722,162,348,8771,
117.37240937858118,90722,161,349,8771,
117.37803549046518,90722,160,350,8771,
117.38749452106819,90722,160,349,8772,
117.39088397112795,90722,160,348,8773,
117.43074664029547,90722,160,347,8774,
117.44163644807836,90721,161,347,8774,
117.44928050517493,90721,160,348,8774,
117.45976405680813,90721,160,347,8775,
117.4734722446172,90721,159,348,8775,
117.47395157135068,90720,160,348,8775,
117.48318128337164,90720,159,349,8775,
117.49518981127883,90720,159,348,8776,
117.49945879258664,90720,159,347,8777,
117.5052006329417,90719,160,347,8777,
117.50636189006457,90718,161,347,8777,
117.51521049581675,90717,162,347,8777,
117.54388759170806,90717,162,346,8778,
117.54618597996028,90717,161,347,8778,
117.55522993068811,90717,161,346,8779,
117.56186579417735,90717,160,347,8779,
117.56686922485537,90717,159,348,8779,
117.56930194931999,90717,159,347,8780,
117.57385050562888,90716,160,347,8780,
117.5740711459643,90716,159,348,8780,
117.57798065951525,90716,158,349,8780,
117.5788387013661,90716,158,348,8781,
117.58448327224235,90716,158,347,8782,
117.59421921065223,90716,157,348,8782,
117.60880120048861,90716,156,349,8782,
117.61038178685584,90716,156,348,8783,
117.61321460340835,90716,156,347,8784,
117.61915642136836,90716,155,348,8784,
117.62058792738844,90716,155,347,8785,
117.62219788900825,90716,154,348,8785,
117.62466021203394,90716,154,347,8786,
117.637080017991,90716,154,346,8787,
117.6440388843981,90716,153,347,8787,
117.64488143969098,90715,154,347,8787,
117.64936695418157,90715,154,346,8788,
117.67311715489001,90715,153,347,8788,
117.68300238246655,90714,154,347,8788,
117.68483503791802,90714,153,348,8788,
117.69796261608516,90713,154,348,8788,
117.7099499092374,90712,155,348,8788,
117.7150314960592,90711,156,348,8788,
117.71990496019393,90711,156,347,8789,
117.73345294617627,90711,156,346,8790,
117.75851733756383,90711,156,345,8791,
117.76102482660363,90711,155,346,8791,
117.7711770509928,90711,154,347,8791,
117.7752256258218,90711,154,346,8792,
117.79731032807044,90710,155,346,8792,
117.82373487408648,90710,154,347,8792,
117.84684799199084,90710,154,346,8793,
117.84917702782863,90709,155,346,8793,
117.86109453681073,90709,154,347,8793,
117.88326161871208,90709,153,348,8793,
117.88366169071782,90708,154,348,8793,
117.89056005915052,90708,154,347,8794,
117.8956083610691,90708,154,346,8795,
117.90350615367507,90707,155,346,8795,
117.92431511199683,90707,155,345,8796,
117.94511918514962,90707,154,346,8796,
117.9600977862998,90707,153,347,8796,
117.96736594880605,90706,154,347,8796,
117.96796692983588,90706,153,348,8796,
117.97025404721322,90705,154,348,8796,
117.98438758076901,90705,154,347,8797,
117.9915654921486,90705,153,348,8797,
117.99995566665845,90704,154,348,8797,
118.02863939622077,90704,154,347,8798,
118.0508840097562,90704,153,348,8798,
118.05196355380806,90704,153,347,8799,
118.06538888399584,90704,153,346,8800,
118.07310714819758,90704,153,345,8801,
118.09074842159234,90704,153,344,8802,
118.09540270662586,90703,154,344,8802,
118.09563653091874,90702,155,344,8802,
118.1054139892305,90702,155,343,8803,
118.11187740374427,90701,156,343,8803,
118.11257396269698,90701,156,342,8804,
118.11609209188106,90700,157,342,8804,
118.12379655403691,90699,158,342,8804,
118.13090239974585,90699,157,343,8804,
118.1394030707325,90699,157,342,8805,
118.16171686751409,90699,157,341,8806,
118.1662147895126,90699,157,340,8807,
118.174997936132,90698,158,340,8807,
118.17588287978543,90697,159,340,8807,
118.1960317167329,90697,158,341,8807,
118.19759053241955,90697,158,340,8808,
118.20393631526841,90697,157,341,8808,
118.22113429911616,90697,157,340,8809,
118.22264814031621,90697,156,341,8809,
118.24697725293532,90697,156,340,8810,
118.2501113047582,90697,156,339,8811,
118.27428162334604,90696,157,339,8811,
118.27976658623572,90695,158,339,8811,
118.29789485046322,90695,157,340,8811,
118.34241686839965,90694,158,340,8811,
118.35075640410116,90694,158,339,8812,
118.35173615081416,90693,159,339,8812,
118.37921245264948,90693,158,340,8812,
118.40092250032637,90693,158,339,8813,
118.41184117715619,90693,158,338,8814,
118.41884203128882,90692,159,338,8814,
118.42038595960574,90691,160,338,8814,
118.42885456552202,90691,160,337,8815,
118.429793586459,90690,161,337,8815,
118.4472937412306,90690,161,336,8816,
118.45979638197971,90689,162,336,8816,
118.46698916876613,90689,161,337,8816,
118.4756182025053,90689,161,336,8817,
118.48115077993234,90689,160,337,8817,
118.4844536737993,90688,161,337,8817,
118.48976732120812,90688,160,338,8817,
118.50049796001426,90688,160,337,8818,
118.51692118421113,90688,160,336,8819,
118.52546944700555,90688,160,335,8820,
118.53112850900811,90688,160,334,8821,
118.5440645056787,90688,160,333,8822,
118.54804559450878,90688,160,332,8823,
118.55047720751278,90688,159,333,8823,
118.57205291593368,90688,158,334,8823,
118.57873135893064,90688,158,333,8824,
118.57919269008161,90687,159,333,8824,
118.58052558731723,90687,159,332,8825,
118.59230126380635,90687,158,333,8825,
118.60306814957471,90687,157,334,8825,
118.6260923410523,90687,157,333,8826,
118.63265746940237,90687,157,332,8827,
118.63503706734824,90686,158,332,8827,
118.64251744228957,90686,157,333,8827,
118.65694091368636,90685,158,333,8827,
118.66160562284068,90684,159,333,8827,
118.68084275631037,90684,158,334,8827,
118.68752373453006,90684,158,333,8828,
118.69184140425901,90683,159,333,8828,
118.69214435396364,90683,159,332,8829,
118.71308237615699,90683,158,333,8829,
118.71832672831604,90682,159,333,8829,
118.72446809740725,90682,158,334,8829,
118.73858456193244,90682,158,333,8830,
118.75203547666445,90682,158,332,8831,
118.75380665792554,90682,158,331,8832,
118.75777618580611,90681,159,331,8832,
118.75814574002709,90681,158,332,8832,
118.7648560885986,90680,159,332,8832,
118.77596743931838,90680,159,331,8833,
118.78585220605686,90680,158,332,8833,
118.82658995688729,90680,158,331,8834,
118.84147424957024,90680,158,330,8835,
118.85666403325146,90680,158,329,8836,
118.8632265781171,90680,158,328,8837,
118.86339239338832,90680,158,327,8838,
118.88359993796317,90680,158,326,8839,
118.89655338831437,90680,158,325,8840,
118.90244717818575,90679,159,325,8840,
118.91272126472191,90679,159,324,8841,
118.91667563972837,90678,160,324,8841,
118.9340664645429,90677,161,324,8841,
118.94301115261067,90677,161,323,8842,
118.95228311158343,90677,161,322,8843,
118.95269941869353,90677,160,323,8843,
118.96496360681863,90676,161,323,8843,
118.97563240426902,90676,161,322,8844,
118.98884624460175,90676,161,321,8845,
118.99875955216572,90676,161,320,8846,
118.99975099644234,90676,160,321,8846,
119.00564487704386,90676,160,320,8847,
119.00602603634351,90676,160,319,8848,
119.00921352214351,90675,161,319,8848,
119.01981926134306,90674,162,319,8848,
119.0242748509761,90673,163,319,8848,
119.02706358049178,90673,163,318,8849,
119.04368098677682,90673,163,317,8850,
119.04864818474422,90673,163,316,8851,
119.05207873626676,90673,163,315,8852,
119.05329402270402,90673,163,314,8853,
119.05463051911235,90673,163,313,8854,
119.06237612651663,90673,162,314,8854,
119.06693798267227,90673,161,315,8854,
119.07972355522841,90672,162,315,8854,
119.08416339054449,90671,163,315,8854,
119.11565832040895,90671,163,314,8855,
119.1161603661642,90670,164,314,8855,
119.11976821802403,90670,164,313,8856,
119.12030626015945,90670,163,314,8856,
119.138568367359,90670,162,315,8856,
119.15141915614794,90670,162,314,8857,
119.15305158548037,90670,162,313,8858,
119.17016610406719,90670,161,314,8858,
119.19281097851541,90670,160,315,8858,
119.19293366751765,90669,161,315,8858,
119.20574165081987,90669,160,316,8858,
119.21050522894208,90669,160,315,8859,
119.23864836206516,90669,159,316,8859,
119.24065444796452,90669,158,317,8859,
119.25768988965083,90669,157,318,8859,
119.26507029343941,90669,156,319,8859,
119.290220914576,90669,155,320,8859,
119.2954261262831,90668,156,320,8859,
119.32438980399661,90668,156,319,8860,
119.33998742203025,90667,157,319,8860,
119.3461592507523,90667,157,318,8861,
119.34980638577215,90667,157,317,8862,
119.36723008299668,90667,157,316,8863,
119.37023745653195,90667,157,315,8864,
119.39814554742784,90667,156,316,8864,
119.39819438742722,90667,155,317,8864,
119.41218231636643,90667,154,318,8864,
119.42276637610752,90667,153,319,8864,
119.42478671770999,90667,153,318,8865,
119.44608994133162,90667,152,319,8865,
119.46745053303792,90667,152,318,8866,
119.48257341973928,90666,153,318,8866,
119.49685377107897,90666,152,319,8866,
119.51613688295151,90666,152,318,8867,
119.52730529381745,90665,153,318,8867,
119.5517767172488,90665,153,317,8868,
119.56643186544568,90665,152,318,8868,
119.56778565220645,90665,151,319,8868,
119.57776010601887,90665,150,320,8868,
119.5786870894105,90665,150,319,8869,
119.57878892772516,90665,149,320,8869,
119.5921449890053,90665,148,321,8869,
119.59980258724545,90665,147,322,8869,
119.60528492191347,90665,146,323,8869,
119.63752816003958,90665,146,322,8870,
119.64367038137596,90664,147,322,8870,
119.6535205927618,90664,147,321,8871,
119.65454097412325,90664,146,322,8871,
119.6647217395107,90664,146,321,8872,
119.67122272083887,90664,145,322,8872,
119.70481747078529,90664,144,323,8872,
119.72473808808428,90664,144,322,8873,
119.72643942735047,90663,145,322,8873,
119.74288323386827,90662,146,322,8873,
119.752512452909,90662,146,321,8874,
119.75672752539361,90661,147,321,8874,
119.75798745841092,90661,147,320,8875,
119.76203724932608,90661,146,321,8875,
119.77393854251261,90660,147,321,8875,
119.80265208857415,90660,146,322,8875,
119.80520190274743,90659,147,322,8875,
119.85545896147647,90659,147,321,8876,
119.86750846104906,90658,148,321,8876,
119.88423634422278,90658,148,320,8877,
119.9232573971477,90657,149,320,8877,
119.94188651873066,90657,149,319,8878,
119.95624952098532,90657,148,320,8878,
119.98015808484914,90657,148,319,8879,
119.98616931733014,90657,147,320,8879,
119.9873229439554,90657,146,321,8879,
120.00463567648961,90657,145,322,8879,
120.00995243151795,90657,145,321,8880,
120.01581937023676,90657,145,320,8881,
120.03347984901606,90656,146,320,8881,
120.03567427281104,90656,146,319,8882,
120.03577712119699,90655,147,319,8882,
120.05648741624563,90655,147,318,8883,
120.09593717409422,90655,147,317,8884,
120.10683985843781,90655,146,318,8884,
120.11952023356602,90655,145,319,8884,
120.11994100836418,90655,145,318,8885,
120.13991183978877,90654,146,318,8885,
120.15801155744418,90654,145,319,8885,
120.1851522697238,90653,146,319,8885,
120.19395892992787,90653,146,318,8886,
120.20005232765627,90653,145,319,8886,
120.21249998770352,90653,145,318,8887,
120.21763218892849,90653,144,319,8887,
120.22148623421788,90653,143,320,8887,
120.22491798568379,90652,144,320,8887,
120.24800133699068,90652,144,319,8888,
120.25220376419514,90652,144,318,8889,
120.26331950317314,90652,143,319,8889,
120.26686367949506,90652,143,318,8890,
120.27986352454985,90652,142,319,8890,
120.28825747384258,90651,143,319,8890,
120.29803339377577,90651,143,318,8891,
120.29900166467795,90651,142,319,8891,
120.31324466811674,90650,143,319,8891,
120.32805757351804,90649,144,319,8891,
120.33586016264834,90648,145,319,8891,
120.34604018003233,90648,144,320,8891,
120.34652303528682,90648,144,319,8892,
120.37717196771536,90648,144,318,8893,
120.3983769683851,90648,144,317,8894,
120.3991591749668,90648,143,318,8894,
120.41173380145864,90648,143,317,8895,
120.41601693310122,90648,143,316,8896,
120.4188693665142,90648,142,317,8896,
120.47454381549088,90648,142,316,8897,
120.48366060204631,90648,141,317,8897,
120.48421327329865,90648,141,316,8898,
120.48528810324731,90648,141,315,8899,
120.48666256666979,90648,140,316,8899,
120.4874791316692,90648,139,317,8899,
120.48983527522927,90648,139,316,8900,
120.49330610676208,90648,139,315,8901,
120.5014561288483,90647,140,315,8901,
120.51192475004154,90646,141,315,8901,
120.53621353807068,90646,140,316,8901,
120.57906756117026,90645,141,316,8901,
120.5963942624129,90644,142,316,8901,
120.60102781559775,90644,141,317,8901,
120.62530929077215,90644,140,318,8901,
120.62667189784486,90644,139,319,8901,
120.63194435494688,90643,140,319,8901,
120.63679903308665,90643,140,318,8902,
120.63724433223078,90642,141,318,8902,
120.64586279799323,90642,141,317,8903,
120.64741211298579,90642,140,318,8903,
120.66589003859323,90641,141,318,8903,
120.67299964039151,90641,141,317,8904,
120.67310048808122,90641,141,316,8905,
120.68498184452017,90641,141,315,8906,
120.69571398440294,90641,140,316,8906,
120.70182828304931,90641,140,315,8907,
120.72666077913004,90641,139,316,8907,
120.73026212334639,90641,139,315,8908,
120.7405071553068,90641,138,316,8908,
120.74344030961942,90641,137,317,8908,
120.76892185492594,90641,136,318,8908,
120.78002872119356,90641,136,317,8909,
120.792231508154,90641,135,318,8909,
120.79518412438424,90640,136,318,8909,
120.81107403843026,90640,135,319,8909,
120.81614388290689,90640,134,320,8909,
120.81808364635145,90640,134,319,8910,
120.81957257834281,90639,135,319,8910,
120.82392466974966,90639,134,320,8910,
120.83486972440059,90639,133,321,8910,
120.85485838108275,90639,133,320,8911,
120.86279491592106,90639,133,319,8912,
120.86477740882776,90638,134,319,8912,
120.86985433176301,90638,133,320,8912,
120.87041719042156,90638,132,321,8912,
120.89960337220879,90638,131,322,8912,
120.90543709360358,90638,131,321,8913,
120.9180865322123,90638,130,322,8913,
120.95466634750869,90638,130,321,8914,
120.95595633858872,90637,131,321,8914,
120.9612502835268,90637,130,322,8914,
120.96258388577132,90637,130,321,8915,
120.96775133362502,90637,129,322,8915,
120.96906045874647,90637,128,323,8915,
120.97842552010366,90636,129,323,8915,
120.9904738328087,90636,128,324,8915,
121.03337586504529,90636,128,323,8916,
121.040721987583,90636,127,324,8916,
121.04413072197619,90635,128,324,8916,
121.05974913560041,90634,129,324,8916,
121.07435552104926,90633,130,324,8916,
121.08910003842635,90632,131,324,8916,
121.0927622355409,90632,131,323,8917,
121.12656460779252,90632,130,324,8917,
121.13013347403202,90632,129,325,8917,
121.13830337945612,90631,130,325,8917,
121.14051425617473,90631,130,324,8918,
121.14679051386665,90631,130,323,8919,
121.15505761381934,90631,129,324,8919,
121.16258350553045,90631,128,325,8919,
121.193498496822,90631,128,324,8920,
121.19999595979178,90630,129,324,8920,
121.20070843829208,90629,130,324,8920,
121.20642852387695,90629,129,325,8920,
121.20902193565391,90629,129,324,8921,
121.26942399370597,90629,128,325,8921,
121.27986987440906,90629,127,326,8921,
121.2881395679907,90629,127,325,8922,
121.29148193393704,90629,127,324,8923,
121.30674059494638,90629,126,325,8923,
121.30794475197428,90629,126,324,8924,
121.30974833954241,90629,126,323,8925,
121.32184104049409,90629,126,322,8926,
121.32385278943761,90629,125,323,8926,
121.33918993146247,90629,125,322,8927,
121.33986552725491,90629,124,323,8927,
121.34548391647817,90629,124,322,8928,
121.35634830457434,90628,125,322,8928,
121.36640921561067,90628,125,321,8929,
121.38804981836111,90627,126,321,8929,
121.39456395712426,90627,126,320,8930,
121.39755554217734,90627,126,319,8931,
121.4080242631725,90627,126,318,8932,
121.42378381929441,90627,125,319,8932,
121.43414756104852,90627,124,320,8932,
121.43895681589984,90626,125,320,8932,
121.44732061719219,90625,126,320,8932,
121.46881389607225,90625,126,319,8933,
121.47316925253102,90625,125,320,8933,
121.48776051138455,90624,126,320,8933,
121.53596977299239,90623,127,320,8933,
121.53849676506687,90622,128,320,8933,
121.5429566928336,90622,127,321,8933,
121.55127083474946,90622,126,322,8933,
121.55453265216053,90622,125,323,8933,
121.56481735044602,90621,126,323,8933,
121.5765477961586,90620,127,323,8933,
121.58657677416275,90619,128,323,8933,
121.59584772057013,90618,129,323,8933,
121.60371273521835,90618,128,324,8933,
121.62457562302438,90618,128,323,8934,
121.62871617820826,90618,127,324,8934,
121.6325262458763,90618,127,323,8935,
121.63526256838617,90618,126,324,8935,
121.6362094605544,90618,126,323,8936,
121.6442696955508,90617,127,323,8936,
121.66226585977904,90617,126,324,8936,
121.67428661735312,90617,126,323,8937,
121.68330942416512,90616,127,323,8937,
121.68689191311142,90615,128,323,8937,
121.72549917855352,90615,128,322,8938,
121.75447183471468,90615,128,321,8939,
121.76846998560447,90614,129,321,8939,
121.77241075733542,90614,129,320,8940,
121.7815848746094,90614,129,319,8941,
121.78912093010462,90613,130,319,8941,
121.79075795562747,90613,130,318,8942,
121.79421138946287,90613,129,319,8942,
121.80024762724264,90612,130,319,8942,
121.81951181980966,90612,130,318,8943,
121.81957920371764,90611,131,318,8943,
121.81996421181708,90611,131,317,8944,
121.82865049539677,90610,132,317,8944,
121.83239284159541,90610,132,316,8945,
121.84216724685334,90609,133,316,8945,
121.84808731458395,90608,134,316,8945,
121.85090844194531,90607,135,316,8945,
121.85711618856521,90607,134,317,8945,
121.85813950836925,90606,135,317,8945,
121.8693303637279,90606,134,318,8945,
121.87672124333619,90606,133,319,8945,
121.88175441847378,90606,133,318,8946,
121.88461560887279,90606,133,317,8947,
121.89306334439314,90606,133,316,8948,
121.90027274885568,90606,132,317,8948,
121.90062486344641,90606,131,318,8948,
121.90755262792308,90606,130,319,8948,
121.91317685840261,90605,131,319,8948,
121.92533562978772,90604,132,319,8948,
121.9311245955262,90604,132,318,8949,
121.93815095275826,90604,132,317,8950,
121.97836270165777,90604,131,318,8950,
121.97917503666312,90604,131,317,8951,
121.98503505306829,90603,132,317,8951,
122.0146480123147,90603,131,318,8951,
122.02656168451122,90603,131,317,8952,
122.02832240313066,90602,132,317,8952,
122.04263257345067,90602,132,316,8953,
122.05486294146982,90602,132,315,8954,
122.072741712576,90601,133,315,8954,
122.0813949660494,90601,133,314,8955,
122.08273895296205,90601,133,313,8956,
122.11259678689262,90600,134,313,8956,
122.11273946858483,90600,133,314,8956,
122.11853569414225,90599,134,314,8956,
122.11892433102912,90598,135,314,8956,
122.12509490044326,90597,136,314,8956,
122.1265973756559,90597,135,315,8956,
122.13842796190082,90596,136,315,8956,
122.17026384974164,90595,137,315,8956,
122.18616520693615,90594,138,315,8956,
122.18775406931113,90594,137,316,8956,
122.19187426300934,90594,136,317,8956,
122.19854230539065,90593,137,317,8956,
122.20316019631761,90593,137,316,8957,
122.20772970131154,90592,138,316,8957,
122.22048600593669,90592,138,315,8958,
122.22935594806899,90591,139,315,8958,
122.22952564912674,90591,138,316,8958,
122.23051371665557,90590,139,316,8958,
122.2470108697164,90589,140,316,8958,
122.2534063087895,90589,140,315,8959,
122.26308742444135,90589,140,314,8960,
122.26579285503678,90588,141,314,8960,
122.26626954752206,90588,141,313,8961,
122.28206928759121,90587,142,313,8961,
122.28992283820975,90587,141,314,8961,
122.29132495739933,90586,142,314,8961,
122.31031701580264,90586,141,315,8961,
122.33265447876894,90586,140,316,8961,
122.33643297743566,90585,141,316,8961,
122.36257857882467,90585,140,317,8961,
122.36418622393117,90585,140,316,8962,
122.36787822776273,90585,139,317,8962,
122.37516418974724,90585,139,316,8963,
122.37755984476297,90585,139,315,8964,
122.37953465084436,90585,138,316,8964,
122.40125021163081,90585,137,317,8964,
122.40787156899563,90584,138,317,8964,
122.409136133906,90583,139,317,8964,
122.40975638008771,90583,139,316,8965,
122.41564391343778,90583,139,315,8966,
122.4170265446956,90583,139,314,8967,
122.46376326982954,90583,139,313,8968,
122.46659268275351,90582,140,313,8968,
122.4915122986366,90581,141,313,8968,
122.50754683085287,90581,141,312,8969,
122.5182529396258,90581,140,313,8969,
122.5253811011716,90581,139,314,8969,
122.53314958973542,90581,139,313,8970,
122.53359866297586,90581,139,312,8971,
122.55276143901392,90581,139,311,8972,
122.55408693742339,90580,140,311,8972,
122.58215685186391,90580,140,310,8973,
122.58629334796518,90579,141,310,8973,
122.59334394722222,90579,140,311,8973,
122.59758202298448,90579,140,310,8974,
122.60626116687803,90579,139,311,8974,
122.63029349992073,90579,138,312,8974,
122.64536393066129,90579,138,311,8975,
122.6527584837107,90578,139,311,8975,
122.66747358655246,90578,139,310,8976,
122.68375743358632,90578,138,311,8976,
122.6883959462483,90578,137,312,8976,
122.70380440022137,90578,136,313,8976,
122.71488101157667,90578,135,314,8976,
122.77197421478411,90578,134,315,8976,
122.7868574454339,90578,133,316,8976,
122.80622068028524,90577,134,316,8976,
122.80793755757475,90577,133,317,8976,
122.81503994039244,90576,134,317,8976,
122.81890556803393,90576,134,316,8977,
122.838810600568,90576,133,317,8977,
122.84032951498273,90575,134,317,8977,
122.84543739359637,90574,135,317,8977,
122.8517806369141,90573,136,317,8977,
122.86633123478194,90573,136,316,8978,
122.86713611876783,90573,135,317,8978,
122.86713611876783,90573,135,317,8978,
122.87084902896999,90573,134,318,8978,
122.87558669915681,90573,134,317,8979,
122.88066801103099,90572,135,317,8979,
122.88525156767334,90572,134,318,8979,
122.90041597796179,90572,133,319,8979,
122.90627096359302,90572,133,318,8980,
122.90780286651268,90571,134,318,8980,
122.91346178248592,90571,134,317,8981,
122.92750178156624,90571,134,316,8982,
122.93397767870024,90570,135,316,8982,
122.9391838312187,90570,135,315,8983,
122.94327091783668,90569,136,315,8983,
122.94994258557496,90569,136,314,8984,
122.95154490518472,90569,136,313,8985,
122.95271071264585,90569,135,314,8985,
122.9728612579088,90569,135,313,8986,
123.00200164325909,90569,134,314,8986,
123.00339006793688,90569,133,315,8986,
123.01781308289237,90568,134,315,8986,
123.0446340855145,90567,135,315,8986,
123.0555476308212,90567,135,314,8987,
123.06796170803241,90566,136,314,8987,
123.0682676586643,90566,136,313,8988,
123.07514305609975,90566,136,312,8989,
123.07837770762312,90566,135,313,8989,
123.08011764910735,90565,136,313,8989,
123.08879449517757,90564,137,313,8989,
123.08907747990371,90564,137,312,8990,
123.0933911866373,90564,136,313,8990,
123.09568466530895,90564,136,312,8991,
123.10030848757641,90563,137,312,8991,
123.1043654624258,90563,136,313,8991,
123.1322056737516,90563,136,312,8992,
123.16562121231225,90562,137,312,8992,
123.19210908915234,90562,137,311,8993,
123.1939750597995,90561,138,311,8993,
123.21203650495511,90561,138,310,8994,
123.21694946774757,90561,138,309,8995,
123.22683202843864,90560,139,309,8995,
123.2273063388958,90560,139,308,8996,
123.22763598745254,90560,139,307,8997,
123.228393079769,90560,138,308,8997,
123.2388559680009,90560,138,307,8998,
123.24214129855633,90559,139,307,8998,
123.27487459191819,90559,138,308,8998,
123.28803882905916,90558,139,308,8998,
123.28871323894444,90558,139,307,8999,
123.29729712642548,90557,140,307,8999,
123.29777550065702,90556,141,307,8999,
123.32211868089112,90556,140,308,8999,
123.33246742957088,90555,141,308,8999,
123.3380706055136,90555,141,307,9000,
123.35919544280743,90555,140,308,9000,
123.38569691470781,90555,139,309,9000,
123.39223660942265,90554,140,309,9000,
123.39300091379289,90554,140,308,9001,
123.39466249310223,90554,139,309,9001,
123.39676394042073,90554,138,310,9001,
123.40191043105305,90554,137,311,9001,
123.41062102915653,90554,137,310,9002,
123.41133749038731,90554,136,311,9002,
123.42523086600958,90554,135,312,9002,
123.44899134210452,90554,135,311,9003,
123.46843770292683,90553,136,311,9003,
123.47373841989356,90553,136,310,9004,
123.47731509148377,90552,137,310,9004,
123.488416909929,90552,137,309,9005,
123.49459847915,90552,137,308,9006,
123.519640432313,90552,137,307,9007,
123.5283051324105,90551,138,307,9007,
123.53617024886042,90551,138,306,9008,
123.53794414101449,90551,137,307,9008,
123.54254077717314,90551,137,306,9009,
123.54402559260728,90551,136,307,9009,
123.56231127320346,90551,136,306,9010,
123.56411948920164,90550,137,306,9010,
123.64367683467049,90550,137,305,9011,
123.68961335676228,90549,138,305,9011,
123.69126481429358,90549,138,304,9012,
123.7037025203034,90549,138,303,9013,
123.7220143188178,90548,139,303,9013,
123.72312478292021,90548,138,304,9013,
123.72542407339247,90548,138,303,9014,
123.72759693012951,90548,138,302,9015,
123.73061197532407,90547,139,302,9015,
123.76144525504068,90546,140,302,9015,
123.77292698106434,90545,141,302,9015,
123.77867207219639,90545,141,301,9016,
123.78360865518852,90544,142,301,9016,
123.82633569400387,90544,142,300,9017,
123.82991573927376,90544,142,299,9018,
123.85641678258203,90544,142,298,9019,
123.86619479373186,90544,142,297,9020,
123.86912831007072,90543,143,297,9020,
123.88525435908875,90543,142,298,9020,
123.89837799387033,90543,142,297,9021,
123.90786544384959,90542,143,297,9021,
123.94839949609273,90542,143,296,9022,
123.94910044290164,90542,142,297,9022,
123.95387502281505,90542,142,296,9023,
123.98568411660716,90541,143,296,9023,
124.00246274496186,90541,143,295,9024,
124.0171441118107,90541,143,294,9025,
124.03872700039668,90541,143,293,9026,
124.04518343584638,90541,142,294,9026,
124.08078725107057,90541,141,295,9026,
124.08651696150243,90540,142,295,9026,
124.09547601041858,90540,142,294,9027,
124.11062309927426,90540,141,295,9027,
124.12335129697925,90539,142,295,9027,
124.12596959543067,90539,142,294,9028,
124.13139247910676,90538,143,294,9028,
124.13600424403727,90537,144,294,9028,
124.13716437881405,90537,143,295,9028,
124.13771918124634,90536,144,295,9028,
124.14072096914592,90535,145,295,9028,
124.16205530430192,90535,145,294,9029,
124.17004297416543,90534,146,294,9029,
124.20531513907662,90534,145,295,9029,
124.20687085866832,90534,145,294,9030,
124.22988100423903,90534,144,295,9030,
124.23398306759803,90533,145,295,9030,
124.23833614550516,90532,146,295,9030,
124.2466252209921,90532,145,296,9030,
124.28247040394334,90532,144,297,9030,
124.30162077087637,90532,143,298,9030,
124.3234180596025,90532,142,299,9030,
124.34208214299396,90531,143,299,9030,
124.34934589995372,90530,144,299,9030,
124.36044417554251,90530,144,298,9031,
124.3758906822142,90530,144,297,9032,
124.38268448319144,90530,144,296,9033,
124.38752719621661,90530,144,295,9034,
124.3898076689698,90530,144,294,9035,
124.40298736819292,90530,143,295,9035,
124.43433729593193,90529,144,295,9035,
124.44779769963354,90528,145,295,9035,
124.45958467723253,90528,145,294,9036,
124.46227115800714,90528,145,293,9037,
124.46295611746419,90528,144,294,9037,
124.47477938031128,90528,144,293,9038,
124.47520156214075,90528,143,294,9038,
124.490302466381,90527,144,294,9038,
124.49115862643504,90526,145,294,9038,
124.49153930486263,90526,145,293,9039,
124.50497203959257,90525,146,293,9039,
124.51083495677034,90524,147,293,9039,
124.52678506813041,90524,147,292,9040,
124.52798235257572,90524,147,291,9041,
124.54222904023358,90523,148,291,9041,
124.54234203757207,90522,149,291,9041,
124.55245632813362,90522,149,290,9042,
124.56847180668868,90522,149,289,9043,
124.57679462588477,90522,149,288,9044,
124.58500592335616,90521,150,288,9044,
124.59181914919562,90521,149,289,9044,
124.59370111291547,90521,148,290,9044,
124.60108100849011,90520,149,290,9044,
124.62856820607689,90520,148,291,9044,
124.64048046626645,90520,147,292,9044,
124.69945123525032,90520,147,291,9045,
124.70846446913465,90520,146,292,9045,
124.74334762671235,90520,145,293,9045,
124.74451969102418,90519,146,293,9045,
124.74469765299196,90519,146,292,9046,
124.75906441578958,90519,145,293,9046,
124.78995348248236,90519,145,292,9047,
124.79999541105796,90519,145,291,9048,
124.80428621651156,90518,146,291,9048,
124.81051314840394,90518,145,292,9048,
124.81763725749585,90518,144,293,9048,
124.8200045514672,90518,144,292,9049,
124.82416038838768,90517,145,292,9049,
124.84157242910766,90516,146,292,9049,
124.86400574796225,90516,146,291,9050,
124.87479847761814,90516,145,292,9050,
124.88126763149161,90516,144,293,9050,
124.88828749538641,90515,145,293,9050,
124.88897259396569,90515,145,292,9051,
124.90015835480777,90515,145,291,9052,
124.9160928683269,90515,144,292,9052,
124.92880839359259,90514,145,292,9052,
124.93153476581159,90514,145,291,9053,
124.9422038017496,90513,146,291,9053,
124.94521628258151,90513,145,292,9053,
124.96829603881645,90512,146,292,9053,
124.98295693306002,90512,145,293,9053,
124.99078285927601,90512,145,292,9054,
125.00108265787809,90512,144,293,9054,
125.01317425455015,90512,144,292,9055,
125.01811881735699,90512,144,291,9056,
125.02365834234394,90512,143,292,9056,
125.03600097554107,90511,144,292,9056,
125.05848527126214,90511,143,293,9056,
125.06257480437426,90510,144,293,9056,
125.0876190447313,90510,144,292,9057,
125.09042745236962,90510,143,293,9057,
125.09539364302704,90510,143,292,9058,
125.09934176238184,90510,143,291,9059,
125.09968257013581,90510,143,290,9060,
125.12051592160475,90510,143,289,9061,
125.12714184882977,90510,143,288,9062,
125.13481815651217,90510,143,287,9063,
125.15271996344944,90510,142,288,9063,
125.17985764051228,90509,143,288,9063,
125.18826754288183,90509,143,287,9064,
125.18833738675305,90509,143,286,9065,
125.21104687545692,90509,142,287,9065,
125.22826770385461,90508,143,287,9065,
125.23033220906814,90508,143,286,9066,
125.24052375076596,90508,143,285,9067,
125.25521854570724,90507,144,285,9067,
125.25947731930054,90507,143,286,9067,
125.25981583975468,90507,142,287,9067,
125.29375849390273,90507,141,288,9067,
125.29465153635098,90507,141,287,9068,
125.31491170050121,90507,140,288,9068,
125.31548071126568,90507,140,287,9069,
125.31649231259559,90507,140,286,9070,
125.32169831324453,90506,141,286,9070,
125.32470119135706,90506,141,285,9071,
125.32798942154068,90506,140,286,9071,
125.33464841422818,90506,140,285,9072,
125.34673107702085,90506,140,284,9073,
125.35699367150268,90505,141,284,9073,
125.35763340780909,90505,141,283,9074,
125.364332422657,90505,140,284,9074,
125.37832488857326,90504,141,284,9074,
125.39266321157294,90503,142,284,9074,
125.39478246323121,90502,143,284,9074,
125.39789958650165,90501,144,284,9074,
125.43108623724903,90500,145,284,9074,
125.43753519215858,90500,145,283,9075,
125.44386701727892,90500,145,282,9076,
125.4467384789655,90500,145,281,9077,
125.46119461644132,90499,146,281,9077,
125.46679365445866,90499,145,282,9077,
125.46903535028713,90498,146,282,9077,
125.46933150328206,90498,146,281,9078,
125.47599688821423,90498,146,280,9079,
125.50395217020484,90497,147,280,9079,
125.51166958294611,90496,148,280,9079,
125.5417247945055,90496,148,279,9080,
125.54940760447411,90496,147,280,9080,
125.55049512558139,90496,146,281,9080,
125.5568499070786,90496,146,280,9081,
125.5581925318318,90495,147,280,9081,
125.57431706319181,90495,147,279,9082,
125.57583172609006,90495,146,280,9082,
125.5861787311303,90495,146,279,9083,
125.58960882714364,90495,146,278,9084,
125.62061654181076,90495,145,279,9084,
125.62960598826223,90495,144,280,9084,
125.67379044754588,90494,145,280,9084,
125.68049648061908,90494,145,279,9085,
125.6912361906605,90493,146,279,9085,
125.73233395464021,90493,146,278,9086,
125.73474196609854,90492,147,278,9086,
125.73717735200236,90492,147,277,9087,
125.73879493558634,90491,148,277,9087,
125.7599545244607,90491,147,278,9087,
125.78072738522067,90491,146,279,9087,
125.79845377445093,90491,146,278,9088,
125.80959672049812,90491,145,279,9088,
125.81310462682954,90491,144,280,9088,
125.81462839462355,90491,143,281,9088,
125.83264819660462,90491,142,282,9088,
125.83360698342693,90490,143,282,9088,
125.8567650719938,90490,142,283,9088,
125.86136586184338,90490,142,282,9089,
125.8681487141919,90490,141,283,9089,
125.89519525431314,90489,142,283,9089,
125.91189437721923,90489,141,284,9089,
125.91208667602268,90488,142,284,9089,
125.92888648323466,90488,141,285,9089,
125.93162225338925,90488,141,284,9090,
125.93532952975612,90487,142,284,9090,
125.93555756184541,90487,141,285,9090,
125.93987465266927,90487,141,284,9091,
125.94229126304333,90487,141,283,9092,
125.94238095888808,90486,142,283,9092,
125.94738938223858,90485,143,283,9092,
125.94855670337114,90485,143,282,9093,
125.94958612656544,90485,143,281,9094,
125.95053315297037,90485,143,280,9095,
125.95346486195781,90485,143,279,9096,
125.95355627843843,90485,143,278,9097,
125.9809738709973,90485,143,277,9098,
125.98643488231609,90485,143,276,9099,
125.98856100565136,90485,143,275,9100,
125.99801807160318,90485,142,276,9100,
126.00989564527723,90484,143,276,9100,
126.01681723597635,90484,143,275,9101,
126.02055305156384,90484,143,274,9102,
126.03697934390749,90484,142,275,9102,
126.0450364939472,90484,142,274,9103,
126.05246102208311,90484,142,273,9104,
126.05441669853455,90484,142,272,9105,
126.05638643609008,90484,141,273,9105,
126.06556342620058,90483,142,273,9105,
126.07411153508669,90482,143,273,9105,
126.0806665551632,90482,143,272,9106,
126.09863023258859,90482,143,271,9107,
126.1053458461132,90482,142,272,9107,
126.11130703623361,90482,142,271,9108,
126.11666264619723,90482,142,270,9109,
126.12493607997082,90482,142,269,9110,
126.12864489326924,90482,142,268,9111,
126.13991581475847,90482,142,267,9112,
126.14500952408989,90481,143,267,9112,
126.16917332351761,90480,144,267,9112,
126.17124693948787,90480,144,266,9113,
126.17194026906384,90480,144,265,9114,
126.19054353207565,90480,144,264,9115,
126.19518414093672,90480,143,265,9115,
126.22731895335589,90480,142,266,9115,
126.24360114612284,90480,141,267,9115,
126.25241087528426,90479,142,267,9115,
126.25323130675106,90478,143,267,9115,
126.27679278245955,90477,144,267,9115,
126.28309077673401,90477,144,266,9116,
126.28538678942904,90477,144,265,9117,
126.28771827557215,90476,145,265,9117,
126.29228467235565,90475,146,265,9117,
126.29493953461774,90475,145,266,9117,
126.31923999703507,90475,144,267,9117,
126.32482103534717,90474,145,267,9117,
126.32642694281476,90474,144,268,9117,
126.3308900165221,90474,143,269,9117,
126.3390166713612,90474,142,270,9117,
126.3551829432568,90474,141,271,9117,
126.35644997449644,90474,141,270,9118,
126.36282156041537,90474,141,269,9119,
126.36575845353909,90474,141,268,9120,
126.3715510195083,90474,140,269,9120,
126.397816420811,90474,140,268,9121,
126.40662756144368,90473,141,268,9121,
126.40952036461516,90473,141,267,9122,
126.40967204139282,90473,141,266,9123,
126.43785577143619,90473,141,265,9124,
126.4462227678745,90473,141,264,9125,
126.45348285249673,90472,142,264,9125,
126.46394605387609,90472,142,263,9126,
126.4763470228539,90472,141,264,9126,
126.47920236099125,90472,140,265,9126,
126.48125629680409,90472,140,264,9127,
126.48673957048074,90472,139,265,9127,
126.48832016881092,90472,139,264,9128,
126.50319147052343,90472,138,265,9128,
126.5049849254872,90472,138,264,9129,
126.52097987960565,90471,139,264,9129,
126.54220038137657,90471,139,263,9130,
126.57071944841677,90470,140,263,9130,
126.57881614472325,90470,139,264,9130,
126.60389842335256,90470,139,263,9131,
126.63615087438261,90470,139,262,9132,
126.648877490434,90470,139,261,9133,
126.65262350026639,90470,139,260,9134,
126.65913023102448,90470,138,261,9134,
126.66028359693688,90470,137,262,9134,
126.66353646864466,90470,137,261,9135,
126.66522811180968,90470,137,260,9136,
126.67332442345581,90470,137,259,9137,
126.67758920161432,90470,137,258,9138,
126.68032887291223,90469,138,258,9138,
126.69560477765737,90469,138,257,9139,
126.727513171262,90468,139,257,9139,
126.73359795849633,90468,139,256,9140,
126.73718501533342,90467,140,256,9140,
126.73936559433741,90466,141,256,9140,
126.74648546096698,90465,142,256,9140,
126.76695499377193,90465,142,255,9141,
126.78030158683826,90465,141,256,9141,
126.78960645907968,90464,142,256,9141,
126.80921485693457,90463,143,256,9141,
126.81031287603041,90463,142,257,9141,
126.81591228217732,90462,143,257,9141,
126.82475061187732,90461,144,257,9141,
126.83920209122917,90461,144,256,9142,
126.84566190481988,90461,143,257,9142,
126.8485885918717,90461,143,256,9143,
126.8489721254732,90461,142,257,9143,
126.8674030364419,90460,143,257,9143,
126.87803323419068,90459,144,257,9143,
126.88461819884301,90458,145,257,9143,
126.8877664628535,90457,146,257,9143,
126.90133999609102,90457,146,256,9144,
126.91358919799663,90456,147,256,9144,
126.92865251834218,90455,148,256,9144,
126.95627292992053,90455,147,257,9144,
126.96888086108541,90454,148,257,9144,
126.97701193672104,90454,147,258,9144,
126.98062917914841,90454,146,259,9144,
127.00473301760562,90454,145,260,9144,
127.0127151156773,90454,144,261,9144,
127.0189463973338,90453,145,261,9144,
127.02043844296935,90453,144,262,9144,
127.02400824287827,90453,144,261,9145,
127.02557333000372,90453,143,262,9145,
127.040223979029,90453,142,263,9145,
127.05751126990332,90453,141,264,9145,
127.05812970603749,90452,142,264,9145,
127.0594657182709,90452,141,265,9145,
127.0862185033455,90452,141,264,9146,
127.09762461260173,90452,140,265,9146,
127.10513316274425,90451,141,265,9146,
127.11252597957231,90450,142,265,9146,
127.12659224466347,90450,142,264,9147,
127.12671564466405,90450,141,265,9147,
127.13785217164315,90449,142,265,9147,
127.17124696955207,90448,143,265,9147,
127.17615282628608,90448,143,264,9148,
127.1839401060209,90447,144,264,9148,
127.20758494326894,90447,143,265,9148,
127.22553251331486,90446,144,265,9148,
127.26303340261094,90446,144,264,9149,
127.2704185790536,90446,143,265,9149,
127.27831219841714,90446,142,266,9149,
127.28928659582327,90446,142,265,9150,
127.29369897719289,90446,142,264,9151,
127.30985971766229,90446,142,263,9152,
127.3566966343498,90445,143,263,9152,
127.36778941675082,90444,144,263,9152,
127.40478605158981,90443,145,263,9152,
127.40791720894956,90443,145,262,9153,
127.42629510971287,90442,146,262,9153,
127.43034489391451,90442,146,261,9154,
127.45472541366881,90441,147,261,9154,
127.45919198137778,90440,148,261,9154,
127.4609551197757,90440,148,260,9155,
127.47649324988866,90440,148,259,9156,
127.47780580760964,90440,148,258,9157,
127.48241989281719,90439,149,258,9157,
127.48309399522843,90439,148,259,9157,
127.4856152282581,90439,147,260,9157,
127.49107780848729,90439,147,259,9158,
127.50553178703923,90439,146,260,9158,
127.50819927969437,90439,145,261,9158,
127.50821344346747,90439,145,260,9159,
127.52078958953071,90439,144,261,9159,
127.55320197593274,90438,145,261,9159,
127.5606881169459,90438,145,260,9160,
127.56195561624945,90437,146,260,9160,
127.5622017185503,90437,146,259,9161,
127.56220252967249,90436,147,259,9161,
127.60050867459816,90435,148,259,9161,
127.60551707406543,90434,149,259,9161,
127.60648811752817,90434,149,258,9162,
127.61633098538765,90433,150,258,9162,
127.62101272944133,90433,149,259,9162,
127.64026185712667,90433,149,258,9163,
127.6435964046457,90432,150,258,9163,
127.6474607189289,90431,151,258,9163,
127.65536265152582,90431,151,257,9164,
127.66899131009674,90430,152,257,9164,
127.6800744752623,90429,153,257,9164,
127.68428367466704,90428,154,257,9164,
127.68508252790363,90428,154,256,9165,
127.69095814192777,90428,154,255,9166,
127.71950995124395,90428,153,256,9166,
127.73210937594078,90427,154,256,9166,
127.73463863046464,90427,154,255,9167,
127.75000940008394,90427,153,256,9167,
127.75421062698632,90427,152,257,9167,
127.76713702249084,90427,152,256,9168,
127.78845849593252,90427,151,257,9168,
127.78856749969246,90427,151,256,9169,
127.80043534545628,90427,151,255,9170,
127.80280583995247,90427,151,254,9171,
127.80732521615282,90426,152,254,9171,
127.80893152222022,90426,152,253,9172,
127.81673780266742,90426,151,254,9172,
127.81899306006734,90426,150,255,9172,
127.82815398005863,90425,151,255,9172,
127.83634518420166,90424,152,255,9172,
127.8418065390165,90424,151,256,9172,
127.84439063466138,90424,151,255,9173,
127.85091404619884,90423,152,255,9173,
127.85831675627767,90423,151,256,9173,
127.86082165460326,90422,152,256,9173,
127.86360252739037,90421,153,256,9173,
127.86918067049221,90420,154,256,9173,
127.8976693497889,90419,155,256,9173,
127.9063640877534,90419,154,257,9173,
127.9071799817632,90419,153,258,9173,
127.92132677689499,90418,154,258,9173,
127.92561631640339,90418,153,259,9173,
127.92669587786465,90417,154,259,9173,
127.92864974987982,90417,154,258,9174,
127.96644549127231,90417,153,259,9174,
127.96979824401092,90417,152,260,9174,
127.99135155025529,90416,153,260,9174,
127.99363864302401,90416,153,259,9175,
128.01264887368023,90416,153,258,9176,
128.0154914576608,90416,152,259,9176,
128.02027202229894,90415,153,259,9176,
128.03136902919198,90414,154,259,9176,
128.03186101019713,90413,155,259,9176,
128.03477420484052,90412,156,259,9176,
128.0465665033321,90412,156,258,9177,
128.0798395248172,90412,155,259,9177,
128.0834846642916,90411,156,259,9177,
128.0841243530119,90410,157,259,9177,
128.10333184871644,90409,158,259,9177,
128.1482739194951,90409,158,258,9178,
128.15880151011115,90408,159,258,9178,
128.16000575971833,90408,158,259,9178,
128.17394585039094,90408,157,260,9178,
128.17836526445177,90408,157,259,9179,
128.18905030652337,90408,156,260,9179,
128.1965346018475,90408,156,259,9180,
128.1987889751111,90408,155,260,9180,
128.20183897891755,90408,154,261,9180,
128.20495872095083,90408,153,262,9180,
128.2240212776603,90408,152,263,9180,
128.2351178567551,90408,152,262,9181,
128.29105414265587,90408,151,263,9181,
128.3011434938914,90408,150,264,9181,
128.32049816864026,90408,150,263,9182,
128.36579862886336,90408,150,262,9183,
128.3858785270918,90408,150,261,9184,
128.39231904303153,90408,149,262,9184,
128.40561032727416,90407,150,262,9184,
128.43635639983353,90406,151,262,9184,
128.43935861242457,90406,150,263,9184,
128.44188179044124,90405,151,263,9184,
128.4444256907306,90404,152,263,9184,
128.46408845908405,90404,152,262,9185,
128.46540468100778,90404,151,263,9185,
128.4666747375834,90403,152,263,9185,
128.4948970322666,90403,151,264,9185,
128.4990053577031,90402,152,264,9185,
128.50415406189506,90402,151,265,9185,
128.5083921168923,90402,151,264,9186,
128.50884699921963,90401,152,264,9186,
128.51560487463215,90401,151,265,9186,
128.51899221985522,90401,150,266,9186,
128.52073574995202,90401,149,267,9186,
128.53147676417873,90401,148,268,9186,
128.53633650910766,90401,147,269,9186,
128.54856098089311,90401,147,268,9187,
128.57788615730584,90401,147,267,9188,
128.58644922688762,90401,146,268,9188,
128.61602643812284,90401,146,267,9189,
128.6186202455768,90401,145,268,9189,
128.63062374495507,90400,146,268,9189,
128.63093179350764,90400,145,269,9189,
128.6344188838617,90400,144,270,9189,
128.65501696892318,90399,145,270,9189,
128.67722683194967,90399,144,271,9189,
128.68979278541786,90399,144,270,9190,
128.70842248961972,90399,143,271,9190,
128.73432305934438,90398,144,271,9190,
128.74484133815812,90398,143,272,9190,
128.74677021484726,90398,143,271,9191,
128.74736568546953,90397,144,271,9191,
128.75173088315063,90397,144,270,9192,
128.7608086963039,90397,144,269,9193,
128.76898845666562,90396,145,269,9193,
128.7805209250622,90395,146,269,9193,
128.78156979647642,90395,145,270,9193,
128.7818711979048,90395,145,269,9194,
128.8008848131218,90395,144,270,9194,
128.81179116481695,90394,145,270,9194,
128.84086452823362,90394,144,271,9194,
128.84108588005367,90393,145,271,9194,
128.85225252933168,90392,146,271,9194,
128.87089693979271,90392,146,270,9195,
128.88192992987317,90392,145,271,9195,
128.92068973388874,90392,144,272,9195,
128.92222117203568,90391,145,272,9195,
128.9299542744266,90391,144,273,9195,
128.96433958771877,90391,143,274,9195,
128.97119072614552,90391,143,273,9196,
128.97658006953884,90391,142,274,9196,
128.9766555046012,90391,142,273,9197,
128.97935241938697,90391,142,272,9198,
128.9841690276902,90390,143,272,9198,
128.98805401281473,90390,143,271,9199,
129.02570415813037,90390,143,270,9200,
129.0287450505265,90389,144,270,9200,
129.03995832181647,90389,144,269,9201,
129.0441228864918,90389,144,268,9202,
129.05471670183084,90388,145,268,9202,
129.06084975267666,90388,144,269,9202,
129.06641938988815,90388,144,268,9203,
129.0781302140163,90388,144,267,9204,
129.08263622223626,90387,145,267,9204,
129.10641393898447,90387,145,266,9205,
129.11932231003897,90387,145,265,9206,
129.1285939899868,90387,144,266,9206,
129.15673109686077,90386,145,266,9206,
129.1682516499019,90385,146,266,9206,
129.1979169238638,90385,146,265,9207,
129.20325180967492,90385,145,266,9207,
129.205264677762,90384,146,266,9207,
129.21141383162123,90384,145,267,9207,
129.2151061932416,90383,146,267,9207,
129.21871335051367,90382,147,267,9207,
129.23153942406788,90382,146,268,9207,
129.23746052512757,90382,146,267,9208,
129.23805657324252,90382,146,266,9209,
129.2414393328226,90382,145,267,9209,
129.27050629103502,90382,145,266,9210,
129.27326297808074,90382,145,265,9211,
129.282055348136,90382,145,264,9212,
129.2986927115853,90382,144,265,9212,
129.31533495334145,90382,144,264,9213,
129.32276404100946,90382,143,265,9213,
129.3264657211935,90382,143,264,9214,
129.34011733795316,90382,143,263,9215,
129.36824472764937,90382,143,262,9216,
129.39122776337797,90382,142,263,9216,
129.39293459711556,90382,142,262,9217,
129.4481819254207,90382,142,261,9218,
129.4929263776065,90382,141,262,9218,
129.51562771215475,90382,141,261,9219,
129.51651201660735,90382,141,260,9220,
129.5220382359495,90382,141,259,9221,
129.53759534452723,90382,141,258,9222,
129.5426416742119,90382,140,259,9222,
129.5591034084122,90382,139,260,9222,
129.6045986458721,90382,139,259,9223,
129.6184427421426,90381,140,259,9223,
129.6217589327501,90380,141,259,9223,
129.6225754869521,90380,140,260,9223,
129.6241729511711,90380,139,261,9223,
129.62921468950904,90379,140,261,9223,
129.67221976455332,90378,141,261,9223,
129.67425107994416,90378,141,260,9224,
129.67508443762006,90378,141,259,9225,
129.69592001724152,90377,142,259,9225,
129.7043448157113,90376,143,259,9225,
129.7176681521994,90375,144,259,9225,
129.71833831293318,90375,144,258,9226,
129.7433899165856,90375,143,259,9226,
129.77364122348652,90374,144,259,9226,
129.81217066654122,90374,143,260,9226,
129.82878292584203,90374,143,259,9227,
129.83247511400774,90373,144,259,9227,
129.85212557930663,90372,145,259,9227,
129.86754745012985,90372,145,258,9228,
129.870447412426,90371,146,258,9228,
129.87253154148658,90371,145,259,9228,
129.90888817752392,90371,145,258,9229,
129.9319357959099,90370,146,258,9229,
129.93853215954704,90369,147,258,9229,
129.93931260838426,90369,147,257,9230,
129.94350595293474,90368,148,257,9230,
129.94976919588473,90367,149,257,9230,
129.9515206942066,90367,148,258,9230,
129.95182121520267,90367,148,257,9231,
129.95771503050923,90367,148,256,9232,
129.9632748680666,90366,149,256,9232,
130.00525871021614,90366,148,257,9232,
130.02057230757862,90365,149,257,9232,
130.0221293661074,90364,150,257,9232,
130.0227576662059,90364,149,258,9232,
130.0387704979362,90364,149,257,9233,
130.04000593222062,90364,148,258,9233,
130.04546886595585,90364,147,259,9233,
130.072974126538,90364,147,258,9234,
130.0770425969988,90363,148,258,9234,
130.09368158247133,90363,147,259,9234,
130.12245464111805,90362,148,259,9234,
130.126641878965,90362,148,258,9235,
130.13064590132979,90362,148,257,9236,
130.15271727636627,90362,147,258,9236,
130.1575583122609,90361,148,258,9236,
130.19218258296291,90361,147,259,9236,
130.19643799719515,90361,147,258,9237,
130.2234792750699,90360,148,258,9237,
130.2319842895038,90360,147,259,9237,
130.23518091887703,90359,148,259,9237,
130.2548057957699,90359,148,258,9238,
130.27038776802368,90359,148,257,9239,
130.29703934441534,90358,149,257,9239,
130.32319074099857,90358,149,256,9240,
130.32921613021398,90358,149,255,9241,
130.3321413439454,90358,149,254,9242,
130.37527063649014,90358,148,255,9242,
130.3957540606058,90358,148,254,9243,
130.40241433866817,90358,148,253,9244,
130.40810332150565,90358,148,252,9245,
130.41600657865516,90358,147,253,9245,
130.4197620822494,90357,148,253,9245,
130.43263506964252,90357,148,252,9246,
130.44767805238988,90356,149,252,9246,
130.46804674353527,90356,148,253,9246,
130.4709278421573,90356,148,252,9247,
130.49341446497752,90356,147,253,9247,
130.53213620213904,90356,146,254,9247,
130.53838277995504,90356,145,255,9247,
130.5714969326125,90356,144,256,9247,
130.57668664043456,90356,144,255,9248,
130.58893810099195,90356,144,254,9249,
130.59151556003567,90355,145,254,9249,
130.61964279881047,90355,145,253,9250,
130.6417588510669,90355,144,254,9250,
130.65966042755147,90354,145,254,9250,
130.66648779594814,90354,145,253,9251,
130.68573104760134,90354,145,252,9252,
130.68608016336836,90354,145,251,9253,
130.70236266707158,90354,145,250,9254,
130.70503168091142,90354,145,249,9255,
130.72125306594333,90354,145,248,9256,
130.72727429793716,90353,146,248,9256,
130.73005306828222,90353,146,247,9257,
130.741395752758,90353,146,246,9258,
130.74256758447123,90353,145,247,9258,
130.77148204385995,90353,145,246,9259,
130.77636011942795,90353,144,247,9259,
130.786443630395,90352,145,247,9259,
130.79441254033247,90352,144,248,9259,
130.82234199558704,90351,145,248,9259,
130.826278891063,90351,144,249,9259,
130.82943470301822,90350,145,249,9259,
130.83086609538353,90350,145,248,9260,
130.84079180566818,90350,145,247,9261,
130.84610756252223,90349,146,247,9261,
130.8519468008368,90349,146,246,9262,
130.86039973207846,90349,145,247,9262,
130.87066652955113,90349,144,248,9262,
130.87316735446805,90348,145,248,9262,
130.88067792245747,90348,144,249,9262,
130.89479656912164,90348,144,248,9263,
130.90326946852247,90348,144,247,9264,
130.90645318945266,90348,143,248,9264,
130.91345408486822,90348,143,247,9265,
130.92175783370584,90348,143,246,9266,
130.924385689907,90347,144,246,9266,
130.93614627195797,90347,144,245,9267,
130.9546596234092,90346,145,245,9267,
130.9562115858893,90346,144,246,9267,
130.9650897240009,90345,145,246,9267,
130.98184540085202,90344,146,246,9267,
130.98469481370415,90343,147,246,9267,
130.99072021422668,90343,146,247,9267,
131.00726965873497,90343,145,248,9267,
131.01599020644704,90342,146,248,9267,
131.0174133048146,90341,147,248,9267,
131.02260236499077,90340,148,248,9267,
131.02350008272677,90340,148,247,9268,
131.0355274045713,90340,147,248,9268,
131.03827434437397,90339,148,248,9268,
131.04628829183753,90339,147,249,9268,
131.0463498240883,90338,148,249,9268,
131.05892691081746,90338,147,250,9268,
131.07312968521043,90337,148,250,9268,
131.09197536927493,90336,149,250,9268,
131.11258842862082,90335,150,250,9268,
131.12884195759506,90334,151,250,9268,
131.1340713270428,90334,150,251,9268,
131.14178990872372,90334,149,252,9268,
131.14479450075208,90334,149,251,9269,
131.1615755396744,90333,150,251,9269,
131.18350311414844,90332,151,251,9269,
131.19358497842111,90331,152,251,9269,
131.20121539451884,90331,151,252,9269,
131.20911603046326,90331,150,253,9269,
131.21981839700993,90331,149,254,9269,
131.2347210603598,90331,149,253,9270,
131.25235650964527,90331,148,254,9270,
131.2590881559052,90330,149,254,9270,
131.27996094970874,90330,149,253,9271,
131.28122959941433,90329,150,253,9271,
131.3028326232858,90329,149,254,9271,
131.31235175787907,90328,150,254,9271,
131.32044224940378,90327,151,254,9271,
131.32630533038162,90326,152,254,9271,
131.3289517774369,90325,153,254,9271,
131.3557673341106,90325,152,255,9271,
131.35649716709628,90325,151,256,9271,
131.36334695044917,90325,150,257,9271,
131.3657669646989,90325,149,258,9271,
131.37269767360416,90324,150,258,9271,
131.41607554799842,90324,150,257,9272,
131.42392515268028,90324,150,256,9273,
131.44117263327288,90323,151,256,9273,
131.44421546939446,90323,150,257,9273,
131.44714064519434,90323,149,258,9273,
131.45517945979992,90322,150,258,9273,
131.45975061739858,90321,151,258,9273,
131.47457102488121,90321,151,257,9274,
131.47760082988486,90321,150,258,9274,
131.4826103406988,90320,151,258,9274,
131.4918154587095,90319,152,258,9274,
131.49499827809237,90319,152,257,9275,
131.50519842155185,90318,153,257,9275,
131.51006367118958,90318,153,256,9276,
131.51614363263255,90318,153,255,9277,
131.51827136619156,90318,152,256,9277,
131.53267066248918,90318,151,257,9277,
131.54380782882785,90318,150,258,9277,
131.55049554555006,90317,151,258,9277,
131.55586404854031,90316,152,258,9277,
131.55762762681553,90316,151,259,9277,
131.56473448604467,90316,150,260,9277,
131.57000325259258,90315,151,260,9277,
131.5708609862422,90315,150,261,9277,
131.57514329430828,90314,151,261,9277,
131.58227784107663,90314,151,260,9278,
131.59560277764973,90314,150,261,9278,
131.60147092787088,90314,149,262,9278,
131.60929511817392,90314,148,263,9278,
131.6106096468201,90314,147,264,9278,
131.6119739764313,90314,146,265,9278,
131.62180947958274,90314,146,264,9279,
131.63159603617183,90314,145,265,9279,
131.67869118700946,90314,144,266,9279,
131.69498150042986,90314,144,265,9280,
131.7040701976291,90314,144,264,9281,
131.70879324957167,90313,145,264,9281,
131.74025868582848,90312,146,264,9281,
131.743389365817,90312,145,265,9281,
131.74525545435802,90312,145,264,9282,
131.7668628964356,90311,146,264,9282,
131.7781105789653,90311,146,263,9283,
131.78108812693637,90311,145,264,9283,
131.79420104744167,90310,146,264,9283,
131.80516267325797,90310,146,263,9284,
131.8239784946117,90310,146,262,9285,
131.83296655442746,90309,147,262,9285,
131.8393172079133,90308,148,262,9285,
131.84888030403894,90308,147,263,9285,
131.85103504597907,90308,146,264,9285,
131.8565126191623,90308,145,265,9285,
131.88303148332423,90308,145,264,9286,
131.88666536611052,90307,146,264,9286,
131.9278342014117,90307,145,265,9286,
131.9335350243492,90306,146,265,9286,
131.94043816822744,90306,145,266,9286,
131.95325259863822,90305,146,266,9286,
131.98001079783552,90305,146,265,9287,
131.9800882255184,90305,145,266,9287,
131.98482662120756,90305,145,265,9288,
131.98736381971878,90305,145,264,9289,
131.99957620299918,90305,145,263,9290,
132.02286785533346,90305,144,264,9290,
132.03930602318877,90304,145,264,9290,
132.0447740006613,90304,145,263,9291,
132.05131723388962,90304,145,262,9292,
132.05170208363353,90304,144,263,9292,
132.06376440697304,90304,143,264,9292,
132.077174684568,90304,143,263,9293,
132.12161264693663,90304,142,264,9293,
132.1291024854604,90304,142,263,9294,
132.1351901691368,90303,143,263,9294,
132.14122153978713,90303,142,264,9294,
132.14659716571316,90302,143,264,9294,
132.15860966128972,90301,144,264,9294,
132.17811525396183,90301,144,263,9295,
132.17932212004547,90301,143,264,9295,
132.17968252214845,90300,144,264,9295,
132.1921172931218,90299,145,264,9295,
132.19707670575193,90299,145,263,9296,
132.20750171423154,90299,144,264,9296,
132.21868036324082,90299,143,265,9296,
132.23099798351987,90298,144,265,9296,
132.23747687576838,90298,144,264,9297,
132.25200657476233,90298,143,265,9297,
132.27957832484404,90297,144,265,9297,
132.27990250576494,90297,143,266,9297,
132.29463135635996,90296,144,266,9297,
132.29693259519647,90295,145,266,9297,
132.35667717397752,90295,145,265,9298,
132.40056882458504,90294,146,265,9298,
132.41869293511812,90294,146,264,9299,
132.42041795271885,90294,146,263,9300,
132.42874172959404,90294,145,264,9300,
132.47095673751602,90293,146,264,9300,
132.48785385571108,90293,145,265,9300,
132.49676600614612,90292,146,265,9300,
132.51752971218397,90291,147,265,9300,
132.51880095964282,90290,148,265,9300,
132.5466213980948,90290,148,264,9301,
132.55799737953433,90290,147,265,9301,
132.5599310934018,90290,147,264,9302,
132.59169442208744,90290,146,265,9302,
132.59314028441852,90290,146,264,9303,
132.59506212391705,90290,145,265,9303,
132.59783142280406,90290,145,264,9304,
132.60112694943797,90289,146,264,9304,
132.61024267499084,90289,146,263,9305,
132.6179655740732,90289,145,264,9305,
132.62970616207625,90289,145,263,9306,
132.6432345832609,90289,145,262,9307,
132.648761498756,90288,146,262,9307,
132.67047687106992,90288,146,261,9308,
132.67652047728916,90288,146,260,9309,
132.6780669221671,90288,145,261,9309,
132.68580322237693,90288,144,262,9309,
132.68907722557185,90288,144,261,9310,
132.6937288797206,90288,144,260,9311,
132.6980505009601,90288,144,259,9312,
132.70412296693598,90288,144,258,9313,
132.71816759004128,90287,145,258,9313,
132.72243031799334,90287,144,259,9313,
132.76772942435448,90287,143,260,9313,
132.8018107818037,90287,143,259,9314,
132.80553638786344,90287,143,258,9315,
132.80901233950652,90287,142,259,9315,
132.83628693744546,90286,143,259,9315,
132.83783003658726,90286,142,260,9315,
132.84422214906843,90285,143,260,9315,
132.8468350951466,90285,142,261,9315,
132.85230230171592,90285,142,260,9316,
132.85889946464337,90285,142,259,9317,
132.8665733562332,90285,141,260,9317,
132.87036175420837,90284,142,260,9317,
132.87980688635747,90284,141,261,9317,
132.89240335748985,90283,142,261,9317,
132.8947101329191,90283,142,260,9318,
132.90117921885718,90282,143,260,9318,
132.91213645753544,90282,143,259,9319,
132.91697219068772,90281,144,259,9319,
132.92068401537472,90280,145,259,9319,
132.9207823217178,90280,145,258,9320,
132.9394911693287,90280,145,257,9321,
132.95126127511875,90279,146,257,9321,
132.95460625136067,90279,146,256,9322,
132.9549836001664,90278,147,256,9322,
132.97922741688217,90277,148,256,9322,
132.98493241130276,90277,147,257,9322,
133.01861215129145,90277,147,256,9323,
133.03000387961197,90277,147,255,9324,
133.04004103652218,90277,147,254,9325,
133.0446262569815,90277,147,253,9326,
133.04852545757504,90276,148,253,9326,
133.067057594168,90276,148,252,9327,
133.07635731846145,90276,147,253,9327,
133.08408033582293,90276,146,254,9327,
133.0851812535753,90275,147,254,9327,
133.10234257056828,90275,147,253,9328,
133.10630825561972,90274,148,253,9328,
133.12452880240554,90273,149,253,9328,
133.12736181186702,90273,148,254,9328,
133.13125410679226,90273,147,255,9328,
133.13887092655006,90272,148,255,9328,
133.1416032069325,90271,149,255,9328,
133.14559391495064,90270,150,255,9328,
133.15138015368032,90270,150,254,9329,
133.18431376187542,90270,149,255,9329,
133.19085353359287,90270,148,256,9329,
133.20595102104343,90270,147,257,9329,
133.20996921550034,90270,147,256,9330,
133.2271704873863,90270,147,255,9331,
133.23987574044935,90270,147,254,9332,
133.25376337923802,90270,146,255,9332,
133.25854189501428,90269,147,255,9332,
133.29283399980366,90268,148,255,9332,
133.29492051079922,90267,149,255,9332,
133.2965568945809,90266,150,255,9332,
133.29926810791886,90266,150,254,9333,
133.3064226926453,90265,151,254,9333,
133.32602715984615,90265,150,255,9333,
133.35629952099453,90265,150,254,9334,
133.36008611401496,90264,151,254,9334,
133.3619917478442,90263,152,254,9334,
133.37152955338655,90263,151,255,9334,
133.39126668077955,90262,152,255,9334,
133.40634332931785,90262,152,254,9335,
133.4231401456294,90262,151,255,9335,
133.42492345424137,90261,152,255,9335,
133.43008021685296,90261,151,256,9335,
133.4326076351891,90261,151,255,9336,
133.4519512077058,90261,150,256,9336,
133.4606480308698,90261,150,255,9337,
133.4683844028251,90261,149,256,9337,
133.49771807361395,90260,150,256,9337,
133.51132957189859,90259,151,256,9337,
133.51992765359304,90259,151,255,9338,
133.55146638322455,90259,150,256,9338,
133.565925810527,90258,151,256,9338,
133.58780743128355,90258,151,255,9339,
133.59220205727,90257,152,255,9339,
133.6059964649455,90257,152,254,9340,
133.6227548070076,90257,152,253,9341,
133.6254232987635,90257,151,254,9341,
133.6397289975077,90256,152,254,9341,
133.6420017273668,90256,152,253,9342,
133.6466003639234,90256,151,254,9342,
133.64704103936594,90256,151,253,9343,
133.67532803783894,90256,151,252,9344,
133.6836540865248,90256,150,253,9344,
133.68658080128915,90256,150,252,9345,
133.69742627612231,90255,151,252,9345,
133.71195354470518,90254,152,252,9345,
133.715335203338,90254,151,253,9345,
133.71998067150727,90254,150,254,9345,
133.72411827550127,90253,151,254,9345,
133.72420471939935,90253,150,255,9345,
133.72808051178615,90253,149,256,9345,
133.72921582256149,90253,148,257,9345,
133.7293594819546,90253,148,256,9346,
133.7349649326411,90253,147,257,9346,
133.77121383992952,90252,148,257,9346,
133.77919846938047,90252,147,258,9346,
133.7827549084344,90252,147,257,9347,
133.80688832330316,90252,146,258,9347,
133.82302131478193,90252,146,257,9348,
133.82316055921285,90251,147,257,9348,
133.82408343029542,90251,146,258,9348,
133.828100306994,90250,147,258,9348,
133.84721980001785,90250,147,257,9349,
133.8617249707621,90250,147,256,9350,
133.86968869504437,90249,148,256,9350,
133.87234591825185,90248,149,256,9350,
133.8943051680761,90248,148,257,9350,
133.90066818230932,90248,148,256,9351,
133.90740639371148,90248,148,255,9352,
133.91087312970876,90247,149,255,9352,
133.91200440071623,90247,149,254,9353,
133.92654666667033,90247,148,255,9353,
133.9269563214993,90247,148,254,9354,
133.9362898540308,90247,147,255,9354,
133.94097374670244,90246,148,255,9354,
133.95153725136296,90246,147,256,9354,
133.95345146417972,90246,147,255,9355,
133.98989054824156,90246,146,256,9355,
134.0001072774704,90245,147,256,9355,
134.03538356400782,90245,146,257,9355,
134.05208716212638,90245,145,258,9355,
134.05924045274986,90244,146,258,9355,
134.0828826174744,90244,146,257,9356,
134.1008503447712,90243,147,257,9356,
134.10669227454716,90242,148,257,9356,
134.11014998762263,90242,148,256,9357,
134.12448334231937,90241,149,256,9357,
134.13046421504532,90241,148,257,9357,
134.13314580231813,90241,147,258,9357,
134.14816386610292,90241,146,259,9357,
134.15343070421903,90240,147,259,9357,
134.15590211223213,90240,147,258,9358,
134.16929288705614,90240,146,259,9358,
134.17391799697188,90240,146,258,9359,
134.20504597243158,90240,145,259,9359,
134.2074370873808,90239,146,259,9359,
134.21075095799137,90239,146,258,9360,
134.2148213689062,90239,146,257,9361,
134.22768990246,90238,147,257,9361,
134.262378352162,90237,148,257,9361,
134.27075461737311,90236,149,257,9361,
134.2873283337744,90236,149,256,9362,
134.32578705500183,90236,148,257,9362,
134.32596395210726,90235,149,257,9362,
134.3376419168309,90234,150,257,9362,
134.338763925851,90234,149,258,9362,
134.35369377629652,90233,150,258,9362,
134.36062682157086,90233,149,259,9362,
134.3867624545669,90233,148,260,9362,
134.39592571496925,90232,149,260,9362,
134.4002556232433,90232,149,259,9363,
134.4229321457066,90231,150,259,9363,
134.4246190292593,90231,149,260,9363,
134.42529014254617,90231,148,261,9363,
134.43399249083464,90231,147,262,9363,
134.464569720285,90230,148,262,9363,
134.47872095818053,90229,149,262,9363,
134.49477772322257,90228,150,262,9363,
134.49748468914697,90227,151,262,9363,
134.53365521527715,90226,152,262,9363,
134.53678387106473,90225,153,262,9363,
134.53862395271435,90225,152,263,9363,
134.54856884671415,90225,152,262,9364,
134.5895498007492,90225,151,263,9364,
134.6075642965519,90225,150,264,9364,
134.6483341082484,90225,149,265,9364,
134.66228172437386,90225,148,266,9364,
134.6800381060664,90225,147,267,9364,
134.6989109932321,90225,146,268,9364,
134.71070774078913,90225,146,267,9365,
134.71429385732787,90225,146,266,9366,
134.71524351751634,90225,145,267,9366,
134.72595372034868,90225,145,266,9367,
134.73915790319614,90225,144,267,9367,
134.75100587912348,90224,145,267,9367,
134.7578182870068,90224,144,268,9367,
134.76379282334082,90224,143,269,9367,
134.7844313556252,90224,143,268,9368,
134.79305257441314,90224,143,267,9369,
134.7989696142914,90223,144,267,9369,
134.80835259627784,90222,145,267,9369,
134.82062125347503,90222,145,266,9370,
134.8341803295202,90222,144,267,9370,
134.83606739517663,90222,143,268,9370,
134.8436821744806,90221,144,268,9370,
134.84401748104304,90221,143,269,9370,
134.84935713248933,90221,142,270,9370,
134.8500024586703,90221,142,269,9371,
134.854467903647,90220,143,269,9371,
134.86977261656415,90220,143,268,9372,
134.88511959672812,90220,142,269,9372,
134.8918563793885,90220,141,270,9372,
134.913571993864,90219,142,270,9372,
134.91688853102468,90219,142,269,9373,
134.94156847760576,90219,142,268,9374,
134.9497770727621,90219,142,267,9375,
134.97646455600844,90218,143,267,9375,
134.97862259919145,90218,143,266,9376,
135.00253446778328,90218,143,265,9377,
135.02314135588472,90217,144,265,9377,
135.02598160732396,90217,144,264,9378,
135.03382942302886,90217,143,265,9378,
135.03982763757892,90217,142,266,9378,
135.07467192752785,90217,142,265,9379,
135.08400158209182,90217,142,264,9380,
135.10495239698213,90216,143,264,9380,
135.13573800461845,90216,143,263,9381,
135.1468252125825,90215,144,263,9381,
135.1469251561348,90215,143,264,9381,
135.14768236811702,90215,143,263,9382,
135.14789800959255,90214,144,263,9382,
135.15421412637158,90214,143,264,9382,
135.16473203002437,90214,143,263,9383,
135.17262507611065,90214,143,262,9384,
135.18314760002713,90213,144,262,9384,
135.18804971484965,90213,144,261,9385,
135.19270848665255,90213,143,262,9385,
135.19308841672893,90212,144,262,9385,
135.19729040529563,90212,143,263,9385,
135.20479297884762,90212,142,264,9385,
135.2081102037345,90211,143,264,9385,
135.2090893366099,90211,142,265,9385,
135.2104337721261,90211,141,266,9385,
135.21236802597755,90211,141,265,9386,
135.22666756339956,90211,141,264,9387,
135.23333162225342,90211,141,263,9388,
135.24271879053748,90211,141,262,9389,
135.25859120754143,90211,141,261,9390,
135.2662109441703,90210,142,261,9390,
135.267659947532,90209,143,261,9390,
135.27488738442457,90209,143,260,9391,
135.3197998900407,90208,144,260,9391,
135.32077030167633,90208,144,259,9392,
135.3276899857863,90208,144,258,9393,
135.32937266053102,90208,143,259,9393,
135.33613411875686,90207,144,259,9393,
135.3383453888468,90206,145,259,9393,
135.3407252815282,90206,144,260,9393,
135.34151940124423,90206,144,259,9394,
135.34998683106429,90206,144,258,9395,
135.35522005849467,90205,145,258,9395,
135.37313235393643,90205,144,259,9395,
135.39244919765216,90205,143,260,9395,
135.4048873085471,90204,144,260,9395,
135.42011325422692,90204,144,259,9396,
135.44067102108332,90203,145,259,9396,
135.44831674293835,90203,144,260,9396,
135.45011168189683,90203,143,261,9396,
135.47096000337982,90202,144,261,9396,
135.4803755716966,90202,144,260,9397,
135.49602138984056,90202,143,261,9397,
135.4968308587613,90201,144,261,9397,
135.50563670361979,90201,144,260,9398,
135.50720704746382,90201,144,259,9399,
135.50992067962295,90200,145,259,9399,
135.51203904265287,90200,144,260,9399,
135.51813609971444,90200,143,261,9399,
135.52414392870563,90199,144,261,9399,
135.53363678441676,90199,143,262,9399,
135.53772150917382,90199,142,263,9399,
135.5410966743788,90198,143,263,9399,
135.5475530161236,90197,144,263,9399,
135.57600743484352,90197,143,264,9399,
135.577020139381,90197,143,263,9400,
135.57762690694724,90197,143,262,9401,
135.5962999857713,90197,143,261,9402,
135.60246693259305,90197,142,262,9402,
135.61726910616963,90197,141,263,9402,
135.63257581016626,90196,142,263,9402,
135.65046360845264,90196,141,264,9402,
135.66021632615667,90196,141,263,9403,
135.6691953826888,90196,140,264,9403,
135.66969308943408,90196,140,263,9404,
135.68466851797967,90196,139,264,9404,
135.69750350552835,90196,138,265,9404,
135.70014051269294,90195,139,265,9404,
135.70664286720458,90195,138,266,9404,
135.76135837578173,90195,138,265,9405,
135.76298889755745,90195,138,264,9406,
135.78205284661178,90195,138,263,9407,
135.78415582263898,90195,137,264,9407,
135.78500035006846,90195,136,265,9407,
135.787956291233,90194,137,265,9407,
135.79275519305259,90193,138,265,9407,
135.80620311814187,90193,138,264,9408,
135.81169100613772,90192,139,264,9408,
135.82211504666665,90191,140,264,9408,
135.8481103119592,90191,139,265,9408,
135.85352215136882,90190,140,265,9408,
135.85419586852257,90190,140,264,9409,
135.87069430988657,90189,141,264,9409,
135.8750164127881,90189,140,265,9409,
135.88812427164032,90188,141,265,9409,
135.8955077494208,90188,140,266,9409,
135.89674172165263,90188,139,267,9409,
135.9031457946191,90188,138,268,9409,
135.91005962350786,90187,139,268,9409,
135.9185610207064,90186,140,268,9409,
135.92232271537534,90186,140,267,9410,
135.94090193551654,90186,140,266,9411,
135.94546473891137,90186,140,265,9412,
135.9533235263499,90186,140,264,9413,
135.97237378110847,90186,140,263,9414,
135.98789637020377,90186,140,262,9415,
135.99229390606078,90186,140,261,9416,
136.0194358663142,90185,141,261,9416,
136.0219907555538,90184,142,261,9416,
136.07022024617527,90183,143,261,9416,
136.10776682865873,90183,142,262,9416,
136.1217952291032,90183,142,261,9417,
136.13362518531358,90182,143,261,9417,
136.14702252315126,90182,143,260,9418,
136.1758545024477,90181,144,260,9418,
136.17654280170095,90181,143,261,9418,
136.18187719160966,90180,144,261,9418,
136.18570967815728,90180,144,260,9419,
136.19148795209344,90180,144,259,9420,
136.19565023536018,90179,145,259,9420,
136.197548361183,90179,144,260,9420,
136.1984996156035,90179,143,261,9420,
136.20542253903344,90179,143,260,9421,
136.21542661221795,90179,143,259,9422,
136.2382190630604,90178,144,259,9422,
136.2493954027555,90177,145,259,9422,
136.2591197753566,90176,146,259,9422,
136.26546103516466,90176,146,258,9423,
136.2807240547742,90175,147,258,9423,
136.2807896753634,90175,146,259,9423,
136.28626278145117,90175,145,260,9423,
136.31647076987838,90175,145,259,9424,
136.32227074023774,90175,144,260,9424,
136.3223079756255,90175,144,259,9425,
136.33210322732793,90175,144,258,9426,
136.33857080505254,90175,143,259,9426,
136.3506014010543,90174,144,259,9426,
136.35431883133865,90174,144,258,9427,
136.36910954240273,90173,145,258,9427,
136.36925945435837,90173,144,259,9427,
136.3962747400609,90173,143,260,9427,
136.4007472070556,90172,144,260,9427,
136.40165005058446,90172,144,259,9428,
136.4105923847942,90172,143,260,9428,
136.41214082440527,90171,144,260,9428,
136.41287055879243,90171,143,261,9428,
136.4193543611222,90171,143,260,9429,
136.43490229815242,90171,143,259,9430,
136.4460126837851,90171,143,258,9431,
136.4522094695796,90171,143,257,9432,
136.47938458519963,90171,143,256,9433,
136.4993749626806,90171,143,255,9434,
136.5043322064981,90171,143,254,9435,
136.51040361128514,90171,143,253,9436,
136.5122311106903,90171,143,252,9437,
136.52238409631443,90171,142,253,9437,
136.52504662777562,90171,141,254,9437,
136.531035691373,90171,140,255,9437,
136.54840231937388,90171,139,256,9437,
136.56934305469557,90171,139,255,9438,
136.57274457588304,90171,139,254,9439,
136.57330459592953,90170,140,254,9439,
136.58030133496976,90170,140,253,9440,
136.5873125040879,90170,140,252,9441,
136.63736812435144,90170,140,251,9442,
136.64147287193748,90169,141,251,9442,
136.64215581416053,90169,140,252,9442,
136.651343752866,90169,140,251,9443,
136.66093789912009,90169,139,252,9443,
136.66338838413697,90169,138,253,9443,
136.66347781742098,90169,137,254,9443,
136.6682863609783,90168,138,254,9443,
136.6855846689938,90168,138,253,9444,
136.71074079876925,90168,137,254,9444,
136.74407100378605,90167,138,254,9444,
136.74495885322122,90167,137,255,9444,
136.76562009248377,90167,137,254,9445,
136.7747515344377,90167,136,255,9445,
136.78267661011043,90167,136,254,9446,
136.78533745032817,90167,135,255,9446,
136.78593607836905,90167,135,254,9447,
136.7929057766073,90166,136,254,9447,
136.80292091927748,90166,136,253,9448,
136.8065906588371,90166,135,254,9448,
136.82183623362235,90166,134,255,9448,
136.82322277483846,90166,134,254,9449,
136.82767510259185,90165,135,254,9449,
136.8312819490483,90164,136,254,9449,
136.84805928032804,90164,136,253,9450,
136.85353507947877,90164,135,254,9450,
136.86705097321584,90164,135,253,9451,
136.8849523818773,90163,136,253,9451,
136.88648390588634,90162,137,253,9451,
136.9138147257415,90162,136,254,9451,
136.91594171889284,90161,137,254,9451,
136.93246471477826,90160,138,254,9451,
136.93888140062685,90160,137,255,9451,
136.94322127621606,90160,137,254,9452,
136.9467765233701,90160,137,253,9453,
136.95372582372613,90160,137,252,9454,
136.96457233037634,90159,138,252,9454,
136.9722338322784,90159,138,251,9455,
136.98771375547744,90159,138,250,9456,
136.9889966571195,90159,138,249,9457,
136.9936915059558,90159,138,248,9458,
136.99408122396207,90158,139,248,9458,
137.0231365178328,90158,139,247,9459,
137.02961095089512,90158,138,248,9459,
137.03134006668384,90157,139,248,9459,
137.03277601478982,90157,138,249,9459,
137.05242731400108,90157,138,248,9460,
137.05614834046386,90157,138,247,9461,
137.0619680165521,90157,137,248,9461,
137.06848935714217,90157,136,249,9461,
137.06884643249913,90157,136,248,9462,
137.06965891107464,90156,137,248,9462,
137.07135596427213,90156,136,249,9462,
137.07272729992857,90156,136,248,9463,
137.07803383088805,90155,137,248,9463,
137.0951876893632,90155,137,247,9464,
137.11107725758185,90155,137,246,9465,
137.1486260675686,90154,138,246,9465,
137.15736093528463,90153,139,246,9465,
137.21360713466697,90152,140,246,9465,
137.2167230591846,90152,139,247,9465,
137.22153323711984,90152,139,246,9466,
137.2333996004271,90152,138,247,9466,
137.23778629567653,90152,137,248,9466,
137.24715122090808,90152,137,247,9467,
137.25178188203358,90152,136,248,9467,
137.25439642854525,90152,136,247,9468,
137.25751719689416,90152,136,246,9469,
137.2673378417183,90152,136,245,9470,
137.27924721732487,90152,136,244,9471,
137.28241219221158,90152,136,243,9472,
137.2838026743012,90152,136,242,9473,
137.29365536804437,90151,137,242,9473,
137.30030740092204,90151,137,241,9474,
137.3066359481042,90151,137,240,9475,
137.3073924143,90151,137,239,9476,
137.3130230593881,90151,137,238,9477,
137.31423743917065,90151,137,237,9478,
137.3294833168234,90150,138,237,9478,
137.33034635011828,90149,139,237,9478,
137.3374210298373,90149,138,238,9478,
137.3418860407844,90149,137,239,9478,
137.34582013461684,90149,137,238,9479,
137.35559050515948,90149,137,237,9480,
137.36345292971214,90149,137,236,9481,
137.37716894349438,90149,137,235,9482,
137.3882921452458,90149,137,234,9483,
137.39570875360528,90148,138,234,9483,
137.40771953651077,90147,139,234,9483,
137.4106987387073,90146,140,234,9483,
137.4165992560711,90145,141,234,9483,
137.42296831601317,90145,141,233,9484,
137.4269959353173,90145,141,232,9485,
137.44471743542988,90145,141,231,9486,
137.45601162855334,90145,141,230,9487,
137.4612952078684,90145,141,229,9488,
137.4752222751701,90144,142,229,9488,
137.4765901372283,90144,142,228,9489,
137.50295151172398,90144,141,229,9489,
137.50929565356148,90143,142,229,9489,
137.52653305644216,90142,143,229,9489,
137.5327344362265,90142,142,230,9489,
137.5396464431015,90142,142,229,9490,
137.5471482183378,90142,141,230,9490,
137.56541818978837,90141,142,230,9490,
137.5668480077821,90141,142,229,9491,
137.57182843058212,90141,142,228,9492,
137.57276601321578,90140,143,228,9492,
137.57349483262377,90139,144,228,9492,
137.5792661709493,90139,143,229,9492,
137.59127794834671,90139,143,228,9493,
137.62873072233697,90139,142,229,9493,
137.63253185235683,90139,141,230,9493,
137.64463744802467,90138,142,230,9493,
137.67054341855362,90138,141,231,9493,
137.67628054924475,90137,142,231,9493,
137.68249428149062,90136,143,231,9493,
137.7291963083949,90136,143,230,9494,
137.77570887028043,90136,143,229,9495,
137.77721222777117,90136,143,228,9496,
137.79895842207236,90136,142,229,9496,
137.8403184483875,90135,143,229,9496,
137.84771870508555,90134,144,229,9496,
137.84828005850426,90134,144,228,9497,
137.8558985122715,90134,143,229,9497,
137.86228613944994,90134,143,228,9498,
137.8626218646798,90133,144,228,9498,
137.86502505651876,90133,143,229,9498,
137.86980988897724,90132,144,229,9498,
137.87722490685434,90131,145,229,9498,
137.90118410658854,90130,146,229,9498,
137.90872100939544,90130,145,230,9498,
137.91345326031387,90129,146,230,9498,
137.9153421789218,90128,147,230,9498,
137.92849753874012,90128,147,229,9499,
137.9471708864492,90128,146,230,9499,
138.01291825517964,90128,146,229,9500,
138.04101902076926,90127,147,229,9500,
138.04806349085987,90127,146,230,9500,
138.0964069783849,90127,145,231,9500,
138.10852425857604,90127,144,232,9500,
138.11058238560605,90126,145,232,9500,
138.11600071906363,90125,146,232,9500,
138.11767118559658,90125,145,233,9500,
138.1238265365555,90124,146,233,9500,
138.1553024814886,90123,147,233,9500,
138.15607611123775,90123,147,232,9501,
138.16930786479722,90123,147,231,9502,
138.18116167487332,90123,147,230,9503,
138.19470033121667,90122,148,230,9503,
138.2044084663889,90121,149,230,9503,
138.20805116687276,90121,149,229,9504,
138.21735606969904,90121,148,230,9504,
138.21747754689434,90120,149,230,9504,
138.24097602907338,90120,148,231,9504,
138.25832642551774,90119,149,231,9504,
138.26539169250518,90119,148,232,9504,
138.2692225994897,90119,148,231,9505,
138.2736819075015,90119,148,230,9506,
138.27560676287834,90118,149,230,9506,
138.27884156430008,90117,150,230,9506,
138.29174687373936,90116,151,230,9506,
138.30263781363166,90115,152,230,9506,
138.31301794670435,90114,153,230,9506,
138.31912008628063,90114,152,231,9506,
138.33597818595132,90114,152,230,9507,
138.35608935653943,90113,153,230,9507,
138.359782347967,90112,154,230,9507,
138.3604738897626,90111,155,230,9507,
138.38139656041582,90111,154,231,9507,
138.38476193149765,90111,153,232,9507,
138.39170910053636,90110,154,232,9507,
138.39598365731055,90110,153,233,9507,
138.40176910639022,90110,152,234,9507,
138.4187395595815,90110,151,235,9507,
138.41922542762,90110,150,236,9507,
138.4203989921043,90110,149,237,9507,
138.4245180277213,90109,150,237,9507,
138.42767574236603,90109,150,236,9508,
138.44764319986214,90109,149,237,9508,
138.44994130427372,90108,150,237,9508,
138.47866363040663,90108,150,236,9509,
138.47948727870786,90107,151,236,9509,
138.4893369512344,90106,152,236,9509,
138.52426246523515,90106,152,235,9510,
138.5296975127163,90106,151,236,9510,
138.53975762200824,90106,150,237,9510,
138.55144253379376,90106,149,238,9510,
138.55967876016663,90105,150,238,9510,
138.56288936881316,90105,149,239,9510,
138.56369165840056,90104,150,239,9510,
138.56393343889908,90104,149,240,9510,
138.58546441078116,90104,149,239,9511,
138.59514045960057,90103,150,239,9511,
138.59557150859922,90102,151,239,9511,
138.602908793903,90101,152,239,9511,
138.60916224136076,90100,153,239,9511,
138.64220231080355,90100,152,240,9511,
138.6832233801328,90099,153,240,9511,
138.70392562864552,90099,152,241,9511,
138.70657606054118,90099,152,240,9512,
138.73149891833293,90099,152,239,9513,
138.7419223912431,90099,152,238,9514,
138.7573988168266,90099,151,239,9514,
138.76967213212563,90099,150,240,9514,
138.788451000865,90099,150,239,9515,
138.81561728701956,90099,149,240,9515,
138.8191034057204,90099,148,241,9515,
138.82063017726574,90099,147,242,9515,
138.84583744828723,90098,148,242,9515,
138.86284239854223,90097,149,242,9515,
138.87444597118872,90096,150,242,9515,
138.87676528340867,90096,149,243,9515,
138.894018153291,90095,150,243,9515,
138.8979271860323,90095,149,244,9515,
138.90824285544218,90095,149,243,9516,
138.9201486544309,90095,148,244,9516,
138.92768127077096,90095,147,245,9516,
138.9357434141721,90094,148,245,9516,
138.9484009492433,90093,149,245,9516,
138.95238407552338,90093,149,244,9517,
138.9564162810869,90092,150,244,9517,
138.9567293130945,90092,149,245,9517,
138.9636337055904,90092,148,246,9517,
138.9776694835605,90091,149,246,9517,
138.99036207806307,90090,150,246,9517,
138.9939677354624,90090,149,247,9517,
138.99765537314852,90090,148,248,9517,
139.00794627738506,90090,147,249,9517,
139.02393640723355,90090,146,250,9517,
139.03792545581825,90090,146,249,9518,
139.0429426216702,90090,146,248,9519,
139.05295775775986,90090,146,247,9520,
139.05914123930813,90090,146,246,9521,
139.0821263326468,90089,147,246,9521,
139.08631577703287,90088,148,246,9521,
139.08824658106533,90088,148,245,9522,
139.11068860495806,90087,149,245,9522,
139.113834468062,90086,150,245,9522,
139.1149130713813,90086,149,246,9522,
139.11800370520734,90086,149,245,9523,
139.12778359525444,90086,149,244,9524,
139.14859370020284,90086,149,243,9525,
139.1502541171354,90086,148,244,9525,
139.1514108915381,90085,149,244,9525,
139.17358710649316,90084,150,244,9525,
139.19689875500563,90084,149,245,9525,
139.20069787104933,90083,150,245,9525,
139.20403169511664,90083,150,244,9526,
139.21519607168776,90083,149,245,9526,
139.21520582534382,90083,149,244,9527,
139.21999200910005,90082,150,244,9527,
139.22878883424772,90082,150,243,9528,
139.23310883009526,90081,151,243,9528,
139.2370958974005,90081,150,244,9528,
139.2524218555866,90081,149,245,9528,
139.25802126072608,90081,148,246,9528,
139.26311310343283,90081,147,247,9528,
139.2711498151929,90081,146,248,9528,
139.27816545971828,90080,147,248,9528,
139.2902854728472,90079,148,248,9528,
139.29640278681921,90078,149,248,9528,
139.29823680691425,90078,149,247,9529,
139.31273138489996,90078,149,246,9530,
139.3299833529601,90078,149,245,9531,
139.33964776509853,90078,149,244,9532,
139.35934958303827,90077,150,244,9532,
139.37657133182117,90076,151,244,9532,
139.38461773582833,90075,152,244,9532,
139.386441968789,90074,153,244,9532,
139.38748404023067,90073,154,244,9532,
139.40286814391243,90073,154,243,9533,
139.41377310626692,90072,155,243,9533,
139.4191416123937,90072,154,244,9533,
139.4231252462759,90072,153,245,9533,
139.43434553765593,90072,152,246,9533,
139.43817551585602,90072,151,247,9533,
139.43867831603302,90072,151,246,9534,
139.44778727381384,90072,150,247,9534,
139.45095036598207,90072,149,248,9534,
139.45286037661884,90072,148,249,9534,
139.45411056279622,90072,147,250,9534,
139.45948460594204,90071,148,250,9534,
139.46380784894274,90071,147,251,9534,
139.46518394005042,90070,148,251,9534,
139.47233964542383,90070,147,252,9534,
139.47471863166626,90070,147,251,9535,
139.47897203359594,90070,147,250,9536,
139.47920151569625,90070,147,249,9537,
139.50480379741106,90069,148,249,9537,
139.5050155635889,90068,149,249,9537,
139.5520062937442,90068,149,248,9538,
139.564329791072,90068,148,249,9538,
139.596534262476,90067,149,249,9538,
139.60097667261556,90066,150,249,9538,
139.61784117800067,90066,149,250,9538,
139.63821420391733,90065,150,250,9538,
139.6408471476149,90064,151,250,9538,
139.64584346807348,90064,150,251,9538,
139.64818347137418,90063,151,251,9538,
139.69330218638066,90062,152,251,9538,
139.6970100250844,90062,152,250,9539,
139.6987779818252,90062,151,251,9539,
139.70034289156007,90061,152,251,9539,
139.7011022113624,90061,152,250,9540,
139.73012228438816,90061,151,251,9540,
139.7362602169592,90061,150,252,9540,
139.74667209580548,90061,149,253,9540,
139.76052331978735,90061,149,252,9541,
139.76714411683804,90061,149,251,9542,
139.8067502571167,90061,148,252,9542,
139.81191545433705,90061,148,251,9543,
139.83288291697107,90061,147,252,9543,
139.84065067641302,90061,147,251,9544,
139.84796692106764,90061,147,250,9545,
139.85484655777935,90061,147,249,9546,
139.87244688474973,90060,148,249,9546,
139.88315176216767,90059,149,249,9546,
139.88841161471626,90059,148,250,9546,
139.89099472614453,90058,149,250,9546,
139.90501933606382,90057,150,250,9546,
139.9068676230616,90057,150,249,9547,
139.92255547762542,90056,151,249,9547,
139.9267963828393,90055,152,249,9547,
139.96256816161556,90054,153,249,9547,
139.99107013900573,90054,152,250,9547,
140.01176497492824,90054,152,249,9548,
140.0397951565208,90053,153,249,9548,
140.05210397958018,90053,153,248,9549,
140.06198967842522,90053,153,247,9550,
140.06778938220765,90052,154,247,9550,
140.07199035973497,90052,154,246,9551,
140.07413792441974,90052,153,247,9551,
140.09214768273227,90051,154,247,9551,
140.0926329840791,90050,155,247,9551,
140.09449591254113,90049,156,247,9551,
140.10690837806288,90049,156,246,9552,
140.11727953479823,90048,157,246,9552,
140.1226421516806,90048,157,245,9553,
140.12586065856735,90048,156,246,9553,
140.1286037256038,90047,157,246,9553,
140.1339572564386,90047,156,247,9553,
140.13754560976645,90047,155,248,9553,
140.14032697745824,90047,154,249,9553,
140.15466363680343,90046,155,249,9553,
140.15662126345515,90045,156,249,9553,
140.19645674973714,90045,155,250,9553,
140.19869062393892,90044,156,250,9553,
140.230858864481,90044,155,251,9553,
140.24088692201434,90044,155,250,9554,
140.2564071983693,90044,155,249,9555,
140.2581407437704,90043,156,249,9555,
140.26045545864315,90042,157,249,9555,
140.29062308011726,90041,158,249,9555,
140.30953062451115,90040,159,249,9555,
140.31955718643005,90040,159,248,9556,
140.3594082252037,90039,160,248,9556,
140.3652550957952,90039,159,249,9556,
140.36670729080805,90039,158,250,9556,
140.40459827935723,90039,157,251,9556,
140.42139685840547,90039,157,250,9557,
140.4437694541687,90039,157,249,9558,
140.50492055054903,90038,158,249,9558,
140.50816136312892,90038,158,248,9559,
140.5119072191329,90038,157,249,9559,
140.51485709051076,90037,158,249,9559,
140.5344344316234,90037,157,250,9559,
140.53525970940026,90037,156,251,9559,
140.57481096084942,90037,156,250,9560,
140.5951859275063,90037,155,251,9560,
140.60933184734336,90037,155,250,9561,
140.62240669559992,90037,155,249,9562,
140.6302092463278,90037,155,248,9563,
140.64065938086745,90037,154,249,9563,
140.64640377860377,90036,155,249,9563,
140.68376466260762,90036,154,250,9563,
140.68414306230613,90036,153,251,9563,
140.68776021645715,90036,152,252,9563,
140.70412519584266,90035,153,252,9563,
140.72100160648475,90035,153,251,9564,
140.74266944578468,90034,154,251,9564,
140.75377450362652,90034,153,252,9564,
140.76039465015657,90033,154,252,9564,
140.76160979701834,90033,154,251,9565,
140.76804704869045,90032,155,251,9565,
140.77267101754285,90031,156,251,9565,
140.79468242526838,90030,157,251,9565,
140.80456923681265,90030,156,252,9565,
140.82612602849366,90030,155,253,9565,
140.8413514987909,90029,156,253,9565,
140.84744881368428,90029,155,254,9565,
140.85589429402745,90029,155,253,9566,
140.90966642486762,90029,155,252,9567,
140.91492361253844,90028,156,252,9567,
140.94235372789592,90028,156,251,9568,
140.95402567905845,90027,157,251,9568,
140.96294916295943,90027,157,250,9569,
140.9666809108676,90027,156,251,9569,
140.98629276289606,90026,157,251,9569,
141.02811988034216,90026,156,252,9569,
141.03514191972081,90026,156,251,9570,
141.03780962050453,90025,157,251,9570,
141.0405935192945,90025,157,250,9571,
141.05090818223806,90025,157,249,9572,
141.06050801347305,90024,158,249,9572,
141.06255870241316,90024,157,250,9572,
141.0809367100708,90023,158,250,9572,
141.08189596618072,90022,159,250,9572,
141.08198509607809,90022,159,249,9573,
141.0825126128885,90022,159,248,9574,
141.1063711646327,90021,160,248,9574,
141.1127591296463,90021,160,247,9575,
141.13026751108944,90020,161,247,9575,
141.15137347155573,90020,161,246,9576,
141.151803263398,90020,160,247,9576,
141.15450745860096,90020,160,246,9577,
141.16159882867572,90020,160,245,9578,
141.16267680453518,90020,159,246,9578,
141.17157589025044,90020,158,247,9578,
141.17475073247226,90020,157,248,9578,
141.17718935740072,90020,156,249,9578,
141.17970862103806,90020,156,248,9579,
141.19333133995843,90020,156,247,9580,
141.1958823332662,90019,157,247,9580,
141.19716479453695,90018,158,247,9580,
141.20356885022983,90018,158,246,9581,
141.2168190051165,90018,158,245,9582,
141.22558018814493,90018,157,246,9582,
141.24314054468908,90018,156,247,9582,
141.24715263601362,90017,157,247,9582,
141.25608019020135,90016,158,247,9582,
141.26367967642838,90016,158,246,9583,
141.3043280975478,90015,159,246,9583,
141.3057327842144,90015,158,247,9583,
141.31300782249784,90014,159,247,9583,
141.31403924562122,90014,158,248,9583,
141.31558041709772,90014,157,249,9583,
141.3492336496795,90014,157,248,9584,
141.36218266574792,90013,158,248,9584,
141.36368796257992,90012,159,248,9584,
141.36872854654598,90011,160,248,9584,
141.3827816590975,90011,160,247,9585,
141.3897802390012,90011,159,248,9585,
141.39203294141277,90010,160,248,9585,
141.4103604718815,90010,160,247,9586,
141.417911377118,90009,161,247,9586,
141.42209944191814,90009,160,248,9586,
141.43103145378217,90008,161,248,9586,
141.4518705056546,90008,160,249,9586,
141.45268890904686,90008,160,248,9587,
141.46412160866663,90008,160,247,9588,
141.4643393407877,90008,159,248,9588,
141.47069102977204,90008,158,249,9588,
141.47208648321765,90007,159,249,9588,
141.4722462912065,90007,159,248,9589,
141.47792961495625,90007,158,249,9589,
141.47839001903716,90007,158,248,9590,
141.4908663534713,90007,157,249,9590,
141.49297843112782,90007,156,250,9590,
141.50834067265436,90007,155,251,9590,
141.51934600194377,90007,155,250,9591,
141.52134309104338,90007,155,249,9592,
141.55316754691026,90007,154,250,9592,
141.57075461396704,90007,154,249,9593,
141.5713764298891,90007,153,250,9593,
141.59001187573784,90007,152,251,9593,
141.6200617432803,90007,152,250,9594,
141.6202372043177,90007,151,251,9594,
141.62284339245085,90007,151,250,9595,
141.62563226828232,90007,150,251,9595,
141.64598205456065,90007,150,250,9596,
141.64843562659695,90007,150,249,9597,
141.65366945157328,90006,151,249,9597,
141.65928345117624,90006,150,250,9597,
141.66963100787788,90006,150,249,9598,
141.67031815952512,90006,149,250,9598,
141.67091971608164,90006,149,249,9599,
141.67416783771628,90005,150,249,9599,
141.68170236832714,90005,149,250,9599,
141.68494853263093,90005,149,249,9600,
141.70493363067436,90005,148,250,9600,
141.71467284356697,90004,149,250,9600,
141.7246399198806,90004,149,249,9601,
141.72855128635285,90003,150,249,9601,
141.74291886103293,90002,151,249,9601,
141.74513398043484,90002,151,248,9602,
141.756077302054,90002,150,249,9602,
141.7630053765903,90002,150,248,9603,
141.78789002770668,90002,149,249,9603,
141.79711524432463,90001,150,249,9603,
141.80773920423775,90001,149,250,9603,
141.812011202306,90001,149,249,9604,
141.8137711846286,90001,148,250,9604,
141.83650374331035,90001,148,249,9605,
141.84003435225821,90001,147,250,9605,
141.84624583886324,90000,148,250,9605,
141.84829233200765,90000,147,251,9605,
141.86495723893321,90000,147,250,9606,
141.86935433891628,90000,146,251,9606,
141.87868407942,90000,145,252,9606,
141.90334745221827,90000,145,251,9607,
141.90671038516155,90000,145,250,9608,
141.90734060529275,89999,146,250,9608,
141.9284320977673,89999,145,251,9608,
141.93293998225175,89999,144,252,9608,
141.93645654912444,89998,145,252,9608,
141.94335365326083,89998,145,251,9609,
141.94705255677422,89998,145,250,9610,
141.9763918201781,89997,146,250,9610,
141.98073100733168,89996,147,250,9610,
141.98255882577524,89996,146,251,9610,
141.9836879052984,89996,145,252,9610,
141.98563486394946,89996,145,251,9611,
141.99110819869105,89996,145,250,9612,
142.00188770725805,89995,146,250,9612,
142.00403202964455,89995,145,251,9612,
142.0162743200408,89995,145,250,9613,
142.02238944058564,89994,146,250,9613,
142.04311811036777,89993,147,250,9613,
142.04318753514048,89992,148,250,9613,
142.0599452806157,89992,147,251,9613,
142.07422862719702,89992,146,252,9613,
142.0854837279926,89991,147,252,9613,
142.11754974949275,89990,148,252,9613,
142.12370931292665,89990,147,253,9613,
142.14139652474452,89990,147,252,9614,
142.14143346476067,89990,147,251,9615,
142.14473158925722,89989,148,251,9615,
142.1590353944215,89989,148,250,9616,
142.17047924908113,89988,149,250,9616,
142.17515154999649,89987,150,250,9616,
142.17711267091283,89986,151,250,9616,
142.2125813928443,89986,150,251,9616,
142.21681616714693,89985,151,251,9616,
142.21779907052255,89985,151,250,9617,
142.22184507113792,89984,152,250,9617,
142.23123895893787,89984,151,251,9617,
142.2327741862954,89984,150,252,9617,
142.2483512409875,89983,151,252,9617,
142.2639864865391,89983,150,253,9617,
142.26734773854415,89982,151,253,9617,
142.28508751512035,89982,150,254,9617,
142.29447895227588,89982,149,255,9617,
142.30236793737714,89981,150,255,9617,
142.30452456867454,89981,150,254,9618,
142.30822828158293,89980,151,254,9618,
142.3160074678484,89980,150,255,9618,
142.32685788940782,89980,149,256,9618,
142.34518624698205,89979,150,256,9618,
142.35749120197218,89979,150,255,9619,
142.38521749290942,89979,150,254,9620,
142.39227890053365,89979,149,255,9620,
142.39475880311107,89979,149,254,9621,
142.40856586837418,89979,148,255,9621,
142.41438525781578,89979,147,256,9621,
142.4177458069439,89978,148,256,9621,
142.42786840384267,89978,147,257,9621,
142.44130023237204,89978,147,256,9622,
142.4483032660623,89978,147,255,9623,
142.45164625534636,89978,146,256,9623,
142.45601605989043,89978,145,257,9623,
142.45621758064695,89977,146,257,9623,
142.4629208593777,89977,146,256,9624,
142.47594058686064,89977,145,257,9624,
142.48369183514285,89977,145,256,9625,
142.48874039660535,89976,146,256,9625,
142.4928532723269,89975,147,256,9625,
142.50009780700321,89975,147,255,9626,
142.50264425135592,89974,148,255,9626,
142.51778220873186,89974,148,254,9627,
142.5196669406938,89974,147,255,9627,
142.52099797750742,89973,148,255,9627,
142.53734358205026,89973,148,254,9628,
142.5453166347696,89972,149,254,9628,
142.55002799037146,89972,149,253,9629,
142.55933886749628,89971,150,253,9629,
142.57312330251574,89971,149,254,9629,
142.57495994454666,89971,149,253,9630,
142.58062123662447,89971,148,254,9630,
142.5852813873242,89971,147,255,9630,
142.58917795788892,89971,147,254,9631,
142.60225774035382,89971,147,253,9632,
142.60966168843606,89971,147,252,9633,
142.61256026101233,89971,147,251,9634,
142.63135940857393,89970,148,251,9634,
142.63487436997843,89970,148,250,9635,
142.6491980562244,89970,147,251,9635,
142.6548187050715,89970,147,250,9636,
142.66326118319517,89970,147,249,9637,
142.66856064751832,89970,146,250,9637,
142.68123064367947,89969,147,250,9637,
142.69527951439497,89969,147,249,9638,
142.70658802665923,89968,148,249,9638,
142.72490448735775,89967,149,249,9638,
142.73866898208294,89966,150,249,9638,
142.73871052856595,89965,151,249,9638,
142.7508687723153,89965,150,250,9638,
142.79123642634661,89965,149,251,9638,
142.79651047786103,89965,149,250,9639,
142.7965752011728,89965,148,251,9639,
142.80454521417548,89965,148,250,9640,
142.82028897358373,89964,149,250,9640,
142.8351000181924,89964,149,249,9641,
142.84911662591168,89964,148,250,9641,
142.85793517215566,89964,148,249,9642,
142.88289653947132,89964,147,250,9642,
142.88951409029022,89963,148,250,9642,
142.90628843653724,89962,149,250,9642,
142.91417053173708,89961,150,250,9642,
142.92390118105936,89961,149,251,9642,
142.92550589039382,89961,149,250,9643,
142.9681087231494,89960,150,250,9643,
142.97389067395898,89959,151,250,9643,
142.97920613571847,89958,152,250,9643,
142.98339121265207,89957,153,250,9643,
142.9851151150983,89957,153,249,9644,
142.99660507956375,89956,154,249,9644,
143.00465436817467,89956,153,250,9644,
143.0226642394227,89956,153,249,9645,
143.0229412021365,89956,152,250,9645,
143.02416299786262,89955,153,250,9645,
143.02581801065236,89954,154,250,9645,
143.03142698029257,89954,154,249,9646,
143.03493137783303,89954,153,250,9646,
143.0355766707694,89953,154,250,9646,
143.06995849936274,89952,155,250,9646,
143.07659471589398,89952,154,251,9646,
143.08036318378404,89951,155,251,9646,
143.11467966371976,89951,155,250,9647,
143.11544119242768,89950,156,250,9647,
143.1194076048155,89950,155,251,9647,
143.13103352268692,89950,155,250,9648,
143.13285248687842,89950,154,251,9648,
143.13724148860115,89949,155,251,9648,
143.17316054392933,89948,156,251,9648,
143.17650741112948,89947,157,251,9648,
143.17964089821734,89946,158,251,9648,
143.18988978922235,89945,159,251,9648,
143.19479480998453,89945,159,250,9649,
143.19751514787734,89944,160,250,9649,
143.20873911740404,89944,159,251,9649,
143.2193455158763,89943,160,251,9649,
143.2234561456338,89943,160,250,9650,
143.22903842108917,89942,161,250,9650,
143.24186868457173,89942,161,249,9651,
143.2466193932476,89941,162,249,9651,
143.256597020373,89940,163,249,9651,
143.25967361076104,89940,162,250,9651,
143.27099715958434,89940,162,249,9652,
143.2868295106451,89940,162,248,9653,
143.28978733507944,89939,163,248,9653,
143.29871744225375,89939,162,249,9653,
143.3011994056326,89938,163,249,9653,
143.3049016530621,89938,163,248,9654,
143.3078111492799,89938,163,247,9655,
143.33528015650174,89938,163,246,9656,
143.33672601656014,89937,164,246,9656,
143.34903729589726,89937,163,247,9656,
143.35883927813674,89937,163,246,9657,
143.37682637058623,89936,164,246,9657,
143.37707016442835,89936,164,245,9658,
143.38435317793352,89935,165,245,9658,
143.39569160085074,89935,164,246,9658,
143.39938927619852,89935,164,245,9659,
143.40609160687723,89935,163,246,9659,
143.40831554569223,89934,164,246,9659,
143.41306625054153,89934,164,245,9660,
143.427770146896,89934,163,246,9660,
143.44653417057873,89934,163,245,9661,
143.45041379910583,89933,164,245,9661,
143.46537016266964,89932,165,245,9661,
143.48345356161798,89932,165,244,9662,
143.48799654493305,89932,164,245,9662,
143.50580531479233,89932,164,244,9663,
143.51012818900725,89931,165,244,9663,
143.5171172114202,89930,166,244,9663,
143.54096243953103,89930,166,243,9664,
143.55519231726902,89930,166,242,9665,
143.57962992457746,89930,166,241,9666,
143.58118623514818,89929,167,241,9666,
143.59249779191646,89929,167,240,9667,
143.59508628261943,89928,168,240,9667,
143.6041933087434,89927,169,240,9667,
143.61154817442326,89927,169,239,9668,
143.62220520373256,89927,169,238,9669,
143.6329171511017,89927,169,237,9670,
143.6337309480476,89927,169,236,9671,
143.63468303551912,89927,168,237,9671,
143.65626962412028,89927,168,236,9672,
143.66152251606658,89926,169,236,9672,
143.66421679027687,89925,170,236,9672,
143.67594769515756,89925,169,237,9672,
143.6799709527691,89925,169,236,9673,
143.69189196453738,89925,169,235,9674,
143.6947140418413,89925,168,236,9674,
143.70239518372077,89925,167,237,9674,
143.70402164158713,89925,166,238,9674,
143.72621915893646,89925,166,237,9675,
143.74560263221417,89925,165,238,9675,
143.75748915943896,89924,166,238,9675,
143.7724098771033,89923,167,238,9675,
143.78355819212362,89923,166,239,9675,
143.7960648447258,89922,167,239,9675,
143.80848816962566,89921,168,239,9675,
143.81617958598284,89920,169,239,9675,
143.81943354499123,89920,169,238,9676,
143.82331898437067,89920,168,239,9676,
143.82717593530367,89919,169,239,9676,
143.8573123308723,89918,170,239,9676,
143.8732320126562,89918,170,238,9677,
143.8742471622012,89918,170,237,9678,
143.90774873113205,89917,171,237,9678,
143.91919585011794,89917,171,236,9679,
143.92037654846834,89917,171,235,9680,
143.93013356481967,89916,172,235,9680,
143.93439204398499,89916,172,234,9681,
143.93577604126136,89916,171,235,9681,
143.95323094487003,89915,172,235,9681,
143.95370414136477,89915,172,234,9682,
143.95923732437814,89915,171,235,9682,
143.97110972949412,89915,170,236,9682,
143.9765305107958,89915,170,235,9683,
143.97698825693752,89915,170,234,9684,
143.9959020700064,89915,169,235,9684,
143.9976902966167,89915,169,234,9685,
143.9984863211259,89915,168,235,9685,
143.99947210776895,89914,169,235,9685,
144.01430482398945,89913,170,235,9685,
144.04267369354153,89913,170,234,9686,
144.04803311234377,89913,170,233,9687,
144.05143692534705,89913,169,234,9687,
144.05627829618754,89912,170,234,9687,
144.059298973356,89911,171,234,9687,
144.06344737087994,89910,172,234,9687,
144.06640085342298,89910,171,235,9687,
144.1156474344243,89910,170,236,9687,
144.1222202408225,89910,169,237,9687,
144.12581546281538,89910,168,238,9687,
144.13346087940204,89909,169,238,9687,
144.13566763007412,89908,170,238,9687,
144.16028928085655,89908,170,237,9688,
144.1757282679473,89908,170,236,9689,
144.18467617777338,89908,170,235,9690,
144.25820472781422,89908,170,234,9691,
144.26412068455656,89907,171,234,9691,
144.26987557764235,89906,172,234,9691,
144.2872051272719,89906,171,235,9691,
144.30239086523386,89905,172,235,9691,
144.3154289347447,89905,171,236,9691,
144.3159529320543,89904,172,236,9691,
144.35612171721243,89904,171,237,9691,
144.35912312632,89904,171,236,9692,
144.361788264564,89903,172,236,9692,
144.36423856316665,89903,171,237,9692,
144.37521413386986,89902,172,237,9692,
144.37991412457546,89902,171,238,9692,
144.38520524171494,89902,170,239,9692,
144.4155667873087,89901,171,239,9692,
144.42590303834533,89900,172,239,9692,
144.4298010743865,89900,171,240,9692,
144.43140541774426,89900,170,241,9692,
144.43863006548682,89900,170,240,9693,
144.4924680875102,89900,169,241,9693,
144.51913700804974,89900,169,240,9694,
144.52152064155624,89900,169,239,9695,
144.53436529365808,89899,170,239,9695,
144.54585199033644,89899,169,240,9695,
144.55569051535133,89899,169,239,9696,
144.56511453354918,89899,168,240,9696,
144.56913516650982,89899,168,239,9697,
144.60902858117666,89899,167,240,9697,
144.6090391034441,89899,167,239,9698,
144.62059760120584,89898,168,239,9698,
144.62231413774288,89897,169,239,9698,
144.64226035708668,89897,168,240,9698,
144.65490872739772,89897,168,239,9699,
144.6791651758077,89897,168,238,9700,
144.69459037387574,89897,168,237,9701,
144.7025941139795,89896,169,237,9701,
144.70594717974336,89896,168,238,9701,
144.74076993188345,89896,167,239,9701,
144.74926649930399,89896,167,238,9702,
144.7755896709519,89895,168,238,9702,
144.80921338041998,89894,169,238,9702,
144.81212662740603,89894,169,237,9703,
144.83160354633154,89894,169,236,9704,
144.84417708136684,89894,169,235,9705,
144.8484870211632,89894,169,234,9706,
144.85707050062356,89893,170,234,9706,
144.8797618224654,89893,169,235,9706,
144.90331578766313,89893,168,236,9706,
144.90382181081696,89893,167,237,9706,
144.9052513246138,89893,166,238,9706,
144.90735806937045,89893,165,239,9706,
144.9142974641648,89892,166,239,9706,
144.94282106009663,89892,165,240,9706,
144.94691052124585,89892,165,239,9707,
144.9621368286345,89892,164,240,9707,
144.96420338226517,89892,163,241,9707,
144.96685702868137,89891,164,241,9707,
144.9865592711148,89891,164,240,9708,
144.99251019286032,89890,165,240,9708,
144.99569089626078,89890,164,241,9708,
145.00554238805617,89890,164,240,9709,
145.01169580769422,89890,163,241,9709,
145.018592013378,89890,162,242,9709,
145.02181744086832,89890,162,241,9710,
145.0245178789404,89890,161,242,9710,
145.03387879694628,89890,161,241,9711,
145.05006941221794,89890,160,242,9711,
145.06102748294612,89890,159,243,9711,
145.06144703766242,89890,159,242,9712,
145.07219032994573,89890,159,241,9713,
145.08169244713008,89890,158,242,9713,
145.0868795668561,89889,159,242,9713,
145.09121760425953,89889,159,241,9714,
145.1031533982588,89889,158,242,9714,
145.10969804464435,89888,159,242,9714,
145.11730877386893,89888,159,241,9715,
145.14235320505807,89888,159,240,9716,
145.14934067472737,89887,160,240,9716,
145.15139650237728,89887,160,239,9717,
145.1668730930662,89887,160,238,9718,
145.1847191434902,89887,159,239,9718,
145.19515990692884,89887,159,238,9719,
145.1968798478357,89887,158,239,9719,
145.19834628762857,89887,157,240,9719,
145.2011538477298,89886,158,240,9719,
145.22305325222084,89886,158,239,9720,
145.24520412824708,89886,158,238,9721,
145.25843996926878,89885,159,238,9721,
145.2712833285064,89885,158,239,9721,
145.27167028113843,89885,157,240,9721,
145.2727054541379,89884,158,240,9721,
145.28510706296944,89883,159,240,9721,
145.29382352748988,89883,159,239,9722,
145.2982677332794,89883,159,238,9723,
145.29999943444707,89882,160,238,9723,
145.34139078960328,89882,159,239,9723,
145.36210942394547,89882,159,238,9724,
145.37358030772913,89881,160,238,9724,
145.37398224644886,89880,161,238,9724,
145.3933184390921,89880,160,239,9724,
145.40722750001467,89879,161,239,9724,
145.42123330244982,89878,162,239,9724,
145.42304263492937,89877,163,239,9724,
145.42589178821325,89877,163,238,9725,
145.45010810284853,89876,164,238,9725,
145.45958271929325,89875,165,238,9725,
145.4820684959359,89875,164,239,9725,
145.48486235348543,89875,163,240,9725,
145.49322392050965,89874,164,240,9725,
145.49379905669946,89874,163,241,9725,
145.49918335661633,89873,164,241,9725,
145.50042047313434,89872,165,241,9725,
145.50838235933293,89872,165,240,9726,
145.50949405536488,89871,166,240,9726,
145.52246910646488,89871,165,241,9726,
145.52666025560555,89871,164,242,9726,
145.528373052444,89870,165,242,9726,
145.54190157021554,89870,164,243,9726,
145.5614540420015,89870,164,242,9727,
145.5668774791525,89869,165,242,9727,
145.57070419900285,89869,165,241,9728,
145.60965757869806,89869,164,242,9728,
145.62000383940597,89869,164,241,9729,
145.62165566154488,89869,163,242,9729,
145.6269514586261,89868,164,242,9729,
145.62713337044596,89868,164,241,9730,
145.63028107529726,89868,164,240,9731,
145.63274484131705,89867,165,240,9731,
145.63656690090332,89866,166,240,9731,
145.6384534386985,89866,166,239,9732,
145.6672860588394,89866,165,240,9732,
145.667785001098,89866,164,241,9732,
145.67085470868892,89866,164,240,9733,
145.68384084522796,89866,163,241,9733,
145.71889607504988,89865,164,241,9733,
145.72520703766594,89864,165,241,9733,
145.7304179613309,89864,164,242,9733,
145.73617009885734,89863,165,242,9733,
145.73930485079887,89863,165,241,9734,
145.75104017367786,89863,165,240,9735,
145.78196819812496,89863,165,239,9736,
145.7889336139267,89863,164,240,9736,
145.78925849907054,89863,164,239,9737,
145.7968645470654,89863,164,238,9738,
145.8153327811997,89863,163,239,9738,
145.81773182721403,89863,163,238,9739,
145.8237821804006,89862,164,238,9739,
145.82614176458173,89862,163,239,9739,
145.8388912152147,89862,162,240,9739,
145.84265278466697,89862,161,241,9739,
145.85009863368217,89862,161,240,9740,
145.85291386764848,89861,162,240,9740,
145.8562819831025,89861,162,239,9741,
145.86337159233034,89861,162,238,9742,
145.8696197378601,89861,162,237,9743,
145.873728912021,89861,161,238,9743,
145.88071480694296,89861,160,239,9743,
145.88346785979576,89860,161,239,9743,
145.9031697947585,89860,161,238,9744,
145.92660561134434,89860,161,237,9745,
145.93640140907658,89860,160,238,9745,
145.93916210212421,89860,159,239,9745,
145.94112104350728,89860,158,240,9745,
145.94286504606902,89859,159,240,9745,
145.96989312902895,89859,158,241,9745,
145.97136142420442,89859,158,240,9746,
145.98498690812318,89859,157,241,9746,
145.98630231485652,89859,157,240,9747,
145.99329587491832,89859,156,241,9747,
146.03439928116222,89859,155,242,9747,
146.08738409322888,89859,155,241,9748,
146.09126500138075,89858,156,241,9748,
146.09657966084205,89858,155,242,9748,
146.10363159532326,89857,156,242,9748,
146.11676053414752,89856,157,242,9748,
146.12771212773637,89855,158,242,9748,
146.12795944215273,89855,157,243,9748,
146.13017774804908,89855,156,244,9748,
146.13967859227802,89855,156,243,9749,
146.15010483101383,89854,157,243,9749,
146.15851222907665,89854,156,244,9749,
146.15916213358355,89854,155,245,9749,
146.16065888847297,89854,154,246,9749,
146.1634273732701,89854,154,245,9750,
146.1682438195493,89853,155,245,9750,
146.18530285637428,89853,154,246,9750,
146.20806057829776,89853,154,245,9751,
146.25300677028292,89853,154,244,9752,
146.25555550029827,89852,155,244,9752,
146.2685418939489,89852,155,243,9753,
146.27659364463383,89852,154,244,9753,
146.28416873086516,89852,154,243,9754,
146.29625966585832,89852,153,244,9754,
146.29906299475422,89852,153,243,9755,
146.30016070735064,89852,152,244,9755,
146.30221921449925,89852,152,243,9756,
146.3085693782739,89852,152,242,9757,
146.32579128193936,89852,151,243,9757,
146.34519787276736,89851,152,243,9757,
146.34763826084497,89850,153,243,9757,
146.35406117645232,89850,153,242,9758,
146.37000223438355,89850,153,241,9759,
146.37826580667382,89850,152,242,9759,
146.39116399526284,89850,152,241,9760,
146.39429634288575,89850,152,240,9761,
146.4369669403747,89849,153,240,9761,
146.4429209617602,89848,154,240,9761,
146.44817857810014,89848,154,239,9762,
146.45291711011316,89848,154,238,9763,
146.4530468846453,89847,155,238,9763,
146.46164258504035,89846,156,238,9763,
146.47543639215198,89846,155,239,9763,
146.47793958294443,89846,154,240,9763,
146.4933942489584,89845,155,240,9763,
146.49756275871732,89845,154,241,9763,
146.50232598982555,89844,155,241,9763,
146.50707186669598,89844,154,242,9763,
146.52275388100207,89844,153,243,9763,
146.53415254958614,89843,154,243,9763,
146.54055405520808,89843,153,244,9763,
146.5586200247216,89842,154,244,9763,
146.58119281473856,89841,155,244,9763,
146.60035631421076,89841,155,243,9764,
146.6116735001854,89841,154,244,9764,
146.61639356901617,89841,154,243,9765,
146.63479961132987,89841,154,242,9766,
146.6432304393328,89840,155,242,9766,
146.64605577267628,89839,156,242,9766,
146.66035256795905,89839,155,243,9766,
146.66991871422653,89839,155,242,9767,
146.68503883484948,89839,154,243,9767,
146.71026117333406,89839,154,242,9768,
146.74940901817862,89838,155,242,9768,
146.75188526399347,89838,154,243,9768,
146.79158507680813,89838,154,242,9769,
146.7977442063177,89838,153,243,9769,
146.79885999471492,89838,153,242,9770,
146.81833792447517,89837,154,242,9770,
146.82089205235326,89836,155,242,9770,
146.82812238030903,89836,155,241,9771,
146.86424049796761,89835,156,241,9771,
146.86741093745138,89834,157,241,9771,
146.87178557237047,89834,156,242,9771,
146.8950948063371,89834,156,241,9772,
146.89770031947447,89834,156,240,9773,
146.91835960010016,89834,155,241,9773,
146.9204776494101,89834,155,240,9774,
146.96234817245036,89833,156,240,9774,
146.9686413156715,89833,155,241,9774,
147.00989495570272,89832,156,241,9774,
147.01950672330983,89831,157,241,9774,
147.07187784451762,89831,157,240,9775,
147.08526862845378,89830,158,240,9775,
147.08749207542877,89830,158,239,9776,
147.08825806419912,89830,158,238,9777,
147.11702959455647,89830,158,237,9778,
147.1240850027083,89830,158,236,9779,
147.13487388533926,89830,158,235,9780,
147.15108148156122,89829,159,235,9780,
147.1643029448494,89828,160,235,9780,
147.17820174511442,89828,159,236,9780,
147.1841923450507,89828,159,235,9781,
147.18832707328494,89828,159,234,9782,
147.224675127158,89827,160,234,9782,
147.2279692831182,89826,161,234,9782,
147.24027952659594,89826,161,233,9783,
147.28453111953297,89826,160,234,9783,
147.29653007239335,89825,161,234,9783,
147.29810069491054,89825,161,233,9784,
147.31369787989797,89824,162,233,9784,
147.3225567404265,89823,163,233,9784,
147.32562325642562,89823,162,234,9784,
147.32840890567107,89823,161,235,9784,
147.34221375399318,89823,161,234,9785,
147.34456653537546,89823,161,233,9786,
147.34844969295585,89823,160,234,9786,
147.358815196705,89822,161,234,9786,
147.39673687957583,89822,161,233,9787,
147.4226048762917,89822,160,234,9787,
147.42596638990128,89822,160,233,9788,
147.4262206521359,89822,159,234,9788,
147.43012303652196,89821,160,234,9788,
147.44988031445789,89820,161,234,9788,
147.4524322723275,89819,162,234,9788,
147.45973999980913,89819,162,233,9789,
147.4613508512565,89818,163,233,9789,
147.46226861615918,89817,164,233,9789,
147.46712038573267,89817,163,234,9789,
147.46933417206668,89817,163,233,9790,
147.50434549730176,89817,162,234,9790,
147.5049810147536,89817,161,235,9790,
147.5113184325135,89817,161,234,9791,
147.51327118886752,89817,161,233,9792,
147.52137785507296,89817,161,232,9793,
147.52160163554572,89817,161,231,9794,
147.5308449344962,89816,162,231,9794,
147.5311717231513,89816,162,230,9795,
147.5361225187917,89816,161,231,9795,
147.5451351656482,89816,161,230,9796,
147.5470930879382,89816,161,229,9797,
147.5538072381206,89816,161,228,9798,
147.56728635554686,89815,162,228,9798,
147.57271770590822,89814,163,228,9798,
147.58088975843484,89813,164,228,9798,
147.59094925249033,89813,163,229,9798,
147.59287364414234,89813,163,228,9799,
147.59643066372098,89813,163,227,9800,
147.60848537464184,89812,164,227,9800,
147.62673581193164,89812,164,226,9801,
147.62958295137935,89811,165,226,9801,
147.6476595754571,89811,165,225,9802,
147.65589380488962,89810,166,225,9802,
147.7077940284872,89809,167,225,9802,
147.7168448677976,89809,167,224,9803,
147.72087116429,89809,167,223,9804,
147.7615762562219,89809,167,222,9805,
147.7730833695878,89809,166,223,9805,
147.78014267754668,89809,165,224,9805,
147.78623239506013,89809,164,225,9805,
147.79654872171133,89809,163,226,9805,
147.796762706181,89809,162,227,9805,
147.80365436320972,89809,161,228,9805,
147.8104459108475,89809,160,229,9805,
147.81984402021163,89809,159,230,9805,
147.82244229127065,89808,160,230,9805,
147.84091391706724,89808,159,231,9805,
147.86125521790063,89808,158,232,9805,
147.88705285823244,89807,159,232,9805,
147.89344850617564,89807,159,231,9806,
147.90061952528532,89806,160,231,9806,
147.92526745802934,89805,161,231,9806,
147.93096028328702,89805,161,230,9807,
147.93376120117034,89805,160,231,9807,
147.9509512654523,89805,159,232,9807,
147.96719922446795,89805,158,233,9807,
147.99955968466503,89805,158,232,9808,
148.04292572859484,89805,158,231,9809,
148.04389113993267,89805,158,230,9810,
148.0471252741477,89804,159,230,9810,
148.05989893112567,89804,159,229,9811,
148.06410353292776,89803,160,229,9811,
148.06776944463087,89803,160,228,9812,
148.0892886562595,89802,161,228,9812,
148.08997936861567,89802,161,227,9813,
148.10378788406163,89801,162,227,9813,
148.10857242466435,89801,161,228,9813,
148.11801583879142,89801,161,227,9814,
148.12302351384784,89801,160,228,9814,
148.15136605505262,89800,161,228,9814,
148.16044521162243,89800,161,227,9815,
148.16412129174586,89800,161,226,9816,
148.16470836437003,89800,160,227,9816,
148.1704606333366,89800,159,228,9816,
148.18074241276116,89800,159,227,9817,
148.1879271016254,89800,158,228,9817,
148.21248546851496,89800,157,229,9817,
148.24880205884318,89800,157,228,9818,
148.2663867204217,89800,156,229,9818,
148.27035026491544,89800,156,228,9819,
148.2742504049354,89800,155,229,9819,
148.276399902336,89800,154,230,9819,
148.28371481641227,89800,153,231,9819,
148.2840208733599,89799,154,231,9819,
148.2859487845225,89798,155,231,9819,
148.2936556383126,89798,155,230,9820,
148.32911604173722,89798,154,231,9820,
148.33892970498866,89797,155,231,9820,
148.3615233513248,89797,155,230,9821,
148.38256492932004,89797,154,231,9821,
148.4104162951497,89797,153,232,9821,
148.41270705759615,89797,152,233,9821,
148.41966812774362,89796,153,233,9821,
148.43648937047925,89796,152,234,9821,
148.43687263961354,89796,152,233,9822,
148.4727326722331,89796,152,232,9823,
148.47811039442928,89795,153,232,9823,
148.50050504777158,89795,152,233,9823,
148.51164618188153,89794,153,233,9823,
148.51366588517686,89793,154,233,9823,
148.53901761164806,89793,153,234,9823,
148.54581036656856,89792,154,234,9823,
148.5564084770252,89792,153,235,9823,
148.59438262318517,89791,154,235,9823,
148.601281790561,89791,154,234,9824,
148.60369594608142,89791,153,235,9824,
148.60399126896715,89790,154,235,9824,
148.60592542564478,89790,153,236,9824,
148.62294841894015,89789,154,236,9824,
148.62800777182161,89789,154,235,9825,
148.63888756121983,89788,155,235,9825,
148.65161728485342,89787,156,235,9825,
148.668249363009,89786,157,235,9825,
148.6800861068976,89786,157,234,9826,
148.69024158924577,89786,157,233,9827,
148.70729905349333,89786,157,232,9828,
148.73925938867973,89786,156,233,9828,
148.7410405554648,89786,156,232,9829,
148.7556395100519,89786,155,233,9829,
148.77963224924412,89786,154,234,9829,
148.78711392640412,89786,153,235,9829,
148.79516732843638,89785,154,235,9829,
148.7958499368902,89785,153,236,9829,
148.79630675759108,89785,153,235,9830,
148.79684069297835,89785,152,236,9830,
148.8122580227792,89785,151,237,9830,
148.82837571109368,89784,152,237,9830,
148.83455930790018,89784,151,238,9830,
148.848348054176,89783,152,238,9830,
148.8545084480636,89783,152,237,9831,
148.85727743326555,89783,152,236,9832,
148.85911302389218,89783,152,235,9833,
148.86705186390952,89783,152,234,9834,
148.8909436819191,89783,151,235,9834,
148.92424257288238,89783,150,236,9834,
148.92523655868004,89783,150,235,9835,
148.93908207700576,89783,149,236,9835,
148.95252664660887,89782,150,236,9835,
148.9531471627494,89782,150,235,9836,
148.9583008331751,89782,150,234,9837,
148.95900944067074,89781,151,234,9837,
148.95926799159895,89780,152,234,9837,
148.96306841054152,89779,153,234,9837,
148.97728388375137,89779,152,235,9837,
148.97845553002114,89778,153,235,9837,
148.99272441169379,89778,152,236,9837,
149.00019135173397,89778,152,235,9838,
149.03248249056736,89778,151,236,9838,
149.04064379251872,89777,152,236,9838,
149.04713954268064,89777,152,235,9839,
149.04945238946038,89776,153,235,9839,
149.06369050888583,89776,152,236,9839,
149.08135270185693,89775,153,236,9839,
149.0970587506065,89775,152,237,9839,
149.11401421096969,89774,153,237,9839,
149.12372703890065,89774,152,238,9839,
149.13206586513925,89773,153,238,9839,
149.1348566306473,89772,154,238,9839,
149.1490502630737,89772,154,237,9840,
149.15621679363565,89771,155,237,9840,
149.19019084529424,89771,155,236,9841,
149.1922176919085,89771,154,237,9841,
149.2028409448626,89770,155,237,9841,
149.20452570054488,89770,154,238,9841,
149.2266993252036,89769,155,238,9841,
149.24926913549498,89769,155,237,9842,
149.2605127774035,89768,156,237,9842,
149.26248576131678,89768,156,236,9843,
149.27375490377543,89768,155,237,9843,
149.285883118136,89768,155,236,9844,
149.28697097854524,89768,154,237,9844,
149.33058674594955,89768,154,236,9845,
149.3419032626799,89768,154,235,9846,
149.3685589020242,89768,154,234,9847,
149.3685888943165,89767,155,234,9847,
149.39225373118273,89766,156,234,9847,
149.4042840815657,89766,155,235,9847,
149.46075863595294,89766,155,234,9848,
149.47289305447637,89765,156,234,9848,
149.47552212127604,89765,155,235,9848,
149.48364685532093,89765,154,236,9848,
149.48649945115912,89764,155,236,9848,
149.49902913044696,89764,155,235,9849,
149.51298129143993,89764,155,234,9850,
149.54884517969214,89764,154,235,9850,
149.57001185653357,89763,155,235,9850,
149.5787355584505,89762,156,235,9850,
149.58821480632247,89762,156,234,9851,
149.59359728362367,89762,155,235,9851,
149.61355061839092,89762,154,236,9851,
149.61635011314624,89761,155,236,9851,
149.66538635184244,89761,154,237,9851,
149.6714869723471,89761,154,236,9852,
149.68660549008086,89761,154,235,9853,
149.69349877663413,89761,153,236,9853,
149.70385415931167,89761,153,235,9854,
149.7081173478718,89761,152,236,9854,
149.7243473569447,89760,153,236,9854,
149.73348035181812,89760,153,235,9855,
149.7362665916387,89759,154,235,9855,
149.7389422659761,89759,154,234,9856,
149.7550517117474,89759,154,233,9857,
149.75802175201437,89759,154,232,9858,
149.7667775007349,89758,155,232,9858,
149.76838930629575,89757,156,232,9858,
149.78250003914354,89756,157,232,9858,
149.78545935554624,89756,157,231,9859,
149.79768331376317,89755,158,231,9859,
149.80455538114043,89755,158,230,9860,
149.83851374133116,89755,157,231,9860,
149.84763568767443,89755,157,230,9861,
149.8910779644339,89755,157,229,9862,
149.9076103461125,89755,156,230,9862,
149.9201137518141,89755,155,231,9862,
149.94477375950416,89755,154,232,9862,
149.95367682018718,89754,155,232,9862,
149.9691476097795,89754,155,231,9863,
149.9779643397915,89754,155,230,9864,
150.0000053521789,89753,156,230,9864,
150.0171453018693,89753,155,231,9864,
150.02646169794082,89753,154,232,9864,
150.07188774750213,89753,153,233,9864,
150.07481203625804,89753,153,232,9865,
150.08426734414522,89753,153,231,9866,
150.0912920199497,89753,153,230,9867,
150.09292607271328,89753,153,229,9868,
150.09912923853943,89753,153,228,9869,
150.11624153725066,89753,152,229,9869,
150.12292173935538,89753,152,228,9870,
150.12641573732105,89753,151,229,9870,
150.146151969251,89753,151,228,9871,
150.16557185500636,89753,150,229,9871,
150.1662263783216,89753,150,228,9872,
150.17555087183956,89753,150,227,9873,
150.19219686059702,89753,150,226,9874,
150.19846615457413,89752,151,226,9874,
150.2227692387903,89752,151,225,9875,
150.22557867483346,89752,150,226,9875,
150.2341187826001,89752,149,227,9875,
150.23412487998073,89751,150,227,9875,
150.23872986335323,89750,151,227,9875,
150.26366779735204,89750,150,228,9875,
150.26395017376223,89749,151,228,9875,
150.28565687266317,89749,151,227,9876,
150.31939135746012,89749,150,228,9876,
150.31983505819977,89749,149,229,9876,
150.3207839903431,89749,149,228,9877,
150.32324553967757,89749,149,227,9878,
150.33304559533553,89749,148,228,9878,
150.35878180329584,89748,149,228,9878,
150.36175281105506,89747,150,228,9878,
150.36352283173625,89747,149,229,9878,
150.36865352023256,89746,150,229,9878,
150.3776069782555,89746,149,230,9878,
150.38392139006874,89746,149,229,9879,
150.38579914152993,89746,149,228,9880,
150.38951322930546,89746,148,229,9880,
150.42676409480234,89745,149,229,9880,
150.44535033618928,89745,148,230,9880,
150.4565925712915,89745,147,231,9880,
150.46799313587272,89745,147,230,9881,
150.4690761540332,89745,146,231,9881,
150.47909337352615,89744,147,231,9881,
150.48270901269154,89744,147,230,9882,
150.48508759543643,89743,148,230,9882,
150.48738857157358,89743,147,231,9882,
150.49768999937652,89743,147,230,9883,
150.5249742640299,89743,146,231,9883,
150.56031400118061,89742,147,231,9883,
150.56703816562685,89741,148,231,9883,
150.57276291932538,89741,147,232,9883,
150.5749888285191,89741,147,231,9884,
150.58729138088358,89740,148,231,9884,
150.60561949889882,89739,149,231,9884,
150.63555306586943,89739,148,232,9884,
150.63646447697738,89739,148,231,9885,
150.65378146540155,89739,148,230,9886,
150.6685429670772,89738,149,230,9886,
150.68170032133042,89737,150,230,9886,
150.70030735380493,89737,149,231,9886,
150.71565000977384,89736,150,231,9886,
150.74201059825194,89735,151,231,9886,
150.74758882188212,89735,151,230,9887,
150.7484164515452,89735,150,231,9887,
150.78136466945531,89734,151,231,9887,
150.7823315108798,89733,152,231,9887,
150.78686206862756,89733,152,230,9888,
150.8114751423956,89732,153,230,9888,
150.81638142209428,89732,152,231,9888,
150.82172676098952,89732,152,230,9889,
150.8319144307623,89732,151,231,9889,
150.88227632445697,89732,150,232,9889,
150.8949647631356,89731,151,232,9889,
150.903544306057,89731,150,233,9889,
150.9072333541168,89731,150,232,9890,
150.9143896688013,89731,149,233,9890,
150.92147693725497,89731,148,234,9890,
150.92770840159864,89730,149,234,9890,
150.95048952827787,89730,148,235,9890,
150.95131453593584,89730,148,234,9891,
150.95497838674402,89730,148,233,9892,
150.96483315018173,89730,148,232,9893,
150.98127347838752,89730,147,233,9893,
150.9828104704442,89730,147,232,9894,
150.99953272757853,89730,147,231,9895,
151.0027618169791,89730,147,230,9896,
151.01105802388474,89730,147,229,9897,
151.01471468099183,89730,146,230,9897,
151.01819190646626,89730,146,229,9898,
151.02725770739647,89729,147,229,9898,
151.03911893873573,89729,146,230,9898,
151.06013992069532,89729,145,231,9898,
151.06820890468072,89729,144,232,9898,
151.06968316227687,89729,144,231,9899,
151.08660701582733,89728,145,231,9899,
151.09270156027895,89728,145,230,9900,
151.09908007019038,89728,145,229,9901,
151.11781930805046,89728,144,230,9901,
151.14054794186833,89728,143,231,9901,
151.1554273223935,89727,144,231,9901,
151.15773906804787,89727,143,232,9901,
151.18302449328758,89727,143,231,9902,
151.20359168838397,89727,142,232,9902,
151.20468373570654,89727,141,233,9902,
151.22149058345886,89726,142,233,9902,
151.2579102120451,89726,142,232,9903,
151.283499129509,89725,143,232,9903,
151.28749260994894,89725,142,233,9903,
151.29293346952312,89724,143,233,9903,
151.29335821389023,89724,143,232,9904,
151.29449390806133,89724,143,231,9905,
151.30364708574862,89723,144,231,9905,
151.3137585163787,89723,144,230,9906,
151.31431389357348,89723,144,229,9907,
151.3288774596789,89723,143,230,9907,
151.34665164848374,89722,144,230,9907,
151.35869260305282,89721,145,230,9907,
151.36447730517924,89720,146,230,9907,
151.39144703671718,89720,146,229,9908,
151.40904786434245,89720,145,230,9908,
151.41382976355027,89719,146,230,9908,
151.41730647817408,89719,146,229,9909,
151.43268203693992,89719,146,228,9910,
151.4406873202307,89718,147,228,9910,
151.44530688876802,89717,148,228,9910,
151.46203509410026,89717,147,229,9910,
151.47169781215462,89717,147,228,9911,
151.49798667994494,89717,147,227,9912,
151.50383982498215,89716,148,227,9912,
151.52611828778151,89716,147,228,9912,
151.53597762722185,89716,146,229,9912,
151.5549401476383,89716,145,230,9912,
151.55719708373093,89716,144,231,9912,
151.56918563659352,89716,143,232,9912,
151.57243033114005,89716,143,231,9913,
151.59197466580088,89715,144,231,9913,
151.5920829868087,89715,144,230,9914,
151.598992384194,89715,144,229,9915,
151.6028319675934,89715,143,230,9915,
151.60362303913843,89714,144,230,9915,
151.60399273212218,89714,144,229,9916,
151.6356802110446,89714,144,228,9917,
151.6369976975046,89714,144,227,9918,
151.65067006033894,89714,144,226,9919,
151.67315499983974,89714,143,227,9919,
151.67371501519088,89714,143,226,9920,
151.68350947221853,89714,142,227,9920,
151.70509191929133,89714,142,226,9921,
151.72429533044703,89714,141,227,9921,
151.72827775048938,89714,141,226,9922,
151.74031849289187,89713,142,226,9922,
151.74655128231214,89713,142,225,9923,
151.7620760837957,89713,141,226,9923,
151.76754511349571,89713,141,225,9924,
151.7839324818681,89713,140,226,9924,
151.78728283831106,89713,140,225,9925,
151.7891947228461,89713,140,224,9926,
151.79874777031776,89713,139,225,9926,
151.80020487549623,89713,139,224,9927,
151.8064264345541,89713,139,223,9928,
151.83245660969214,89713,139,222,9929,
151.83876680066265,89712,140,222,9929,
151.85149271031636,89712,139,223,9929,
151.85425973587786,89711,140,223,9929,
151.8563685948404,89711,139,224,9929,
151.87623351740808,89710,140,224,9929,
151.87695058656158,89710,139,225,9929,
151.89859380485547,89709,140,225,9929,
151.913941275367,89709,139,226,9929,
151.9268154210244,89709,139,225,9930,
151.93019038449623,89709,138,226,9930,
151.96325677999948,89709,137,227,9930,
151.96775770748962,89708,138,227,9930,
151.9720233039897,89708,137,228,9930,
151.9751597594511,89708,137,227,9931,
151.98154993838332,89708,137,226,9932,
151.99395914347036,89707,138,226,9932,
151.99520105611776,89706,139,226,9932,
152.00827983228623,89706,138,227,9932,
152.01253381254136,89705,139,227,9932,
152.01694665160161,89705,138,228,9932,
152.0254734034672,89705,138,227,9933,
152.05010955273485,89705,138,226,9934,
152.05618649576385,89704,139,226,9934,
152.05669885890867,89704,139,225,9935,
152.0589454101638,89703,140,225,9935,
152.0725515770564,89702,141,225,9935,
152.0969224508215,89702,140,226,9935,
152.10395700035892,89702,140,225,9936,
152.1056782788658,89702,140,224,9937,
152.11925736170969,89701,141,224,9937,
152.12018923573328,89701,141,223,9938,
152.14395736753903,89701,141,222,9939,
152.14436200886053,89700,142,222,9939,
152.14992920553556,89700,142,221,9940,
152.15802172611126,89700,141,222,9940,
152.16146785359945,89699,142,222,9940,
152.1676393714764,89698,143,222,9940,
152.19088333516925,89698,143,221,9941,
152.19092611298313,89698,143,220,9942,
152.2068546857397,89698,142,221,9942,
152.22457757189963,89698,141,222,9942,
152.2569229504309,89697,142,222,9942,
152.28326417336413,89697,142,221,9943,
152.28768481571726,89697,142,220,9944,
152.295564402749,89697,141,221,9944,
152.29974768781588,89696,142,221,9944,
152.30088684443342,89696,142,220,9945,
152.30390130318438,89695,143,220,9945,
152.32373112235018,89695,142,221,9945,
152.3367334717059,89695,142,220,9946,
152.33811096437614,89695,141,221,9946,
152.34660127523375,89695,141,220,9947,
152.41184545618358,89695,140,221,9947,
152.41946685594408,89695,140,220,9948,
152.4221688072309,89695,140,219,9949,
152.42411079690692,89695,140,218,9950,
152.43449178023465,89695,139,219,9950,
152.4668441428785,89695,138,220,9950,
152.47739145512264,89695,138,219,9951,
152.5079015061744,89694,139,219,9951,
152.52810082678695,89694,138,220,9951,
152.55192873924082,89693,139,220,9951,
152.56749743132858,89692,140,220,9951,
152.5712631333215,89692,140,219,9952,
152.5853796834893,89691,141,219,9952,
152.61526000973038,89691,140,220,9952,
152.63606191114002,89690,141,220,9952,
152.64062103014857,89690,140,221,9952,
152.6515984780709,89690,139,222,9952,
152.65215080005822,89689,140,222,9952,
152.6660667037198,89689,139,223,9952,
152.6851919449416,89688,140,223,9952,
152.68626035934219,89688,139,224,9952,
152.69702563736183,89688,138,225,9952,
152.7199479392473,89688,138,224,9953,
152.73208289432256,89687,139,224,9953,
152.73237896069685,89687,139,223,9954,
152.7325739605305,89686,140,223,9954,
152.75370927747946,89685,141,223,9954,
152.78880904481682,89685,141,222,9955,
152.8055488909077,89684,142,222,9955,
152.8401094010759,89683,143,222,9955,
152.87433833681496,89683,142,223,9955,
152.88462781250144,89683,142,222,9956,
152.88473466726924,89682,143,222,9956,
152.88933699298607,89682,142,223,9956,
152.94673965518624,89682,142,222,9957,
152.95876381014688,89682,142,221,9958,
152.9762571311687,89682,141,222,9958,
152.99069356667061,89681,142,222,9958,
152.99122665617992,89681,142,221,9959,
152.99900606602517,89681,141,222,9959,
153.00799989456084,89680,142,222,9959,
153.0112666671148,89679,143,222,9959,
153.037304476421,89679,143,221,9960,
153.04009149511108,89679,143,220,9961,
153.06875463769396,89679,143,219,9962,
153.0994486388853,89679,142,220,9962,
153.10492275507465,89679,142,219,9963,
153.12734968157827,89679,142,218,9964,
153.13166061357506,89678,143,218,9964,
153.15757205398256,89678,142,219,9964,
153.15987768863206,89677,143,219,9964,
153.17166284987832,89677,142,220,9964,
153.18635083360135,89676,143,220,9964,
153.1881232233332,89676,142,221,9964,
153.19077691992456,89676,142,220,9965,
153.19450028030553,89676,141,221,9965,
153.2233279203858,89676,141,220,9966,
153.2264757516063,89676,140,221,9966,
153.2635611626477,89675,141,221,9966,
153.29177587876603,89675,140,222,9966,
153.30306340364757,89675,139,223,9966,
153.3081746312412,89675,138,224,9966,
153.37489450354926,89675,138,223,9967,
153.3749419025652,89675,138,222,9968,
153.37766903150285,89675,137,223,9968,
153.41218933544857,89674,138,223,9968,
153.41921813654272,89673,139,223,9968,
153.42036058965283,89673,138,224,9968,
153.4397744216089,89673,138,223,9969,
153.4490928791144,89673,138,222,9970,
153.45093815024876,89673,138,221,9971,
153.45190774443728,89673,138,220,9972,
153.47968006497476,89673,138,219,9973,
153.4798728827875,89673,137,220,9973,
153.48582500585775,89673,136,221,9973,
153.4945167990421,89672,137,221,9973,
153.50132927885858,89671,138,221,9973,
153.5309409474058,89671,137,222,9973,
153.55972879639913,89671,136,223,9973,
153.56157526046078,89671,136,222,9974,
153.57361418458473,89671,136,221,9975,
153.57645471559792,89670,137,221,9975,
153.58255305795015,89670,136,222,9975,
153.62600028205523,89670,135,223,9975,
153.66900685591744,89670,135,222,9976,
153.6763144564892,89670,134,223,9976,
153.68317652175435,89670,134,222,9977,
153.68540637411581,89670,133,223,9977,
153.6860666841376,89669,134,223,9977,
153.69471707463748,89669,133,224,9977,
153.69530866783902,89669,132,225,9977,
153.6998269265133,89669,131,226,9977,
153.70846510163264,89669,130,227,9977,
153.722318543669,89669,130,226,9978,
153.72901905661837,89668,131,226,9978,
153.7292020358123,89668,131,225,9979,
153.73520469479377,89667,132,225,9979,
153.75176306816655,89666,133,225,9979,
153.7554478613183,89665,134,225,9979,
153.77162696903886,89664,135,225,9979,
153.77546520547475,89664,134,226,9979,
153.78951506363643,89664,134,225,9980,
153.803160711759,89664,134,224,9981,
153.82093014153196,89664,133,225,9981,
153.83122088853705,89664,133,224,9982,
153.83446278615875,89664,133,223,9983,
153.8362434864654,89664,133,222,9984,
153.8519247241302,89663,134,222,9984,
153.85427084524963,89662,135,222,9984,
153.8692136603944,89662,134,223,9984,
153.869975758841,89661,135,223,9984,
153.87431629759243,89661,135,222,9985,
153.88142036749008,89661,134,223,9985,
153.88472058734266,89661,134,222,9986,
153.92677181088214,89661,133,223,9986,
153.93334477063814,89660,134,223,9986,
153.94877515409917,89660,134,222,9987,
153.95315090956677,89660,133,223,9987,
153.96730575951284,89660,132,224,9987,
153.97537360550965,89660,131,225,9987,
153.97539204179338,89659,132,225,9987,
153.97560155301255,89659,131,226,9987,
153.9986588337289,89659,131,225,9988,
153.999396501091,89659,130,226,9988,
154.00290014610516,89659,129,227,9988,
154.00492865786904,89659,129,226,9989,
154.01947991230338,89659,129,225,9990,
154.02426109889575,89658,130,225,9990,
154.0401170240412,89658,130,224,9991,
154.04658582343276,89658,129,225,9991,
154.08601977803798,89658,129,224,9992,
154.1128602322113,89658,128,225,9992,
154.11772620537442,89658,128,224,9993,
154.11787724822685,89657,129,224,9993,
154.11960211524973,89657,129,223,9994,
154.12392120605674,89656,130,223,9994,
154.1399916605821,89656,130,222,9995,
154.1467462699054,89655,131,222,9995,
154.18056771443113,89654,132,222,9995,
154.19559015526298,89653,133,222,9995,
154.20210752468523,89653,133,221,9996,
154.2216999988745,89653,133,220,9997,
154.26602123490278,89652,134,220,9997,
154.3392648960408,89651,135,220,9997,
154.37211896745703,89650,136,220,9997,
154.38409994273326,89650,135,221,9997,
154.42012145404087,89649,136,221,9997,
154.44281486570546,89649,135,222,9997,
154.48436451783135,89649,134,223,9997,
154.48467619674992,89648,135,223,9997,
154.48726482004176,89648,135,222,9998,
154.49343602576621,89648,134,223,9998,
154.50690610702276,89647,135,223,9998,
154.52193088120512,89646,136,223,9998,
154.53951333161882,89645,137,223,9998,
154.54203162291424,89645,136,224,9998,
154.54613409392692,89645,136,223,9999,
154.55573144582627,89645,135,224,9999,
154.55671492892085,89645,134,225,9999,
154.580276500041,89644,135,225,9999,
154.59737434446728,89644,135,224,10000,
154.6050877919054,89644,135,223,10001,
154.61501893106146,89644,135,222,10002,
154.6268868516519,89643,136,222,10002,
154.66321467406732,89643,135,223,10002,
154.66850913426183,89643,134,224,10002,
154.7047076679318,89643,134,223,10003,
154.71132431445514,89643,134,222,10004,
154.71782110117152,89643,134,221,10005,
154.7321904986399,89642,135,221,10005,
154.75121069501682,89641,136,221,10005,
154.75400346511327,89641,136,220,10006,
154.76042994574593,89641,135,221,10006,
154.76563391913223,89641,135,220,10007,
154.7804130922057,89641,135,219,10008,
154.78149639101863,89641,134,220,10008,
154.80638710317064,89641,133,221,10008,
154.8134451981419,89641,132,222,10008,
154.81705437531042,89641,132,221,10009,
154.8188710611721,89641,131,222,10009,
154.83405897423125,89640,132,222,10009,
154.8428662458197,89640,132,221,10010,
154.8558897338058,89639,133,221,10010,
154.86322727195704,89638,134,221,10010,
154.87359686120357,89638,134,220,10011,
154.90338280875577,89638,134,219,10012,
154.929604739578,89638,133,220,10012,
154.94912955599358,89637,134,220,10012,
154.95261071973104,89637,133,221,10012,
154.9894817600342,89637,133,220,10013,
154.99175317304,89637,132,221,10013,
155.01068085495456,89637,131,222,10013,
155.04584192365272,89637,131,221,10014,
155.0706275646498,89636,132,221,10014,
155.07218415878242,89635,133,221,10014,
155.08704589289357,89634,134,221,10014,
155.11132295474738,89633,135,221,10014,
155.11560254245126,89633,135,220,10015,
155.12790840822132,89632,136,220,10015,
155.14397822851905,89632,135,221,10015,
155.1804827829336,89632,134,222,10015,
155.20635717344788,89632,134,221,10016,
155.21156374340484,89632,134,220,10017,
155.21709212390925,89631,135,220,10017,
155.22719499497336,89631,135,219,10018,
155.22929909126483,89631,135,218,10019,
155.23518652899048,89631,134,219,10019,
155.2410906188698,89631,133,220,10019,
155.26178483405886,89630,134,220,10019,
155.2692190346397,89630,134,219,10020,
155.2764695602914,89630,134,218,10021,
155.28579074008033,89629,135,218,10021,
155.3069791306836,89629,134,219,10021,
155.31999030222235,89628,135,219,10021,
155.32610125771808,89628,135,218,10022,
155.32944847386415,89627,136,218,10022,
155.33507900252332,89627,136,217,10023,
155.36897602605882,89627,135,218,10023,
155.37313892709977,89627,134,219,10023,
155.38102266063075,89627,133,220,10023,
155.41201642225082,89627,133,219,10024,
155.41725208124805,89627,133,218,10025,
155.4261574927081,89627,132,219,10025,
155.42931611499102,89627,132,218,10026,
155.43163545127413,89627,132,217,10027,
155.43434121801647,89627,132,216,10028,
155.4499638169221,89627,132,215,10029,
155.4607535056044,89626,133,215,10029,
155.47337478410688,89626,133,214,10030,
155.4848722776899,89625,134,214,10030,
155.48823589041683,89625,133,215,10030,
155.48839194514755,89625,132,216,10030,
155.49985817579818,89625,131,217,10030,
155.50186302495524,89624,132,217,10030,
155.51167752853462,89624,132,216,10031,
155.5209290786005,89624,132,215,10032,
155.52583685441527,89624,131,216,10032,
155.52802893034644,89623,132,216,10032,
155.53128655200004,89623,132,215,10033,
155.54301499629477,89623,131,216,10033,
155.55052988392373,89623,131,215,10034,
155.55622962972228,89623,131,214,10035,
155.55698559216836,89623,130,215,10035,
155.56285085236755,89623,130,214,10036,
155.56415297579724,89623,129,215,10036,
155.5808837628887,89623,128,216,10036,
155.6310587391572,89622,129,216,10036,
155.63323654815667,89622,129,215,10037,
155.63884856660314,89621,130,215,10037,
155.66391030189388,89621,129,216,10037,
155.66863612017812,89621,129,215,10038,
155.68519037700077,89621,128,216,10038,
155.7044584955235,89621,128,215,10039,
155.7095371574252,89621,128,214,10040,
155.77051141724806,89620,129,214,10040,
155.80097630592817,89620,128,215,10040,
155.820420322781,89619,129,215,10040,
155.8223353538192,89618,130,215,10040,
155.82275866158787,89617,131,215,10040,
155.86970052360942,89617,130,216,10040,
155.88704881109967,89617,130,215,10041,
155.89926034778273,89617,129,216,10041,
155.90298158463878,89617,129,215,10042,
155.92160473036085,89617,129,214,10043,
155.94585932515065,89617,129,213,10044,
155.95664065269386,89616,130,213,10044,
155.96917408101035,89615,131,213,10044,
155.9763057049414,89615,131,212,10045,
156.01289221477606,89615,131,211,10046,
156.01441237171844,89615,131,210,10047,
156.01713703595743,89615,131,209,10048,
156.03051694544962,89614,132,209,10048,
156.05660068474165,89613,133,209,10048,
156.05812837657186,89613,133,208,10049,
156.0775257730153,89613,133,207,10050,
156.08346275118944,89613,132,208,10050,
156.0909148801708,89612,133,208,10050,
156.09621223625524,89611,134,208,10050,
156.09633158522485,89610,135,208,10050,
156.0985750118798,89609,136,208,10050,
156.09878798580672,89609,135,209,10050,
156.10121697455463,89609,134,210,10050,
156.109832977796,89609,133,211,10050,
156.12090485515853,89609,133,210,10051,
156.12108075232786,89609,132,211,10051,
156.18850773450936,89609,132,210,10052,
156.25905291529952,89608,133,210,10052,
156.25928579077996,89608,132,211,10052,
156.27233759305676,89608,132,210,10053,
156.27307209769387,89607,133,210,10053,
156.28952901485644,89606,134,210,10053,
156.2999303468665,89606,133,211,10053,
156.31938162866106,89606,132,212,10053,
156.35606992062083,89606,131,213,10053,
156.37775838635142,89606,131,212,10054,
156.39138900328004,89606,131,211,10055,
156.41095480812567,89605,132,211,10055,
156.420829783046,89605,132,210,10056,
156.45800240460062,89605,131,211,10056,
156.4772933066268,89605,130,212,10056,
156.4784749659729,89604,131,212,10056,
156.4789575336914,89604,130,213,10056,
156.48255819103676,89604,130,212,10057,
156.48574565689236,89603,131,212,10057,
156.4963659344491,89603,131,211,10058,
156.5037709310989,89603,130,212,10058,
156.50902275778688,89602,131,212,10058,
156.51733048354416,89602,131,211,10059,
156.5262585496164,89602,130,212,10059,
156.53161989012733,89601,131,212,10059,
156.536331784246,89601,130,213,10059,
156.53634511015878,89600,131,213,10059,
156.5441076114502,89600,131,212,10060,
156.55696643098494,89600,130,213,10060,
156.56918424458118,89600,130,212,10061,
156.59350378820724,89599,131,212,10061,
156.61072926344704,89598,132,212,10061,
156.61628286973388,89597,133,212,10061,
156.62170391226653,89597,133,211,10062,
156.62370459476313,89597,133,210,10063,
156.62417130359353,89596,134,210,10063,
156.62438431709023,89595,135,210,10063,
156.6532247880449,89595,134,211,10063,
156.65997569601694,89595,133,212,10063,
156.72548363430732,89595,133,211,10064,
156.7268439267678,89594,134,211,10064,
156.72901291068706,89593,135,211,10064,
156.74639770012055,89593,135,210,10065,
156.75866990830158,89593,134,211,10065,
156.77479434967182,89593,133,212,10065,
156.79833804315444,89593,133,211,10066,
156.8147594891813,89592,134,211,10066,
156.8311649600161,89591,135,211,10066,
156.83611095390648,89591,135,210,10067,
156.88773287282245,89591,134,211,10067,
156.8910216521411,89590,135,211,10067,
156.89269617487844,89589,136,211,10067,
156.90676877710223,89589,135,212,10067,
156.90748188412198,89589,135,211,10068,
156.90757259519205,89589,134,212,10068,
156.92386223374032,89589,134,211,10069,
156.92410447559737,89588,135,211,10069,
156.9296016231014,89587,136,211,10069,
156.93930154906656,89587,136,210,10070,
156.94397674251022,89587,135,211,10070,
156.94804835445282,89586,136,211,10070,
156.96873973993112,89586,135,212,10070,
156.97198109822898,89586,135,211,10071,
156.98691397755326,89585,136,211,10071,
157.0296193581818,89585,135,212,10071,
157.0430306285606,89585,134,213,10071,
157.07070710210343,89584,135,213,10071,
157.0732106737946,89584,134,214,10071,
157.1098111522659,89584,133,215,10071,
157.11621697014436,89583,134,215,10071,
157.1236664186772,89583,133,216,10071,
157.1421208251652,89583,132,217,10071,
157.16156155025365,89583,131,218,10071,
157.16720386889733,89582,132,218,10071,
157.17496335057774,89581,133,218,10071,
157.17853863157964,89580,134,218,10071,
157.19761114663487,89580,134,217,10072,
157.22980741922692,89580,134,216,10073,
157.2440125316527,89579,135,216,10073,
157.2577982438248,89579,135,215,10074,
157.26051908222843,89579,135,214,10075,
157.2631994183759,89579,134,215,10075,
157.2714635757842,89578,135,215,10075,
157.2742251037069,89577,136,215,10075,
157.27929906951042,89576,137,215,10075,
157.28390122261044,89576,137,214,10076,
157.29688862958622,89576,137,213,10077,
157.30850822741368,89576,136,214,10077,
157.32333971828402,89575,137,214,10077,
157.32818742808593,89575,137,213,10078,
157.3307392672083,89574,138,213,10078,
157.37893672787607,89574,137,214,10078,
157.40524806615758,89574,136,215,10078,
157.41371934729275,89574,136,214,10079,
157.42868288525972,89573,137,214,10079,
157.4346299300606,89573,136,215,10079,
157.43780256871304,89572,137,215,10079,
157.47995761161042,89572,137,214,10080,
157.48080774764108,89572,136,215,10080,
157.529695802903,89572,135,216,10080,
157.53199027275525,89572,134,217,10080,
157.54603360684524,89572,134,216,10081,
157.55144577943722,89571,135,216,10081,
157.55342515079624,89570,136,216,10081,
157.58473990744733,89570,136,215,10082,
157.5901057505749,89570,135,216,10082,
157.59859385456667,89570,135,215,10083,
157.60508666181977,89570,135,214,10084,
157.61296381624783,89569,136,214,10084,
157.6288169921101,89568,137,214,10084,
157.63059404796985,89567,138,214,10084,
157.63905999076366,89567,138,213,10085,
157.65720832922162,89567,137,214,10085,
157.67419071786895,89567,137,213,10086,
157.67882617370805,89567,137,212,10087,
157.68515848814627,89567,136,213,10087,
157.72499972082198,89567,136,212,10088,
157.72977149786476,89566,137,212,10088,
157.7370965351158,89566,137,211,10089,
157.73819404160173,89566,137,210,10090,
157.74423987414414,89566,136,211,10090,
157.7470712281544,89565,137,211,10090,
157.74925142321982,89564,138,211,10090,
157.75914481465372,89564,138,210,10091,
157.76549289973465,89564,138,209,10092,
157.78466910690952,89563,139,209,10092,
157.79079111699997,89562,140,209,10092,
157.79675570313103,89562,139,210,10092,
157.8085252608925,89562,138,211,10092,
157.8103333153149,89562,137,212,10092,
157.8178705094778,89561,138,212,10092,
157.87760154466153,89561,138,211,10093,
157.89050805745376,89560,139,211,10093,
157.8908534106483,89560,138,212,10093,
157.89274307725816,89560,137,213,10093,
157.90014700398325,89559,138,213,10093,
157.9065924627501,89559,138,212,10094,
157.90771259066457,89558,139,212,10094,
157.90782361688508,89558,139,211,10095,
157.90785641046728,89558,138,212,10095,
157.91485049368504,89557,139,212,10095,
157.92644619382938,89557,138,213,10095,
157.94920971241385,89557,138,212,10096,
157.96273225851914,89556,139,212,10096,
157.97355909898903,89556,139,211,10097,
157.99919942060825,89556,138,212,10097,
158.00433252149568,89556,138,211,10098,
158.0139464527238,89556,137,212,10098,
158.0199443362875,89556,136,213,10098,
158.03435385982155,89555,137,213,10098,
158.04750354073116,89555,136,214,10098,
158.0523273996506,89555,136,213,10099,
158.05453192728942,89554,137,213,10099,
158.07747553249624,89553,138,213,10099,
158.08404958978613,89553,137,214,10099,
158.09060000111015,89553,137,213,10100,
158.0908390547478,89552,138,213,10100,
158.0951898109748,89552,138,212,10101,
158.09926693616978,89552,137,213,10101,
158.10459236794247,89551,138,213,10101,
158.1195928540447,89551,138,212,10102,
158.1231377528781,89550,139,212,10102,
158.1235788201754,89550,139,211,10103,
158.13011884094192,89550,138,212,10103,
158.13235631126904,89550,138,211,10104,
158.13559692607038,89549,139,211,10104,
158.1441238073995,89549,138,212,10104,
158.16995907254625,89548,139,212,10104,
158.17802216608038,89548,138,213,10104,
158.18971451820093,89547,139,213,10104,
158.1924687945498,89546,140,213,10104,
158.196562456162,89546,139,214,10104,
158.20531543560386,89546,138,215,10104,
158.20780022905353,89546,138,214,10105,
158.21418555700214,89546,137,215,10105,
158.25541487692396,89545,138,215,10105,
158.25549460352502,89544,139,215,10105,
158.25858788226736,89543,140,215,10105,
158.2634924656569,89543,140,214,10106,
158.27091793301975,89543,140,213,10107,
158.2900211557904,89543,139,214,10107,
158.3199274033437,89542,140,214,10107,
158.3231303377025,89542,140,213,10108,
158.3277540729083,89542,140,212,10109,
158.33514295543023,89542,139,213,10109,
158.33597658624285,89542,139,212,10110,
158.33838870456248,89542,138,213,10110,
158.35301849181113,89541,139,213,10110,
158.36000372728955,89540,140,213,10110,
158.3722019759757,89540,139,214,10110,
158.39357094855066,89539,140,214,10110,
158.3937288765957,89539,139,215,10110,
158.3980269996447,89538,140,215,10110,
158.40575454706274,89537,141,215,10110,
158.41513732490642,89537,140,216,10110,
158.42269870364385,89536,141,216,10110,
158.42333131802684,89536,140,217,10110,
158.43018439216894,89536,140,216,10111,
158.43894927799465,89535,141,216,10111,
158.45888626763457,89534,142,216,10111,
158.46124255937525,89534,142,215,10112,
158.4765469898485,89534,142,214,10113,
158.48205595060477,89534,142,213,10114,
158.4824369546817,89534,141,214,10114,
158.49818685090466,89534,140,215,10114,
158.51336829469778,89534,139,216,10114,
158.53781167303433,89534,139,215,10115,
158.5502161720145,89534,138,216,10115,
158.55303389178468,89533,139,216,10115,
158.5562239266179,89532,140,216,10115,
158.58750633059879,89532,139,217,10115,
158.6014411991286,89531,140,217,10115,
158.60191268332474,89531,140,216,10116,
158.61400475099157,89530,141,216,10116,
158.63636642597152,89530,141,215,10117,
158.6444120301938,89530,141,214,10118,
158.66013645464238,89530,140,215,10118,
158.67768191222495,89529,141,215,10118,
158.71492441201275,89528,142,215,10118,
158.74203487653133,89528,141,216,10118,
158.74486038952008,89528,140,217,10118,
158.7477413788901,89528,139,218,10118,
158.7603987338669,89528,138,219,10118,
158.76508415582828,89527,139,219,10118,
158.773620240248,89527,139,218,10119,
158.7760839228167,89527,139,217,10120,
158.7894215583919,89526,140,217,10120,
158.7966198394518,89526,140,216,10121,
158.8097276269187,89525,141,216,10121,
158.84930540497908,89524,142,216,10121,
158.8656829006902,89523,143,216,10121,
158.87734365955112,89523,143,215,10122,
158.881950442712,89523,143,214,10123,
158.89753499160219,89522,144,214,10123,
158.93887044245307,89522,144,213,10124,
158.95220318813926,89522,144,212,10125,
158.96138786379728,89522,143,213,10125,
158.97407069265074,89522,142,214,10125,
158.9895435583803,89522,142,213,10126,
158.9965045903899,89522,142,212,10127,
158.99897423495716,89521,143,212,10127,
159.00352285998127,89521,142,213,10127,
159.01474452252364,89521,141,214,10127,
159.02745349021774,89521,140,215,10127,
159.03007976569515,89521,139,216,10127,
159.0353145282407,89520,140,216,10127,
159.04747279096847,89520,139,217,10127,
159.0993885771981,89520,138,218,10127,
159.1105796525731,89519,139,218,10127,
159.11338580267815,89519,139,217,10128,
159.13377716924228,89519,138,218,10128,
159.13846035584788,89518,139,218,10128,
159.18007824511736,89518,139,217,10129,
159.1875317332378,89518,139,216,10130,
159.20945218649373,89518,139,215,10131,
159.22020124635728,89518,138,216,10131,
159.22413485253892,89518,137,217,10131,
159.23215608242057,89517,138,217,10131,
159.24351236515164,89517,137,218,10131,
159.29681240954733,89517,136,219,10131,
159.30090838226624,89516,137,219,10131,
159.3024639038396,89516,136,220,10131,
159.33307236593066,89515,137,220,10131,
159.33849127799436,89515,136,221,10131,
159.35046225946726,89514,137,221,10131,
159.36100622387897,89514,137,220,10132,
159.37377152153024,89514,137,219,10133,
159.39912492693702,89513,138,219,10133,
159.40074179834983,89512,139,219,10133,
159.40878454406322,89512,139,218,10134,
159.41074189076704,89512,138,219,10134,
159.4182412799354,89512,137,220,10134,
159.4264728099154,89512,136,221,10134,
159.4294910780977,89512,136,220,10135,
159.43080289576795,89511,137,220,10135,
159.44824907522693,89510,138,220,10135,
159.47097713056627,89510,137,221,10135,
159.48734662548156,89510,136,222,10135,
159.4971999195617,89509,137,222,10135,
159.50176222093344,89508,138,222,10135,
159.5026241663743,89507,139,222,10135,
159.53568928263107,89507,138,223,10135,
159.54727320905653,89507,138,222,10136,
159.5528993306083,89507,138,221,10137,
159.55556412177015,89507,138,220,10138,
159.55974982023196,89507,138,219,10139,
159.57577218133852,89506,139,219,10139,
159.58509629525125,89505,140,219,10139,
159.58679167223326,89505,140,218,10140,
159.64637441505755,89505,140,217,10141,
159.65195246847816,89504,141,217,10141,
159.6657769848069,89504,140,218,10141,
159.67315504765108,89504,139,219,10141,
159.70532680208274,89503,140,219,10141,
159.70603936424726,89503,139,220,10141,
159.73228694806204,89503,138,221,10141,
159.76845766978954,89503,138,220,10142,
159.7751745446203,89503,137,221,10142,
159.78620024249366,89502,138,221,10142,
159.78800706916655,89502,138,220,10143,
159.78972685267416,89502,137,221,10143,
159.79827348613048,89502,136,222,10143,
159.80358023380793,89502,135,223,10143,
159.80506060163162,89502,134,224,10143,
159.81592472989638,89501,135,224,10143,
159.81795251977496,89500,136,224,10143,
159.81811816223475,89500,136,223,10144,
159.82301511491966,89500,136,222,10145,
159.87740817636313,89500,135,223,10145,
159.8871969011458,89500,134,224,10145,
159.8901026385639,89499,135,224,10145,
159.91341866900171,89499,134,225,10145,
159.91958159856682,89499,133,226,10145,
159.93266171284012,89499,133,225,10146,
159.95847958496182,89498,134,225,10146,
159.96475854322185,89497,135,225,10146,
159.97809187897923,89496,136,225,10146,
159.98700464313873,89495,137,225,10146,
159.98716849091946,89494,138,225,10146,
159.99166312665687,89494,137,226,10146,
159.9995977475337,89494,136,227,10146,
160.0023379887699,89494,135,228,10146,
160.0071639896895,89494,135,227,10147,
160.01049940731582,89494,134,228,10147,
160.02559961678205,89494,134,227,10148,
160.02683962617482,89493,135,227,10148,
160.03419508502876,89493,135,226,10149,
160.05644561549346,89492,136,226,10149,
160.08354018944658,89491,137,226,10149,
160.1443839654059,89491,137,225,10150,
160.18436793402063,89491,137,224,10151,
160.22775236397896,89491,136,225,10151,
160.23168033212454,89490,137,225,10151,
160.24006247763873,89490,136,226,10151,
160.2551894762205,89489,137,226,10151,
160.2658196059794,89488,138,226,10151,
160.27173918254655,89488,137,227,10151,
160.27740594930532,89487,138,227,10151,
160.28834895997863,89487,137,228,10151,
160.29816561088438,89487,137,227,10152,
160.31382911059828,89487,136,228,10152,
160.34284217800115,89487,135,229,10152,
160.3504165965118,89487,135,228,10153,
160.41831662062856,89487,134,229,10153,
160.44541115710257,89487,134,228,10154,
160.49018799460066,89487,133,229,10154,
160.50308504381576,89487,133,228,10155,
160.51196772150965,89486,134,228,10155,
160.53270360721893,89485,135,228,10155,
160.5355973925191,89484,136,228,10155,
160.53774316788108,89483,137,228,10155,
160.5391183076366,89483,136,229,10155,
160.57103286433582,89483,135,230,10155,
160.63784963506112,89483,135,229,10156,
160.64180856432944,89483,134,230,10156,
160.6524572250552,89482,135,230,10156,
160.67729774552956,89482,134,231,10156,
160.70283071431373,89481,135,231,10156,
160.7084514502824,89481,134,232,10156,
160.71706707774996,89480,135,232,10156,
160.72143205290703,89480,135,231,10157,
160.72323349147396,89479,136,231,10157,
160.72336167820137,89479,136,230,10158,
160.72918568890344,89479,136,229,10159,
160.7294469482406,89479,136,228,10160,
160.73429479708494,89479,135,229,10160,
160.7426001085187,89478,136,229,10160,
160.74822231012791,89478,136,228,10161,
160.7497323272804,89478,135,229,10161,
160.78331633353207,89477,136,229,10161,
160.78647938434216,89477,135,230,10161,
160.78668232955744,89476,136,230,10161,
160.79134419062947,89475,137,230,10161,
160.79713959286977,89475,137,229,10162,
160.83412477012507,89474,138,229,10162,
160.8570223730777,89474,137,230,10162,
160.8694408696336,89474,136,231,10162,
160.87089140295484,89473,137,231,10162,
160.8731241479309,89473,137,230,10163,
160.88956691909772,89473,137,229,10164,
160.88973617578648,89473,136,230,10164,
160.9055959470187,89473,135,231,10164,
160.9231150823982,89473,134,232,10164,
160.92611084781748,89473,134,231,10165,
160.9323731591949,89472,135,231,10165,
160.9466719015303,89472,134,232,10165,
160.94764196357866,89472,133,233,10165,
160.9606447116152,89472,133,232,10166,
160.9762456022386,89472,133,231,10167,
160.99513201203098,89471,134,231,10167,
161.01186476023102,89471,133,232,10167,
161.01970302301604,89470,134,232,10167,
161.08002855380897,89470,134,231,10168,
161.09968853501908,89469,135,231,10168,
161.12588555574337,89469,134,232,10168,
161.13088844342067,89469,134,231,10169,
161.14664069518926,89469,133,232,10169,
161.15516751979192,89468,134,232,10169,
161.1634932423055,89468,134,231,10170,
161.2130946356936,89468,134,230,10171,
161.21367602772852,89468,134,229,10172,
161.23164510947348,89467,135,229,10172,
161.23330514811806,89467,134,230,10172,
161.2393958372675,89467,134,229,10173,
161.2562376163207,89466,135,229,10173,
161.2736531999999,89465,136,229,10173,
161.27482572247123,89465,135,230,10173,
161.27798715716307,89465,135,229,10174,
161.28587117875594,89465,134,230,10174,
161.29043606950694,89465,134,229,10175,
161.3157063148988,89464,135,229,10175,
161.33561183498733,89464,134,230,10175,
161.34631677499283,89464,134,229,10176,
161.34867536767229,89464,134,228,10177,
161.35105734377805,89464,133,229,10177,
161.3710818693089,89464,133,228,10178,
161.39780136656202,89464,133,227,10179,
161.40276202843503,89463,134,227,10179,
161.46449784129626,89462,135,227,10179,
161.4714293193792,89462,135,226,10180,
161.4784453099802,89462,135,225,10181,
161.504544483178,89461,136,225,10181,
161.5109307967362,89461,135,226,10181,
161.51740232528087,89461,135,225,10182,
161.54101345300788,89461,135,224,10183,
161.55222641315376,89461,134,225,10183,
161.5664342530029,89461,133,226,10183,
161.57239135341604,89461,132,227,10183,
161.58069253850775,89461,132,226,10184,
161.5930435092682,89461,131,227,10184,
161.6125434228056,89461,131,226,10185,
161.61460216208303,89461,130,227,10185,
161.62944952940882,89461,129,228,10185,
161.63476772160624,89461,129,227,10186,
161.64808867430878,89460,130,227,10186,
161.6562759361686,89460,130,226,10187,
161.6569395620666,89459,131,226,10187,
161.65802050496754,89459,130,227,10187,
161.67371072668797,89459,130,226,10188,
161.70181777451302,89459,129,227,10188,
161.7124765289115,89458,130,227,10188,
161.7263233597157,89457,131,227,10188,
161.73109531791275,89457,130,228,10188,
161.73691967124404,89456,131,228,10188,
161.73954153485448,89456,130,229,10188,
161.74468631038795,89456,130,228,10189,
161.77275468834767,89455,131,228,10189,
161.80393041738228,89455,131,227,10190,
161.82464129265844,89455,131,226,10191,
161.83064893766675,89455,131,225,10192,
161.83158019104542,89455,130,226,10192,
161.85020102441723,89455,130,225,10193,
161.8693086695962,89455,130,224,10194,
161.87326010533673,89454,131,224,10194,
161.87614553378617,89454,130,225,10194,
161.88996323246238,89453,131,225,10194,
161.89472695528292,89453,130,226,10194,
161.9001092963438,89453,129,227,10194,
161.91035509446766,89453,129,226,10195,
161.9259829108888,89453,128,227,10195,
161.9264896909055,89453,128,226,10196,
161.9362101444873,89453,127,227,10196,
161.9426577235208,89453,127,226,10197,
161.94737194580182,89453,126,227,10197,
161.98551633795896,89453,125,228,10197,
162.02961129962895,89453,125,227,10198,
162.05211300588698,89453,124,228,10198,
162.07085162811242,89453,124,227,10199,
162.09987979263727,89452,125,227,10199,
162.11456264937797,89452,124,228,10199,
162.13697113305295,89451,125,228,10199,
162.139708988101,89450,126,228,10199,
162.16175009450888,89449,127,228,10199,
162.16641392635245,89449,126,229,10199,
162.16879325940468,89449,125,230,10199,
162.17566001477522,89449,125,229,10200,
162.19926331850832,89449,124,230,10200,
162.20190583652436,89449,123,231,10200,
162.20892363925185,89449,123,230,10201,
162.213239375104,89449,123,229,10202,
162.2149469160573,89449,123,228,10203,
162.22722660465985,89449,123,227,10204,
162.25564870129242,89449,123,226,10205,
162.26192936433822,89449,122,227,10205,
162.27845328694843,89448,123,227,10205,
162.28891980807893,89447,124,227,10205,
162.29812011734685,89447,123,228,10205,
162.30160363547367,89447,122,229,10205,
162.3024493607476,89446,123,229,10205,
162.3201882301948,89446,123,228,10206,
162.32254894922414,89446,122,229,10206,
162.32860556101463,89445,123,229,10206,
162.33105135874112,89445,123,228,10207,
162.33957354434605,89444,124,228,10207,
162.360021299416,89444,123,229,10207,
162.36029155426343,89443,124,229,10207,
162.37813699265087,89442,125,229,10207,
162.41572821403963,89442,124,230,10207,
162.43176008931468,89442,124,229,10208,
162.44845904103522,89442,123,230,10208,
162.4770770935705,89441,124,230,10208,
162.4776886109548,89440,125,230,10208,
162.4999286257181,89440,124,231,10208,
162.5228346550956,89439,125,231,10208,
162.52649635374615,89438,126,231,10208,
162.54288315464075,89437,127,231,10208,
162.54350787608814,89437,126,232,10208,
162.54451496728956,89437,125,233,10208,
162.54609303194337,89436,126,233,10208,
162.55049088672274,89436,125,234,10208,
162.5583033748609,89436,125,233,10209,
162.56483070329668,89435,126,233,10209,
162.56587452376135,89435,126,232,10210,
162.5681310547663,89435,126,231,10211,
162.5820841101424,89435,125,232,10211,
162.59659012093232,89435,124,233,10211,
162.61434919127322,89435,123,234,10211,
162.6203657666296,89435,122,235,10211,
162.65665369478236,89434,123,235,10211,
162.67923452976032,89434,123,234,10212,
162.72769013779472,89433,124,234,10212,
162.72962552156196,89433,123,235,10212,
162.73429827667653,89433,123,234,10213,
162.7462220883078,89432,124,234,10213,
162.75505458664873,89432,124,233,10214,
162.7749625730975,89432,123,234,10214,
162.78373393512288,89432,123,233,10215,
162.802422545493,89432,122,234,10215,
162.81428503848457,89432,121,235,10215,
162.8230601736619,89432,121,234,10216,
162.8257438983021,89432,121,233,10217,
162.82846281970996,89431,122,233,10217,
162.8428027502032,89430,123,233,10217,
162.85884750072344,89429,124,233,10217,
162.86193568505016,89428,125,233,10217,
162.8623871592526,89428,125,232,10218,
162.86990340954836,89427,126,232,10218,
162.87857613597944,89427,125,233,10218,
162.88914378159515,89427,124,234,10218,
162.9115526699813,89426,125,234,10218,
162.91949042750417,89425,126,234,10218,
162.9294371043335,89424,127,234,10218,
162.94393433984695,89423,128,234,10218,
162.94758740049926,89423,127,235,10218,
162.9742055942064,89422,128,235,10218,
162.98900841379148,89422,128,234,10219,
162.99613179109784,89422,128,233,10220,
162.99691868378596,89422,128,232,10221,
163.0058753516875,89421,129,232,10221,
163.02243575080152,89421,129,231,10222,
163.03122504084564,89421,129,230,10223,
163.0440431956441,89420,130,230,10223,
163.04894178749325,89419,131,230,10223,
163.06034145652768,89418,132,230,10223,
163.07862264757836,89418,132,229,10224,
163.07904943405867,89418,132,228,10225,
163.08580247922094,89418,131,229,10225,
163.10660402649577,89418,131,228,10226,
163.10933167112,89417,132,228,10226,
163.11214772653395,89416,133,228,10226,
163.1278821132887,89415,134,228,10226,
163.16572697922274,89414,135,228,10226,
163.16756841064034,89413,136,228,10226,
163.17284226667192,89413,135,229,10226,
163.18395433139403,89413,134,230,10226,
163.18465261389468,89413,133,231,10226,
163.1895431102117,89412,134,231,10226,
163.2178381296331,89411,135,231,10226,
163.2205825504346,89411,135,230,10227,
163.23233191706754,89410,136,230,10227,
163.23339537686152,89410,135,231,10227,
163.2533013118807,89409,136,231,10227,
163.26286080394016,89409,135,232,10227,
163.27093515559088,89409,135,231,10228,
163.27725568094831,89409,135,230,10229,
163.2791903566144,89409,135,229,10230,
163.28202432495385,89408,136,229,10230,
163.28368139902722,89407,137,229,10230,
163.28436508359917,89407,137,228,10231,
163.32019263068418,89407,137,227,10232,
163.32615068913867,89407,136,228,10232,
163.3262758284746,89407,136,227,10233,
163.34261737587934,89407,136,226,10234,
163.34944560734903,89407,135,227,10234,
163.37281428792738,89407,134,228,10234,
163.38277408979903,89406,135,228,10234,
163.3945048551111,89406,135,227,10235,
163.43775994287358,89406,135,226,10236,
163.43953151027478,89406,134,227,10236,
163.44464983165403,89406,133,228,10236,
163.44936725688976,89406,133,227,10237,
163.45394379681974,89406,132,228,10237,
163.45942933410055,89406,132,227,10238,
163.4698049276611,89406,131,228,10238,
163.48520016569995,89406,131,227,10239,
163.52237306735486,89406,130,228,10239,
163.52651166977157,89406,129,229,10239,
163.54330993828142,89406,129,228,10240,
163.56030399499545,89406,129,227,10241,
163.56696965363653,89406,129,226,10242,
163.56856740280358,89406,128,227,10242,
163.57174017535633,89405,129,227,10242,
163.57176845166765,89405,128,228,10242,
163.6018326026164,89405,127,229,10242,
163.6176953094806,89404,128,229,10242,
163.62289363133158,89403,129,229,10242,
163.68192387820716,89402,130,229,10242,
163.70048678281105,89402,130,228,10243,
163.71078795969427,89402,130,227,10244,
163.73618982922426,89402,130,226,10245,
163.73871770257443,89402,129,227,10245,
163.75418190433226,89402,128,228,10245,
163.75657341251593,89402,127,229,10245,
163.76260246610772,89402,126,230,10245,
163.76671560741633,89402,126,229,10246,
163.778221522266,89402,125,230,10246,
163.78352632649407,89401,126,230,10246,
163.7842968380583,89401,126,229,10247,
163.78510284842505,89401,126,228,10248,
163.81206580314375,89401,126,227,10249,
163.8133414418632,89401,125,228,10249,
163.81444875591896,89401,124,229,10249,
163.81793124597414,89401,123,230,10249,
163.8356025860441,89401,123,229,10250,
163.85485447894445,89400,124,229,10250,
163.87065808399467,89400,124,228,10251,
163.87669220558672,89400,123,229,10251,
163.88209710411957,89399,124,229,10251,
163.8863702908597,89398,125,229,10251,
163.89346054410893,89397,126,229,10251,
163.93557507507433,89397,126,228,10252,
163.94312501076055,89396,127,228,10252,
163.96121773035236,89395,128,228,10252,
163.9724044455802,89394,129,228,10252,
164.01956058512212,89393,130,228,10252,
164.04247217704173,89392,131,228,10252,
164.04460366493572,89392,130,229,10252,
164.06270373765568,89391,131,229,10252,
164.07158439072154,89390,132,229,10252,
164.08023427543336,89389,133,229,10252,
164.08551699484562,89388,134,229,10252,
164.08724351223302,89388,134,228,10253,
164.10904935267595,89388,133,229,10253,
164.1098600713215,89388,132,230,10253,
164.11009491784867,89388,131,231,10253,
164.1116269008271,89387,132,231,10253,
164.1177722458304,89387,132,230,10254,
164.1441535956722,89386,133,230,10254,
164.14632654436565,89386,133,229,10255,
164.14701715698246,89386,132,230,10255,
164.17325461240824,89385,133,230,10255,
164.17436184194383,89384,134,230,10255,
164.17646705990103,89384,134,229,10256,
164.1836671202149,89384,133,230,10256,
164.21044457099552,89383,134,230,10256,
164.23380408820125,89383,134,229,10257,
164.26993738017137,89383,133,230,10257,
164.27263259965446,89382,134,230,10257,
164.2791576850177,89382,134,229,10258,
164.28502727111385,89381,135,229,10258,
164.28845187567413,89381,135,228,10259,
164.31109578225227,89381,135,227,10260,
164.32793211335425,89381,134,228,10260,
164.33411882552204,89380,135,228,10260,
164.35309905981043,89380,135,227,10261,
164.36153946705357,89380,134,228,10261,
164.3769083973705,89380,134,227,10262,
164.42265874206504,89380,133,228,10262,
164.4286767753983,89380,132,229,10262,
164.42875762361624,89379,133,229,10262,
164.45523369232333,89379,132,230,10262,
164.45975382868107,89378,133,230,10262,
164.4704573618742,89377,134,230,10262,
164.47059522906522,89376,135,230,10262,
164.47458432635213,89375,136,230,10262,
164.49716635280032,89374,137,230,10262,
164.54314847606602,89374,136,231,10262,
164.55279265111292,89374,136,230,10263,
164.5857677977814,89374,135,231,10263,
164.59641268043714,89374,135,230,10264,
164.6045767189061,89374,135,229,10265,
164.61766895791965,89373,136,229,10265,
164.61787692213983,89373,135,230,10265,
164.62186719104176,89372,136,230,10265,
164.64868223290395,89372,136,229,10266,
164.66002842743137,89371,137,229,10266,
164.67011453842488,89370,138,229,10266,
164.68819250268234,89369,139,229,10266,
164.6886666617201,89369,138,230,10266,
164.6985431357055,89368,139,230,10266,
164.7148370378883,89367,140,230,10266,
164.71783681042155,89366,141,230,10266,
164.72614579948944,89366,141,229,10267,
164.74748517656468,89365,142,229,10267,
164.74974608628372,89364,143,229,10267,
164.75164052385742,89363,144,229,10267,
164.75448573497843,89363,143,230,10267,
164.7699326988695,89362,144,230,10267,
164.78551381809228,89362,143,231,10267,
164.78869002660326,89362,143,230,10268,
164.7958939621505,89361,144,230,10268,
164.7998145666957,89360,145,230,10268,
164.806411881997,89360,144,231,10268,
164.84431701027847,89360,144,230,10269,
164.86595906511545,89359,145,230,10269,
164.86863872954686,89359,144,231,10269,
164.87298792802142,89359,144,230,10270,
164.87879410116966,89359,144,229,10271,
164.90189678356137,89359,144,228,10272,
164.91114158482623,89359,144,227,10273,
164.91530030428726,89359,144,226,10274,
164.92250441053852,89359,143,227,10274,
164.93262750478794,89358,144,227,10274,
164.93654784416975,89358,144,226,10275,
164.93900540386377,89358,143,227,10275,
164.9445904676908,89358,143,226,10276,
164.95613827094144,89358,143,225,10277,
164.95705042232504,89357,144,225,10277,
164.971356581507,89357,143,226,10277,
164.9748066789219,89357,142,227,10277,
165.01323481089233,89356,143,227,10277,
165.01882460502586,89355,144,227,10277,
165.03325848298027,89355,144,226,10278,
165.03427796792965,89355,144,225,10279,
165.0385484290481,89354,145,225,10279,
165.0429529055023,89353,146,225,10279,
165.05305430624028,89353,146,224,10280,
165.06159027831606,89353,146,223,10281,
165.06731460933284,89352,147,223,10281,
165.07383174464596,89351,148,223,10281,
165.07501361970327,89350,149,223,10281,
165.08276027330808,89349,150,223,10281,
165.08518663644656,89348,151,223,10281,
165.11106637838208,89347,152,223,10281,
165.11315541997294,89347,152,222,10282,
165.12091771485268,89347,151,223,10282,
165.12170771507823,89346,152,223,10282,
165.1626829591727,89346,152,222,10283,
165.16304657665324,89346,151,223,10283,
165.17062048485636,89346,151,222,10284,
165.17659076084448,89346,150,223,10284,
165.18179566637815,89346,150,222,10285,
165.19171552443302,89345,151,222,10285,
165.19566799151605,89345,151,221,10286,
165.1969781806079,89345,150,222,10286,
165.20222646614184,89345,150,221,10287,
165.21518219920327,89345,149,222,10287,
165.22395567216955,89344,150,222,10287,
165.25094898449453,89344,150,221,10288,
165.25149257248228,89344,149,222,10288,
165.2575936533299,89344,149,221,10289,
165.26510369750727,89344,149,220,10290,
165.27269775484223,89344,149,219,10291,
165.2858780397205,89344,149,218,10292,
165.28881076160235,89343,150,218,10292,
165.30826335285502,89343,149,219,10292,
165.31084654566877,89342,150,219,10292,
165.31361178611098,89342,149,220,10292,
165.3392701263475,89342,149,219,10293,
165.34524806554435,89342,149,218,10294,
165.3851950106847,89342,148,219,10294,
165.3930853602572,89342,147,220,10294,
165.3983175577489,89342,146,221,10294,
165.3984902790426,89342,146,220,10295,
165.41699589614947,89341,147,220,10295,
165.41831957433087,89341,147,219,10296,
165.4215839144007,89341,146,220,10296,
165.4265187045743,89341,146,219,10297,
165.42735185242938,89341,146,218,10298,
165.43553875610866,89341,145,219,10298,
165.44058695966135,89341,144,220,10298,
165.45005304080664,89341,143,221,10298,
165.45827217790162,89341,143,220,10299,
165.48149369004506,89340,144,220,10299,
165.5032824328198,89339,145,220,10299,
165.52175464075196,89338,146,220,10299,
165.53792095669957,89337,147,220,10299,
165.54153732284175,89337,146,221,10299,
165.5429058001136,89337,146,220,10300,
165.54632555860763,89337,146,219,10301,
165.54771147521944,89337,146,218,10302,
165.5502189117094,89337,145,219,10302,
165.55921985426286,89336,146,219,10302,
165.5596434522754,89336,146,218,10303,
165.56626273529295,89336,145,219,10303,
165.56648713483906,89336,145,218,10304,
165.57501616882345,89335,146,218,10304,
165.59040118551886,89334,147,218,10304,
165.60175466182798,89334,147,217,10305,
165.61834218837168,89334,146,218,10305,
165.62285684611413,89333,147,218,10305,
165.66250731881811,89333,146,219,10305,
165.67944111615833,89332,147,219,10305,
165.6799075356112,89332,146,220,10305,
165.69185572113173,89332,145,221,10305,
165.6944623395744,89332,144,222,10305,
165.70740682388794,89332,144,221,10306,
165.708153209922,89332,143,222,10306,
165.72753986017273,89331,144,222,10306,
165.7809815541891,89331,144,221,10307,
165.7897277827022,89331,144,220,10308,
165.78978150810877,89331,143,221,10308,
165.8769471385397,89331,143,220,10309,
165.89744252318334,89330,144,220,10309,
165.89955364134485,89330,144,219,10310,
165.89960356191978,89329,145,219,10310,
165.90660246426924,89329,144,220,10310,
165.91103851742537,89328,145,220,10310,
165.9445385011664,89328,145,219,10311,
165.94590937166694,89328,145,218,10312,
165.95713719641418,89327,146,218,10312,
165.96386628184524,89327,146,217,10313,
165.96609586140906,89327,145,218,10313,
165.97888659923973,89326,146,218,10313,
165.9792688533278,89325,147,218,10313,
165.99071584600972,89324,148,218,10313,
165.99253981002317,89323,149,218,10313,
166.0063497207568,89323,149,217,10314,
166.0110009665075,89323,148,218,10314,
166.01199979049028,89323,148,217,10315,
166.01686267531755,89322,149,217,10315,
166.0518385653315,89322,148,218,10315,
166.06634287054425,89322,148,217,10316,
166.0858668684511,89322,147,218,10316,
166.10809494970437,89322,146,219,10316,
166.15588788409056,89322,145,220,10316,
166.15631149034007,89321,146,220,10316,
166.1829257544425,89320,147,220,10316,
166.2037387553571,89320,147,219,10317,
166.22068536601924,89320,147,218,10318,
166.27896255106617,89320,146,219,10318,
166.2968235956804,89320,145,220,10318,
166.30918678676431,89320,145,219,10319,
166.31069820700836,89319,146,219,10319,
166.3471289532706,89319,145,220,10319,
166.35207151429026,89318,146,220,10319,
166.40522866527434,89318,145,221,10319,
166.4332744717098,89317,146,221,10319,
166.44184654239487,89316,147,221,10319,
166.44876852447794,89315,148,221,10319,
166.4515962773139,89314,149,221,10319,
166.45576137987786,89314,148,222,10319,
166.47161762759055,89313,149,222,10319,
166.47306459800595,89313,148,223,10319,
166.4798575188065,89313,147,224,10319,
166.5112560718053,89313,147,223,10320,
166.51499086703026,89313,146,224,10320,
166.53125790048063,89313,146,223,10321,
166.5355647872214,89312,147,223,10321,
166.55222782717274,89311,148,223,10321,
166.5883792727531,89311,148,222,10322,
166.61096204591422,89310,149,222,10322,
166.6169137829329,89310,149,221,10323,
166.61929114732362,89310,149,220,10324,
166.64237208094295,89310,149,219,10325,
166.64388823419085,89310,148,220,10325,
166.64723080892446,89310,147,221,10325,
166.6559375681141,89309,148,221,10325,
166.69749645909116,89309,148,220,10326,
166.70975725182967,89309,147,221,10326,
166.7371629420918,89309,146,222,10326,
166.73799883796076,89309,146,221,10327,
166.75292509044473,89309,146,220,10328,
166.75540205050046,89308,147,220,10328,
166.75851826786226,89307,148,220,10328,
166.768831775742,89307,147,221,10328,
166.77725474211763,89307,146,222,10328,
166.77813186105368,89307,145,223,10328,
166.78056036494354,89307,144,224,10328,
166.78896560105676,89306,145,224,10328,
166.78961407922617,89306,145,223,10329,
166.79873322220982,89305,146,223,10329,
166.8120309496406,89305,146,222,10330,
166.81577405649918,89305,145,223,10330,
166.81888670747685,89305,145,222,10331,
166.82251880975792,89305,144,223,10331,
166.82295827751136,89305,143,224,10331,
166.82705947124117,89304,144,224,10331,
166.8299007798593,89303,145,224,10331,
166.86675091770516,89303,145,223,10332,
166.87587237602963,89302,146,223,10332,
166.8772308095033,89302,146,222,10333,
166.88805591820963,89302,145,223,10333,
166.90567487780032,89301,146,223,10333,
166.90800418709156,89301,145,224,10333,
166.91714240508253,89301,145,223,10334,
166.95976955741907,89301,144,224,10334,
166.9686223858294,89300,145,224,10334,
166.9700069409539,89299,146,224,10334,
166.97176686174515,89299,145,225,10334,
166.98538261775877,89299,145,224,10335,
167.03784472656247,89299,145,223,10336,
167.05471389973587,89299,145,222,10337,
167.07025522540988,89298,146,222,10337,
167.0731225559476,89298,146,221,10338,
167.08717654126633,89298,145,222,10338,
167.0873049939884,89298,144,223,10338,
167.09290883344445,89298,144,222,10339,
167.0964168484148,89298,144,221,10340,
167.1018419577319,89298,143,222,10340,
167.10545402937885,89298,142,223,10340,
167.10608647962422,89297,143,223,10340,
167.11397844355724,89296,144,223,10340,
167.1140621505131,89296,144,222,10341,
167.11517176502122,89296,143,223,10341,
167.1313879445746,89296,143,222,10342,
167.1374390724143,89296,142,223,10342,
167.1603661785913,89296,141,224,10342,
167.1697166542728,89296,141,223,10343,
167.1873917095155,89295,142,223,10343,
167.19066012771157,89295,141,224,10343,
167.1966779202114,89294,142,224,10343,
167.26192451886794,89294,142,223,10344,
167.29297199825666,89294,141,224,10344,
167.30663949466856,89294,141,223,10345,
167.31669218331854,89294,140,224,10345,
167.32167030965763,89293,141,224,10345,
167.3427712456402,89293,141,223,10346,
167.34413446687483,89293,140,224,10346,
167.36132723272397,89292,141,224,10346,
167.38222261319436,89292,141,223,10347,
167.3942204062928,89292,141,222,10348,
167.39495072677607,89292,140,223,10348,
167.40063911552727,89291,141,223,10348,
167.4229749432006,89290,142,223,10348,
167.42994303732846,89290,141,224,10348,
167.43715662413524,89290,141,223,10349,
167.4590876644624,89290,141,222,10350,
167.52965683285268,89290,140,223,10350,
167.54247381632604,89290,140,222,10351,
167.55512183994242,89290,140,221,10352,
167.5631167912344,89290,140,220,10353,
167.5674567784826,89290,139,221,10353,
167.58715092218011,89290,138,222,10353,
167.5941829107069,89290,137,223,10353,
167.60250726362244,89289,138,223,10353,
167.61763496058558,89289,138,222,10354,
167.62884277662195,89288,139,222,10354,
167.6310012963287,89287,140,222,10354,
167.63387121578182,89287,139,223,10354,
167.65328024541486,89287,139,222,10355,
167.65957860100252,89287,138,223,10355,
167.66673022467984,89287,137,224,10355,
167.66765515477655,89287,137,223,10356,
167.67160157239923,89286,138,223,10356,
167.67434888222647,89286,138,222,10357,
167.720358294806,89285,139,222,10357,
167.75764307501282,89285,139,221,10358,
167.77910060661821,89285,139,220,10359,
167.79695710866335,89285,139,219,10360,
167.80319998520412,89285,138,220,10360,
167.818160938269,89284,139,220,10360,
167.82329421542718,89283,140,220,10360,
167.82932770332172,89283,139,221,10360,
167.83656712979615,89283,138,222,10360,
167.84081758958376,89283,138,221,10361,
167.84877870132107,89283,137,222,10361,
167.85759260886294,89283,137,221,10362,
167.86659453512982,89283,137,220,10363,
167.87679882172458,89282,138,220,10363,
167.8933482430361,89282,137,221,10363,
167.8947452028624,89281,138,221,10363,
167.90287893211007,89281,138,220,10364,
167.91040673482863,89281,137,221,10364,
167.95030948298785,89281,137,220,10365,
167.95495380271296,89281,137,219,10366,
167.97749860098597,89281,136,220,10366,
167.9811293778365,89281,135,221,10366,
167.9856943595956,89281,134,222,10366,
167.98794630380127,89281,133,223,10366,
168.00176940197753,89280,134,223,10366,
168.0081023989971,89280,133,224,10366,
168.0235234317188,89279,134,224,10366,
168.02538734516094,89278,135,224,10366,
168.02718953166317,89278,135,223,10367,
168.03504624816466,89278,135,222,10368,
168.04885861098097,89278,135,221,10369,
168.05503544208057,89278,134,222,10369,
168.0641596741108,89278,134,221,10370,
168.08164016697964,89278,134,220,10371,
168.11060998215214,89277,135,220,10371,
168.11391574961232,89276,136,220,10371,
168.12975370173527,89276,136,219,10372,
168.15228001944314,89276,135,220,10372,
168.16229349615185,89276,134,221,10372,
168.1837513217742,89276,133,222,10372,
168.18474341126085,89276,133,221,10373,
168.18719346911976,89276,132,222,10373,
168.19224771376273,89275,133,222,10373,
168.1982725380604,89275,133,221,10374,
168.20767272834235,89274,134,221,10374,
168.22087363368846,89273,135,221,10374,
168.22666666082768,89273,134,222,10374,
168.25022576279386,89272,135,222,10374,
168.2519577259568,89272,135,221,10375,
168.25362131787767,89272,135,220,10376,
168.25951009268533,89272,135,219,10377,
168.32969962115126,89272,135,218,10378,
168.36356766979722,89271,136,218,10378,
168.379394847468,89271,135,219,10378,
168.383503614384,89271,135,218,10379,
168.38664281171987,89270,136,218,10379,
168.4012618180753,89269,137,218,10379,
168.41688012153426,89268,138,218,10379,
168.42890326856286,89268,138,217,10380,
168.4626488583221,89268,137,218,10380,
168.48871017665783,89268,137,217,10381,
168.49004249004855,89267,138,217,10381,
168.5485244911051,89267,137,218,10381,
168.55728391805724,89267,137,217,10382,
168.55730661619822,89266,138,217,10382,
168.57540239615201,89266,138,216,10383,
168.60557149429448,89266,137,217,10383,
168.60582563334646,89266,136,218,10383,
168.61491452787908,89266,136,217,10384,
168.63031086841772,89266,135,218,10384,
168.63285528812872,89266,135,217,10385,
168.64438839977083,89266,135,216,10386,
168.6650307376896,89265,136,216,10386,
168.68789169203438,89265,136,215,10387,
168.69150208499852,89264,137,215,10387,
168.70420285004374,89264,136,216,10387,
168.7103989198722,89264,136,215,10388,
168.72274060028067,89264,135,216,10388,
168.75071566688462,89264,134,217,10388,
168.7526912912981,89263,135,217,10388,
168.7529185784075,89262,136,217,10388,
168.76056162088892,89262,136,216,10389,
168.76844496736578,89262,135,217,10389,
168.77745699245133,89262,135,216,10390,
168.79279501728763,89262,134,217,10390,
168.8258862305632,89262,133,218,10390,
168.8778249427446,89262,132,219,10390,
168.88084292536988,89262,131,220,10390,
168.9206903726405,89262,130,221,10390,
168.92697547525722,89262,130,220,10391,
168.9490826483884,89262,129,221,10391,
168.95255413992192,89262,129,220,10392,
168.97140206589035,89262,128,221,10392,
168.9748173521347,89261,129,221,10392,
168.9785010948918,89260,130,221,10392,
169.0096475834084,89260,130,220,10393,
169.02732305478688,89259,131,220,10393,
169.074290424855,89258,132,220,10393,
169.11191770896207,89258,131,221,10393,
169.12800597556162,89258,130,222,10393,
169.14067266140168,89258,130,221,10394,
169.18358279371887,89258,129,222,10394,
169.2106195719008,89258,129,221,10395,
169.21563947764207,89258,129,220,10396,
169.230300851591,89258,128,221,10396,
169.23380936697524,89258,128,220,10397,
169.2424090894553,89258,127,221,10397,
169.25644984966704,89258,127,220,10398,
169.25755610792817,89257,128,220,10398,
169.26533694323047,89257,127,221,10398,
169.33441929536326,89257,126,222,10398,
169.34428014812895,89256,127,222,10398,
169.36572682051164,89256,127,221,10399,
169.37498257273882,89255,128,221,10399,
169.39047508915277,89255,127,222,10399,
169.39335737099216,89255,127,221,10400,
169.39458285723,89255,127,220,10401,
169.39603928106155,89255,127,219,10402,
169.40253445269465,89254,128,219,10402,
169.45019952727037,89254,128,218,10403,
169.46615534113965,89254,128,217,10404,
169.47595203469405,89254,127,218,10404,
169.49098666878393,89253,128,218,10404,
169.49775631274073,89253,127,219,10404,
169.50931344299423,89253,127,218,10405,
169.51074100679412,89252,128,218,10405,
169.52030508517086,89252,128,217,10406,
169.52212487189314,89251,129,217,10406,
169.53077069444763,89251,129,216,10407,
169.5411669108957,89251,129,215,10408,
169.58653867346197,89251,128,216,10408,
169.59579604917587,89251,128,215,10409,
169.6026644498582,89251,128,214,10410,
169.61457071606984,89251,127,215,10410,
169.63157541891152,89251,127,214,10411,
169.63319414705532,89251,127,213,10412,
169.64893186418624,89251,126,214,10412,
169.6580766772354,89251,126,213,10413,
169.67653753970586,89251,126,212,10414,
169.6772921085001,89251,125,213,10414,
169.69710322091953,89250,126,213,10414,
169.70043965231133,89250,126,212,10415,
169.7337732740904,89250,125,213,10415,
169.73405575726505,89250,125,212,10416,
169.73751431796381,89250,124,213,10416,
169.75012120282884,89249,125,213,10416,
169.75716386828603,89249,125,212,10417,
169.79880445302615,89249,124,213,10417,
169.80546205553225,89249,123,214,10417,
169.83100616607967,89249,122,215,10417,
169.83516457626925,89248,123,215,10417,
169.8550989229246,89247,124,215,10417,
169.866458662313,89247,123,216,10417,
169.86989260111264,89247,122,217,10417,
169.87015351539935,89247,122,216,10418,
169.8740149631076,89247,121,217,10418,
169.88310690206293,89247,121,216,10419,
169.88581108695698,89247,121,215,10420,
169.90770414631766,89247,120,216,10420,
169.92141309900705,89247,120,215,10421,
169.92466449500367,89247,120,214,10422,
169.9261753490205,89246,121,214,10422,
169.92949984162692,89246,120,215,10422,
169.93151486060972,89246,120,214,10423,
169.93398682745615,89246,120,213,10424,
169.9445353746852,89246,120,212,10425,
169.9505767947573,89246,119,213,10425,
169.96385218397515,89246,119,212,10426,
169.9715536116074,89246,118,213,10426,
169.98822849271983,89246,118,212,10427,
169.998214508765,89245,119,212,10427,
170.03325794086135,89245,118,213,10427,
170.03760776698377,89245,117,214,10427,
170.06241321447322,89244,118,214,10427,
170.06549477998158,89243,119,214,10427,
170.06916375269137,89243,119,213,10428,
170.07993868887183,89242,120,213,10428,
170.08872402188538,89242,119,214,10428,
170.0938285843713,89241,120,214,10428,
170.1032473583574,89241,119,215,10428,
170.10754429990055,89241,119,214,10429,
170.11248903430663,89241,119,213,10430,
170.11351230148503,89240,120,213,10430,
170.11880105810138,89239,121,213,10430,
170.1350991091411,89239,121,212,10431,
170.1524387348182,89238,122,212,10431,
170.15264573209933,89237,123,212,10431,
170.1792215183057,89236,124,212,10431,
170.19838747626474,89235,125,212,10431,
170.24178286069667,89235,125,211,10432,
170.2487435216732,89235,124,212,10432,
170.2506857097789,89234,125,212,10432,
170.26276906836011,89234,125,211,10433,
170.27011029867043,89233,126,211,10433,
170.32238872241814,89233,125,212,10433,
170.34727444864944,89233,125,211,10434,
170.35027541588067,89233,124,212,10434,
170.37791903535754,89233,123,213,10434,
170.37828790261503,89233,122,214,10434,
170.38522442873187,89232,123,214,10434,
170.38648386504985,89232,123,213,10435,
170.3972157845668,89232,123,212,10436,
170.40205366958963,89232,123,211,10437,
170.43368598390674,89232,123,210,10438,
170.45149818015383,89231,124,210,10438,
170.46610082052283,89230,125,210,10438,
170.4676232597431,89230,124,211,10438,
170.46848210172243,89229,125,211,10438,
170.4704337647963,89229,124,212,10438,
170.48064430477373,89229,124,211,10439,
170.4901154333147,89228,125,211,10439,
170.49450135372405,89228,125,210,10440,
170.49487760981768,89228,124,211,10440,
170.4962431046646,89228,123,212,10440,
170.4981054590022,89227,124,212,10440,
170.50466981950726,89227,123,213,10440,
170.51805465308095,89227,123,212,10441,
170.5196553838043,89227,123,211,10442,
170.51974205535106,89226,124,211,10442,
170.5498317495087,89226,124,210,10443,
170.55224435935412,89225,125,210,10443,
170.55495797237043,89225,125,209,10444,
170.5684365357781,89225,124,210,10444,
170.57327079041335,89225,124,209,10445,
170.57412507490935,89224,125,209,10445,
170.575624783346,89224,125,208,10446,
170.5788558221908,89223,126,208,10446,
170.60251960022143,89223,125,209,10446,
170.6114140963823,89223,124,210,10446,
170.6274919418089,89222,125,210,10446,
170.64296897009294,89222,125,209,10447,
170.6808143682113,89222,125,208,10448,
170.6834905470243,89222,124,209,10448,
170.6847713503841,89222,124,208,10449,
170.7277936366652,89221,125,208,10449,
170.7367355357203,89220,126,208,10449,
170.7399737041141,89219,127,208,10449,
170.7497925759365,89218,128,208,10449,
170.7830268350681,89218,127,209,10449,
170.78692460089445,89217,128,209,10449,
170.7937430777387,89216,129,209,10449,
170.82356159784095,89215,130,209,10449,
170.85199402884263,89214,131,209,10449,
170.85560575487443,89214,130,210,10449,
170.86090244641989,89214,130,209,10450,
170.86161741314174,89214,130,208,10451,
170.87100005977598,89214,129,209,10451,
170.8804346768749,89214,129,208,10452,
170.88252168795802,89214,129,207,10453,
170.90080453459953,89214,128,208,10453,
170.90855534754067,89214,128,207,10454,
170.92094490989447,89213,129,207,10454,
170.9310568364156,89212,130,207,10454,
170.9322512161267,89211,131,207,10454,
170.93461372215415,89210,132,207,10454,
170.96349903570012,89210,131,208,10454,
170.98017732801094,89210,131,207,10455,
170.98497817220755,89210,130,208,10455,
170.99568133560766,89210,129,209,10455,
170.99741758309136,89210,129,208,10456,
171.00588132401393,89210,128,209,10456,
171.00789401025463,89210,128,208,10457,
171.01394345661507,89209,129,208,10457,
171.0245837217771,89208,130,208,10457,
171.0325002833771,89208,129,209,10457,
171.04318746233903,89208,128,210,10457,
171.0727005100191,89208,128,209,10458,
171.1076523035761,89208,127,210,10458,
171.10769192383322,89208,126,211,10458,
171.1500220314228,89208,126,210,10459,
171.1550256078366,89208,126,209,10460,
171.16891826739453,89208,126,208,10461,
171.20254245095342,89208,125,209,10461,
171.25377292357626,89208,124,210,10461,
171.2692697876139,89207,125,210,10461,
171.27370328518163,89207,124,211,10461,
171.34009518639587,89206,125,211,10461,
171.35984443631452,89206,124,212,10461,
171.46176372734297,89206,123,213,10461,
171.4740211058992,89206,123,212,10462,
171.47419455634147,89206,122,213,10462,
171.48403317856048,89206,121,214,10462,
171.48575820373844,89206,121,213,10463,
171.48774563740045,89206,120,214,10463,
171.49771204209955,89206,120,213,10464,
171.50851383104637,89206,120,212,10465,
171.51235655511323,89205,121,212,10465,
171.51295941434225,89204,122,212,10465,
171.52279358124895,89204,122,211,10466,
171.5801307078169,89203,123,211,10466,
171.58301899107562,89203,123,210,10467,
171.586955623792,89203,122,211,10467,
171.591517007494,89202,123,211,10467,
171.60404775154103,89202,123,210,10468,
171.60591635116435,89202,123,209,10469,
171.6709895381692,89202,122,210,10469,
171.68562923398952,89201,123,210,10469,
171.69208789278855,89201,123,209,10470,
171.69226549675912,89201,122,210,10470,
171.70961088354503,89200,123,210,10470,
171.72633536554886,89199,124,210,10470,
171.72995815754751,89199,124,209,10471,
171.7386470271056,89198,125,209,10471,
171.74142257079905,89197,126,209,10471,
171.75667547795948,89197,125,210,10471,
171.7676936856977,89197,124,211,10471,
171.77847831905683,89197,124,210,10472,
171.79383012138976,89197,123,211,10472,
171.8022837626596,89197,122,212,10472,
171.80285635108652,89196,123,212,10472,
171.8188056875578,89195,124,212,10472,
171.83575429925153,89195,123,213,10472,
171.8434830502233,89195,123,212,10473,
171.85439147987634,89194,124,212,10473,
171.87276993687158,89194,124,211,10474,
171.87861824732204,89194,123,212,10474,
171.88847853294527,89194,122,213,10474,
171.89966824113566,89193,123,213,10474,
171.90219780205396,89193,122,214,10474,
171.91370877970445,89193,121,215,10474,
171.9185775704064,89193,121,214,10475,
171.93820597375864,89193,120,215,10475,
171.96104341261696,89193,119,216,10475,
171.9801092065353,89193,119,215,10476,
171.9841464384196,89193,118,216,10476,
171.99578190814145,89193,118,215,10477,
172.00302337719063,89193,117,216,10477,
172.0042431729898,89192,118,216,10477,
172.04374363697247,89192,117,217,10477,
172.0793545352384,89191,118,217,10477,
172.0897944114543,89190,119,217,10477,
172.0917193452372,89189,120,217,10477,
172.11194509097473,89189,120,216,10478,
172.14219846621393,89189,119,217,10478,
172.1504520870658,89189,119,216,10479,
172.17856442383714,89189,118,217,10479,
172.18649601211644,89189,117,218,10479,
172.1906959257723,89189,117,217,10480,
172.20022359916135,89189,116,218,10480,
172.2014220596921,89188,117,218,10480,
172.20593685739135,89188,117,217,10481,
172.21358383619358,89188,117,216,10482,
172.23549097346643,89188,116,217,10482,
172.24247168078185,89188,116,216,10483,
172.2672427737525,89188,115,217,10483,
172.2705406231046,89187,116,217,10483,
172.28672139309595,89187,116,216,10484,
172.35197947853777,89187,116,215,10485,
172.3643961707192,89186,117,215,10485,
172.3781972748336,89185,118,215,10485,
172.38086634657046,89184,119,215,10485,
172.40468680164696,89184,119,214,10486,
172.41426128314137,89183,120,214,10486,
172.4246684914563,89183,120,213,10487,
172.43433084565967,89182,121,213,10487,
172.4394322027147,89182,121,212,10488,
172.4420435278548,89182,121,211,10489,
172.4497193499761,89182,120,212,10489,
172.46500326803692,89182,119,213,10489,
172.47569153683065,89181,120,213,10489,
172.4985490494659,89180,121,213,10489,
172.5206022903318,89180,121,212,10490,
172.53732671347638,89180,121,211,10491,
172.54750306270125,89179,122,211,10491,
172.54906505147602,89179,121,212,10491,
172.55047981774652,89178,122,212,10491,
172.57013964404922,89177,123,212,10491,
172.5775017715041,89176,124,212,10491,
172.58003501976398,89176,123,213,10491,
172.59173218358325,89176,123,212,10492,
172.6329572377725,89175,124,212,10492,
172.65129714008214,89174,125,212,10492,
172.65674755778258,89173,126,212,10492,
172.67196980453232,89173,125,213,10492,
172.67795791970445,89173,125,212,10493,
172.6896465825261,89172,126,212,10493,
172.69306915926327,89171,127,212,10493,
172.6954995437365,89171,127,211,10494,
172.69777808215431,89170,128,211,10494,
172.7033954082749,89170,128,210,10495,
172.72189297441085,89170,127,211,10495,
172.78616710609694,89169,128,211,10495,
172.79711889263763,89169,128,210,10496,
172.80064070210443,89169,127,211,10496,
172.82658996261245,89169,126,212,10496,
172.83768320023114,89168,127,212,10496,
172.84446663561067,89168,126,213,10496,
172.84745972540017,89167,127,213,10496,
172.85356273849322,89166,128,213,10496,
172.86224398990828,89166,128,212,10497,
172.88777964825601,89165,129,212,10497,
172.94053592674751,89164,130,212,10497,
172.94119003525574,89164,129,213,10497,
172.95216268736448,89164,128,214,10497,
172.9644507627832,89164,127,215,10497,
172.96457977735307,89164,126,216,10497,
172.97956598354526,89163,127,216,10497,
172.98577423904464,89162,128,216,10497,
172.98651538297477,89161,129,216,10497,
172.9979197787994,89161,128,217,10497,
173.0237944648215,89161,128,216,10498,
173.02478799806994,89161,127,217,10498,
173.0256337458928,89160,128,217,10498,
173.04829623008936,89160,128,216,10499,
173.06598477421204,89160,127,217,10499,
173.1207782360684,89160,127,216,10500,
173.14783762078542,89160,127,215,10501,
173.15229979416875,89159,128,215,10501,
173.18144134829524,89158,129,215,10501,
173.18796814845084,89158,128,216,10501,
173.18885221322194,89157,129,216,10501,
173.20818740149656,89157,128,217,10501,
173.2284204839499,89157,127,218,10501,
173.24181868078503,89157,127,217,10502,
173.25897002708737,89156,128,217,10502,
173.2773928263463,89156,128,216,10503,
173.30070463423826,89156,127,217,10503,
173.33565626917274,89155,128,217,10503,
173.33636390618616,89155,128,216,10504,
173.34273266073382,89155,127,217,10504,
173.3501424026244,89155,126,218,10504,
173.35801205022582,89155,126,217,10505,
173.3679137534965,89155,126,216,10506,
173.37179342504822,89155,125,217,10506,
173.37486231947065,89155,124,218,10506,
173.39516895887488,89155,124,217,10507,
173.39993660885287,89154,125,217,10507,
173.43061306040624,89154,124,218,10507,
173.44135432276062,89154,123,219,10507,
173.44912531112598,89153,124,219,10507,
173.45740389051315,89152,125,219,10507,
173.46042633702461,89152,124,220,10507,
173.47445668222463,89152,123,221,10507,
173.49870968228163,89152,123,220,10508,
173.51769836833847,89152,123,219,10509,
173.51804126213983,89151,124,219,10509,
173.51890050272164,89151,124,218,10510,
173.54288706157223,89151,124,217,10511,
173.5483991429801,89151,124,216,10512,
173.56594007677316,89151,124,215,10513,
173.57125667231185,89150,125,215,10513,
173.57143655443306,89150,125,214,10514,
173.597605392751,89149,126,214,10514,
173.614405163164,89149,125,215,10514,
173.63139170375976,89149,124,216,10514,
173.64891331641437,89149,123,217,10514,
173.67431607658762,89149,122,218,10514,
173.6785312631427,89148,123,218,10514,
173.68012361771,89148,123,217,10515,
173.68505240825985,89147,124,217,10515,
173.6935283432631,89146,125,217,10515,
173.70702778602146,89146,125,216,10516,
173.71439718532585,89146,124,217,10516,
173.7195112644466,89145,125,217,10516,
173.74965552685424,89145,124,218,10516,
173.7946934657451,89145,124,217,10517,
173.79550537816294,89144,125,217,10517,
173.84576754530465,89144,124,218,10517,
173.85239445578662,89144,124,217,10518,
173.85411301892407,89144,124,216,10519,
173.88073603063663,89144,123,217,10519,
173.89336672012644,89143,124,217,10519,
173.89998536149906,89142,125,217,10519,
173.9028729446576,89141,126,217,10519,
173.9079586929378,89140,127,217,10519,
173.96135667532724,89139,128,217,10519,
173.96767752298265,89138,129,217,10519,
173.9766018606929,89138,128,218,10519,
174.01677813694877,89138,127,219,10519,
174.02525760116265,89138,127,218,10520,
174.02721038043387,89138,126,219,10520,
174.0291022550896,89138,126,218,10521,
174.04268310961544,89138,126,217,10522,
174.04402411806916,89138,126,216,10523,
174.0499430993162,89138,125,217,10523,
174.05813705416475,89138,124,218,10523,
174.0736122775138,89137,125,218,10523,
174.079472913819,89137,125,217,10524,
174.0941509210594,89136,126,217,10524,
174.11459082790884,89136,125,218,10524,
174.12746461167433,89136,125,217,10525,
174.13165353225628,89136,125,216,10526,
174.14475640645117,89135,126,216,10526,
174.15176362745552,89135,125,217,10526,
174.15367209899108,89135,124,218,10526,
174.1574299132167,89135,123,219,10526,
174.16501631629237,89135,123,218,10527,
174.1731849996263,89134,124,218,10527,
174.20317238645305,89134,123,219,10527,
174.21317885498462,89134,122,220,10527,
174.2240130198024,89134,121,221,10527,
174.23162485304644,89134,121,220,10528,
174.23956422234593,89133,122,220,10528,
174.24746235908285,89132,123,220,10528,
174.2911730354873,89132,122,221,10528,
174.2930279897568,89132,121,222,10528,
174.2996084899308,89131,122,222,10528,
174.305311046002,89131,122,221,10529,
174.3084888423909,89131,121,222,10529,
174.31201987213888,89131,121,221,10530,
174.31252007565604,89130,122,221,10530,
174.34152690256286,89130,121,222,10530,
174.35436488772413,89130,121,221,10531,
174.36997524509388,89129,122,221,10531,
174.37788093119408,89129,122,220,10532,
174.38108814196082,89128,123,220,10532,
174.38910924845146,89128,122,221,10532,
174.4056309626669,89127,123,221,10532,
174.41067152991508,89127,123,220,10533,
174.4232924587783,89127,123,219,10534,
174.43005886317144,89126,124,219,10534,
174.4357315711768,89126,124,218,10535,
174.44910454665057,89126,123,219,10535,
174.46741621790082,89125,124,219,10535,
174.46878288896448,89124,125,219,10535,
174.47227716619838,89123,126,219,10535,
174.5212518172688,89123,125,220,10535,
174.5242242775814,89122,126,220,10535,
174.52444015823107,89122,126,219,10536,
174.54910345748772,89121,127,219,10536,
174.5506095501464,89121,127,218,10537,
174.57387477360334,89121,126,219,10537,
174.60360244072876,89121,125,220,10537,
174.6039484765637,89121,124,221,10537,
174.62440689904696,89121,123,222,10537,
174.64272278232428,89121,122,223,10537,
174.64369647447043,89121,121,224,10537,
174.67350861412325,89120,122,224,10537,
174.673902483934,89120,121,225,10537,
174.7144342109122,89120,121,224,10538,
174.7389205059223,89119,122,224,10538,
174.74158577295105,89119,121,225,10538,
174.74215087861788,89119,121,224,10539,
174.77301236512116,89119,120,225,10539,
174.77913409450784,89119,120,224,10540,
174.7839045017892,89119,119,225,10540,
174.7870595554677,89118,120,225,10540,
174.8068047827415,89117,121,225,10540,
174.8149941290895,89117,120,226,10540,
174.81934806259696,89116,121,226,10540,
174.82975127440062,89116,120,227,10540,
174.83427173528167,89115,121,227,10540,
174.84580971421582,89115,121,226,10541,
174.8548779618827,89114,122,226,10541,
174.86638688114223,89114,122,225,10542,
174.86996486868694,89114,121,226,10542,
174.8777273091776,89113,122,226,10542,
174.88044770529655,89113,121,227,10542,
174.8929914793418,89112,122,227,10542,
174.90878813124357,89112,122,226,10543,
174.916562564142,89112,122,225,10544,
174.91963004719585,89112,122,224,10545,
174.93650544824874,89112,121,225,10545,
174.93707419203068,89112,121,224,10546,
174.9835162560583,89112,121,223,10547,
174.99375317032508,89111,122,223,10547,
174.99982798392867,89110,123,223,10547,
175.00113688185502,89110,123,222,10548,
175.00953150435507,89110,122,223,10548,
175.02167092712676,89110,122,222,10549,
175.04349760269156,89109,123,222,10549,
175.04761027762254,89109,123,221,10550,
175.05133092420564,89109,122,222,10550,
175.052740871233,89108,123,222,10550,
175.09820146686988,89108,123,221,10551,
175.11106695068426,89107,124,221,10551,
175.1351975811193,89107,124,220,10552,
175.14292558827358,89107,124,219,10553,
175.14869778955293,89106,125,219,10553,
175.15813659821984,89105,126,219,10553,
175.16580893899163,89104,127,219,10553,
175.17278063807748,89103,128,219,10553,
175.17644210232032,89102,129,219,10553,
175.193090424915,89102,129,218,10554,
175.21160998172863,89102,128,219,10554,
175.22716614497128,89101,129,219,10554,
175.23245954939995,89101,128,220,10554,
175.2475423201222,89101,128,219,10555,
175.2589460029472,89101,128,218,10556,
175.26616740053586,89101,127,219,10556,
175.27319241849366,89100,128,219,10556,
175.2751757065209,89099,129,219,10556,
175.2763168240553,89099,128,220,10556,
175.2768814503719,89099,127,221,10556,
175.28306243426746,89099,126,222,10556,
175.29108818306432,89099,125,223,10556,
175.29946478903094,89098,126,223,10556,
175.30904807225335,89098,125,224,10556,
175.32955588360366,89097,126,224,10556,
175.36649175858332,89096,127,224,10556,
175.37747546506208,89095,128,224,10556,
175.38485901733554,89095,128,223,10557,
175.387601762161,89094,129,223,10557,
175.39958340112958,89094,129,222,10558,
175.4068889022494,89094,129,221,10559,
175.41112402665246,89093,130,221,10559,
175.4155374071419,89092,131,221,10559,
175.4191125373908,89092,131,220,10560,
175.43529810449297,89092,131,219,10561,
175.45088185782842,89092,131,218,10562,
175.47044015851245,89092,130,219,10562,
175.47116511833312,89092,130,218,10563,
175.4751177083084,89092,129,219,10563,
175.47737147881548,89092,128,220,10563,
175.48928483672614,89091,129,220,10563,
175.50337924029583,89090,130,220,10563,
175.50443140851058,89089,131,220,10563,
175.50486496346295,89088,132,220,10563,
175.53153201085053,89087,133,220,10563,
175.54408841152147,89087,132,221,10563,
175.54614282464348,89086,133,221,10563,
175.5613234186934,89086,132,222,10563,
175.57351605309378,89086,131,223,10563,
175.574865441952,89086,130,224,10563,
175.57627714054394,89086,130,223,10564,
175.58868892294248,89086,129,224,10564,
175.6063563443968,89086,129,223,10565,
175.62321489090107,89085,130,223,10565,
175.62554204252652,89085,130,222,10566,
175.6256600770428,89085,130,221,10567,
175.64618182006507,89085,130,220,10568,
175.64789881802673,89085,129,221,10568,
175.66662279149764,89085,128,222,10568,
175.6734888724719,89084,129,222,10568,
175.6775432640049,89084,128,223,10568,
175.6785655177726,89084,128,222,10569,
175.68871043872477,89084,128,221,10570,
175.6984187918002,89083,129,221,10570,
175.71775594480312,89083,128,222,10570,
175.72231012731464,89082,129,222,10570,
175.72739920347416,89081,130,222,10570,
175.73773392809628,89081,130,221,10571,
175.74027254358245,89081,129,222,10571,
175.77317827503808,89080,130,222,10571,
175.8264156915273,89080,129,223,10571,
175.83053101156847,89080,129,222,10572,
175.85021513445975,89079,130,222,10572,
175.85318157462405,89079,129,223,10572,
175.85548123890652,89079,128,224,10572,
175.86010000756482,89079,128,223,10573,
175.8706164213396,89078,129,223,10573,
175.87807705326458,89078,128,224,10573,
175.87824626499275,89078,128,223,10574,
175.89953000503198,89078,127,224,10574,
175.90109669355257,89078,126,225,10574,
175.90174898858734,89077,127,225,10574,
175.91841130141808,89077,127,224,10575,
175.9216378165423,89076,128,224,10575,
175.94558109578242,89076,128,223,10576,
175.9482381583668,89075,129,223,10576,
175.95882238697584,89075,128,224,10576,
175.98622914114503,89075,127,225,10576,
175.98831364391603,89075,127,224,10577,
175.9908247639555,89075,127,223,10578,
176.0306759590378,89075,126,224,10578,
176.03251837507185,89075,125,225,10578,
176.05922016895866,89075,125,224,10579,
176.09324705159807,89075,125,223,10580,
176.11003312791155,89075,125,222,10581,
176.1166004468113,89075,124,223,10581,
176.14751915386165,89075,124,222,10582,
176.16441105803838,89074,125,222,10582,
176.17654262199676,89074,125,221,10583,
176.17733623086906,89074,124,222,10583,
176.1966464006939,89074,123,223,10583,
176.1994531266616,89074,122,224,10583,
176.20835271363595,89073,123,224,10583,
176.21490168630464,89073,123,223,10584,
176.22861265970226,89073,122,224,10584,
176.23018456144183,89073,121,225,10584,
176.2353842648026,89073,120,226,10584,
176.27598448647598,89073,119,227,10584,
176.3166802449777,89073,119,226,10585,
176.35688016265195,89073,119,225,10586,
176.35771899353705,89073,118,226,10586,
176.38144224561614,89073,118,225,10587,
176.4307779770843,89072,119,225,10587,
176.44753129673325,89072,119,224,10588,
176.4505099289186,89071,120,224,10588,
176.4613625984456,89071,119,225,10588,
176.470731179157,89070,120,225,10588,
176.48349261674383,89070,119,226,10588,
176.4974701119014,89069,120,226,10588,
176.53162921174976,89069,120,225,10589,
176.54896765600338,89068,121,225,10589,
176.55983316557672,89068,121,224,10590,
176.59308806261282,89068,121,223,10591,
176.6022685039647,89067,122,223,10591,
176.60905814562102,89067,122,222,10592,
176.61772820942207,89067,121,223,10592,
176.62047113509254,89067,121,222,10593,
176.63856407505256,89067,121,221,10594,
176.65042868565519,89067,121,220,10595,
176.67495673767695,89066,122,220,10595,
176.69024715951036,89066,122,219,10596,
176.69146469409623,89065,123,219,10596,
176.69827885302914,89065,123,218,10597,
176.70706213773275,89065,123,217,10598,
176.71714411565017,89065,123,216,10599,
176.7295681098293,89065,123,215,10600,
176.75451011698212,89064,124,215,10600,
176.76209277918798,89064,124,214,10601,
176.76899235759757,89064,123,215,10601,
176.77382033065211,89064,123,214,10602,
176.8026762996555,89064,123,213,10603,
176.8072265870187,89064,122,214,10603,
176.81138432666074,89063,123,214,10603,
176.83396125970847,89063,123,213,10604,
176.86546208588476,89063,122,214,10604,
176.9109027256486,89062,123,214,10604,
176.92930676770314,89062,123,213,10605,
176.93484069901263,89062,122,214,10605,
176.9426766231568,89062,122,213,10606,
176.95188469393065,89062,122,212,10607,
176.96091679970826,89062,122,211,10608,
176.96945503553152,89061,123,211,10608,
176.98246422839424,89061,122,212,10608,
176.9921577329264,89061,122,211,10609,
176.9970436903147,89060,123,211,10609,
177.00718857311153,89060,122,212,10609,
177.01825964042598,89060,121,213,10609,
177.068052705732,89060,121,212,10610,
177.0702927169786,89060,120,213,10610,
177.07843650125233,89060,119,214,10610,
177.0808005461142,89060,119,213,10611,
177.09974461267257,89060,119,212,10612,
177.100658294261,89060,118,213,10612,
177.11904264200928,89059,119,213,10612,
177.1375211732464,89059,119,212,10613,
177.15956345986515,89059,118,213,10613,
177.16686401317847,89058,119,213,10613,
177.1943034623572,89058,119,212,10614,
177.20828800514306,89058,118,213,10614,
177.2132836369528,89058,118,212,10615,
177.2234237372652,89058,118,211,10616,
177.22709083253233,89058,118,210,10617,
177.26703105695609,89058,118,209,10618,
177.26967492364048,89058,118,208,10619,
177.27514106561733,89058,117,209,10619,
177.29034374027856,89058,117,208,10620,
177.29356162712543,89058,116,209,10620,
177.29597484279878,89058,116,208,10621,
177.3176843059688,89058,115,209,10621,
177.3270707681565,89058,114,210,10621,
177.33764913316435,89057,115,210,10621,
177.34069579313177,89057,114,211,10621,
177.36624982186817,89057,114,210,10622,
177.367360733006,89057,114,209,10623,
177.39882903289458,89057,114,208,10624,
177.44392327610404,89056,115,208,10624,
177.45983676440568,89055,116,208,10624,
177.47460935708182,89054,117,208,10624,
177.49432487280882,89054,117,207,10625,
177.4981134102202,89054,117,206,10626,
177.52856362893917,89054,116,207,10626,
177.52915183725497,89054,115,208,10626,
177.5494794869658,89054,115,207,10627,
177.55300244105769,89054,114,208,10627,
177.57855742752147,89054,113,209,10627,
177.6111007682188,89054,112,210,10627,
177.6187650667466,89054,111,211,10627,
177.62153760784403,89054,111,210,10628,
177.63055422069255,89053,112,210,10628,
177.63388905629805,89052,113,210,10628,
177.66149263747718,89052,112,211,10628,
177.6832894959824,89051,113,211,10628,
177.7005823005024,89051,113,210,10629,
177.70300193981868,89050,114,210,10629,
177.70833035937068,89049,115,210,10629,
177.72299674708523,89049,115,209,10630,
177.73710241906667,89048,116,209,10630,
177.73736402506898,89048,115,210,10630,
177.74165901544288,89048,114,211,10630,
177.7597928724843,89048,114,210,10631,
177.76701447634508,89047,115,210,10631,
177.7991743793184,89047,114,211,10631,
177.80975576227348,89046,115,211,10631,
177.8129694224842,89046,114,212,10631,
177.83011401387478,89046,113,213,10631,
177.86213712814623,89046,113,212,10632,
177.86579436241686,89046,113,211,10633,
177.8685736213185,89046,113,210,10634,
177.87556098375242,89046,112,211,10634,
177.88075785231646,89045,113,211,10634,
177.90439488036978,89044,114,211,10634,
177.90997144499892,89043,115,211,10634,
177.93333327978272,89043,114,212,10634,
177.93902853322123,89042,115,212,10634,
177.9399483635647,89042,114,213,10634,
177.95676514115132,89042,114,212,10635,
177.95950234014413,89042,114,211,10636,
177.97479374917017,89042,114,210,10637,
177.98416190254326,89042,114,209,10638,
178.0006905636147,89042,114,208,10639,
178.0079725922959,89042,114,207,10640,
178.0083730394385,89042,114,206,10641,
178.04945911075777,89042,113,207,10641,
178.06171413893293,89042,112,208,10641,
178.08599209275079,89041,113,208,10641,
178.08680841537247,89041,113,207,10642,
178.14792129743466,89041,113,206,10643,
178.1652049458285,89041,113,205,10644,
178.16630876030428,89041,113,204,10645,
178.16856242175186,89041,113,203,10646,
178.16866821229476,89041,112,204,10646,
178.20825359998491,89041,111,205,10646,
178.21479526388873,89040,112,205,10646,
178.22873453848803,89040,112,204,10647,
178.247365860657,89040,112,203,10648,
178.2526588315263,89040,112,202,10649,
178.26216104006355,89040,111,203,10649,
178.27964090256418,89040,111,202,10650,
178.2957997677187,89039,112,202,10650,
178.30069097513672,89039,111,203,10650,
178.31083124780557,89039,110,204,10650,
178.3151408262137,89039,110,203,10651,
178.31874439038373,89038,111,203,10651,
178.35681843403063,89037,112,203,10651,
178.36119321297878,89037,111,204,10651,
178.4196352608351,89037,110,205,10651,
178.42033879667875,89037,109,206,10651,
178.42659302259875,89037,108,207,10651,
178.47130285413795,89036,109,207,10651,
178.4785784779479,89036,109,206,10652,
178.48795623219644,89035,110,206,10652,
178.49106784230418,89035,110,205,10653,
178.49638025699815,89035,110,204,10654,
178.52553362414943,89035,110,203,10655,
178.5540053688893,89035,110,202,10656,
178.55617203564137,89035,110,201,10657,
178.57741928388984,89035,110,200,10658,
178.5974056404052,89035,109,201,10658,
178.59927584103053,89035,108,202,10658,
178.60393934331668,89035,107,203,10658,
178.6143876159383,89034,108,203,10658,
178.61556374672227,89034,108,202,10659,
178.6252541984111,89033,109,202,10659,
178.62633273814535,89033,108,203,10659,
178.6379708259379,89033,107,204,10659,
178.6668576868643,89032,108,204,10659,
178.725771229833,89031,109,204,10659,
178.72594798548164,89030,110,204,10659,
178.72673141762493,89029,111,204,10659,
178.7299814275938,89028,112,204,10659,
178.7350107119219,89027,113,204,10659,
178.77069915677072,89027,112,205,10659,
178.7886772765327,89027,111,206,10659,
178.81105931751006,89027,110,207,10659,
178.8155105392788,89027,109,208,10659,
178.81855885460135,89026,110,208,10659,
178.86689531886913,89025,111,208,10659,
178.8783122938417,89025,111,207,10660,
178.9026948560834,89025,110,208,10660,
178.9032407650163,89025,110,207,10661,
178.95595101075895,89025,109,208,10661,
178.9656962596378,89025,108,209,10661,
179.05395897588204,89025,107,210,10661,
179.07371730610862,89025,106,211,10661,
179.08128348030928,89024,107,211,10661,
179.09575261316087,89023,108,211,10661,
179.10066140988926,89023,107,212,10661,
179.10129062531425,89023,107,211,10662,
179.10397569015728,89023,106,212,10662,
179.1042228149761,89023,105,213,10662,
179.10489104342196,89023,104,214,10662,
179.11186257763976,89023,104,213,10663,
179.11277114915052,89022,105,213,10663,
179.17216315834656,89022,104,214,10663,
179.18239385786933,89022,104,213,10664,
179.19925919810194,89022,104,212,10665,
179.23058019753267,89021,105,212,10665,
179.27664408351242,89021,105,211,10666,
179.2829506907589,89021,104,212,10666,
179.31980450778238,89021,103,213,10666,
179.32455213745183,89021,102,214,10666,
179.33279026529794,89021,101,215,10666,
179.33402206088192,89020,102,215,10666,
179.3358810285827,89020,102,214,10667,
179.35593739277357,89020,102,213,10668,
179.35891145995737,89020,101,214,10668,
179.3653489878618,89019,102,214,10668,
179.37548945611374,89019,102,213,10669,
179.4154441164846,89019,101,214,10669,
179.4170216321091,89019,101,213,10670,
179.43710280906345,89019,100,214,10670,
179.4376718593126,89018,101,214,10670,
179.44605411997208,89018,101,213,10671,
179.4605132203673,89018,100,214,10671,
179.46791906507104,89017,101,214,10671,
179.4700008173131,89017,100,215,10671,
179.47022556135167,89017,100,214,10672,
179.47352459065988,89017,100,213,10673,
179.4937389006003,89017,100,212,10674,
179.49579150311908,89016,101,212,10674,
179.50453577382862,89015,102,212,10674,
179.51602168651706,89014,103,212,10674,
179.52186397166977,89014,103,211,10675,
179.53616859356185,89014,103,210,10676,
179.5368295662035,89014,103,209,10677,
179.56427286949742,89013,104,209,10677,
179.57602050791746,89012,105,209,10677,
179.5813147213558,89011,106,209,10677,
179.59280087793022,89011,105,210,10677,
179.60470389056678,89010,106,210,10677,
179.62703582432107,89010,105,211,10677,
179.68948172170377,89010,105,210,10678,
179.70663679847962,89010,104,211,10678,
179.70876892727597,89010,104,210,10679,
179.7110333299884,89010,103,211,10679,
179.72151623444475,89009,104,211,10679,
179.72987952507583,89009,103,212,10679,
179.74371239296687,89008,104,212,10679,
179.7910710742952,89007,105,212,10679,
179.80660800230953,89007,105,211,10680,
179.80816804492636,89007,105,210,10681,
179.80899343137378,89006,106,210,10681,
179.82076941103793,89005,107,210,10681,
179.82767780358424,89005,107,209,10682,
179.8334133815225,89004,108,209,10682,
179.83502611810815,89004,107,210,10682,
179.83502611810815,89004,107,210,10682,
179.85649212685476,89004,106,211,10682,
179.85861277623349,89003,107,211,10682,
179.87017705809973,89003,107,210,10683,
179.87979601835985,89003,107,209,10684,
179.8846913018376,89002,108,209,10684,
179.89848245158842,89001,109,209,10684,
179.90654196888883,89001,108,210,10684,
179.9132821565572,89001,107,211,10684,
179.91367945770807,89001,106,212,10684,
179.92170998326563,89000,107,212,10684,
179.9316164857801,89000,107,211,10685,
179.93259951381572,89000,106,212,10685,
179.95327508128767,89000,106,211,10686,
179.95857223137037,88999,107,211,10686,
179.9586373702475,88999,107,210,10687,
179.96827563649526,88998,108,210,10687,
179.96990008647242,88997,109,210,10687,
179.97854159940215,88997,108,211,10687,
179.98150967565988,88997,107,212,10687,
179.9815626364613,88997,106,213,10687,
179.99184450759043,88997,106,212,10688,
180.00149532663377,88996,107,212,10688,
180.00380017444357,88995,108,212,10688,
180.006061650001,88994,109,212,10688,
180.02502778723536,88993,110,212,10688,
180.03120323747302,88993,110,211,10689,
180.03735876309025,88993,109,212,10689,
180.0390354394187,88993,109,211,10690,
180.0401552957178,88992,110,211,10690,
180.04125807460184,88992,110,210,10691,
180.0515790894951,88992,109,211,10691,
180.0601594074335,88992,109,210,10692,
180.06240361111307,88991,110,210,10692,
180.07016812370682,88991,109,211,10692,
180.08292857488652,88991,108,212,10692,
180.083977903496,88991,108,211,10693,
180.08541971019372,88991,107,212,10693,
180.085808633045,88990,108,212,10693,
180.08797326007095,88989,109,212,10693,
180.10173217703502,88988,110,212,10693,
180.1203080673659,88987,111,212,10693,
180.13423844986596,88987,111,211,10694,
180.13428648359604,88987,111,210,10695,
180.16768760314196,88986,112,210,10695,
180.18508794209194,88986,111,211,10695,
180.18673691182312,88985,112,211,10695,
180.19698330888946,88984,113,211,10695,
180.21221659946445,88984,112,212,10695,
180.21787706530222,88984,112,211,10696,
180.22208691968717,88983,113,211,10696,
180.22798732503313,88983,112,212,10696,
180.23396726839184,88983,111,213,10696,
180.2496271531173,88983,110,214,10696,
180.25492520440014,88982,111,214,10696,
180.25824318762469,88981,112,214,10696,
180.2776840585156,88981,112,213,10697,
180.30249305064402,88980,113,213,10697,
180.3292295329874,88980,113,212,10698,
180.33564076214788,88980,112,213,10698,
180.33709790333845,88980,112,212,10699,
180.3476531686838,88980,112,211,10700,
180.34952899817873,88979,113,211,10700,
180.35397347097972,88979,112,212,10700,
180.3592154860607,88979,112,211,10701,
180.36911172261202,88978,113,211,10701,
180.36986808660876,88977,114,211,10701,
180.37875049717505,88977,113,212,10701,
180.41786914984093,88977,112,213,10701,
180.4291383073121,88977,111,214,10701,
180.4627036500466,88977,110,215,10701,
180.47566190999677,88976,111,215,10701,
180.48428560293766,88976,110,216,10701,
180.51660253813498,88975,111,216,10701,
180.53080719198334,88975,111,215,10702,
180.54098066164852,88974,112,215,10702,
180.54640774060672,88974,111,216,10702,
180.5600447641182,88974,110,217,10702,
180.57456438522885,88973,111,217,10702,
180.5820260459169,88973,111,216,10703,
180.58473322703273,88973,110,217,10703,
180.59022511579576,88973,110,216,10704,
180.59361027584978,88973,109,217,10704,
180.6480289606978,88973,109,216,10705,
180.65711001870247,88973,109,215,10706,
180.66471739611026,88972,110,215,10706,
180.66547376026494,88971,111,215,10706,
180.66702732926194,88971,111,214,10707,
180.6958556132233,88971,111,213,10708,
180.69786542883335,88970,112,213,10708,
180.69843095126848,88969,113,213,10708,
180.70434279673736,88968,114,213,10708,
180.70508224390937,88968,114,212,10709,
180.70908916031075,88968,114,211,10710,
180.7144122420131,88967,115,211,10710,
180.71571341442024,88967,115,210,10711,
180.7177191815253,88967,115,209,10712,
180.74794679057064,88967,114,210,10712,
180.7611254071531,88967,113,211,10712,
180.77921100122708,88967,112,212,10712,
180.8117096293564,88967,111,213,10712,
180.8190395304326,88967,110,214,10712,
180.83184615900882,88966,111,214,10712,
180.84543538930498,88965,112,214,10712,
180.86525364060248,88964,113,214,10712,
180.86642912888112,88963,114,214,10712,
180.90235054157097,88963,113,215,10712,
180.9212397801882,88963,112,216,10712,
180.96158567670486,88963,112,215,10713,
180.96415193894717,88963,111,216,10713,
180.96800124589575,88963,111,215,10714,
180.97179735835974,88963,111,214,10715,
180.99334120787591,88962,112,214,10715,
181.01593997985364,88962,111,215,10715,
181.01748273941556,88961,112,215,10715,
181.02109645285066,88961,111,216,10715,
181.0339191709484,88961,111,215,10716,
181.05075793430402,88961,110,216,10716,
181.05117942290087,88960,111,216,10716,
181.084866322967,88959,112,216,10716,
181.09092307672165,88959,111,217,10716,
181.09903631803962,88958,112,217,10716,
181.10927308278394,88958,112,216,10717,
181.10929439273295,88957,113,216,10717,
181.11068842731936,88957,113,215,10718,
181.12182134990354,88957,112,216,10718,
181.12766300220576,88957,112,215,10719,
181.14166431957824,88957,112,214,10720,
181.1418668529616,88957,111,215,10720,
181.16526534908402,88957,110,216,10720,
181.16768796340602,88957,109,217,10720,
181.1927225615417,88956,110,217,10720,
181.2058442125773,88956,110,216,10721,
181.2124541481854,88955,111,216,10721,
181.2215969560227,88954,112,216,10721,
181.23945907458622,88954,112,215,10722,
181.2454037182904,88953,113,215,10722,
181.25920524104666,88953,113,214,10723,
181.26299912986693,88952,114,214,10723,
181.26340093997692,88951,115,214,10723,
181.27571928831352,88951,115,213,10724,
181.27601145962063,88951,114,214,10724,
181.27930775931483,88951,114,213,10725,
181.28548371926578,88951,113,214,10725,
181.28689688833455,88951,112,215,10725,
181.30438797373856,88950,113,215,10725,
181.31927203697526,88949,114,215,10725,
181.32611463171457,88949,113,216,10725,
181.32923156427077,88949,113,215,10726,
181.34524959798472,88948,114,215,10726,
181.3455298334662,88948,114,214,10727,
181.3471857029954,88947,115,214,10727,
181.35598348112296,88947,114,215,10727,
181.35939172628034,88946,115,215,10727,
181.36432357704317,88945,116,215,10727,
181.3763694835069,88945,115,216,10727,
181.38358720786994,88944,116,216,10727,
181.40148081993186,88944,116,215,10728,
181.42957282368212,88943,117,215,10728,
181.4384799296167,88942,118,215,10728,
181.45025803729825,88942,117,216,10728,
181.4525271880403,88942,117,215,10729,
181.47013348526698,88942,117,214,10730,
181.47219712647237,88942,116,215,10730,
181.4858048551883,88941,117,215,10730,
181.494889305335,88940,118,215,10730,
181.4959657424896,88939,119,215,10730,
181.512113951931,88939,119,214,10731,
181.52798187965865,88939,119,213,10732,
181.53756106861255,88939,118,214,10732,
181.54100639294822,88939,118,213,10733,
181.5476636127668,88938,119,213,10733,
181.5595501755042,88938,119,212,10734,
181.5704041081527,88937,120,212,10734,
181.57456494000914,88936,121,212,10734,
181.57843826189222,88936,121,211,10735,
181.58551209725357,88936,121,210,10736,
181.59415231877531,88936,121,209,10737,
181.59441196035692,88936,121,208,10738,
181.6019076970463,88936,121,207,10739,
181.62315628308755,88935,122,207,10739,
181.63101377279224,88934,123,207,10739,
181.6400972624133,88934,122,208,10739,
181.64288125783423,88934,122,207,10740,
181.654336519705,88934,122,206,10741,
181.66870538732593,88933,123,206,10741,
181.6781129779659,88932,124,206,10741,
181.68093828351422,88932,123,207,10741,
181.68688842012207,88932,122,208,10741,
181.7048136327709,88932,121,209,10741,
181.7211392194441,88932,121,208,10742,
181.73720182466582,88932,121,207,10743,
181.74016467393855,88932,120,208,10743,
181.742293220502,88932,119,209,10743,
181.7441294900196,88932,118,210,10743,
181.74913749299097,88931,119,210,10743,
181.79093472569764,88930,120,210,10743,
181.79676073162216,88930,120,209,10744,
181.83119809563019,88930,120,208,10745,
181.83291464943582,88930,119,209,10745,
181.84658275240096,88930,119,208,10746,
181.85209415698532,88929,120,208,10746,
181.8563840742071,88928,121,208,10746,
181.8802966042436,88928,121,207,10747,
181.8897172810905,88928,121,206,10748,
181.90707436786695,88927,122,206,10748,
181.92285234131563,88927,121,207,10748,
181.92607226851086,88926,122,207,10748,
181.93140950259368,88926,121,208,10748,
181.93724388755888,88926,121,207,10749,
181.97239573748766,88926,121,206,10750,
181.98684225326207,88925,122,206,10750,
182.00284876147813,88924,123,206,10750,
182.00287732069128,88923,124,206,10750,
182.00453094574337,88923,123,207,10750,
182.02480363153236,88923,122,208,10750,
182.02523302735287,88922,123,208,10750,
182.02546321411432,88921,124,208,10750,
182.0326930823258,88920,125,208,10750,
182.0382466963223,88919,126,208,10750,
182.0469821142474,88918,127,208,10750,
182.048191141372,88918,126,209,10750,
182.05911730617728,88917,127,209,10750,
182.0743299136794,88916,128,209,10750,
182.0746411716055,88916,127,210,10750,
182.08929981996422,88916,127,209,10751,
182.09199675595863,88916,126,210,10751,
182.09204536885332,88916,126,209,10752,
182.09837451314348,88916,125,210,10752,
182.11237143556838,88916,125,209,10753,
182.11524853422424,88916,124,210,10753,
182.12212995851644,88916,123,211,10753,
182.14415778935063,88916,122,212,10753,
182.15669443715566,88916,121,213,10753,
182.1588454628333,88916,121,212,10754,
182.17181214243163,88916,121,211,10755,
182.17249046406508,88915,122,211,10755,
182.18497971463742,88915,121,212,10755,
182.18546867170016,88915,121,211,10756,
182.201540948008,88915,121,210,10757,
182.20755882801774,88914,122,210,10757,
182.21195555645488,88914,122,209,10758,
182.22930654313606,88913,123,209,10758,
182.23174614009253,88913,123,208,10759,
182.24208778315136,88912,124,208,10759,
182.24330718154846,88912,124,207,10760,
182.2469292341841,88911,125,207,10760,
182.25910603277538,88910,126,207,10760,
182.26398310696774,88909,127,207,10760,
182.2700160585005,88909,126,208,10760,
182.3102622821213,88909,125,209,10760,
182.31448187309414,88909,125,208,10761,
182.32042907593322,88908,126,208,10761,
182.3209721213869,88907,127,208,10761,
182.35443559713624,88907,126,209,10761,
182.368941557597,88907,126,208,10762,
182.37854745087046,88906,127,208,10762,
182.38612121225813,88906,126,209,10762,
182.3895116841617,88906,125,210,10762,
182.40841927377718,88906,124,211,10762,
182.41243771625886,88905,125,211,10762,
182.4271251119258,88905,124,212,10762,
182.43674183770412,88904,125,212,10762,
182.4386577330293,88904,125,211,10763,
182.467922866277,88904,125,210,10764,
182.4688763854398,88903,126,210,10764,
182.49100226214114,88902,127,210,10764,
182.49162119995714,88902,127,209,10765,
182.50748985183745,88902,126,210,10765,
182.5083811664405,88901,127,210,10765,
182.52362069358878,88901,126,211,10765,
182.53405920648925,88901,126,210,10766,
182.53706797915862,88901,126,209,10767,
182.54145550740964,88900,127,209,10767,
182.5452308395663,88900,127,208,10768,
182.55379293911986,88899,128,208,10768,
182.5937294725874,88898,129,208,10768,
182.61331443241022,88898,129,207,10769,
182.62162936786316,88897,130,207,10769,
182.64414259627705,88896,131,207,10769,
182.65398088643312,88895,132,207,10769,
182.68869071931323,88894,133,207,10769,
182.69362873948847,88893,134,207,10769,
182.70235059603138,88893,133,208,10769,
182.7131827746291,88893,132,209,10769,
182.71516206644273,88892,133,209,10769,
182.71899102453327,88891,134,209,10769,
182.73476128632063,88890,135,209,10769,
182.75187111768207,88889,136,209,10769,
182.7605013400712,88889,136,208,10770,
182.7774060653088,88888,137,208,10770,
182.782502466568,88888,137,207,10771,
182.79597783666526,88888,137,206,10772,
182.80202160799126,88888,137,205,10773,
182.8232279429918,88888,137,204,10774,
182.83582762278974,88888,137,203,10775,
182.8527239004969,88887,138,203,10775,
182.8562712871786,88887,138,202,10776,
182.86084816525687,88887,137,203,10776,
182.86831423894725,88886,138,203,10776,
182.87593575359807,88885,139,203,10776,
182.90844263852247,88885,139,202,10777,
182.9194141352709,88884,140,202,10777,
182.93100545251124,88884,139,203,10777,
182.9687719628944,88883,140,203,10777,
182.97014046327266,88882,141,203,10777,
182.99400348078422,88881,142,203,10777,
183.0034233041454,88881,141,204,10777,
183.0104165160544,88880,142,204,10777,
183.01518776917334,88880,141,205,10777,
183.0177432941668,88879,142,205,10777,
183.03406467652087,88878,143,205,10777,
183.05092361545192,88878,142,206,10777,
183.05684381123535,88878,141,207,10777,
183.06727905758368,88878,141,206,10778,
183.06867659563605,88878,141,205,10779,
183.0893436654798,88878,140,206,10779,
183.1082287620381,88878,139,207,10779,
183.12338127642894,88878,139,206,10780,
183.1237197159575,88877,140,206,10780,
183.12817574479277,88877,139,207,10780,
183.13564176822828,88876,140,207,10780,
183.16490099716867,88875,141,207,10780,
183.17600205634608,88875,140,208,10780,
183.17978646310576,88874,141,208,10780,
183.18070161315356,88873,142,208,10780,
183.18572122342735,88872,143,208,10780,
183.2105342684072,88872,143,207,10781,
183.21102105526373,88872,142,208,10781,
183.21553559948467,88872,142,207,10782,
183.28559634633606,88872,141,208,10782,
183.292394042262,88872,141,207,10783,
183.29550631584837,88872,140,208,10783,
183.31145916481637,88872,139,209,10783,
183.3194588948479,88872,138,210,10783,
183.31986892003897,88872,138,209,10784,
183.33060713320032,88872,137,210,10784,
183.34211069277595,88872,136,211,10784,
183.36286671583528,88872,135,212,10784,
183.3798792090002,88871,136,212,10784,
183.38756053250435,88870,137,212,10784,
183.39183633636395,88870,137,211,10785,
183.39317005161462,88870,136,212,10785,
183.4124572850482,88870,135,213,10785,
183.41260460781126,88869,136,213,10785,
183.4150248415931,88869,135,214,10785,
183.41757045638533,88869,134,215,10785,
183.42408364712102,88868,135,215,10785,
183.43234523915618,88868,135,214,10786,
183.43344547219746,88868,134,215,10786,
183.44558908899398,88868,133,216,10786,
183.4513004672152,88868,132,217,10786,
183.46995723028647,88867,133,217,10786,
183.4712199814688,88867,133,216,10787,
183.47249857385262,88867,132,217,10787,
183.47293308305515,88867,131,218,10787,
183.49727244536018,88866,132,218,10787,
183.49899391116256,88865,133,218,10787,
183.50110044272822,88864,134,218,10787,
183.50153753228426,88864,134,217,10788,
183.5065036297328,88864,134,216,10789,
183.50692380196207,88864,133,217,10789,
183.51744804287486,88863,134,217,10789,
183.52200884733736,88863,133,218,10789,
183.52651561054915,88862,134,218,10789,
183.53813793996528,88861,135,218,10789,
183.54302874440899,88860,136,218,10789,
183.54350715659618,88860,136,217,10790,
183.5498241213696,88859,137,217,10790,
183.5537976647184,88859,136,218,10790,
183.56627878149047,88859,136,217,10791,
183.5728372865272,88859,135,218,10791,
183.58706674739292,88859,134,219,10791,
183.60199735034257,88858,135,219,10791,
183.6049575806354,88858,135,218,10792,
183.61547751523133,88858,134,219,10792,
183.6368700026882,88857,135,219,10792,
183.64342652706685,88857,135,218,10793,
183.65486876042004,88856,136,218,10793,
183.6564143499106,88855,137,218,10793,
183.66059129049455,88855,136,219,10793,
183.66905251262781,88854,137,219,10793,
183.6738303998656,88853,138,219,10793,
183.67507881675454,88852,139,219,10793,
183.67808207193085,88851,140,219,10793,
183.68085748205968,88851,139,220,10793,
183.69927614986418,88850,140,220,10793,
183.70795603312268,88849,141,220,10793,
183.70930790369727,88849,140,221,10793,
183.70994519880563,88848,141,221,10793,
183.72392157106205,88847,142,221,10793,
183.73827035924026,88847,142,220,10794,
183.74318491369195,88847,142,219,10795,
183.75275404979712,88846,143,219,10795,
183.75770421279597,88846,143,218,10796,
183.7622568788769,88846,143,217,10797,
183.76749788031756,88846,143,216,10798,
183.79365011254055,88846,142,217,10798,
183.79968193599817,88845,143,217,10798,
183.80052111129478,88845,142,218,10798,
183.8022033412036,88845,141,219,10798,
183.8038914533563,88844,142,219,10798,
183.81296884847967,88844,142,218,10799,
183.81475148936022,88844,142,217,10800,
183.82558550113987,88844,141,218,10800,
183.8301216417201,88843,142,218,10800,
183.84743585639907,88842,143,218,10800,
183.85555849167017,88842,143,217,10801,
183.85997176992106,88842,142,218,10801,
183.8671057158709,88842,141,219,10801,
183.86981533893425,88842,140,220,10801,
183.88667939601453,88842,139,221,10801,
183.8889261471747,88842,139,220,10802,
183.90449977333378,88841,140,220,10802,
183.90783397640809,88841,140,219,10803,
183.9311181029941,88840,141,219,10803,
183.9352190313692,88840,141,218,10804,
183.9423815929804,88840,141,217,10805,
183.95358031913472,88840,140,218,10805,
183.96438849531032,88840,139,219,10805,
183.9756582828957,88839,140,219,10805,
184.00193829746638,88838,141,219,10805,
184.01560379712384,88837,142,219,10805,
184.0199667236945,88837,141,220,10805,
184.0249966415311,88837,140,221,10805,
184.03924505790204,88837,140,220,10806,
184.0841557937441,88836,141,220,10806,
184.09172052220114,88835,142,220,10806,
184.09882694384027,88835,141,221,10806,
184.13452951466903,88835,141,220,10807,
184.14160150036565,88835,140,221,10807,
184.14865400073697,88834,141,221,10807,
184.15379857418472,88833,142,221,10807,
184.17718470663792,88833,141,222,10807,
184.18113398257796,88833,141,221,10808,
184.19792002439036,88833,141,220,10809,
184.2001955904386,88833,141,219,10810,
184.20498602473862,88832,142,219,10810,
184.22033174543301,88831,143,219,10810,
184.22743668954814,88831,142,220,10810,
184.24252633945227,88830,143,220,10810,
184.24258607810174,88830,142,221,10810,
184.24607973194864,88829,143,221,10810,
184.26923177035872,88829,142,222,10810,
184.28155605569816,88829,142,221,10811,
184.28714277456592,88828,143,221,10811,
184.29962734978187,88828,143,220,10812,
184.30885700593893,88827,144,220,10812,
184.31494805533055,88827,144,219,10813,
184.32829661914482,88827,143,220,10813,
184.3498588470519,88827,142,221,10813,
184.35194731760876,88827,141,222,10813,
184.35470824712866,88826,142,222,10813,
184.36273779918344,88826,141,223,10813,
184.38965826049457,88826,141,222,10814,
184.39261879321816,88825,142,222,10814,
184.39622918475104,88825,142,221,10815,
184.42306654942604,88825,142,220,10816,
184.43282222464242,88825,142,219,10817,
184.43737591729416,88825,142,218,10818,
184.44682616802925,88825,142,217,10819,
184.45532936155772,88825,142,216,10820,
184.47968324278366,88825,141,217,10820,
184.49176334078152,88824,142,217,10820,
184.498567098211,88824,141,218,10820,
184.50179249713446,88824,140,219,10820,
184.50926843221902,88824,140,218,10821,
184.51676065619975,88824,140,217,10822,
184.53077358787027,88823,141,217,10822,
184.54168645950227,88823,141,216,10823,
184.55923686056252,88823,141,215,10824,
184.560521567845,88822,142,215,10824,
184.56411790777136,88822,142,214,10825,
184.58318201178972,88822,141,215,10825,
184.5865364565042,88821,142,215,10825,
184.58823678269994,88820,143,215,10825,
184.59633972047232,88820,142,216,10825,
184.59889846118617,88819,143,216,10825,
184.6007720258174,88819,143,215,10826,
184.61008611182996,88819,142,216,10826,
184.61425238339558,88819,141,217,10826,
184.6146574953611,88818,142,217,10826,
184.62036110300383,88817,143,217,10826,
184.63088524939258,88817,143,216,10827,
184.63226689152714,88816,144,216,10827,
184.63577531583294,88816,143,217,10827,
184.6449857211461,88816,142,218,10827,
184.65463784630404,88816,142,217,10828,
184.65614843270134,88816,142,216,10829,
184.6643214909924,88815,143,216,10829,
184.6707718081946,88814,144,216,10829,
184.67261348371065,88814,144,215,10830,
184.69449556163852,88813,145,215,10830,
184.697221714009,88812,146,215,10830,
184.70235430522615,88811,147,215,10830,
184.72908930498926,88811,146,216,10830,
184.73191021279843,88810,147,216,10830,
184.73583659188947,88809,148,216,10830,
184.74117683849482,88809,148,215,10831,
184.76638378557908,88808,149,215,10831,
184.77194072717322,88807,150,215,10831,
184.77462887170987,88806,151,215,10831,
184.77533586653539,88805,152,215,10831,
184.77869707085833,88804,153,215,10831,
184.7846950438027,88803,154,215,10831,
184.8023568184322,88802,155,215,10831,
184.8045486681597,88801,156,215,10831,
184.83651740558184,88800,157,215,10831,
184.84083520096016,88800,156,216,10831,
184.84502885934901,88799,157,216,10831,
184.84571162551012,88799,156,217,10831,
184.847892213391,88799,155,218,10831,
184.8515855645919,88798,156,218,10831,
184.85492063599878,88798,156,217,10832,
184.87860487277808,88798,155,218,10832,
184.88106874998536,88797,156,218,10832,
184.88512053565623,88797,156,217,10833,
184.8930752038081,88797,156,216,10834,
184.90283319699884,88797,156,215,10835,
184.90873507524725,88796,157,215,10835,
184.90989283196961,88795,158,215,10835,
184.93134255801223,88794,159,215,10835,
184.93843317882312,88794,159,214,10836,
184.95583389573022,88794,158,215,10836,
184.95983937239075,88793,159,215,10836,
184.96509852651036,88793,158,216,10836,
184.96531278691398,88793,157,217,10836,
184.9674333161115,88793,156,218,10836,
184.96971601723504,88792,157,218,10836,
185.00607234755967,88792,156,219,10836,
185.02006546157725,88792,156,218,10837,
185.04603783600353,88792,155,219,10837,
185.04801959057895,88791,156,219,10837,
185.05671678788966,88791,156,218,10838,
185.06652930332504,88790,157,218,10838,
185.07126412154918,88789,158,218,10838,
185.08119136454565,88788,159,218,10838,
185.08130390198394,88787,160,218,10838,
185.0836065412732,88786,161,218,10838,
185.0884116704593,88785,162,218,10838,
185.09793715873369,88785,162,217,10839,
185.1082380677503,88784,163,217,10839,
185.10880529806536,88784,163,216,10840,
185.11614057098154,88783,164,216,10840,
185.12623228657196,88783,163,217,10840,
185.13021693078483,88783,163,216,10841,
185.1367084139488,88783,163,215,10842,
185.15332824657443,88783,162,216,10842,
185.1660028824469,88783,162,215,10843,
185.1804404648705,88783,162,214,10844,
185.20367073008802,88783,161,215,10844,
185.2066320425148,88783,160,216,10844,
185.23510937437644,88782,161,216,10844,
185.2476874230235,88781,162,216,10844,
185.27209889912655,88781,161,217,10844,
185.2838302593653,88780,162,217,10844,
185.2848469246168,88780,161,218,10844,
185.29028861023045,88780,160,219,10844,
185.290539361383,88780,159,220,10844,
185.29563955167833,88780,158,221,10844,
185.29579264211583,88779,159,221,10844,
185.29751692866208,88779,158,222,10844,
185.300621604203,88779,158,221,10845,
185.30160261415966,88778,159,221,10845,
185.31138392548186,88778,158,222,10845,
185.31608084943124,88778,158,221,10846,
185.3175279658413,88778,157,222,10846,
185.3251006989278,88777,158,222,10846,
185.3392804183604,88777,157,223,10846,
185.33955135200875,88776,158,223,10846,
185.35158112628767,88776,158,222,10847,
185.4158948160852,88775,159,222,10847,
185.42932800848445,88775,159,221,10848,
185.4372153896547,88775,158,222,10848,
185.44065710196847,88774,159,222,10848,
185.44200749450127,88773,160,222,10848,
185.48254895240308,88772,161,222,10848,
185.50755230381841,88772,161,221,10849,
185.50820002226192,88772,161,220,10850,
185.5280658275759,88771,162,220,10850,
185.53135872368975,88771,162,219,10851,
185.53191819301068,88771,161,220,10851,
185.5340779384218,88770,162,220,10851,
185.54747554097628,88770,161,221,10851,
185.55182929219504,88770,161,220,10852,
185.56285577864878,88770,161,219,10853,
185.56533787240616,88770,160,220,10853,
185.57479763954493,88770,159,221,10853,
185.57619339762667,88770,158,222,10853,
185.60199506532445,88770,157,223,10853,
185.60603823065813,88769,158,223,10853,
185.62041231552004,88769,157,224,10853,
185.64536061726506,88769,156,225,10853,
185.65238145861474,88769,156,224,10854,
185.67157928348672,88769,156,223,10855,
185.67173347971973,88769,156,222,10856,
185.6768322703433,88769,156,221,10857,
185.6923744934507,88768,157,221,10857,
185.69934550433376,88767,158,221,10857,
185.70053218165924,88767,158,220,10858,
185.70381503753728,88767,157,221,10858,
185.7097374420921,88767,157,220,10859,
185.71967976425643,88767,156,221,10859,
185.73829898046543,88766,157,221,10859,
185.76855821655545,88766,157,220,10860,
185.79240021857595,88765,158,220,10860,
185.79952372080436,88764,159,220,10860,
185.82697389198125,88764,158,221,10860,
185.84541874891184,88763,159,221,10860,
185.84963705876143,88762,160,221,10860,
185.942952737374,88761,161,221,10860,
185.95121009516396,88760,162,221,10860,
185.95310598886232,88760,161,222,10860,
185.95556495049186,88759,162,222,10860,
185.98643136705962,88758,163,222,10860,
185.9955242345541,88758,162,223,10860,
185.99629543732794,88758,161,224,10860,
186.01248775898642,88758,160,225,10860,
186.03431792617502,88757,161,225,10860,
186.03434066350917,88756,162,225,10860,
186.04006752825484,88756,162,224,10861,
186.05954914606588,88756,161,225,10861,
186.06385507774448,88755,162,225,10861,
186.0680382071987,88755,161,226,10861,
186.0751625983224,88755,160,227,10861,
186.08089570573102,88754,161,227,10861,
186.08288511561554,88753,162,227,10861,
186.08724569035115,88753,162,226,10862,
186.08909618470358,88752,163,226,10862,
186.08959012347776,88752,162,227,10862,
186.1103260648676,88752,161,228,10862,
186.12002411914253,88752,161,227,10863,
186.13261504117753,88752,161,226,10864,
186.1679764002297,88752,160,227,10864,
186.17314279767191,88752,159,228,10864,
186.1741082272851,88752,158,229,10864,
186.19224579040775,88751,159,229,10864,
186.19590425642772,88751,159,228,10865,
186.20497814759062,88751,158,229,10865,
186.20514024236644,88751,157,230,10865,
186.25193211747634,88751,156,231,10865,
186.25207791850661,88751,156,230,10866,
186.26461459671566,88751,156,229,10867,
186.2653276211984,88750,157,229,10867,
186.2699757410036,88750,157,228,10868,
186.29129999727672,88750,157,227,10869,
186.2976834592262,88749,158,227,10869,
186.3020132451196,88749,158,226,10870,
186.30652453618433,88748,159,226,10870,
186.32169275170148,88748,158,227,10870,
186.32685493361507,88747,159,227,10870,
186.32832459102187,88747,158,228,10870,
186.33304466394821,88746,159,228,10870,
186.3348089405124,88745,160,228,10870,
186.34008836886852,88745,159,229,10870,
186.35951052029975,88744,160,229,10870,
186.36077335501375,88743,161,229,10870,
186.38049027755451,88742,162,229,10870,
186.38385839763,88741,163,229,10870,
186.39030353843773,88741,163,228,10871,
186.3904180037503,88741,163,227,10872,
186.39802380659862,88741,162,228,10872,
186.40385770793438,88740,163,228,10872,
186.4060185450187,88740,163,227,10873,
186.4125403816581,88740,162,228,10873,
186.41428096502776,88739,163,228,10873,
186.4215945649251,88738,164,228,10873,
186.4256152406161,88737,165,228,10873,
186.44500657595094,88737,165,227,10874,
186.45479453672917,88736,166,227,10874,
186.47582281518356,88736,166,226,10875,
186.4760138394395,88736,165,227,10875,
186.4802434203897,88736,164,228,10875,
186.48784499398073,88736,163,229,10875,
186.49071734306682,88735,164,229,10875,
186.4933311340126,88735,164,228,10876,
186.5102270306906,88735,164,227,10877,
186.51339526794848,88735,164,226,10878,
186.518205174255,88735,164,225,10879,
186.52274144343966,88734,165,225,10879,
186.52786472357758,88734,164,226,10879,
186.53394726553407,88734,163,227,10879,
186.5382282288289,88734,162,228,10879,
186.54750026065122,88734,161,229,10879,
186.54893314580278,88733,162,229,10879,
186.5579347527822,88732,163,229,10879,
186.56176002205515,88732,162,230,10879,
186.57589857788068,88731,163,230,10879,
186.58585587808167,88731,163,229,10880,
186.59709315581858,88731,163,228,10881,
186.59895438854565,88731,162,229,10881,
186.6231679742493,88730,163,229,10881,
186.62785042442377,88729,164,229,10881,
186.64569901892293,88729,163,230,10881,
186.65107057404066,88729,162,231,10881,
186.67141796282195,88729,162,230,10882,
186.67686585688662,88729,161,231,10882,
186.67694938734803,88729,161,230,10883,
186.68131731137902,88729,161,229,10884,
186.6813702169189,88728,162,229,10884,
186.68142480378802,88728,162,228,10885,
186.69335864541907,88727,163,228,10885,
186.69393337763324,88727,163,227,10886,
186.71176936312142,88726,164,227,10886,
186.71857348213243,88726,164,226,10887,
186.7233797659022,88726,163,227,10887,
186.72367938835967,88726,163,226,10888,
186.72794632331264,88726,163,225,10889,
186.73338890735687,88726,162,226,10889,
186.73579299861535,88726,162,225,10890,
186.7389073071556,88725,163,225,10890,
186.75320832670212,88724,164,225,10890,
186.75891959864467,88724,164,224,10891,
186.770560834088,88724,163,225,10891,
186.77416359885336,88724,162,226,10891,
186.78665707275604,88724,161,227,10891,
186.7914797579493,88723,162,227,10891,
186.79208408808307,88722,163,227,10891,
186.8101973357389,88722,162,228,10891,
186.82677003293398,88722,161,229,10891,
186.83278533385774,88722,160,230,10891,
186.8374766601443,88721,161,230,10891,
186.83837513541357,88721,160,231,10891,
186.83887635073066,88721,160,230,10892,
186.8445507302708,88721,159,231,10892,
186.8521344544753,88720,160,231,10892,
186.86000799024433,88719,161,231,10892,
186.86266402299546,88718,162,231,10892,
186.86524579977515,88717,163,231,10892,
186.86577807155422,88716,164,231,10892,
186.89513127715963,88716,164,230,10893,
186.8958112884436,88715,165,230,10893,
186.89966284941758,88714,166,230,10893,
186.90816716948916,88714,165,231,10893,
186.90939387985563,88713,166,231,10893,
186.91581177638622,88712,167,231,10893,
186.91987940520704,88711,168,231,10893,
186.9341081693974,88711,168,230,10894,
186.94708238347536,88711,167,231,10894,
186.9668300577888,88711,166,232,10894,
186.97234943062415,88711,166,231,10895,
186.97738066935352,88711,165,232,10895,
186.99249423709412,88710,166,232,10895,
186.99534968595736,88709,167,232,10895,
187.001975495142,88709,166,233,10895,
187.01757850561737,88708,167,233,10895,
187.04102581619793,88708,166,234,10895,
187.04657226947555,88708,165,235,10895,
187.06553822594847,88708,165,234,10896,
187.07454362586626,88707,166,234,10896,
187.08036122954798,88707,166,233,10897,
187.08136044951323,88707,165,234,10897,
187.10256061116226,88707,164,235,10897,
187.1123405266595,88706,165,235,10897,
187.11509132287475,88705,166,235,10897,
187.11953364196705,88704,167,235,10897,
187.12020918454067,88703,168,235,10897,
187.1209297224714,88702,169,235,10897,
187.12562179068362,88702,169,234,10898,
187.13059966516684,88701,170,234,10898,
187.1529917641944,88701,170,233,10899,
187.18359495588516,88701,169,234,10899,
187.18598802139076,88701,168,235,10899,
187.19273410280053,88701,167,236,10899,
187.20854799257194,88701,166,237,10899,
187.22293336553597,88701,165,238,10899,
187.23133788469605,88700,166,238,10899,
187.23145948980635,88700,166,237,10900,
187.2428294510875,88700,166,236,10901,
187.24392034468164,88700,165,237,10901,
187.25020353206673,88700,165,236,10902,
187.26815410965224,88700,164,237,10902,
187.27661967911595,88700,163,238,10902,
187.3064323710036,88700,163,237,10903,
187.31166025142454,88700,163,236,10904,
187.31493676226074,88700,163,235,10905,
187.32198535292852,88700,163,234,10906,
187.32357349670704,88699,164,234,10906,
187.33883742285795,88698,165,234,10906,
187.34796706235198,88698,165,233,10907,
187.35070710644874,88698,165,232,10908,
187.35564132694574,88698,165,231,10909,
187.3645935818197,88697,166,231,10909,
187.36754460677577,88697,166,230,10910,
187.38852716688598,88696,167,230,10910,
187.39683679539573,88696,166,231,10910,
187.40699124830294,88696,165,232,10910,
187.41137157762824,88696,164,233,10910,
187.41344178898677,88695,165,233,10910,
187.4222858008362,88694,166,233,10910,
187.4246410806317,88693,167,233,10910,
187.42580469563748,88693,166,234,10910,
187.43707179739337,88692,167,234,10910,
187.43898797477775,88691,168,234,10910,
187.45099379988233,88691,167,235,10910,
187.46555799241355,88691,166,236,10910,
187.48478695090213,88691,166,235,10911,
187.4922572796054,88690,167,235,10911,
187.49629090287766,88689,168,235,10911,
187.49964259380607,88688,169,235,10911,
187.51125405484456,88688,168,236,10911,
187.52567460372765,88688,167,237,10911,
187.53957480308046,88687,168,237,10911,
187.54359514321436,88686,169,237,10911,
187.54426949410222,88686,169,236,10912,
187.54630038732233,88686,168,237,10912,
187.55240623223548,88686,167,238,10912,
187.56176478289464,88685,168,238,10912,
187.56196986761452,88685,167,239,10912,
187.57907026608615,88685,167,238,10913,
187.58481336213586,88685,166,239,10913,
187.59155929923435,88685,166,238,10914,
187.60314895130384,88684,167,238,10914,
187.61031972069148,88684,166,239,10914,
187.61605020288977,88683,167,239,10914,
187.6171319382209,88683,166,240,10914,
187.61961267322178,88683,165,241,10914,
187.6221616225448,88683,164,242,10914,
187.62689002654693,88683,164,241,10915,
187.63301444703245,88682,165,241,10915,
187.65655323967073,88682,165,240,10916,
187.6567521520114,88681,166,240,10916,
187.6701510953322,88681,166,239,10917,
187.67154180896998,88681,165,240,10917,
187.6752638838579,88681,165,239,10918,
187.68563698629424,88680,166,239,10918,
187.68818777977086,88679,167,239,10918,
187.6942119763792,88679,166,240,10918,
187.71042950889336,88678,167,240,10918,
187.71700353026856,88677,168,240,10918,
187.72739128983335,88676,169,240,10918,
187.731846186737,88676,169,239,10919,
187.73379657154896,88676,169,238,10920,
187.73822613931617,88675,170,238,10920,
187.7487548924239,88675,169,239,10920,
187.78598758182702,88675,168,240,10920,
187.80106095646158,88675,167,241,10920,
187.8035952438091,88674,168,241,10920,
187.81884092652356,88673,169,241,10920,
187.8463522381536,88673,169,240,10921,
187.84888475806585,88673,168,241,10921,
187.8554578986835,88672,169,241,10921,
187.86438828893924,88671,170,241,10921,
187.8679197712198,88671,169,242,10921,
187.89488408055666,88671,168,243,10921,
187.92698142166188,88670,169,243,10921,
187.93357452604553,88670,168,244,10921,
187.93870108911247,88670,168,243,10922,
187.94616873365138,88669,169,243,10922,
187.9522327731763,88669,169,242,10923,
187.9595699719261,88669,168,243,10923,
187.96410537293193,88668,169,243,10923,
187.97934231762372,88668,168,244,10923,
187.98215667995817,88667,169,244,10923,
187.98237465719015,88667,168,245,10923,
187.9848969627614,88667,168,244,10924,
187.9867826774826,88666,169,244,10924,
188.00749565872928,88666,169,243,10925,
188.0090512940026,88665,170,243,10925,
188.0155818758576,88665,169,244,10925,
188.02762106208152,88664,170,244,10925,
188.0279680611331,88664,170,243,10926,
188.03099362123388,88664,170,242,10927,
188.0444921466408,88663,171,242,10927,
188.0562516125978,88662,172,242,10927,
188.07267155190237,88662,172,241,10928,
188.08766306088393,88662,171,242,10928,
188.0962103235297,88662,170,243,10928,
188.10404915167715,88662,169,244,10928,
188.10654213024577,88662,169,243,10929,
188.11264127978887,88661,170,243,10929,
188.13397486861243,88660,171,243,10929,
188.13606290473268,88660,171,242,10930,
188.14094850400411,88659,172,242,10930,
188.1469269170851,88659,172,241,10931,
188.15124814507342,88658,173,241,10931,
188.17345808383416,88657,174,241,10931,
188.1797774826293,88657,173,242,10931,
188.18094948682995,88656,174,242,10931,
188.18182542059785,88656,173,243,10931,
188.18763319636253,88656,172,244,10931,
188.22164823035985,88655,173,244,10931,
188.22456853626247,88655,173,243,10932,
188.2406699272455,88654,174,243,10932,
188.2682195456642,88654,174,242,10933,
188.26922585176519,88654,173,243,10933,
188.27359734279668,88654,173,242,10934,
188.28326461142862,88654,172,243,10934,
188.29479588288032,88653,173,243,10934,
188.2962506168769,88653,173,242,10935,
188.29632547902233,88653,172,243,10935,
188.31371062846588,88652,173,243,10935,
188.31926594535867,88652,172,244,10935,
188.3222026859815,88652,171,245,10935,
188.3268980365191,88652,171,244,10936,
188.34511238315477,88652,170,245,10936,
188.35806686619225,88651,171,245,10936,
188.36730022437442,88651,170,246,10936,
188.38606866370105,88651,169,247,10936,
188.3924926565811,88650,170,247,10936,
188.41704050085215,88650,170,246,10937,
188.4229014453242,88649,171,246,10937,
188.42453805415516,88649,171,245,10938,
188.42929474330697,88648,172,245,10938,
188.43395646449073,88648,171,246,10938,
188.44743411183433,88647,172,246,10938,
188.4485316695801,88646,173,246,10938,
188.45270963049416,88646,173,245,10939,
188.45825129525974,88646,172,246,10939,
188.47409830555398,88646,171,247,10939,
188.5068013191204,88645,172,247,10939,
188.52193486039315,88644,173,247,10939,
188.52637532510417,88644,173,246,10940,
188.55539199611962,88643,174,246,10940,
188.57212359146467,88642,175,246,10940,
188.597495881577,88642,174,247,10940,
188.61697859064265,88642,173,248,10940,
188.6255158386256,88641,174,248,10940,
188.63801568394302,88641,173,249,10940,
188.64073598928385,88641,173,248,10941,
188.6443545657346,88641,173,247,10942,
188.64731531539638,88640,174,247,10942,
188.65620638983688,88640,173,248,10942,
188.65726012497302,88640,173,247,10943,
188.6580768306645,88640,172,248,10943,
188.67313607584705,88639,173,248,10943,
188.67344968927753,88639,172,249,10943,
188.69745827877836,88639,172,248,10944,
188.6988904991916,88638,173,248,10944,
188.7039695219779,88637,174,248,10944,
188.71555925282343,88636,175,248,10944,
188.72084105299442,88636,175,247,10945,
188.73070781756326,88636,174,248,10945,
188.74155746009876,88635,175,248,10945,
188.75552799848398,88635,174,249,10945,
188.7919413429396,88635,173,250,10945,
188.80128639350968,88635,173,249,10946,
188.82276220386734,88634,174,249,10946,
188.8272091482731,88634,173,250,10946,
188.8410903203284,88633,174,250,10946,
188.8417791282632,88632,175,250,10946,
188.84731728743503,88632,175,249,10947,
188.85253904154962,88632,175,248,10948,
188.85469286449361,88632,175,247,10949,
188.85709630979838,88632,174,248,10949,
188.8714063656404,88632,174,247,10950,
188.88609279539637,88631,175,247,10950,
188.89869632006236,88631,174,248,10950,
188.90639229162042,88630,175,248,10950,
188.93146833014524,88630,175,247,10951,
188.93389641261166,88630,174,248,10951,
188.9403075708914,88629,175,248,10951,
188.9427135537641,88629,175,247,10952,
188.94584059942056,88628,176,247,10952,
188.9538584670731,88627,177,247,10952,
188.96381862659481,88627,176,248,10952,
188.9779098724273,88627,176,247,10953,
188.9962946327466,88627,176,246,10954,
188.99677753638767,88627,176,245,10955,
189.0071968401494,88626,177,245,10955,
189.01701483016166,88625,178,245,10955,
189.0176092201983,88625,177,246,10955,
189.02102726130735,88625,176,247,10955,
189.02575719990077,88624,177,247,10955,
189.0312876628698,88624,177,246,10956,
189.03798732927555,88624,176,247,10956,
189.04761741115666,88624,175,248,10956,
189.05822183012302,88624,175,247,10957,
189.05899650799108,88624,175,246,10958,
189.0595663699937,88624,174,247,10958,
189.07267731750335,88624,173,248,10958,
189.08366744059458,88624,173,247,10959,
189.09368949422037,88623,174,247,10959,
189.09625935695266,88622,175,247,10959,
189.0977170163702,88621,176,247,10959,
189.1028761095009,88621,176,246,10960,
189.10311530964339,88620,177,246,10960,
189.12423218067372,88620,177,245,10961,
189.124656045862,88620,176,246,10961,
189.1285483756899,88619,177,246,10961,
189.1370891552421,88619,176,247,10961,
189.13899983373238,88618,177,247,10961,
189.14117219350496,88618,177,246,10962,
189.14403427722436,88618,177,245,10963,
189.14771753870735,88617,178,245,10963,
189.16094542041517,88616,179,245,10963,
189.1658389812804,88616,179,244,10964,
189.1672491668924,88615,180,244,10964,
189.17434996338943,88615,179,245,10964,
189.17979085086668,88615,178,246,10964,
189.18192101045827,88614,179,246,10964,
189.1875601068261,88613,180,246,10964,
189.18935142024873,88613,179,247,10964,
189.1974536686935,88613,178,248,10964,
189.2055464946169,88612,179,248,10964,
189.21180751260957,88612,179,247,10965,
189.2186473054519,88611,180,247,10965,
189.2220469671111,88611,180,246,10966,
189.2341960253787,88611,179,247,10966,
189.24521311125682,88611,179,246,10967,
189.25837733006543,88611,178,247,10967,
189.26763976086045,88610,179,247,10967,
189.29064654586332,88609,180,247,10967,
189.29595338489952,88609,179,248,10967,
189.31872183842438,88608,180,248,10967,
189.3295940279717,88607,181,248,10967,
189.33221361575704,88607,181,247,10968,
189.34054864362813,88606,182,247,10968,
189.34250551013704,88605,183,247,10968,
189.34326281497036,88604,184,247,10968,
189.37728834400332,88604,184,246,10969,
189.3773367503593,88604,183,247,10969,
189.3776073510038,88604,183,246,10970,
189.38676568810183,88603,184,246,10970,
189.392828133653,88603,183,247,10970,
189.39647194520745,88602,184,247,10970,
189.43847401840503,88601,185,247,10970,
189.46458176177043,88600,186,247,10970,
189.46981093738444,88600,186,246,10971,
189.47532342309464,88599,187,246,10971,
189.48540425884033,88599,186,247,10971,
189.48622425602613,88598,187,247,10971,
189.51845512018912,88597,188,247,10971,
189.54039709495248,88597,188,246,10972,
189.54956812517767,88597,188,245,10973,
189.55089151021298,88597,187,246,10973,
189.55089937733433,88597,187,245,10974,
189.56413688287208,88597,187,244,10975,
189.56464340617737,88597,186,245,10975,
189.5756145904928,88596,187,245,10975,
189.58221309640325,88595,188,245,10975,
189.6029616050663,88595,187,246,10975,
189.6104907408805,88594,188,246,10975,
189.6114169829395,88594,187,247,10975,
189.61501310961577,88593,188,247,10975,
189.62464667806597,88592,189,247,10975,
189.62987618373108,88591,190,247,10975,
189.65639182350145,88591,189,248,10975,
189.6693849419269,88590,190,248,10975,
189.67603375657865,88590,190,247,10976,
189.68290189953464,88590,189,248,10976,
189.68545076570973,88590,189,247,10977,
189.70824964112825,88589,190,247,10977,
189.70965623565857,88589,190,246,10978,
189.7111162579335,88588,191,246,10978,
189.73217913057098,88587,192,246,10978,
189.7322478879872,88587,191,247,10978,
189.735448791021,88587,191,246,10979,
189.73791728761046,88587,191,245,10980,
189.7468514049256,88586,192,245,10980,
189.7558644947764,88586,192,244,10981,
189.75812620127513,88586,191,245,10981,
189.75906938184767,88585,192,245,10981,
189.76215562060096,88585,191,246,10981,
189.76754895871272,88584,192,246,10981,
189.77099513761195,88584,192,245,10982,
189.7768222741067,88584,191,246,10982,
189.7801058286882,88584,191,245,10983,
189.79701672850675,88584,191,244,10984,
189.81545876154377,88583,192,244,10984,
189.82870146988586,88583,191,245,10984,
189.85823523433265,88582,192,245,10984,
189.87457581529597,88581,193,245,10984,
189.88174318780267,88581,193,244,10985,
189.88425715937262,88581,193,243,10986,
189.89414189677987,88580,194,243,10986,
189.90041510566962,88579,195,243,10986,
189.9095132730991,88578,196,243,10986,
189.91266059054823,88578,195,244,10986,
189.9358082132999,88578,195,243,10987,
189.93701784769263,88578,195,242,10988,
189.95534735064177,88578,194,243,10988,
189.96238430972915,88577,195,243,10988,
189.97350463431465,88576,196,243,10988,
189.98320167967802,88575,197,243,10988,
189.98739819911202,88574,198,243,10988,
189.99319274009366,88574,197,244,10988,
189.99531777550018,88574,196,245,10988,
190.02544879318378,88574,195,246,10988,
190.04568906536798,88574,194,247,10988,
190.05103919843936,88573,195,247,10988,
190.0729120144821,88573,195,246,10989,
190.08364767066593,88573,194,247,10989,
190.08535323780308,88573,194,246,10990,
190.09249476253305,88573,194,245,10991,
190.10378021550534,88573,193,246,10991,
190.119033780997,88573,193,245,10992,
190.12358409118212,88573,193,244,10993,
190.13732621929105,88573,192,245,10993,
190.13894600559374,88573,192,244,10994,
190.14229520331918,88572,193,244,10994,
190.16504130528367,88571,194,244,10994,
190.23895065934988,88570,195,244,10994,
190.23999386914284,88570,194,245,10994,
190.25893740097885,88570,194,244,10995,
190.26324003849766,88570,193,245,10995,
190.2668063404997,88569,194,245,10995,
190.27181163111837,88569,194,244,10996,
190.27520430380275,88568,195,244,10996,
190.28555502002652,88568,195,243,10997,
190.29421492085285,88568,194,244,10997,
190.32906237994882,88568,193,245,10997,
190.33153663820107,88567,194,245,10997,
190.34089340973514,88566,195,245,10997,
190.35072228378468,88566,195,244,10998,
190.3548638323793,88566,194,245,10998,
190.355420156558,88566,194,244,10999,
190.35842951157812,88566,194,243,11000,
190.35919737555113,88565,195,243,11000,
190.3646543377495,88565,195,242,11001,
190.36517307174356,88564,196,242,11001,
190.37178509519808,88564,195,243,11001,
190.37546906348146,88564,194,244,11001,
190.38481706274138,88563,195,244,11001,
190.39260975371886,88563,195,243,11002,
190.4005248623629,88563,194,244,11002,
190.40991308387538,88562,195,244,11002,
190.41103756665166,88562,195,243,11003,
190.41509194276463,88561,196,243,11003,
190.4182292526159,88560,197,243,11003,
190.42361103624745,88560,196,244,11003,
190.42697295185127,88560,196,243,11004,
190.4293174641325,88560,196,242,11005,
190.4294886320121,88559,197,242,11005,
190.4299648397785,88559,196,243,11005,
190.43662930401666,88559,196,242,11006,
190.4376053541045,88559,196,241,11007,
190.44127560509872,88559,195,242,11007,
190.44469891053848,88559,195,241,11008,
190.45701016524222,88559,194,242,11008,
190.46403937540296,88559,194,241,11009,
190.4794658541287,88559,194,240,11010,
190.4800244491007,88559,193,241,11010,
190.4803256220887,88559,192,242,11010,
190.5092838731414,88559,191,243,11010,
190.52022499445604,88558,192,243,11010,
190.52296086021735,88558,191,244,11010,
190.5265089019957,88558,191,243,11011,
190.54817456765082,88557,192,243,11011,
190.55585771052316,88556,193,243,11011,
190.5636100928089,88555,194,243,11011,
190.5636690295267,88555,193,244,11011,
190.56957970522123,88554,194,244,11011,
190.56993689980607,88553,195,244,11011,
190.57711865110852,88553,194,245,11011,
190.57767281523266,88552,195,245,11011,
190.58888490334692,88552,194,246,11011,
190.62066304234946,88551,195,246,11011,
190.62914362164986,88551,194,247,11011,
190.62922343696235,88551,194,246,11012,
190.6440787566307,88551,193,247,11012,
190.6629717026588,88551,192,248,11012,
190.68053406732034,88551,191,249,11012,
190.68680437079774,88551,191,248,11013,
190.6890064794616,88551,191,247,11014,
190.6956802210959,88551,191,246,11015,
190.6977364789586,88551,191,245,11016,
190.70054496384856,88551,191,244,11017,
190.7037947622498,88550,192,244,11017,
190.70693278810776,88549,193,244,11017,
190.71811449272846,88548,194,244,11017,
190.7291460248572,88548,194,243,11018,
190.73066669233287,88548,194,242,11019,
190.73327525251005,88548,194,241,11020,
190.74391510671336,88547,195,241,11020,
190.74794251243742,88546,196,241,11020,
190.76363984932073,88545,197,241,11020,
190.76412922888915,88545,197,240,11021,
190.79669041978437,88544,198,240,11021,
190.7978907072697,88544,198,239,11022,
190.8062477275542,88544,198,238,11023,
190.82190295384657,88544,197,239,11023,
190.82374113674808,88543,198,239,11023,
190.82750979871983,88542,199,239,11023,
190.8424611174444,88542,198,240,11023,
190.84262315702713,88541,199,240,11023,
190.87075774469514,88540,200,240,11023,
190.87438120117196,88540,199,241,11023,
190.87520836937318,88539,200,241,11023,
190.8813039235613,88538,201,241,11023,
190.8850737632731,88538,200,242,11023,
190.8983234447221,88538,200,241,11024,
190.9016038568204,88538,200,240,11025,
190.9062594593383,88537,201,240,11025,
190.92968992460706,88537,200,241,11025,
190.9543149517053,88536,201,241,11025,
190.9546915928522,88536,200,242,11025,
190.9708500643058,88535,201,242,11025,
190.97344633676403,88535,201,241,11026,
190.97799490090497,88535,200,242,11026,
190.98279789138354,88535,199,243,11026,
190.98350810799295,88535,198,244,11026,
190.99821011034533,88535,197,245,11026,
191.0100589938235,88534,198,245,11026,
191.02711739801785,88534,197,246,11026,
191.0472035304406,88534,196,247,11026,
191.0987422269779,88533,197,247,11026,
191.11551282595244,88533,196,248,11026,
191.1160625392794,88533,195,249,11026,
191.13123882462455,88533,194,250,11026,
191.166044031263,88532,195,250,11026,
191.1791939775569,88531,196,250,11026,
191.18462134339202,88531,196,249,11027,
191.18856631540513,88530,197,249,11027,
191.1920164310625,88530,197,248,11028,
191.21099655909936,88529,198,248,11028,
191.22449964032265,88529,197,249,11028,
191.23115126195708,88528,198,249,11028,
191.2446506462551,88528,197,250,11028,
191.254104622312,88528,197,249,11029,
191.26273468134306,88528,196,250,11029,
191.26296828434448,88528,195,251,11029,
191.26687425166605,88528,195,250,11030,
191.28196452812378,88527,196,250,11030,
191.29423709597754,88527,196,249,11031,
191.29896529696737,88527,195,250,11031,
191.32880670213305,88526,196,250,11031,
191.34420198762538,88525,197,250,11031,
191.34486828221267,88525,197,249,11032,
191.34521054748492,88525,196,250,11032,
191.37053652028706,88524,197,250,11032,
191.3901829859563,88524,196,251,11032,
191.39031605270804,88523,197,251,11032,
191.40401787612055,88523,197,250,11033,
191.40420066308127,88523,197,249,11034,
191.40716671783983,88523,197,248,11035,
191.40976947611713,88523,197,247,11036,
191.41129023670484,88523,197,246,11037,
191.4139416803457,88523,196,247,11037,
191.4174965319643,88523,196,246,11038,
191.418072306598,88522,197,246,11038,
191.42354069559445,88521,198,246,11038,
191.43295524350128,88520,199,246,11038,
191.43606659355058,88520,198,247,11038,
191.4407430503401,88519,199,247,11038,
191.4559487659758,88519,198,248,11038,
191.4782129058015,88518,199,248,11038,
191.4818610182174,88518,198,249,11038,
191.48904898530947,88517,199,249,11038,
191.52407077070936,88517,198,250,11038,
191.53615996526716,88517,198,249,11039,
191.53884047402462,88516,199,249,11039,
191.54466797210083,88516,198,250,11039,
191.5453985692776,88515,199,250,11039,
191.57177169567495,88514,200,250,11039,
191.57882923590319,88513,201,250,11039,
191.58376895454413,88513,200,251,11039,
191.60779559149455,88512,201,251,11039,
191.6136352421631,88511,202,251,11039,
191.61655603310302,88511,202,250,11040,
191.61707961687264,88511,201,251,11040,
191.62507024342426,88510,202,251,11040,
191.63308419727852,88510,202,250,11041,
191.63820198561734,88510,202,249,11042,
191.6487712149696,88509,203,249,11042,
191.65657354735595,88509,202,250,11042,
191.66335024301728,88509,202,249,11043,
191.6720465885111,88509,202,248,11044,
191.6837699958349,88508,203,248,11044,
191.6968790061051,88508,203,247,11045,
191.70134769488885,88508,202,248,11045,
191.7111039841521,88508,202,247,11046,
191.71153536349158,88508,201,248,11046,
191.7290034586299,88507,202,248,11046,
191.7495042652579,88507,202,247,11047,
191.754835005236,88506,203,247,11047,
191.75893508033005,88506,203,246,11048,
191.75968622107374,88505,204,246,11048,
191.7692671225459,88505,204,245,11049,
191.77479930203242,88505,203,246,11049,
191.78588491433695,88505,202,247,11049,
191.80217930973672,88505,202,246,11050,
191.80754091161032,88505,201,247,11050,
191.84786907346285,88504,202,247,11050,
191.8525447204136,88503,203,247,11050,
191.85359836114606,88502,204,247,11050,
191.85561955241326,88501,205,247,11050,
191.85568267704286,88501,204,248,11050,
191.86423229096118,88501,204,247,11051,
191.86849335088692,88500,205,247,11051,
191.86894406713213,88500,205,246,11052,
191.8766892017569,88500,205,245,11053,
191.8782616136875,88499,206,245,11053,
191.88092698764083,88498,207,245,11053,
191.91484623231702,88498,207,244,11054,
191.91884677571105,88498,207,243,11055,
191.92217033359813,88497,208,243,11055,
191.92546284363274,88497,208,242,11056,
191.92802131530232,88496,209,242,11056,
191.93996498249047,88496,208,243,11056,
191.9508384582569,88496,208,242,11057,
191.9525284972645,88496,208,241,11058,
191.9566881093032,88496,207,242,11058,
191.95734072135963,88495,208,242,11058,
191.95871792524332,88495,208,241,11059,
191.96480405680606,88495,208,240,11060,
191.9690304310455,88495,208,239,11061,
191.99293800764804,88494,209,239,11061,
191.99550903515888,88494,208,240,11061,
192.00768500313575,88493,209,240,11061,
192.00892862421387,88492,210,240,11061,
192.00918843023214,88492,210,239,11062,
192.01713321329856,88492,210,238,11063,
192.01853953744106,88492,209,239,11063,
192.03621556419301,88492,209,238,11064,
192.04132088898646,88492,208,239,11064,
192.05400153358005,88492,208,238,11065,
192.06042581464422,88491,209,238,11065,
192.10617464281347,88491,208,239,11065,
192.1248051927936,88491,208,238,11066,
192.15478767955594,88490,209,238,11066,
192.1623000749788,88489,210,238,11066,
192.1804112513051,88489,209,239,11066,
192.18042593834497,88488,210,239,11066,
192.18285166094086,88487,211,239,11066,
192.18954779810602,88487,210,240,11066,
192.19021537213237,88487,210,239,11067,
192.21254278583845,88487,209,240,11067,
192.226609662858,88486,210,240,11067,
192.23534470702182,88486,209,241,11067,
192.26309152530533,88485,210,241,11067,
192.26732608514467,88484,211,241,11067,
192.27907333721728,88484,211,240,11068,
192.27950088706086,88484,211,239,11069,
192.29815336048082,88484,211,238,11070,
192.3035722240281,88484,211,237,11071,
192.32839126877835,88484,210,238,11071,
192.33353761505435,88484,210,237,11072,
192.34490096611282,88484,209,238,11072,
192.3461524673218,88484,208,239,11072,
192.35893197847906,88484,207,240,11072,
192.36014896451582,88484,207,239,11073,
192.37377994205647,88483,208,239,11073,
192.38640671009824,88483,207,240,11073,
192.39219455267082,88482,208,240,11073,
192.40630979567578,88482,207,241,11073,
192.45153601281788,88481,208,241,11073,
192.4516002831873,88481,208,240,11074,
192.45614780816976,88481,207,241,11074,
192.46199882745572,88480,208,241,11074,
192.47134654531564,88479,209,241,11074,
192.47301988109558,88479,208,242,11074,
192.47492094628922,88478,209,242,11074,
192.49152626601023,88478,208,243,11074,
192.49182055217977,88477,209,243,11074,
192.50023473340926,88477,208,244,11074,
192.50187589328087,88477,207,245,11074,
192.53709800736584,88477,206,246,11074,
192.54940704870683,88477,205,247,11074,
192.55345015768893,88477,204,248,11074,
192.56175382128484,88477,204,247,11075,
192.5618102852736,88477,204,246,11076,
192.5645104748753,88477,204,245,11077,
192.5672383682308,88477,204,244,11078,
192.57188958095702,88477,203,245,11078,
192.58514805276357,88477,202,246,11078,
192.61902945570912,88477,202,245,11079,
192.6237822373969,88477,201,246,11079,
192.62659269670814,88477,200,247,11079,
192.63570888588848,88476,201,247,11079,
192.6367797364971,88476,201,246,11080,
192.63850336421788,88475,202,246,11080,
192.66258015887215,88474,203,246,11080,
192.6693598702579,88474,202,247,11080,
192.67341072233705,88473,203,247,11080,
192.73152283789324,88472,204,247,11080,
192.74487543389378,88472,204,246,11081,
192.7700090578847,88472,203,247,11081,
192.7822890474018,88471,204,247,11081,
192.7828926027682,88471,203,248,11081,
192.78873457691535,88471,203,247,11082,
192.79127243447573,88471,202,248,11082,
192.80629303455007,88471,201,249,11082,
192.80658176875033,88471,201,248,11083,
192.81080487632502,88471,200,249,11083,
192.827205355181,88471,199,250,11083,
192.83149707282743,88471,199,249,11084,
192.8422184116149,88471,199,248,11085,
192.84240876178274,88471,198,249,11085,
192.85617617004368,88470,199,249,11085,
192.87230302844165,88470,198,250,11085,
192.87782958206657,88470,197,251,11085,
192.8874648045925,88470,197,250,11086,
192.88780544763796,88470,196,251,11086,
192.89888021303017,88470,195,252,11086,
192.91098814948026,88470,194,253,11086,
192.91873533763655,88469,195,253,11086,
192.9420515189488,88469,194,254,11086,
192.95294184800983,88468,195,254,11086,
192.95351904066595,88468,194,255,11086,
192.96010695786143,88468,193,256,11086,
192.96328831895121,88468,192,257,11086,
192.96346916672323,88468,192,256,11087,
192.96415490190884,88468,191,257,11087,
192.97560918680205,88468,190,258,11087,
192.98418653993113,88467,191,258,11087,
193.00305166649179,88467,190,259,11087,
193.01676819335984,88467,190,258,11088,
193.0170091913369,88466,191,258,11088,
193.0339618881101,88465,192,258,11088,
193.03441564933334,88465,191,259,11088,
193.0351576755468,88464,192,259,11088,
193.05201490982574,88464,191,260,11088,
193.05391687786462,88463,192,260,11088,
193.08285317942128,88463,191,261,11088,
193.0902097313394,88463,190,262,11088,
193.0906148180055,88462,191,262,11088,
193.10858562734361,88462,191,261,11089,
193.12597407867457,88462,191,260,11090,
193.139879658261,88462,190,261,11090,
193.1460798288226,88462,190,260,11091,
193.14892467840505,88462,189,261,11091,
193.1582356424925,88462,188,262,11091,
193.18736795840087,88461,189,262,11091,
193.19373749128238,88461,188,263,11091,
193.20007193430553,88460,189,263,11091,
193.2037766489358,88460,188,264,11091,
193.2123357368046,88460,188,263,11092,
193.2155550751737,88459,189,263,11092,
193.22689869730706,88458,190,263,11092,
193.23361351553672,88457,191,263,11092,
193.2405982398655,88456,192,263,11092,
193.2541937947509,88455,193,263,11092,
193.2885835475379,88455,193,262,11093,
193.29417627477915,88455,192,263,11093,
193.29676538627314,88454,193,263,11093,
193.30366161606577,88454,192,264,11093,
193.30378047113985,88454,191,265,11093,
193.30879165508568,88453,192,265,11093,
193.313032300768,88453,191,266,11093,
193.32140714605785,88453,191,265,11094,
193.33002033419473,88453,190,266,11094,
193.3312834416798,88453,189,267,11094,
193.3343249668868,88453,188,268,11094,
193.34030482614276,88452,189,268,11094,
193.34209607613928,88451,190,268,11094,
193.34212932803982,88450,191,268,11094,
193.3565281916159,88450,190,269,11094,
193.3632589987817,88450,190,268,11095,
193.36381979083316,88449,191,268,11095,
193.39252745726168,88449,190,269,11095,
193.41722836711813,88449,190,268,11096,
193.42223555546724,88448,191,268,11096,
193.4407227363021,88447,192,268,11096,
193.44574536392162,88447,192,267,11097,
193.45795534809838,88446,193,267,11097,
193.46190520254333,88445,194,267,11097,
193.46754420560924,88445,194,266,11098,
193.47425769620858,88445,193,267,11098,
193.49443907277598,88445,192,268,11098,
193.49738493344628,88445,192,267,11099,
193.514224030202,88445,191,268,11099,
193.51598885750235,88444,192,268,11099,
193.52033137890527,88443,193,268,11099,
193.5256649402859,88442,194,268,11099,
193.54273198540858,88442,194,267,11100,
193.54663245444036,88441,195,267,11100,
193.54700406154484,88441,195,266,11101,
193.56841862142682,88441,195,265,11102,
193.5717654897512,88441,194,266,11102,
193.58799121138128,88440,195,266,11102,
193.6051480935031,88440,194,267,11102,
193.61569887407552,88439,195,267,11102,
193.6252046228039,88439,195,266,11103,
193.63416124325522,88438,196,266,11103,
193.63872142897048,88438,195,267,11103,
193.63892837274597,88438,194,268,11103,
193.6478357147119,88438,193,269,11103,
193.65173490208525,88437,194,269,11103,
193.65946766188858,88437,194,268,11104,
193.66758051647756,88437,194,267,11105,
193.66857767931484,88436,195,267,11105,
193.68015765579264,88436,194,268,11105,
193.69034559511383,88435,195,268,11105,
193.69631373611733,88435,194,269,11105,
193.70513899454846,88435,193,270,11105,
193.71744805600713,88434,194,270,11105,
193.72292599981077,88433,195,270,11105,
193.73638681020532,88432,196,270,11105,
193.74262783708,88432,195,271,11105,
193.743342164214,88431,196,271,11105,
193.74497922270047,88430,197,271,11105,
193.74871760023228,88429,198,271,11105,
193.7576456178452,88429,197,272,11105,
193.75882588563596,88428,198,272,11105,
193.76414905128024,88427,199,272,11105,
193.76686123373915,88427,199,271,11106,
193.7707709719704,88427,199,270,11107,
193.77896652932714,88427,198,271,11107,
193.7900096227708,88427,198,270,11108,
193.8007277259891,88427,197,271,11108,
193.80491087964904,88427,197,270,11109,
193.8146271264517,88427,197,269,11110,
193.8183762695596,88427,197,268,11111,
193.825934514767,88426,198,268,11111,
193.82776334820326,88425,199,268,11111,
193.83201704069194,88424,200,268,11111,
193.83241031173628,88424,200,267,11112,
193.83601943321685,88424,199,268,11112,
193.84428292583286,88423,200,268,11112,
193.86670398779725,88423,199,269,11112,
193.87421705472434,88423,199,268,11113,
193.90891704026382,88423,198,269,11113,
193.91196613133488,88423,198,268,11114,
193.91384192507954,88423,197,269,11114,
193.922180391656,88423,197,268,11115,
193.93476637975658,88422,198,268,11115,
193.94015956606106,88422,198,267,11116,
193.94725854927407,88422,198,266,11117,
193.94754111679617,88422,198,265,11118,
193.94927833830852,88422,197,266,11118,
193.9509295457625,88422,196,267,11118,
193.95114495787413,88421,197,267,11118,
193.96483950913643,88420,198,267,11118,
193.9731593244257,88420,197,268,11118,
193.97725403860795,88420,197,267,11119,
193.9936965247736,88419,198,267,11119,
193.99898081642036,88418,199,267,11119,
194.0001380011525,88418,198,268,11119,
194.00864543811042,88417,199,268,11119,
194.01315309879402,88417,198,269,11119,
194.02628202369416,88417,197,270,11119,
194.04588190290775,88416,198,270,11119,
194.05221371870903,88415,199,270,11119,
194.053439547099,88415,199,269,11120,
194.06347678150928,88414,200,269,11120,
194.06817878707255,88413,201,269,11120,
194.1017918906745,88412,202,269,11120,
194.1045842448103,88411,203,269,11120,
194.11218743415407,88411,203,268,11121,
194.12365261623958,88411,203,267,11122,
194.13242359218077,88411,203,266,11123,
194.13470028761094,88411,203,265,11124,
194.1412007479582,88411,203,264,11125,
194.1500101283131,88410,204,264,11125,
194.175521615073,88409,205,264,11125,
194.19027399146123,88409,204,265,11125,
194.19252325219387,88408,205,265,11125,
194.19707902806795,88408,204,266,11125,
194.20180049078655,88408,204,265,11126,
194.20815512868663,88407,205,265,11126,
194.21748412086987,88407,204,266,11126,
194.2225424399291,88407,203,267,11126,
194.22723206201712,88406,204,267,11126,
194.23135177579724,88405,205,267,11126,
194.23621673151533,88404,206,267,11126,
194.2435290851303,88403,207,267,11126,
194.2522129535212,88403,206,268,11126,
194.25336355643012,88402,207,268,11126,
194.2610263350978,88402,207,267,11127,
194.26397720534302,88401,208,267,11127,
194.2654231581674,88401,207,268,11127,
194.26815697370225,88400,208,268,11127,
194.2746301067208,88400,208,267,11128,
194.28501792352193,88399,209,267,11128,
194.29133090493502,88398,210,267,11128,
194.3113724786967,88398,210,266,11129,
194.32069914469898,88397,211,266,11129,
194.32850285078163,88397,210,267,11129,
194.32913790809198,88397,209,268,11129,
194.333086225066,88396,210,268,11129,
194.33688056912274,88395,211,268,11129,
194.342969332935,88395,211,267,11130,
194.34610331118307,88394,212,267,11130,
194.34958989992413,88393,213,267,11130,
194.34976175373563,88393,213,266,11131,
194.349771543023,88393,213,265,11132,
194.36040751251397,88392,214,265,11132,
194.36203460702546,88391,215,265,11132,
194.3624232956319,88390,216,265,11132,
194.38845003313477,88390,216,264,11133,
194.39479880203595,88389,217,264,11133,
194.39961376854876,88388,218,264,11133,
194.40353055028802,88387,219,264,11133,
194.40415064600865,88387,218,265,11133,
194.41495551596927,88386,219,265,11133,
194.435710093231,88385,220,265,11133,
194.4398473160296,88385,220,264,11134,
194.46588135474255,88385,219,265,11134,
194.47282397237393,88385,219,264,11135,
194.4901202559616,88384,220,264,11135,
194.4912558992666,88383,221,264,11135,
194.51617391423906,88382,222,264,11135,
194.51647339173488,88382,221,265,11135,
194.51753100439194,88381,222,265,11135,
194.51878009803815,88381,222,264,11136,
194.52658364912506,88381,221,265,11136,
194.52919609253328,88381,221,264,11137,
194.54937665083042,88380,222,264,11137,
194.55596242631685,88379,223,264,11137,
194.5616024309983,88379,223,263,11138,
194.56711695950534,88379,223,262,11139,
194.56727965165945,88379,223,261,11140,
194.56794263409256,88379,223,260,11141,
194.57060378333563,88379,222,261,11141,
194.58186152454977,88379,222,260,11142,
194.58545388310876,88379,221,261,11142,
194.60248146385322,88378,222,261,11142,
194.603207457071,88377,223,261,11142,
194.61120623982075,88377,222,262,11142,
194.61620988163725,88377,221,263,11142,
194.61817885007792,88377,220,264,11142,
194.63853084120993,88377,219,265,11142,
194.65974862960405,88377,219,264,11143,
194.6619959929007,88377,219,263,11144,
194.66447779253713,88377,219,262,11145,
194.67175673257898,88376,220,262,11145,
194.67846653346652,88376,220,261,11146,
194.71927986652827,88376,220,260,11147,
194.72047389135497,88376,219,261,11147,
194.7222208423682,88375,220,261,11147,
194.75474786859414,88375,220,260,11148,
194.76165531813618,88375,219,261,11148,
194.7703720717425,88375,218,262,11148,
194.77299626151967,88374,219,262,11148,
194.7798228331535,88374,219,261,11149,
194.7829012260023,88373,220,261,11149,
194.7952425808943,88373,220,260,11150,
194.80018189767438,88373,220,259,11151,
194.8050924377107,88373,219,260,11151,
194.83091846068476,88373,218,261,11151,
194.83785905410429,88373,218,260,11152,
194.84388895205373,88372,219,260,11152,
194.86539554487425,88372,218,261,11152,
194.8716363048515,88372,217,262,11152,
194.87336474513984,88372,217,261,11153,
194.8898216811173,88371,218,261,11153,
194.89233444990813,88371,218,260,11154,
194.8994428776514,88371,217,261,11154,
194.90451538043192,88371,216,262,11154,
194.91179551387862,88370,217,262,11154,
194.95527767689327,88369,218,262,11154,
194.95953167114232,88369,217,263,11154,
194.96545754641997,88369,217,262,11155,
195.00444556033656,88369,216,263,11155,
195.0062967928869,88369,215,264,11155,
195.00897439229428,88368,216,264,11155,
195.01833295469945,88368,216,263,11156,
195.02181853833292,88368,215,264,11156,
195.02387278244987,88368,214,265,11156,
195.0332753129871,88368,213,266,11156,
195.05252927147686,88367,214,266,11156,
195.05287792571636,88367,214,265,11157,
195.05759638726363,88367,214,264,11158,
195.07539175326613,88366,215,264,11158,
195.0780288496727,88366,214,265,11158,
195.08734548468982,88365,215,265,11158,
195.10375472908265,88365,214,266,11158,
195.14140633637697,88365,213,267,11158,
195.1485246042837,88365,212,268,11158,
195.1501446381581,88364,213,268,11158,
195.17328015994616,88364,213,267,11159,
195.17927728407113,88364,212,268,11159,
195.18049167733966,88364,211,269,11159,
195.18059629489906,88363,212,269,11159,
195.19357833627737,88363,212,268,11160,
195.20951539501667,88362,213,268,11160,
195.21072871767018,88361,214,268,11160,
195.2129682034569,88361,213,269,11160,
195.2202906816617,88361,212,270,11160,
195.24087273943135,88360,213,270,11160,
195.24857579805177,88359,214,270,11160,
195.25884619062808,88358,215,270,11160,
195.27126001469674,88358,214,271,11160,
195.27183004304385,88358,213,272,11160,
195.27557167169536,88358,213,271,11161,
195.28869596624082,88358,212,272,11161,
195.2975952748606,88357,213,272,11161,
195.3241933782938,88357,212,273,11161,
195.3556891852305,88357,211,274,11161,
195.36531552531835,88357,210,275,11161,
195.36770021434228,88357,209,276,11161,
195.36785449267768,88356,210,276,11161,
195.3782431403028,88356,209,277,11161,
195.3807106428947,88355,210,277,11161,
195.38984703046688,88354,211,277,11161,
195.39643578468255,88354,211,276,11162,
195.41188191000043,88354,210,277,11162,
195.4145761155039,88353,211,277,11162,
195.43635958772816,88352,212,277,11162,
195.4483669579005,88352,211,278,11162,
195.4523910565923,88351,212,278,11162,
195.45294293635843,88351,211,279,11162,
195.45694865732182,88351,211,278,11163,
195.4587834311939,88351,210,279,11163,
195.46142671653155,88351,210,278,11164,
195.46380056945284,88350,211,278,11164,
195.46960974788442,88350,210,279,11164,
195.47835445084974,88349,211,279,11164,
195.5107806903448,88349,210,280,11164,
195.52005708665698,88348,211,280,11164,
195.52874942210693,88348,210,281,11164,
195.5505019584584,88348,209,282,11164,
195.55633312026876,88348,208,283,11164,
195.5570569563553,88347,209,283,11164,
195.57746393466698,88347,208,284,11164,
195.58248031155244,88347,207,285,11164,
195.61377223176262,88347,206,286,11164,
195.61536973243545,88347,205,287,11164,
195.6442800539239,88347,204,288,11164,
195.65104818489482,88347,203,289,11164,
195.6997594311551,88346,204,289,11164,
195.70967940202974,88345,205,289,11164,
195.72054369438956,88345,204,290,11164,
195.73594746092004,88345,204,289,11165,
195.7581279804599,88345,203,290,11165,
195.76696725216607,88344,204,290,11165,
195.7684599274018,88344,203,291,11165,
195.77035068232843,88344,202,292,11165,
195.7811307382854,88343,203,292,11165,
195.78627736678771,88342,204,292,11165,
195.78637135809032,88341,205,292,11165,
195.7869146084139,88341,205,291,11166,
195.79603024145698,88340,206,291,11166,
195.796497853154,88339,207,291,11166,
195.79667423612074,88338,208,291,11166,
195.82685100276836,88337,209,291,11166,
195.83210011759195,88337,208,292,11166,
195.8495214745046,88336,209,292,11166,
195.85585152893742,88335,210,292,11166,
195.86089406064715,88335,209,293,11166,
195.86111347670328,88335,208,294,11166,
195.8622493870615,88335,207,295,11166,
195.8695768074733,88335,206,296,11166,
195.88232307954019,88335,205,297,11166,
195.88706464340711,88335,204,298,11166,
195.88833008937883,88335,204,297,11167,
195.8890458820332,88335,203,298,11167,
195.90189586053611,88335,203,297,11168,
195.92774134609593,88334,204,297,11168,
195.93791285146494,88334,203,298,11168,
195.96222933138557,88334,203,297,11169,
195.97125594446268,88334,202,298,11169,
195.97303602607386,88334,202,297,11170,
195.97662088340866,88334,202,296,11171,
195.9917345180813,88334,201,297,11171,
195.99244318880105,88334,201,296,11172,
195.99272389226726,88334,200,297,11172,
195.9956273007895,88333,201,297,11172,
196.0045154340377,88332,202,297,11172,
196.00964092797955,88332,201,298,11172,
196.00972395947497,88332,201,297,11173,
196.01232191839392,88332,200,298,11173,
196.01572017665225,88332,200,297,11174,
196.0157392746732,88331,201,297,11174,
196.03514128269225,88331,201,296,11175,
196.04066630847439,88330,202,296,11175,
196.04253697683404,88330,201,297,11175,
196.0454246528455,88329,202,297,11175,
196.04963018288504,88328,203,297,11175,
196.08653308416697,88327,204,297,11175,
196.09280952427252,88327,204,296,11176,
196.10231106462376,88326,205,296,11176,
196.10473210288816,88325,206,296,11176,
196.13644679150497,88324,207,296,11176,
196.14436344018355,88323,208,296,11176,
196.14913703051354,88323,207,297,11176,
196.15663499765117,88323,206,298,11176,
196.16577934165574,88323,205,299,11176,
196.1763382703235,88323,204,300,11176,
196.17922285074644,88322,205,300,11176,
196.18067663542598,88322,204,301,11176,
196.19296218682842,88322,203,302,11176,
196.19976481576128,88321,204,302,11176,
196.19992543922444,88321,204,301,11177,
196.20413952203484,88320,205,301,11177,
196.2108090493996,88319,206,301,11177,
196.21475461244773,88318,207,301,11177,
196.2192698155435,88317,208,301,11177,
196.22223860761167,88317,208,300,11178,
196.24091083634647,88316,209,300,11178,
196.24626879127973,88316,208,301,11178,
196.25245028815425,88315,209,301,11178,
196.25684115902797,88315,208,302,11178,
196.26200198787745,88315,207,303,11178,
196.28006913605196,88314,208,303,11178,
196.28365081077234,88314,207,304,11178,
196.29030280746105,88313,208,304,11178,
196.30467876928233,88313,207,305,11178,
196.31128462317292,88312,208,305,11178,
196.3369849330994,88312,208,304,11179,
196.33878799775832,88312,208,303,11180,
196.3405707180419,88312,208,302,11181,
196.3453677048599,88312,207,303,11181,
196.3520788106317,88311,208,303,11181,
196.35252043431092,88311,207,304,11181,
196.3540014877738,88311,206,305,11181,
196.36186014360038,88311,205,306,11181,
196.38199005266506,88311,204,307,11181,
196.3841790625873,88311,204,306,11182,
196.38979549656779,88310,205,306,11182,
196.3954208905053,88310,205,305,11183,
196.4074441300533,88309,206,305,11183,
196.40811460130504,88308,207,305,11183,
196.4258267289591,88308,207,304,11184,
196.4286322052678,88308,206,305,11184,
196.45545620344112,88307,207,305,11184,
196.4812487388,88307,206,306,11184,
196.48274731599093,88307,206,305,11185,
196.48528472915186,88307,205,306,11185,
196.4884514814345,88306,206,306,11185,
196.49209133346324,88305,207,306,11185,
196.5000526240761,88305,206,307,11185,
196.50731398956836,88304,207,307,11185,
196.51337969051812,88304,206,308,11185,
196.51400578072685,88304,205,309,11185,
196.52642075634765,88304,204,310,11185,
196.5281198641669,88303,205,310,11185,
196.53132347383217,88303,204,311,11185,
196.56290608417825,88303,203,312,11185,
196.56906337984768,88303,202,313,11185,
196.57040779126172,88302,203,313,11185,
196.57044710648236,88301,204,313,11185,
196.57207322544005,88300,205,313,11185,
196.5755527390498,88300,205,312,11186,
196.58804436676942,88299,206,312,11186,
196.5928083201868,88299,206,311,11187,
196.6022341533906,88299,205,312,11187,
196.6197765473867,88299,205,311,11188,
196.65275350915346,88298,206,311,11188,
196.65721683037023,88298,206,310,11189,
196.66138702136192,88298,205,311,11189,
196.66339020866207,88298,204,312,11189,
196.6737521877778,88297,205,312,11189,
196.68716720451727,88296,206,312,11189,
196.69007752135258,88296,206,311,11190,
196.6961374010641,88296,205,312,11190,
196.6992948225234,88296,204,313,11190,
196.69956360202914,88296,204,312,11191,
196.7070600978822,88295,205,312,11191,
196.72848958457928,88295,205,311,11192,
196.7334333804654,88295,204,312,11192,
196.74775463267414,88294,205,312,11192,
196.74949147337927,88293,206,312,11192,
196.75137403646698,88293,205,313,11192,
196.77378503245538,88293,205,312,11193,
196.79218090207738,88293,204,313,11193,
196.79314184497645,88292,205,313,11193,
196.7973858940223,88291,206,313,11193,
196.8068684918275,88291,205,314,11193,
196.81692618044906,88291,204,315,11193,
196.83222584754168,88291,203,316,11193,
196.83474372037693,88291,203,315,11194,
196.84310800541266,88290,204,315,11194,
196.8565752802115,88289,205,315,11194,
196.85898479250395,88289,205,314,11195,
196.8877489030377,88289,204,315,11195,
196.89622079596603,88288,205,315,11195,
196.89888581597924,88288,205,314,11196,
196.9096052052255,88288,205,313,11197,
196.91314577019006,88288,205,312,11198,
196.9196476533755,88287,206,312,11198,
196.93250399860702,88287,206,311,11199,
196.9453953386878,88286,207,311,11199,
196.9505650073737,88286,206,312,11199,
196.95225394032934,88286,205,313,11199,
196.96716933148028,88286,205,312,11200,
196.99378948881673,88286,205,311,11201,
196.99993575905904,88285,206,311,11201,
197.0097543838522,88284,207,311,11201,
197.03098402243313,88284,207,310,11202,
197.04256798515328,88284,207,309,11203,
197.04868248797328,88283,208,309,11203,
197.0636706409472,88282,209,309,11203,
197.07455084569494,88282,208,310,11203,
197.07549489643793,88282,208,309,11204,
197.07916724940924,88282,207,310,11204,
197.08159905561584,88281,208,310,11204,
197.09966851861788,88281,208,309,11205,
197.1011356682961,88281,208,308,11206,
197.11303828438378,88281,208,307,11207,
197.12188432136458,88281,208,306,11208,
197.1227362409194,88281,207,307,11208,
197.13066688194036,88281,206,308,11208,
197.13253390998136,88281,205,309,11208,
197.1502248823262,88281,205,308,11209,
197.17801029897592,88281,204,309,11209,
197.1814762054748,88281,204,308,11210,
197.1864148116688,88281,203,309,11210,
197.1933683164736,88280,204,309,11210,
197.20679902826495,88280,203,310,11210,
197.2142413244807,88279,204,310,11210,
197.21835441553657,88279,204,309,11211,
197.23409055206588,88279,203,310,11211,
197.23628058277632,88279,202,311,11211,
197.26169278148998,88279,201,312,11211,
197.2619641667746,88278,202,312,11211,
197.2747655414731,88278,202,311,11212,
197.27903496341938,88278,202,310,11213,
197.2820457194778,88277,203,310,11213,
197.2943095223851,88276,204,310,11213,
197.29739425976715,88276,204,309,11214,
197.29846924052148,88275,205,309,11214,
197.29861580174898,88274,206,309,11214,
197.30400438429922,88274,205,310,11214,
197.30764169206356,88274,204,311,11214,
197.310977610059,88273,205,311,11214,
197.3275014173267,88272,206,311,11214,
197.33380120998078,88272,205,312,11214,
197.3348011831349,88272,204,313,11214,
197.35326055228268,88271,205,313,11214,
197.36349523116985,88271,205,312,11215,
197.38027077802218,88271,204,313,11215,
197.4064145709678,88270,205,313,11215,
197.41057657504695,88270,204,314,11215,
197.4162809093455,88269,205,314,11215,
197.42793455994908,88269,205,313,11216,
197.4282541151316,88268,206,313,11216,
197.4336249581599,88267,207,313,11216,
197.44240426145308,88267,207,312,11217,
197.44968331708114,88267,206,313,11217,
197.45454884888505,88266,207,313,11217,
197.45946141702234,88266,207,312,11218,
197.49229511260523,88266,207,311,11219,
197.51486580396394,88266,207,310,11220,
197.52336147277575,88266,206,311,11220,
197.52397322971,88266,205,312,11220,
197.52549706572864,88266,204,313,11220,
197.5430942001625,88266,204,312,11221,
197.55356998615565,88266,204,311,11222,
197.56371985454135,88266,203,312,11222,
197.5672040295736,88265,204,312,11222,
197.57417258263013,88265,203,313,11222,
197.61685755119785,88264,204,313,11222,
197.62019120252972,88264,203,314,11222,
197.62196389879676,88264,202,315,11222,
197.62489892394228,88264,202,314,11223,
197.62528431429624,88264,201,315,11223,
197.63231140745455,88263,202,315,11223,
197.63578976951038,88263,202,314,11224,
197.646202085062,88262,203,314,11224,
197.6486182082299,88262,202,315,11224,
197.65417785081533,88262,201,316,11224,
197.6582435607329,88261,202,316,11224,
197.70260010226536,88261,201,317,11224,
197.71018444366283,88261,200,318,11224,
197.71339243031622,88260,201,318,11224,
197.71600022737903,88259,202,318,11224,
197.73075555775162,88258,203,318,11224,
197.74310928557125,88257,204,318,11224,
197.74969595204848,88257,204,317,11225,
197.75830791127194,88256,205,317,11225,
197.76103325270583,88256,204,318,11225,
197.76573268456835,88256,203,319,11225,
197.76662119785811,88255,204,319,11225,
197.7853199218845,88255,204,318,11226,
197.7881247659598,88255,203,319,11226,
197.7943025642945,88254,204,319,11226,
197.79755640464634,88253,205,319,11226,
197.7988798211648,88253,204,320,11226,
197.80089173896212,88253,204,319,11227,
197.80358408510182,88252,205,319,11227,
197.80381053534546,88251,206,319,11227,
197.82048537335925,88251,205,320,11227,
197.83414332475502,88251,204,321,11227,
197.8413129609902,88250,205,321,11227,
197.85729319929388,88250,204,322,11227,
197.8578845040493,88249,205,322,11227,
197.86738623618862,88248,206,322,11227,
197.87873591149742,88248,205,323,11227,
197.8798581296591,88248,204,324,11227,
197.88452666883543,88248,203,325,11227,
197.89225761537134,88248,202,326,11227,
197.8965139049668,88248,202,325,11228,
197.8988842188045,88247,203,325,11228,
197.90027836004276,88247,203,324,11229,
197.90667945542927,88247,203,323,11230,
197.91152840174783,88247,203,322,11231,
197.91630033379906,88247,202,323,11231,
197.9169013766191,88246,203,323,11231,
197.92741231237733,88245,204,323,11231,
197.93444013582763,88245,204,322,11232,
197.94773515019367,88245,204,321,11233,
197.96076726767657,88245,204,320,11234,
197.96204525811584,88245,204,319,11235,
197.97498686327495,88245,203,320,11235,
197.99682908465772,88245,203,319,11236,
198.02109099847073,88244,204,319,11236,
198.0413425848917,88244,204,318,11237,
198.0646205460937,88244,203,319,11237,
198.06531732778933,88244,203,318,11238,
198.0658456454249,88244,202,319,11238,
198.0672864048688,88243,203,319,11238,
198.07313230669925,88242,204,319,11238,
198.07730611148284,88242,203,320,11238,
198.09123917354447,88242,202,321,11238,
198.09366173042966,88241,203,321,11238,
198.11402004546528,88240,204,321,11238,
198.11500145795705,88239,205,321,11238,
198.14201349291548,88239,204,322,11238,
198.14224023650738,88239,203,323,11238,
198.14417199320982,88239,202,324,11238,
198.14658784405395,88239,201,325,11238,
198.15787661176032,88238,202,325,11238,
198.16442742283496,88237,203,325,11238,
198.16725910125672,88236,204,325,11238,
198.16727047506768,88235,205,325,11238,
198.17556475900926,88234,206,325,11238,
198.19169982084327,88234,205,326,11238,
198.19290518800412,88234,204,327,11238,
198.20339061929553,88234,203,328,11238,
198.20871464768115,88234,202,329,11238,
198.2184564748548,88234,202,328,11239,
198.22557693774053,88234,202,327,11240,
198.23116638802242,88234,201,328,11240,
198.23347911774746,88234,200,329,11240,
198.2354177060719,88234,200,328,11241,
198.2405836050713,88234,200,327,11242,
198.25117037761012,88234,200,326,11243,
198.25193762210995,88234,199,327,11243,
198.26173758301067,88233,200,327,11243,
198.26282396255442,88233,199,328,11243,
198.2732462260759,88233,199,327,11244,
198.28491721412286,88232,200,327,11244,
198.29308526918578,88232,199,328,11244,
198.29579275854965,88232,199,327,11245,
198.29772725401494,88231,200,327,11245,
198.30882371396106,88230,201,327,11245,
198.31529070401461,88230,200,328,11245,
198.33018641796411,88230,199,329,11245,
198.33750492529418,88230,198,330,11245,
198.35030403582502,88230,197,331,11245,
198.3554698716005,88230,197,330,11246,
198.35614275659768,88230,196,331,11246,
198.3618347785759,88230,195,332,11246,
198.37158818515152,88230,194,333,11246,
198.3769624989312,88229,195,333,11246,
198.38536910192542,88229,195,332,11247,
198.3860118240757,88228,196,332,11247,
198.38928191845935,88228,195,333,11247,
198.3939037569888,88227,196,333,11247,
198.41178611866934,88227,196,332,11248,
198.41188615758887,88227,196,331,11249,
198.41783545092835,88226,197,331,11249,
198.43733932685305,88225,198,331,11249,
198.46334510526663,88224,199,331,11249,
198.46543479772987,88224,198,332,11249,
198.5085570549063,88224,197,333,11249,
198.51867362644327,88223,198,333,11249,
198.53397918533594,88222,199,333,11249,
198.55297988092846,88221,200,333,11249,
198.57340203219235,88220,201,333,11249,
198.57685289881613,88220,200,334,11249,
198.5866784798851,88220,199,335,11249,
198.58853475351253,88219,200,335,11249,
198.59694125815813,88219,200,334,11250,
198.59914298680036,88219,199,335,11250,
198.6388800897663,88218,200,335,11250,
198.647046921182,88217,201,335,11250,
198.65905467527836,88216,202,335,11250,
198.66034600274915,88216,202,334,11251,
198.66913351659616,88216,202,333,11252,
198.6781301199436,88216,201,334,11252,
198.68910440543226,88216,200,335,11252,
198.69053247954452,88216,199,336,11252,
198.7127290099533,88216,199,335,11253,
198.7183361322454,88215,200,335,11253,
198.718553628186,88215,200,334,11254,
198.7199715967471,88215,199,335,11254,
198.72124630998425,88215,199,334,11255,
198.73241085387667,88215,198,335,11255,
198.74111973802883,88215,197,336,11255,
198.7468762434842,88214,198,336,11255,
198.7645527026197,88214,197,337,11255,
198.77013262973995,88214,197,336,11256,
198.77071782159825,88213,198,336,11256,
198.77782683788377,88213,198,335,11257,
198.78415216606416,88213,197,336,11257,
198.7843946100802,88213,196,337,11257,
198.79690719385687,88213,195,338,11257,
198.81710576578683,88213,195,337,11258,
198.8195539243932,88212,196,337,11258,
198.81985778398933,88212,195,338,11258,
198.82990929255294,88212,194,339,11258,
198.83170860816634,88212,193,340,11258,
198.83736639132468,88212,192,341,11258,
198.84231216704396,88212,192,340,11259,
198.8471546515976,88211,193,340,11259,
198.8497251290694,88211,192,341,11259,
198.8606983726525,88210,193,341,11259,
198.86564332811628,88209,194,341,11259,
198.87408551725974,88209,194,340,11260,
198.88412659974597,88208,195,340,11260,
198.88447344174133,88207,196,340,11260,
198.8905951268094,88207,196,339,11261,
198.90826627240452,88207,195,340,11261,
198.91761509796868,88207,195,339,11262,
198.9216209505651,88207,194,340,11262,
198.94999385790922,88207,194,339,11263,
198.9559413869465,88207,193,340,11263,
198.95848013879424,88206,194,340,11263,
198.9589232484305,88206,193,341,11263,
198.963432159506,88205,194,341,11263,
198.96766581340756,88204,195,341,11263,
198.9802927921068,88204,195,340,11264,
198.98477943509903,88204,194,341,11264,
198.992252430399,88204,194,340,11265,
198.99418353894765,88204,193,341,11265,
198.9945544067096,88203,194,341,11265,
199.00463889518636,88202,195,341,11265,
199.00740257465844,88201,196,341,11265,
199.01072663726816,88200,197,341,11265,
199.02169544896867,88200,196,342,11265,
199.03176599233205,88200,196,341,11266,
199.03353862740596,88199,197,341,11266,
199.0381728346213,88199,196,342,11266,
199.0460461462977,88199,195,343,11266,
199.05329329310757,88198,196,343,11266,
199.0574682329997,88198,196,342,11267,
199.05997971608463,88198,195,343,11267,
199.07308931227462,88198,194,344,11267,
199.07938314296524,88197,195,344,11267,
199.08851414028635,88197,194,345,11267,
199.09260653085258,88196,195,345,11267,
199.1029851218824,88196,194,346,11267,
199.10458004502235,88195,195,346,11267,
199.10759101322205,88195,195,345,11268,
199.11146646947213,88195,194,346,11268,
199.12697422350453,88195,193,347,11268,
199.12899878258946,88195,193,346,11269,
199.132433146685,88195,193,345,11270,
199.13648984454045,88194,194,345,11270,
199.1454272664534,88194,193,346,11270,
199.14581141411088,88194,192,347,11270,
199.14593863735755,88193,193,347,11270,
199.15507825218458,88192,194,347,11270,
199.1723428354422,88192,194,346,11271,
199.18719364852703,88192,193,347,11271,
199.2077245958514,88192,193,346,11272,
199.21254075069297,88192,193,345,11273,
199.22799319056952,88192,193,344,11274,
199.23047306073906,88191,194,344,11274,
199.23106461952463,88191,193,345,11274,
199.2368338297358,88190,194,345,11274,
199.23692894536552,88190,194,344,11275,
199.23802626855422,88190,193,345,11275,
199.24367884918306,88190,193,344,11276,
199.24505409532566,88190,193,343,11277,
199.25653366488174,88189,194,343,11277,
199.25662389478342,88189,194,342,11278,
199.2633968131376,88189,194,341,11279,
199.2691410799932,88188,195,341,11279,
199.27140363463047,88187,196,341,11279,
199.27309638401792,88187,196,340,11280,
199.27471046162148,88186,197,340,11280,
199.28072140521215,88185,198,340,11280,
199.28553861052032,88185,198,339,11281,
199.28887101917314,88184,199,339,11281,
199.2972925306214,88183,200,339,11281,
199.3012095238505,88183,199,340,11281,
199.30300348426397,88183,199,339,11282,
199.30766194902597,88183,198,340,11282,
199.31911708839323,88183,197,341,11282,
199.32432640689507,88182,198,341,11282,
199.32717391180367,88182,197,342,11282,
199.32758170019875,88182,196,343,11282,
199.33155312900337,88181,197,343,11282,
199.332583334975,88181,196,344,11282,
199.34571402942305,88180,197,344,11282,
199.34611218759625,88179,198,344,11282,
199.36165545214266,88179,197,345,11282,
199.36435302910718,88179,196,346,11282,
199.38162001219516,88179,196,345,11283,
199.38198411428473,88179,196,344,11284,
199.39336227393213,88179,196,343,11285,
199.41832134025043,88179,196,342,11286,
199.43333301940868,88179,196,341,11287,
199.43377260832284,88179,196,340,11288,
199.44714867149253,88179,196,339,11289,
199.45260465114472,88179,195,340,11289,
199.4628346924872,88179,195,339,11290,
199.46283516610995,88179,195,338,11291,
199.48195389014393,88178,196,338,11291,
199.48732687354345,88177,197,338,11291,
199.4953169362463,88177,196,339,11291,
199.51420259290285,88176,197,339,11291,
199.5202791945752,88176,196,340,11291,
199.53889707777617,88176,195,341,11291,
199.54233778238907,88175,196,341,11291,
199.5426552799358,88175,196,340,11292,
199.55935502944524,88175,196,339,11293,
199.56347470115668,88175,195,340,11293,
199.56945029954574,88175,194,341,11293,
199.574235029668,88175,193,342,11293,
199.5757430592596,88175,192,343,11293,
199.58320416607444,88174,193,343,11293,
199.58562723916882,88174,192,344,11293,
199.58807444369947,88174,192,343,11294,
199.61093700134091,88174,191,344,11294,
199.61097492586327,88173,192,344,11294,
199.61523774243895,88172,193,344,11294,
199.62781873565132,88171,194,344,11294,
199.634121403424,88171,194,343,11295,
199.64964038441911,88171,193,344,11295,
199.6497395770777,88170,194,344,11295,
199.6566585521232,88169,195,344,11295,
199.65988697346495,88169,194,345,11295,
199.66028484743876,88169,194,344,11296,
199.66338883110757,88169,194,343,11297,
199.66608517701343,88169,193,344,11297,
199.6685807317472,88168,194,344,11297,
199.67074374725644,88167,195,344,11297,
199.67652481859594,88167,194,345,11297,
199.67775452687175,88167,194,344,11298,
199.68297946644356,88167,194,343,11299,
199.68441188951275,88167,193,344,11299,
199.68956674605087,88167,192,345,11299,
199.69650763502005,88166,193,345,11299,
199.7026092382035,88165,194,345,11299,
199.7054684743716,88164,195,345,11299,
199.7119185967856,88164,195,344,11300,
199.7245559178202,88163,196,344,11300,
199.72886924599214,88163,196,343,11301,
199.74120324362173,88162,197,343,11301,
199.76497191535964,88162,197,342,11302,
199.76752085255663,88162,197,341,11303,
199.772765388177,88162,197,340,11304,
199.7994686835854,88161,198,340,11304,
199.80229288896192,88161,198,339,11305,
199.8028648682364,88161,197,340,11305,
199.80843027205637,88161,197,339,11306,
199.8091977357819,88161,196,340,11306,
199.81624859993516,88161,196,339,11307,
199.82757500302301,88160,197,339,11307,
199.83366333998606,88160,197,338,11308,
199.8432565566057,88160,197,337,11309,
199.84622435293187,88159,198,337,11309,
199.84838151221425,88159,198,336,11310,
199.8492057698291,88159,197,337,11310,
199.85999303693742,88159,196,338,11310,
199.8604903137235,88158,197,338,11310,
199.8647200621121,88158,197,337,11311,
199.86585269571307,88157,198,337,11311,
199.86773416500918,88157,198,336,11312,
199.874650587315,88157,197,337,11312,
199.8795896742379,88156,198,337,11312,
199.88464840234207,88155,199,337,11312,
199.88896014466877,88154,200,337,11312,
199.90811538589554,88154,200,336,11313,
199.91832733606512,88154,200,335,11314,
199.93086140196093,88154,199,336,11314,
199.93974611004413,88154,199,335,11315,
199.9463108288544,88154,198,336,11315,
199.95362011175578,88154,197,337,11315,
199.9536801816847,88153,198,337,11315,
199.9952466520345,88153,198,336,11316,
200.00170916058482,88153,198,335,11317,
200.01039128724412,88153,197,336,11317,
200.01339421039347,88153,197,335,11318,
200.01374299369115,88153,197,334,11319,
200.01603085035958,88153,197,333,11320,
200.01960449935552,88153,196,334,11320,
200.0270760757794,88153,195,335,11320,
200.02757987830114,88153,194,336,11320,
200.05839813517724,88153,193,337,11320,
200.05849998589926,88152,194,337,11320,
200.06438987564331,88151,195,337,11320,
200.0700496426056,88151,195,336,11321,
200.0769964370494,88151,195,335,11322,
200.07861147865728,88150,196,335,11322,
200.086660514966,88150,196,334,11323,
200.12607459853461,88150,195,335,11323,
200.1354893219604,88150,195,334,11324,
200.15433598772643,88150,194,335,11324,
200.1607006857796,88149,195,335,11324,
200.16693027120388,88149,194,336,11324,
200.24756224492387,88148,195,336,11324,
200.2519609897853,88147,196,336,11324,
200.2538180210998,88146,197,336,11324,
200.26534609109694,88146,196,337,11324,
200.26738975271036,88146,196,336,11325,
200.28266902544345,88146,195,337,11325,
200.2909777987755,88145,196,337,11325,
200.30426922174868,88144,197,337,11325,
200.32431770842214,88143,198,337,11325,
200.33563213261746,88143,197,338,11325,
200.33684195587546,88142,198,338,11325,
200.33824072024004,88141,199,338,11325,
200.34207305042383,88140,200,338,11325,
200.34449899890316,88139,201,338,11325,
200.35360178564864,88138,202,338,11325,
200.37036141370794,88138,201,339,11325,
200.377217395496,88137,202,339,11325,
200.3815431731829,88136,203,339,11325,
200.39666158613707,88135,204,339,11325,
200.40260984351056,88134,205,339,11325,
200.4206423745295,88134,205,338,11326,
200.42201178946215,88134,204,339,11326,
200.42406483441727,88134,204,338,11327,
200.42520089974184,88133,205,338,11327,
200.43712555224644,88132,206,338,11327,
200.45495852680463,88131,207,338,11327,
200.4575085312882,88130,208,338,11327,
200.45973897549874,88130,207,339,11327,
200.4685361016555,88130,206,340,11327,
200.4694131172601,88130,206,339,11328,
200.4770935464051,88129,207,339,11328,
200.48038328482735,88129,207,338,11329,
200.48257256619976,88128,208,338,11329,
200.48802219785506,88127,209,338,11329,
200.4910478051691,88127,209,337,11330,
200.4949060252872,88127,208,338,11330,
200.50435340965112,88126,209,338,11330,
200.5073228330932,88126,208,339,11330,
200.51257841746732,88126,208,338,11331,
200.512882237199,88126,208,337,11332,
200.53409121749294,88125,209,337,11332,
200.54268896462733,88125,208,338,11332,
200.54369033569282,88125,207,339,11332,
200.55091361907682,88124,208,339,11332,
200.5586901971997,88124,208,338,11333,
200.56205563292923,88124,208,337,11334,
200.5627676970684,88123,209,337,11334,
200.57100416629098,88122,210,337,11334,
200.60796748224456,88122,209,338,11334,
200.60961301313125,88122,208,339,11334,
200.61013350655833,88122,208,338,11335,
200.61342499574596,88121,209,338,11335,
200.62724539903977,88121,208,339,11335,
200.63833120980317,88121,208,338,11336,
200.64589478811783,88121,208,337,11337,
200.64717680694702,88121,208,336,11338,
200.6653606644274,88120,209,336,11338,
200.67527351142928,88119,210,336,11338,
200.69274071437945,88118,211,336,11338,
200.6972716141064,88118,210,337,11338,
200.70758106985696,88117,211,337,11338,
200.70891072964602,88117,211,336,11339,
200.71446487582102,88116,212,336,11339,
200.72018066903598,88116,211,337,11339,
200.73804183291858,88115,212,337,11339,
200.74166502243145,88114,213,337,11339,
200.74761516756354,88114,212,338,11339,
200.75282704542096,88113,213,338,11339,
200.75774433552738,88112,214,338,11339,
200.76177770580432,88112,213,339,11339,
200.76313154649162,88111,214,339,11339,
200.7670985028321,88111,213,340,11339,
200.77419152796136,88110,214,340,11339,
200.78477696843623,88110,213,341,11339,
200.7927553395739,88110,212,342,11339,
200.7934199792936,88110,212,341,11340,
200.7946674407036,88110,211,342,11340,
200.80385764443025,88110,211,341,11341,
200.80419317402684,88110,211,340,11342,
200.81073977150572,88110,211,339,11343,
200.82919775999898,88110,210,340,11343,
200.84841794116628,88110,209,341,11343,
200.85610030204083,88109,210,341,11343,
200.86812611624157,88109,210,340,11344,
200.87339284246676,88109,210,339,11345,
200.88034044651658,88108,211,339,11345,
200.8815994264739,88108,210,340,11345,
200.89352916479604,88108,210,339,11346,
200.8937193013043,88108,209,340,11346,
200.922718969132,88108,209,339,11347,
200.9239439512778,88107,210,339,11347,
200.9269691544975,88106,211,339,11347,
200.94858150435226,88105,212,339,11347,
200.94899960599093,88105,211,340,11347,
200.9525742053816,88104,212,340,11347,
200.95523185016833,88103,213,340,11347,
200.95750342471862,88102,214,340,11347,
200.95806250004006,88101,215,340,11347,
200.96494007136428,88101,214,341,11347,
200.97274419870925,88100,215,341,11347,
201.00124703990008,88099,216,341,11347,
201.00272481300004,88098,217,341,11347,
201.00722649206773,88097,218,341,11347,
201.01545819118482,88097,217,342,11347,
201.02069412007853,88097,216,343,11347,
201.02122897036656,88097,216,342,11348,
201.0214040525494,88096,217,342,11348,
201.02419678911008,88095,218,342,11348,
201.02420087554336,88095,218,341,11349,
201.02789367235815,88094,219,341,11349,
201.0367082421261,88094,218,342,11349,
201.0428857235546,88094,217,343,11349,
201.05309647687676,88093,218,343,11349,
201.0567830859987,88093,217,344,11349,
201.06156800984073,88092,218,344,11349,
201.070939170449,88091,219,344,11349,
201.07136584105143,88091,218,345,11349,
201.07336648630314,88091,217,346,11349,
201.08395922396988,88090,218,346,11349,
201.0965028373453,88090,217,347,11349,
201.10327038318133,88090,216,348,11349,
201.10745552148808,88090,215,349,11349,
201.1093623383105,88090,215,348,11350,
201.12265416547527,88090,214,349,11350,
201.12313633007193,88090,213,350,11350,
201.1244925925853,88090,212,351,11350,
201.12697385660073,88090,211,352,11350,
201.13337148427954,88090,211,351,11351,
201.15013160822227,88090,210,352,11351,
201.15250045338163,88090,210,351,11352,
201.1570778208799,88089,211,351,11352,
201.15922282373103,88088,212,351,11352,
201.16162761710876,88088,212,350,11353,
201.1623724151126,88087,213,350,11353,
201.1731001869561,88087,213,349,11354,
201.17371654406034,88087,212,350,11354,
201.1926548158929,88087,212,349,11355,
201.19323532254643,88087,212,348,11356,
201.20467159060945,88087,211,349,11356,
201.21080958971595,88087,210,350,11356,
201.2122773945669,88086,211,350,11356,
201.2244782259497,88085,212,350,11356,
201.23875530436558,88085,212,349,11357,
201.2413469122078,88085,212,348,11358,
201.26438077257322,88085,212,347,11359,
201.2681975076721,88085,211,348,11359,
201.26846909953065,88085,211,347,11360,
201.2706017427613,88085,211,346,11361,
201.27664672839995,88084,212,346,11361,
201.27810593468635,88084,211,347,11361,
201.28194191276205,88084,210,348,11361,
201.2851150442052,88083,211,348,11361,
201.28664433062593,88083,210,349,11361,
201.29697363142176,88083,210,348,11362,
201.29816216285946,88083,209,349,11362,
201.302955559861,88082,210,349,11362,
201.30814540178966,88081,211,349,11362,
201.31990255529493,88080,212,349,11362,
201.32097359600556,88080,211,350,11362,
201.32852945706995,88080,210,351,11362,
201.34495985052126,88080,210,350,11363,
201.34741639922038,88080,209,351,11363,
201.35748324491482,88080,209,350,11364,
201.36028133341466,88079,210,350,11364,
201.36726462947064,88079,209,351,11364,
201.37577150153155,88078,210,351,11364,
201.3835791405145,88077,211,351,11364,
201.38887065466395,88076,212,351,11364,
201.39188022225864,88076,212,350,11365,
201.3981066978426,88076,211,351,11365,
201.41618991718747,88076,210,352,11365,
201.41666608955583,88076,210,351,11366,
201.41950475821966,88075,211,351,11366,
201.42392612915916,88075,211,350,11367,
201.4320074083873,88074,212,350,11367,
201.43353970402518,88073,213,350,11367,
201.43437043084808,88073,212,351,11367,
201.43757102899806,88072,213,351,11367,
201.444797212106,88072,212,352,11367,
201.44670621737365,88072,211,353,11367,
201.45338691744607,88072,211,352,11368,
201.45644449865392,88071,212,352,11368,
201.4618463539702,88071,212,351,11369,
201.48260481168643,88071,212,350,11370,
201.50077467579797,88071,211,351,11370,
201.50556610985083,88071,211,350,11371,
201.51281863039816,88070,212,350,11371,
201.5144139878142,88069,213,350,11371,
201.5362932445809,88068,214,350,11371,
201.54847486621256,88067,215,350,11371,
201.55306509944037,88066,216,350,11371,
201.55518919939317,88066,216,349,11372,
201.5619417019128,88065,217,349,11372,
201.5681504635425,88064,218,349,11372,
201.5705481882132,88064,217,350,11372,
201.57371360767726,88063,218,350,11372,
201.58203948777216,88063,217,351,11372,
201.5845911583819,88063,217,350,11373,
201.59118466377606,88062,218,350,11373,
201.5964841331007,88061,219,350,11373,
201.60545519362103,88061,219,349,11374,
201.61099118163796,88060,220,349,11374,
201.611477977907,88059,221,349,11374,
201.61385000178015,88058,222,349,11374,
201.61508278508774,88058,222,348,11375,
201.6211692342066,88057,223,348,11375,
201.6274796951351,88057,223,347,11376,
201.63300384255334,88057,222,348,11376,
201.63783487599943,88056,223,348,11376,
201.63862842536346,88056,222,349,11376,
201.64353662825445,88056,221,350,11376,
201.64488966261177,88056,221,349,11377,
201.66006164779105,88056,220,350,11377,
201.66414515463907,88056,220,349,11378,
201.67727375162832,88055,221,349,11378,
201.7313755612617,88054,222,349,11378,
201.73707286458395,88053,223,349,11378,
201.74189801776336,88053,222,350,11378,
201.74758439580262,88053,221,351,11378,
201.76490753424483,88053,221,350,11379,
201.76971394714727,88053,220,351,11379,
201.77359792741973,88052,221,351,11379,
201.7771965437267,88052,220,352,11379,
201.78567585772416,88052,220,351,11380,
201.78615625221647,88051,221,351,11380,
201.7901078091279,88051,221,350,11381,
201.79018955210745,88050,222,350,11381,
201.79544081578393,88049,223,350,11381,
201.79548008550563,88049,222,351,11381,
201.8019375006469,88049,222,350,11382,
201.81685639322473,88049,222,349,11383,
201.82137806897356,88049,221,350,11383,
201.82873520031632,88048,222,350,11383,
201.83037308490452,88048,221,351,11383,
201.8316033453736,88047,222,351,11383,
201.83519628226816,88047,222,350,11384,
201.83678077415829,88046,223,350,11384,
201.84592542949662,88046,222,351,11384,
201.84657802438159,88046,222,350,11385,
201.84787190896034,88046,221,351,11385,
201.85114459704616,88045,222,351,11385,
201.87675764350428,88045,221,352,11385,
201.88705620922036,88045,221,351,11386,
201.88872414671255,88045,220,352,11386,
201.9044369781218,88045,220,351,11387,
201.90899511476317,88044,221,351,11387,
201.92291680448432,88044,221,350,11388,
201.92322040175793,88043,222,350,11388,
201.93335028174937,88042,223,350,11388,
201.93466129173663,88042,223,349,11389,
201.93746743374996,88042,223,348,11390,
201.9394009524382,88042,222,349,11390,
201.9437992648106,88042,221,350,11390,
201.9443679850481,88041,222,350,11390,
201.94579739463472,88041,222,349,11391,
201.94993996469208,88041,222,348,11392,
201.95050257793915,88040,223,348,11392,
201.96267027532264,88039,224,348,11392,
201.9685573336996,88039,224,347,11393,
201.97720021287154,88039,223,348,11393,
201.98211629506486,88039,222,349,11393,
201.98670463879085,88039,221,350,11393,
201.9940200360579,88039,220,351,11393,
202.0077072005772,88039,219,352,11393,
202.0117584613939,88039,218,353,11393,
202.01297308929566,88038,219,353,11393,
202.01787348805902,88038,219,352,11394,
202.01993797843056,88037,220,352,11394,
202.02968015935002,88037,220,351,11395,
202.04073942520532,88037,219,352,11395,
202.0599959863986,88037,218,353,11395,
202.06001328444486,88037,218,352,11396,
202.0670968142414,88036,219,352,11396,
202.06855648139202,88036,219,351,11397,
202.074237698243,88036,218,352,11397,
202.0751522016239,88035,219,352,11397,
202.07675465578865,88034,220,352,11397,
202.08024924179307,88033,221,352,11397,
202.08143716944056,88032,222,352,11397,
202.0827160422172,88032,222,351,11398,
202.09242931951127,88031,223,351,11398,
202.09580320138863,88031,223,350,11399,
202.09727705683343,88031,223,349,11400,
202.10250604682028,88031,223,348,11401,
202.10787041767645,88031,223,347,11402,
202.11611917587538,88031,222,348,11402,
202.12348633532085,88031,221,349,11402,
202.1265124741352,88030,222,349,11402,
202.12848536819382,88030,221,350,11402,
202.1317308271176,88030,220,351,11402,
202.1399116485908,88029,221,351,11402,
202.14393652100975,88029,221,350,11403,
202.14873718788348,88028,222,350,11403,
202.16084555444516,88027,223,350,11403,
202.16420974800124,88027,223,349,11404,
202.18128593307148,88027,222,350,11404,
202.18418325198817,88027,221,351,11404,
202.20919253338445,88027,221,350,11405,
202.21247914452212,88027,220,351,11405,
202.2310468132061,88027,219,352,11405,
202.23672600076108,88027,218,353,11405,
202.23950387547853,88027,217,354,11405,
202.2409772773992,88026,218,354,11405,
202.24472365817076,88026,218,353,11406,
202.25695423475068,88026,218,352,11407,
202.2974864181956,88025,219,352,11407,
202.3099641208028,88024,220,352,11407,
202.32304475773242,88023,221,352,11407,
202.32408316819044,88023,220,353,11407,
202.3355559042792,88023,220,352,11408,
202.35706007053273,88023,220,351,11409,
202.35823765046342,88022,221,351,11409,
202.36452468786948,88021,222,351,11409,
202.3679932812568,88021,222,350,11410,
202.36857963663226,88021,222,349,11411,
202.37448334136087,88020,223,349,11411,
202.3978216489398,88020,222,350,11411,
202.40389931214528,88019,223,350,11411,
202.40471641885236,88018,224,350,11411,
202.40996737618738,88018,223,351,11411,
202.41664770920696,88018,222,352,11411,
202.42521604619822,88017,223,352,11411,
202.4302598000448,88017,222,353,11411,
202.44079407235236,88017,222,352,11412,
202.44235574742385,88017,221,353,11412,
202.4458117911202,88017,221,352,11413,
202.45377093904312,88016,222,352,11413,
202.46132341942476,88016,222,351,11414,
202.4702422606935,88016,221,352,11414,
202.4738827017772,88016,221,351,11415,
202.49664854427598,88016,220,352,11415,
202.51444993774447,88016,219,353,11415,
202.52097885360422,88016,219,352,11416,
202.52369807084983,88016,218,353,11416,
202.52378672624943,88016,218,352,11417,
202.52975992840587,88015,219,352,11417,
202.53241668780882,88014,220,352,11417,
202.54613977185215,88014,219,353,11417,
202.5466855852212,88013,220,353,11417,
202.54901741984054,88013,220,352,11418,
202.5555248142246,88013,220,351,11419,
202.57220816367837,88012,221,351,11419,
202.5776130517938,88011,222,351,11419,
202.5824479872305,88010,223,351,11419,
202.58457332636857,88010,222,352,11419,
202.58572456643554,88009,223,352,11419,
202.59520082763197,88009,223,351,11420,
202.6016404805259,88009,222,352,11420,
202.61632760971435,88009,221,353,11420,
202.62241501945124,88008,222,353,11420,
202.6322503102529,88007,223,353,11420,
202.6385757608754,88007,223,352,11421,
202.64189012435992,88007,223,351,11422,
202.65076528081903,88007,223,350,11423,
202.65136054718192,88007,222,351,11423,
202.65173007228094,88007,222,350,11424,
202.65239792793375,88007,221,351,11424,
202.6593016396916,88006,222,351,11424,
202.66262597442258,88006,221,352,11424,
202.66456764195868,88006,221,351,11425,
202.6875754658146,88005,222,351,11425,
202.6957652865828,88005,222,350,11426,
202.69609789616965,88005,222,349,11427,
202.69713017758812,88005,221,350,11427,
202.70123201930488,88004,222,350,11427,
202.71179531577062,88003,223,350,11427,
202.7139851491963,88003,223,349,11428,
202.71811640614996,88003,222,350,11428,
202.72930974346818,88003,222,349,11429,
202.7318207430838,88003,222,348,11430,
202.74600221975092,88003,222,347,11431,
202.7464875929316,88003,222,346,11432,
202.7539707723266,88003,222,345,11433,
202.76019670024883,88002,223,345,11433,
202.76174091754604,88001,224,345,11433,
202.76383241630234,88001,223,346,11433,
202.77091884834095,88000,224,346,11433,
202.78238660516783,87999,225,346,11433,
202.7843604361579,87999,224,347,11433,
202.7875293203006,87998,225,347,11433,
202.7876129150601,87997,226,347,11433,
202.7883985677134,87997,225,348,11433,
202.8151200329154,87996,226,348,11433,
202.83124927012696,87995,227,348,11433,
202.832009440849,87995,226,349,11433,
202.83866596898068,87995,226,348,11434,
202.8590577540958,87995,226,347,11435,
202.86456836051286,87995,226,346,11436,
202.86538667255206,87995,225,347,11436,
202.87201982244773,87995,225,346,11437,
202.88859593946722,87995,224,347,11437,
202.8983925236382,87995,223,348,11437,
202.91088382682295,87995,223,347,11438,
202.92652656191245,87995,223,346,11439,
202.93592246757177,87995,222,347,11439,
202.94727777485733,87994,223,347,11439,
202.94962393534152,87994,222,348,11439,
202.95960901088384,87994,221,349,11439,
202.98193799483784,87993,222,349,11439,
202.9868382742484,87993,221,350,11439,
202.9874367869951,87993,221,349,11440,
202.99157285834966,87993,221,348,11441,
202.9965114856781,87993,221,347,11442,
203.0067784438445,87992,222,347,11442,
203.00875503393618,87991,223,347,11442,
203.01541951951893,87991,222,348,11442,
203.01576042706253,87991,221,349,11442,
203.0210528616967,87991,220,350,11442,
203.02510911709584,87991,220,349,11443,
203.0328962840813,87991,219,350,11443,
203.04859699851758,87991,218,351,11443,
203.05353741889803,87991,217,352,11443,
203.05614684705282,87990,218,352,11443,
203.0585834310312,87990,217,353,11443,
203.06189948175646,87990,217,352,11444,
203.0666026210761,87990,216,353,11444,
203.07470892347098,87989,217,353,11444,
203.09579991082293,87989,216,354,11444,
203.10469800852132,87989,215,355,11444,
203.11743588202995,87989,214,356,11444,
203.1232513748827,87988,215,356,11444,
203.13441218855473,87988,215,355,11445,
203.1461964839219,87988,214,356,11445,
203.14813579046876,87988,213,357,11445,
203.15563546265105,87987,214,357,11445,
203.16103784644244,87987,213,358,11445,
203.17014653025598,87986,214,358,11445,
203.17133812381607,87986,214,357,11446,
203.17917409314572,87986,214,356,11447,
203.18258783876155,87985,215,356,11447,
203.19376912877502,87985,215,355,11448,
203.20395921698815,87985,215,354,11449,
203.20494425219854,87985,215,353,11450,
203.2107907138281,87985,214,354,11450,
203.22603735369916,87984,215,354,11450,
203.22993370529272,87983,216,354,11450,
203.23087619015095,87983,216,353,11451,
203.2446473333641,87983,215,354,11451,
203.24539288950524,87983,215,353,11452,
203.25045562429034,87983,214,354,11452,
203.25630367937674,87983,214,353,11453,
203.25960396268877,87983,214,352,11454,
203.29955829358408,87982,215,352,11454,
203.3137227287506,87982,215,351,11455,
203.3157352991882,87982,214,352,11455,
203.3442736216956,87981,215,352,11455,
203.34805462802422,87980,216,352,11455,
203.3751823164432,87980,215,353,11455,
203.38223737485606,87980,215,352,11456,
203.38377029277683,87979,216,352,11456,
203.3877822412452,87978,217,352,11456,
203.3941462007773,87977,218,352,11456,
203.4192695755454,87976,219,352,11456,
203.43186305918582,87976,219,351,11457,
203.4451641904257,87976,219,350,11458,
203.45292211974197,87975,220,350,11458,
203.45952876858215,87975,219,351,11458,
203.46511510949153,87975,218,352,11458,
203.47404010183007,87975,218,351,11459,
203.47961771664941,87975,217,352,11459,
203.48151878767715,87974,218,352,11459,
203.4929098851147,87973,219,352,11459,
203.50042148386174,87972,220,352,11459,
203.50495441230854,87971,221,352,11459,
203.50566219661061,87971,221,351,11460,
203.5141379398279,87971,221,350,11461,
203.52060059635326,87971,221,349,11462,
203.52952080813841,87971,221,348,11463,
203.53467787068402,87971,220,349,11463,
203.53751030680527,87971,220,348,11464,
203.5489935123808,87970,221,348,11464,
203.57066014698398,87970,220,349,11464,
203.5744770049807,87970,220,348,11465,
203.5814031458941,87970,220,347,11466,
203.58268324676848,87969,221,347,11466,
203.5847426323972,87968,222,347,11466,
203.60234043549087,87967,223,347,11466,
203.6380487793531,87966,224,347,11466,
203.65851991810848,87966,223,348,11466,
203.67083983193112,87965,224,348,11466,
203.6807898859354,87965,224,347,11467,
203.68273272093182,87965,223,348,11467,
203.68626279490655,87964,224,348,11467,
203.68693582466125,87964,223,349,11467,
203.6882392813687,87963,224,349,11467,
203.6884160062059,87963,224,348,11468,
203.69187849777927,87962,225,348,11468,
203.6924544251532,87962,224,349,11468,
203.70197256330172,87962,224,348,11469,
203.72747651161347,87962,224,347,11470,
203.73598652006658,87961,225,347,11470,
203.73772019629064,87960,226,347,11470,
203.74905018979683,87960,226,346,11471,
203.75613182190497,87959,227,346,11471,
203.75793046085425,87958,228,346,11471,
203.77234307607398,87958,228,345,11472,
203.78662827864247,87958,227,346,11472,
203.7869211109074,87957,228,346,11472,
203.78779766249312,87957,227,347,11472,
203.79310404304832,87956,228,347,11472,
203.7968260557618,87956,228,346,11473,
203.80835833810747,87956,228,345,11474,
203.81578359692773,87956,228,344,11475,
203.8214669235589,87956,227,345,11475,
203.82578871375603,87955,228,345,11475,
203.85635729880224,87955,228,344,11476,
203.86338156423398,87955,228,343,11477,
203.86564027792312,87955,228,342,11478,
203.86700880655732,87955,227,343,11478,
203.870565806111,87955,226,344,11478,
203.88725106933097,87955,226,343,11479,
203.90467741296143,87954,227,343,11479,
203.90685320660592,87954,226,344,11479,
203.90937488026748,87954,225,345,11479,
203.91085481077826,87954,225,344,11480,
203.91507091676493,87954,225,343,11481,
203.91957394414422,87954,225,342,11482,
203.93491730799826,87954,224,343,11482,
203.93684705013993,87954,223,344,11482,
203.94519883593432,87953,224,344,11482,
203.94798284933935,87953,223,345,11482,
203.9485755566361,87953,222,346,11482,
203.94978072411763,87953,222,345,11483,
203.96046456004643,87952,223,345,11483,
203.96636130806604,87951,224,345,11483,
203.96787375428266,87950,225,345,11483,
203.96958893986857,87950,224,346,11483,
203.97117362745544,87949,225,346,11483,
203.97341956648728,87949,225,345,11484,
204.0004962271462,87949,225,344,11485,
204.00806208424612,87948,226,344,11485,
204.015012314642,87948,225,345,11485,
204.02437593607482,87947,226,345,11485,
204.03488079880904,87947,225,346,11485,
204.03875156708432,87946,226,346,11485,
204.04327254678262,87946,225,347,11485,
204.04403756744307,87945,226,347,11485,
204.07864356084292,87944,227,347,11485,
204.0861793064465,87944,227,346,11486,
204.0912109741807,87944,226,347,11486,
204.09767662587868,87944,225,348,11486,
204.10574571201735,87944,225,347,11487,
204.11306594675642,87943,226,347,11487,
204.11380870658357,87943,225,348,11487,
204.12005372770165,87942,226,348,11487,
204.1226580358156,87941,227,348,11487,
204.12600986951225,87941,226,349,11487,
204.1314467416917,87940,227,349,11487,
204.1350880199006,87940,226,350,11487,
204.1523645335183,87939,227,350,11487,
204.15342162478336,87939,226,351,11487,
204.15608485234517,87939,226,350,11488,
204.1611478158773,87939,225,351,11488,
204.16473706806795,87938,226,351,11488,
204.17461193076625,87938,226,350,11489,
204.20227843379323,87938,225,351,11489,
204.23513894075896,87938,225,350,11490,
204.24625684231046,87937,226,350,11490,
204.25470856627533,87937,226,349,11491,
204.25540056314742,87937,225,350,11491,
204.259347584057,87936,226,350,11491,
204.27881440892236,87935,227,350,11491,
204.28024238184372,87934,228,350,11491,
204.28064040781786,87933,229,350,11491,
204.2862474976146,87933,229,349,11492,
204.29025564712813,87932,230,349,11492,
204.29198890922345,87931,231,349,11492,
204.2938099871934,87930,232,349,11492,
204.29520022457896,87930,232,348,11493,
204.30171685835776,87929,233,348,11493,
204.31297977870628,87929,233,347,11494,
204.31645602755268,87928,234,347,11494,
204.33212182812213,87928,233,348,11494,
204.3382151555649,87928,232,349,11494,
204.3387633010102,87928,231,350,11494,
204.34523537856495,87928,231,349,11495,
204.35041496452746,87928,231,348,11496,
204.35228109844755,87928,231,347,11497,
204.3550098583491,87927,232,347,11497,
204.38647639250894,87927,232,346,11498,
204.39136238572556,87926,233,346,11498,
204.3948461982757,87926,232,347,11498,
204.3967403306624,87925,233,347,11498,
204.40077068454008,87925,232,348,11498,
204.4056041586967,87925,231,349,11498,
204.4062336186942,87925,231,348,11499,
204.41183596881822,87925,230,349,11499,
204.4360906338806,87925,230,348,11500,
204.45261383623193,87925,229,349,11500,
204.45471181552847,87924,230,349,11500,
204.45963247938158,87923,231,349,11500,
204.47714818124226,87923,230,350,11500,
204.47799185087325,87923,230,349,11501,
204.49618676922972,87923,230,348,11502,
204.5016964136818,87923,230,347,11503,
204.53170205943604,87922,231,347,11503,
204.53577232837057,87922,231,346,11504,
204.54161591822464,87922,230,347,11504,
204.5544614706325,87922,230,346,11505,
204.55542143982655,87922,230,345,11506,
204.55554402947095,87921,231,345,11506,
204.5575937011263,87920,232,345,11506,
204.5645455033811,87919,233,345,11506,
204.57305508177345,87919,232,346,11506,
204.57358374892104,87919,231,347,11506,
204.57374281145056,87918,232,347,11506,
204.57616180730025,87917,233,347,11506,
204.58272233113382,87917,233,346,11507,
204.59248848244565,87917,232,347,11507,
204.61222163878767,87916,233,347,11507,
204.62117044280248,87915,234,347,11507,
204.62641108708533,87914,235,347,11507,
204.63034271535903,87913,236,347,11507,
204.64566586715415,87912,237,347,11507,
204.64871238856136,87911,238,347,11507,
204.65005367109316,87911,237,348,11507,
204.65044907475908,87910,238,348,11507,
204.6664814012277,87910,237,349,11507,
204.67416862155804,87910,236,350,11507,
204.6813689195384,87910,235,351,11507,
204.69227314131163,87910,234,352,11507,
204.70220573232672,87910,233,353,11507,
204.70366062494105,87909,234,353,11507,
204.7151539347068,87909,233,354,11507,
204.71797256982381,87909,232,355,11507,
204.72359054421275,87909,232,354,11508,
204.7247513806734,87909,232,353,11509,
204.73514228543257,87908,233,353,11509,
204.7354899714835,87907,234,353,11509,
204.7564262166402,87906,235,353,11509,
204.77317058085924,87905,236,353,11509,
204.775394239787,87905,235,354,11509,
204.7808148958888,87905,235,353,11510,
204.7896385210125,87904,236,353,11510,
204.7925610872769,87904,236,352,11511,
204.79382493749017,87904,236,351,11512,
204.8033261759187,87903,237,351,11512,
204.82413454825135,87903,236,352,11512,
204.82525431913663,87903,236,351,11513,
204.8544586134441,87903,236,350,11514,
204.85452025803298,87902,237,350,11514,
204.85493248541889,87902,237,349,11515,
204.87170020533682,87902,237,348,11516,
204.8734241811224,87902,236,349,11516,
204.8753389315623,87901,237,349,11516,
204.8812362221042,87900,238,349,11516,
204.88685525743801,87900,237,350,11516,
204.89163348525662,87900,236,351,11516,
204.89757666597683,87899,237,351,11516,
204.90342345513048,87899,236,352,11516,
204.90759434969303,87899,235,353,11516,
204.91139101245588,87899,234,354,11516,
204.91394622541716,87899,233,355,11516,
204.92420010911994,87899,232,356,11516,
204.92708166652338,87898,233,356,11516,
204.92843374682926,87897,234,356,11516,
204.9423603952849,87897,233,357,11516,
204.9455377291416,87897,232,358,11516,
204.94645501025468,87896,233,358,11516,
204.9525611349041,87895,234,358,11516,
205.00132631504763,87894,235,358,11516,
205.0032066989276,87894,235,357,11517,
205.02014715996506,87893,236,357,11517,
205.0265795678264,87893,236,356,11518,
205.04594105796406,87892,237,356,11518,
205.04919549235282,87892,237,355,11519,
205.0519601608853,87891,238,355,11519,
205.06351272377265,87891,238,354,11520,
205.07473996275033,87891,237,355,11520,
205.0759495994031,87891,237,354,11521,
205.07833215388797,87890,238,354,11521,
205.0879669727873,87890,237,355,11521,
205.10397528385127,87890,236,356,11521,
205.1096649617577,87889,237,356,11521,
205.1141032960493,87889,237,355,11522,
205.11430956232823,87888,238,355,11522,
205.13077706835432,87888,238,354,11523,
205.13707236679332,87887,239,354,11523,
205.13773438415754,87886,240,354,11523,
205.13985634923273,87886,240,353,11524,
205.1419742762173,87886,239,354,11524,
205.1462334640101,87885,240,354,11524,
205.1501309010805,87885,239,355,11524,
205.15761150653444,87885,239,354,11525,
205.16771524057708,87885,239,353,11526,
205.17019823798867,87885,239,352,11527,
205.17178295192187,87884,240,352,11527,
205.19084425347523,87884,240,351,11528,
205.19650290023924,87884,240,350,11529,
205.21160527672288,87884,239,351,11529,
205.21302038386614,87884,239,350,11530,
205.22618544347614,87884,238,351,11530,
205.22643887639742,87884,237,352,11530,
205.24206484148775,87884,236,353,11530,
205.24583567728814,87883,237,353,11530,
205.24826851789194,87883,236,354,11530,
205.24864808679712,87883,235,355,11530,
205.2533754199992,87883,235,354,11531,
205.25680499976707,87883,234,355,11531,
205.26455392834598,87882,235,355,11531,
205.2732124655559,87881,236,355,11531,
205.2768942799051,87880,237,355,11531,
205.27805944848808,87880,237,354,11532,
205.2842950393297,87880,237,353,11533,
205.28432969286223,87879,238,353,11533,
205.28449323653095,87879,238,352,11534,
205.29157284436883,87878,239,352,11534,
205.29199592883603,87877,240,352,11534,
205.29763955223552,87877,239,353,11534,
205.30371882529067,87877,239,352,11535,
205.3048341172148,87876,240,352,11535,
205.3067028997572,87876,240,351,11536,
205.30729922487814,87876,239,352,11536,
205.30824665700644,87876,239,351,11537,
205.30937310407663,87875,240,351,11537,
205.31878563428646,87875,240,350,11538,
205.32161869485822,87875,240,349,11539,
205.3239926538459,87874,241,349,11539,
205.32714735761334,87874,240,350,11539,
205.33247275443935,87873,241,350,11539,
205.34842604463228,87872,242,350,11539,
205.3502357248141,87871,243,350,11539,
205.35047732731044,87870,244,350,11539,
205.36301830575152,87870,243,351,11539,
205.3652760178643,87869,244,351,11539,
205.38092139554522,87868,245,351,11539,
205.38127608382197,87867,246,351,11539,
205.3932807844739,87867,245,352,11539,
205.395310841904,87867,244,353,11539,
205.42316000747462,87867,243,354,11539,
205.42451680951712,87867,242,355,11539,
205.4467091405626,87867,242,354,11540,
205.44681362997278,87866,243,354,11540,
205.44868710346483,87865,244,354,11540,
205.45097282886712,87864,245,354,11540,
205.45621820323305,87864,244,355,11540,
205.4615188720486,87863,245,355,11540,
205.47440350717483,87863,245,354,11541,
205.47640802466123,87863,244,355,11541,
205.47645065037722,87862,245,355,11541,
205.4802413822415,87861,246,355,11541,
205.48557877259856,87860,247,355,11541,
205.4984999593957,87859,248,355,11541,
205.5028213406386,87859,247,356,11541,
205.5082466389572,87859,247,355,11542,
205.51485650143775,87859,247,354,11543,
205.532645681656,87859,247,353,11544,
205.54908505484573,87859,246,354,11544,
205.55129271653817,87859,245,355,11544,
205.5523377830424,87859,245,354,11545,
205.55616142354165,87858,246,354,11545,
205.56519297165067,87858,246,353,11546,
205.56594916221474,87857,247,353,11546,
205.5741500644216,87857,246,354,11546,
205.579856735141,87857,246,353,11547,
205.584877717604,87856,247,353,11547,
205.59323331582533,87855,248,353,11547,
205.60205605294564,87854,249,353,11547,
205.60781387131033,87853,250,353,11547,
205.62664826954583,87853,249,354,11547,
205.6333977420113,87853,248,355,11547,
205.6438860711432,87853,247,356,11547,
205.65401709320565,87852,248,356,11547,
205.67013751842467,87851,249,356,11547,
205.67488541014527,87851,249,355,11548,
205.6799041358015,87851,248,356,11548,
205.68531258975523,87851,248,355,11549,
205.69897140373874,87851,248,354,11550,
205.7061647232785,87851,247,355,11550,
205.70857809422708,87851,247,354,11551,
205.7285531338694,87851,246,355,11551,
205.75228004798433,87850,247,355,11551,
205.7534292350707,87849,248,355,11551,
205.7676451159218,87849,248,354,11552,
205.77937149189114,87848,249,354,11552,
205.78253076278733,87848,249,353,11553,
205.79797349964588,87848,249,352,11554,
205.79827482677868,87848,249,351,11555,
205.80172503663013,87848,249,350,11556,
205.80223548689395,87848,248,351,11556,
205.8046459623813,87848,247,352,11556,
205.8067108457493,87848,247,351,11557,
205.81232272095465,87848,247,350,11558,
205.82187942087359,87848,246,351,11558,
205.8343923108677,87847,247,351,11558,
205.85228817407085,87846,248,351,11558,
205.8616580863228,87846,247,352,11558,
205.8619878131475,87846,246,353,11558,
205.8653146442651,87845,247,353,11558,
205.8678432309483,87844,248,353,11558,
205.87458377409982,87844,247,354,11558,
205.8795364550546,87844,246,355,11558,
205.88199256616466,87843,247,355,11558,
205.89015512915662,87843,246,356,11558,
205.8942781369637,87842,247,356,11558,
205.90505013481973,87842,247,355,11559,
205.9086209939213,87842,246,356,11559,
205.9131276625364,87841,247,356,11559,
205.9183977380043,87841,247,355,11560,
205.9270860541386,87841,247,354,11561,
205.935221957389,87840,248,354,11561,
205.94267801544007,87840,247,355,11561,
205.96400018131462,87840,246,356,11561,
205.96721237767102,87840,246,355,11562,
205.97010607245676,87840,245,356,11562,
205.97508963994548,87840,245,355,11563,
205.9813492476988,87840,245,354,11564,
206.00394266185856,87839,246,354,11564,
206.0043317028441,87839,246,353,11565,
206.00488341559145,87838,247,353,11565,
206.01188157073435,87837,248,353,11565,
206.01692120286975,87837,247,354,11565,
206.02081051597207,87836,248,354,11565,
206.0210228457953,87836,248,353,11566,
206.02438921805356,87835,249,353,11566,
206.03897765011715,87835,249,352,11567,
206.04028746912186,87835,248,353,11567,
206.04573874058295,87835,247,354,11567,
206.06262759376023,87835,247,353,11568,
206.0640419155403,87835,247,352,11569,
206.0647688036795,87834,248,352,11569,
206.065545851763,87833,249,352,11569,
206.06823326045867,87833,248,353,11569,
206.09372652479487,87833,248,352,11570,
206.0999004617794,87833,247,353,11570,
206.10406511706924,87833,247,352,11571,
206.10883758485028,87833,247,351,11572,
206.11246683967047,87833,246,352,11572,
206.118529763336,87833,245,353,11572,
206.1256377006495,87833,245,352,11573,
206.1257867267865,87833,245,351,11574,
206.1284820615678,87832,246,351,11574,
206.13380445423104,87831,247,351,11574,
206.13594265984554,87830,248,351,11574,
206.14378001943464,87830,247,352,11574,
206.1521482192328,87830,247,351,11575,
206.20668386760244,87830,246,352,11575,
206.209430163526,87830,246,351,11576,
206.23699578332827,87830,246,350,11577,
206.2467444184052,87830,246,349,11578,
206.2517389706713,87829,247,349,11578,
206.26036563964868,87829,247,348,11579,
206.27426855513625,87828,248,348,11579,
206.2810403509333,87828,247,349,11579,
206.28139590178034,87828,246,350,11579,
206.29347794410575,87828,245,351,11579,
206.29432467618614,87828,245,350,11580,
206.29980499066582,87827,246,350,11580,
206.32003554886012,87827,246,349,11581,
206.32173271513525,87827,245,350,11581,
206.33165335385502,87827,245,349,11582,
206.33632606248128,87827,244,350,11582,
206.35335590524028,87826,245,350,11582,
206.35811037580973,87826,245,349,11583,
206.36123487354402,87826,244,350,11583,
206.37747613112222,87826,244,349,11584,
206.38170871254388,87826,243,350,11584,
206.38294484728974,87826,242,351,11584,
206.3894427499019,87825,243,351,11584,
206.39351444122593,87824,244,351,11584,
206.40383043304834,87823,245,351,11584,
206.412412593244,87823,245,350,11585,
206.41640066805925,87822,246,350,11585,
206.41688855418818,87821,247,350,11585,
206.41763795350104,87820,248,350,11585,
206.4179682859441,87820,248,349,11586,
206.42357374261314,87820,248,348,11587,
206.42762563919706,87819,249,348,11587,
206.42832382278658,87819,248,349,11587,
206.43064243169604,87818,249,349,11587,
206.43228234381306,87817,250,349,11587,
206.4377623072615,87817,249,350,11587,
206.43909711016065,87817,248,351,11587,
206.4462325521156,87817,248,350,11588,
206.446421983412,87816,249,350,11588,
206.44723828411884,87816,249,349,11589,
206.4555690318502,87816,249,348,11590,
206.45972971738598,87815,250,348,11590,
206.46241786432947,87814,251,348,11590,
206.46616035942975,87814,250,349,11590,
206.47019102598247,87813,251,349,11590,
206.48160577294178,87813,251,348,11591,
206.48426321665457,87813,251,347,11592,
206.5035812763826,87813,250,348,11592,
206.50960847996384,87812,251,348,11592,
206.51371940061273,87811,252,348,11592,
206.5189363624741,87810,253,348,11592,
206.5226867446293,87809,254,348,11592,
206.52789759647368,87809,253,349,11592,
206.53171459856594,87809,252,350,11592,
206.5524967060013,87808,253,350,11592,
206.5560102288034,87807,254,350,11592,
206.56635532155184,87807,254,349,11593,
206.57221061709527,87806,255,349,11593,
206.57252356792583,87805,256,349,11593,
206.57581319173033,87805,255,350,11593,
206.58080661362513,87805,254,351,11593,
206.60863403194625,87805,253,352,11593,
206.60872586981657,87805,252,353,11593,
206.62077294887652,87805,251,354,11593,
206.62132446569728,87805,250,355,11593,
206.62212646322547,87804,251,355,11593,
206.62225999554246,87804,250,356,11593,
206.62307574292066,87804,249,357,11593,
206.6240311365912,87804,249,356,11594,
206.64009617209246,87804,248,357,11594,
206.64296223437086,87803,249,357,11594,
206.65297192231213,87802,250,357,11594,
206.65541792920692,87802,249,358,11594,
206.66455288248804,87801,250,358,11594,
206.67113185011567,87800,251,358,11594,
206.68484577193027,87800,250,359,11594,
206.68505159043005,87800,249,360,11594,
206.69502376573,87800,248,361,11594,
206.69581789980296,87800,247,362,11594,
206.70278479525223,87800,247,361,11595,
206.71818402747937,87800,246,362,11595,
206.72354249544117,87800,246,361,11596,
206.73622681522855,87800,245,362,11596,
206.74982560054346,87800,245,361,11597,
206.75329607343122,87800,245,360,11598,
206.7552241755351,87799,246,360,11598,
206.77007237513592,87798,247,360,11598,
206.78304073813715,87798,246,361,11598,
206.78474532682907,87797,247,361,11598,
206.79864240719436,87797,246,362,11598,
206.8096096743316,87797,245,363,11598,
206.81430841905103,87796,246,363,11598,
206.81897598075227,87795,247,363,11598,
206.82301403890017,87795,247,362,11599,
206.82370631758988,87795,246,363,11599,
206.8327957486566,87795,245,364,11599,
206.84214668044433,87794,246,364,11599,
206.84729675435034,87793,247,364,11599,
206.85503794916204,87792,248,364,11599,
206.86386720985956,87792,248,363,11600,
206.87989487939336,87791,249,363,11600,
206.88579128227818,87791,248,364,11600,
206.8927593271074,87790,249,364,11600,
206.90987676923962,87789,250,364,11600,
206.9101328589348,87788,251,364,11600,
206.91046621717786,87787,252,364,11600,
206.9147729274838,87787,251,365,11600,
206.91751310885348,87787,251,364,11601,
206.92047870895902,87787,250,365,11601,
206.92074149011782,87787,249,366,11601,
206.94974336472652,87786,250,366,11601,
206.95095429799113,87786,249,367,11601,
206.9545637862384,87786,248,368,11601,
206.9707487950176,87786,248,367,11602,
206.97446067764804,87785,249,367,11602,
206.9759698196281,87784,250,367,11602,
206.97698004357267,87783,251,367,11602,
206.98203905561715,87783,250,368,11602,
206.9865941856193,87782,251,368,11602,
206.99143992916967,87781,252,368,11602,
206.9987480446367,87780,253,368,11602,
207.00254180188165,87780,252,369,11602,
207.00492142057388,87780,251,370,11602,
207.01186708527663,87779,252,370,11602,
207.0156786692091,87779,251,371,11602,
207.02507562691088,87779,251,370,11603,
207.02977696207824,87778,252,370,11603,
207.03769217291293,87778,251,371,11603,
207.05184147132522,87778,250,372,11603,
207.06097939033538,87777,251,372,11603,
207.0644981499368,87777,250,373,11603,
207.06833795724887,87776,251,373,11603,
207.07095897223826,87776,250,374,11603,
207.0790700146647,87775,251,374,11603,
207.07926651826236,87775,250,375,11603,
207.10922539949834,87775,249,376,11603,
207.1122402701088,87775,248,377,11603,
207.11723796625722,87775,248,376,11604,
207.11786934717443,87775,248,375,11605,
207.14010389640384,87774,249,375,11605,
207.14073144054979,87774,248,376,11605,
207.14885728007695,87774,247,377,11605,
207.15565636314088,87774,247,376,11606,
207.15623782632036,87774,247,375,11607,
207.15677986210738,87774,247,374,11608,
207.16648851862038,87773,248,374,11608,
207.17490497456902,87772,249,374,11608,
207.1749321193066,87771,250,374,11608,
207.17534515293585,87770,251,374,11608,
207.18236551836355,87770,250,375,11608,
207.19296485728563,87770,250,374,11609,
207.19802700200304,87770,249,375,11609,
207.19874562441734,87769,250,375,11609,
207.20096674991373,87769,250,374,11610,
207.2055466109534,87768,251,374,11610,
207.21268980546418,87768,251,373,11611,
207.22207481801928,87767,252,373,11611,
207.23141652999297,87767,251,374,11611,
207.234199193989,87766,252,374,11611,
207.24060988476774,87766,252,373,11612,
207.2442522017077,87765,253,373,11612,
207.24682185351793,87765,252,374,11612,
207.25011663048954,87765,252,373,11613,
207.25018355023855,87764,253,373,11613,
207.25077085747043,87764,253,372,11614,
207.25851600630597,87764,252,373,11614,
207.2746510433994,87763,253,373,11614,
207.2837005895499,87762,254,373,11614,
207.2962636417735,87762,253,374,11614,
207.31334155446217,87762,252,375,11614,
207.32512888449378,87762,251,376,11614,
207.32777638308778,87762,251,375,11615,
207.3314394983802,87761,252,375,11615,
207.35177268589666,87761,251,376,11615,
207.35235985223744,87761,251,375,11616,
207.36261997086038,87761,250,376,11616,
207.36529895174067,87761,249,377,11616,
207.36605252469374,87761,249,376,11617,
207.37229278861895,87761,249,375,11618,
207.3830032296603,87761,249,374,11619,
207.38546216284533,87760,250,374,11619,
207.38821103263072,87759,251,374,11619,
207.39310771329414,87759,250,375,11619,
207.39850553777185,87758,251,375,11619,
207.3998378606311,87758,251,374,11620,
207.40442314087727,87758,250,375,11620,
207.40584727491154,87757,251,375,11620,
207.414667534566,87757,251,374,11621,
207.41577659829392,87757,250,375,11621,
207.43203547238366,87757,249,376,11621,
207.44269956981634,87757,249,375,11622,
207.44839751187286,87756,250,375,11622,
207.45390767059718,87756,250,374,11623,
207.45629765245292,87755,251,374,11623,
207.45795927521436,87755,250,375,11623,
207.47291613858536,87754,251,375,11623,
207.48595057885746,87754,250,376,11623,
207.50095429854412,87753,251,376,11623,
207.5052956714817,87753,250,377,11623,
207.51038893966373,87753,249,378,11623,
207.5118672728747,87753,248,379,11623,
207.52419949552308,87752,249,379,11623,
207.5321606755641,87752,249,378,11624,
207.53244791116458,87751,250,378,11624,
207.5372381505211,87751,250,377,11625,
207.53850917678932,87751,250,376,11626,
207.54475108240683,87751,249,377,11626,
207.54517777153467,87751,249,376,11627,
207.5462901029945,87750,250,376,11627,
207.55863720373895,87750,249,377,11627,
207.57174881576054,87750,249,376,11628,
207.5785669533398,87749,250,376,11628,
207.591681861465,87749,250,375,11629,
207.5980605826024,87749,249,376,11629,
207.6116543862968,87748,250,376,11629,
207.61703964633435,87748,250,375,11630,
207.61845569333593,87747,251,375,11630,
207.62212878058952,87746,252,375,11630,
207.62983655581087,87745,253,375,11630,
207.63988108064495,87744,254,375,11630,
207.66183086518242,87743,255,375,11630,
207.6835578654968,87743,254,376,11630,
207.69905675961104,87743,254,375,11631,
207.70939912004613,87742,255,375,11631,
207.7111448270963,87742,254,376,11631,
207.712711205098,87741,255,376,11631,
207.71857857852677,87741,255,375,11632,
207.72219965860188,87740,256,375,11632,
207.72229194542928,87740,256,374,11633,
207.72705954314023,87739,257,374,11633,
207.72801760477563,87739,257,373,11634,
207.72894541425296,87738,258,373,11634,
207.73323860700137,87738,257,374,11634,
207.7379128427088,87738,257,373,11635,
207.7438350047907,87737,258,373,11635,
207.74463121914488,87737,257,374,11635,
207.74931620965324,87737,256,375,11635,
207.75115131222384,87737,256,374,11636,
207.76123216894953,87737,255,375,11636,
207.76649951686693,87736,256,375,11636,
207.76722486699484,87736,255,376,11636,
207.76833144942682,87735,256,376,11636,
207.77438243150857,87734,257,376,11636,
207.77982709527245,87734,257,375,11637,
207.79841053141658,87733,258,375,11637,
207.81279861087245,87733,258,374,11638,
207.81517281405618,87733,258,373,11639,
207.8273166410103,87733,257,374,11639,
207.84367401016152,87733,256,375,11639,
207.8464407950498,87733,255,376,11639,
207.84741112530756,87732,256,376,11639,
207.85564208935028,87732,256,375,11640,
207.85808168754212,87732,256,374,11641,
207.8617560488326,87732,256,373,11642,
207.86572322583578,87732,256,372,11643,
207.86895121271863,87732,256,371,11644,
207.87161808514296,87731,257,371,11644,
207.87328764853936,87731,256,372,11644,
207.87517626704923,87730,257,372,11644,
207.88669531336475,87730,257,371,11645,
207.88691841337533,87729,258,371,11645,
207.90017931777732,87728,259,371,11645,
207.90490427192975,87727,260,371,11645,
207.9061558340909,87726,261,371,11645,
207.9118812029554,87725,262,371,11645,
207.92115835057103,87725,262,370,11646,
207.9224400119922,87725,262,369,11647,
207.92462533002143,87724,263,369,11647,
207.92901307272052,87724,262,370,11647,
207.9359073203743,87724,261,371,11647,
207.93617256370933,87724,260,372,11647,
207.93753171224347,87724,259,373,11647,
207.94070690473902,87724,258,374,11647,
207.94868402390756,87724,258,373,11648,
207.95138187628768,87724,257,374,11648,
207.9722030141925,87723,258,374,11648,
207.98507168900315,87723,258,373,11649,
207.9983848589404,87722,259,373,11649,
207.9997212335679,87721,260,373,11649,
208.00453289199305,87721,260,372,11650,
208.00576213994924,87721,259,373,11650,
208.01003399183264,87721,259,372,11651,
208.02129057233844,87721,258,373,11651,
208.02559918060237,87721,257,374,11651,
208.038372882359,87720,258,374,11651,
208.0574349064711,87719,259,374,11651,
208.08588446650992,87719,259,373,11652,
208.08774189222387,87719,258,374,11652,
208.08885937977922,87718,259,374,11652,
208.08955674955524,87718,258,375,11652,
208.0933941426502,87717,259,375,11652,
208.09555205295158,87716,260,375,11652,
208.0963987693039,87716,260,374,11653,
208.10748961847625,87715,261,374,11653,
208.11097599362952,87714,262,374,11653,
208.11785985220604,87714,262,373,11654,
208.11834083807202,87713,263,373,11654,
208.12148334496692,87713,263,372,11655,
208.12257710542397,87712,264,372,11655,
208.1253230407806,87711,265,372,11655,
208.13192941862025,87711,265,371,11656,
208.1322994322668,87711,265,370,11657,
208.13567605044682,87711,265,369,11658,
208.14770301178783,87710,266,369,11658,
208.1690570207777,87710,265,370,11658,
208.19215933070757,87709,266,370,11658,
208.19936638966325,87708,267,370,11658,
208.2009040037965,87707,268,370,11658,
208.20298437186526,87706,269,370,11658,
208.21095173959557,87706,268,371,11658,
208.22019358781392,87706,267,372,11658,
208.22181651362803,87706,266,373,11658,
208.2221832075795,87705,267,373,11658,
208.22367170447086,87705,266,374,11658,
208.22863928694323,87704,267,374,11658,
208.2322057687353,87704,267,373,11659,
208.2436450542728,87703,268,373,11659,
208.25296460346738,87702,269,373,11659,
208.25767645995109,87702,269,372,11660,
208.2624796209403,87701,270,372,11660,
208.27227299041581,87701,270,371,11661,
208.27469793372538,87701,270,370,11662,
208.27830856468134,87700,271,370,11662,
208.28673400126976,87700,271,369,11663,
208.29216774246652,87699,272,369,11663,
208.29404010001383,87699,271,370,11663,
208.30059139706978,87698,272,370,11663,
208.30331108823097,87698,272,369,11664,
208.30764557074187,87698,272,368,11665,
208.31295542838225,87698,272,367,11666,
208.32819808732563,87698,271,368,11666,
208.33383037354935,87698,270,369,11666,
208.3354237656451,87698,269,370,11666,
208.3391022491432,87698,268,371,11666,
208.35345720523256,87698,268,370,11667,
208.3544544874808,87697,269,370,11667,
208.35584557903164,87697,268,371,11667,
208.3583655612291,87696,269,371,11667,
208.36467849017257,87696,269,370,11668,
208.36544241119972,87696,268,371,11668,
208.39521129162262,87696,267,372,11668,
208.39602544295724,87696,266,373,11668,
208.40310171888297,87695,267,373,11668,
208.40361157090305,87694,268,373,11668,
208.40497006200798,87694,267,374,11668,
208.41007834228364,87694,266,375,11668,
208.41287752758473,87693,267,375,11668,
208.4167966090567,87693,267,374,11669,
208.4175825729691,87693,267,373,11670,
208.41813924932066,87692,268,373,11670,
208.43145207785884,87691,269,373,11670,
208.43650221454814,87691,268,374,11670,
208.4377875086147,87691,268,373,11671,
208.45130600674804,87691,268,372,11672,
208.457663323549,87690,269,372,11672,
208.4622133637886,87690,268,373,11672,
208.46492824254517,87690,267,374,11672,
208.46519376322362,87690,266,375,11672,
208.48216986988336,87690,265,376,11672,
208.49269122126466,87689,266,376,11672,
208.50559959014967,87689,265,377,11672,
208.507094993595,87689,265,376,11673,
208.52447454677716,87689,265,375,11674,
208.52791887879462,87689,265,374,11675,
208.5290282280967,87689,265,373,11676,
208.5292988259102,87688,266,373,11676,
208.53154863886311,87687,267,373,11676,
208.54455531067546,87687,266,374,11676,
208.54511865078783,87686,267,374,11676,
208.5465998750297,87685,268,374,11676,
208.54746272155546,87684,269,374,11676,
208.54969498689906,87684,268,375,11676,
208.56620262564434,87683,269,375,11676,
208.56687623832659,87683,269,374,11677,
208.57137002852303,87682,270,374,11677,
208.57659008385386,87682,270,373,11678,
208.57912041053893,87682,269,374,11678,
208.58087998739012,87682,269,373,11679,
208.5815169615715,87682,269,372,11680,
208.5848548637142,87681,270,372,11680,
208.58572854824894,87680,271,372,11680,
208.58595479748476,87680,270,373,11680,
208.586057092332,87680,270,372,11681,
208.60530222448335,87680,269,373,11681,
208.60756718435624,87680,269,372,11682,
208.61178758405916,87679,270,372,11682,
208.6131363548123,87679,269,373,11682,
208.63643131107008,87678,270,373,11682,
208.6372436503847,87677,271,373,11682,
208.64004416665443,87676,272,373,11682,
208.65901045372098,87675,273,373,11682,
208.66606283118512,87674,274,373,11682,
208.67495118489197,87673,275,373,11682,
208.6752716383417,87673,275,372,11683,
208.70312608939568,87673,274,373,11683,
208.70445080754388,87673,273,374,11683,
208.7086834494391,87673,272,375,11683,
208.70879591212267,87673,272,374,11684,
208.72503631555583,87673,272,373,11685,
208.73268344959365,87673,271,374,11685,
208.73269957538844,87672,272,374,11685,
208.74414737324187,87672,271,375,11685,
208.7441640098468,87672,271,374,11686,
208.7458599428758,87672,270,375,11686,
208.75013913488675,87672,269,376,11686,
208.75812307314192,87672,268,377,11686,
208.76419220275017,87672,268,376,11687,
208.7706746438564,87672,268,375,11688,
208.7863596444042,87671,269,375,11688,
208.7930490081106,87671,269,374,11689,
208.7950910369954,87671,269,373,11690,
208.79920343549585,87671,268,374,11690,
208.80598697379793,87671,267,375,11690,
208.83423384185554,87670,268,375,11690,
208.83608711684133,87670,267,376,11690,
208.83966878044689,87669,268,376,11690,
208.85004317067742,87669,268,375,11691,
208.85193218745718,87669,267,376,11691,
208.8576364479219,87669,266,377,11691,
208.86787219926717,87668,267,377,11691,
208.86817958714352,87668,266,378,11691,
208.87054540057107,87667,267,378,11691,
208.87333190695804,87667,266,379,11691,
208.87889404745158,87667,266,378,11692,
208.88860867824488,87667,266,377,11693,
208.89236030693098,87667,266,376,11694,
208.89664776653237,87666,267,376,11694,
208.90156676932455,87666,267,375,11695,
208.90431590876517,87666,267,374,11696,
208.90648128709324,87666,266,375,11696,
208.90664449889113,87666,266,374,11697,
208.90686002928334,87666,265,375,11697,
208.90788486379307,87666,264,376,11697,
208.908106678456,87665,265,376,11697,
208.9132907124474,87664,266,376,11697,
208.93267394962007,87664,265,377,11697,
208.934033186304,87664,264,378,11697,
208.935905751164,87663,265,378,11697,
208.9405789494838,87663,264,379,11697,
208.9413747789054,87663,263,380,11697,
208.94874873735984,87662,264,380,11697,
208.95493889621312,87662,264,379,11698,
208.96199649761348,87662,263,380,11698,
208.9636976103567,87661,264,380,11698,
208.97578306251108,87661,264,379,11699,
208.9797706010963,87660,265,379,11699,
208.9827600897305,87660,264,380,11699,
208.98705407445283,87660,263,381,11699,
208.9892273208836,87660,262,382,11699,
208.98998557415635,87660,261,383,11699,
208.9899955299202,87660,261,382,11700,
209.00313774278678,87660,261,381,11701,
209.01607379411223,87659,262,381,11701,
209.0186670601488,87659,261,382,11701,
209.01923226343695,87658,262,382,11701,
209.029619458447,87658,262,381,11702,
209.03245146132775,87657,263,381,11702,
209.04616014078852,87656,264,381,11702,
209.0492476232043,87655,265,381,11702,
209.0523056828028,87654,266,381,11702,
209.0535737096107,87654,266,380,11703,
209.06104605003037,87653,267,380,11703,
209.06517565516572,87653,267,379,11704,
209.07080162847603,87652,268,379,11704,
209.0722097878644,87651,269,379,11704,
209.07944403189555,87651,269,378,11705,
209.0839819234476,87651,269,377,11706,
209.08829073150483,87651,268,378,11706,
209.0934320153636,87650,269,378,11706,
209.10123912856022,87649,270,378,11706,
209.11505414238295,87648,271,378,11706,
209.12747327202345,87647,272,378,11706,
209.1395021563945,87646,273,378,11706,
209.14349548229535,87646,273,377,11707,
209.14497630428437,87646,272,378,11707,
209.14964144852922,87645,273,378,11707,
209.15202865811904,87645,273,377,11708,
209.15223606739502,87645,273,376,11709,
209.1540588764242,87645,272,377,11709,
209.1566844225743,87645,272,376,11710,
209.16650876384475,87645,271,377,11710,
209.18081210891995,87645,270,378,11710,
209.19027556026538,87644,271,378,11710,
209.1917371214236,87643,272,378,11710,
209.20409188822362,87642,273,378,11710,
209.21736449420126,87642,272,379,11710,
209.23434382512016,87641,273,379,11710,
209.23530453322354,87641,272,380,11710,
209.23671071364484,87640,273,380,11710,
209.27078550578977,87640,273,379,11711,
209.29338081618184,87640,272,380,11711,
209.297453190192,87640,272,379,11712,
209.30806644680197,87640,272,378,11713,
209.3238238265009,87640,272,377,11714,
209.3250386401382,87640,272,376,11715,
209.3380840384343,87639,273,376,11715,
209.36640266796329,87638,274,376,11715,
209.3797200936206,87638,274,375,11716,
209.38275834603857,87638,273,376,11716,
209.39077660490378,87638,273,375,11717,
209.39158822193602,87638,272,376,11717,
209.39402182208522,87637,273,376,11717,
209.39892593225554,87636,274,376,11717,
209.40318190328975,87636,274,375,11718,
209.41137630525782,87636,274,374,11719,
209.41166009271947,87635,275,374,11719,
209.4121731897704,87635,275,373,11720,
209.4272069849125,87634,276,373,11720,
209.4294100550041,87634,275,374,11720,
209.43432552030757,87633,276,374,11720,
209.43902826805268,87633,276,373,11721,
209.448142228207,87632,277,373,11721,
209.44886992471098,87631,278,373,11721,
209.45212941859558,87631,278,372,11722,
209.4523390964037,87631,277,373,11722,
209.45407956635657,87631,276,374,11722,
209.46252127667182,87630,277,374,11722,
209.46730178586384,87630,276,375,11722,
209.46952891712797,87630,275,376,11722,
209.47146853014496,87630,274,377,11722,
209.4817908450103,87629,275,377,11722,
209.50626364616292,87629,274,378,11722,
209.52702807579914,87628,275,378,11722,
209.53771630652358,87628,274,379,11722,
209.5446638893331,87627,275,379,11722,
209.54506664626265,87627,274,380,11722,
209.56094517229442,87626,275,380,11722,
209.56356842240777,87625,276,380,11722,
209.56936300479498,87624,277,380,11722,
209.57151406827785,87623,278,380,11722,
209.57489310731026,87623,277,381,11722,
209.58195507783685,87623,276,382,11722,
209.58512522187618,87623,275,383,11722,
209.58896650701465,87622,276,383,11722,
209.5927361603538,87621,277,383,11722,
209.59369915853782,87620,278,383,11722,
209.6039914635707,87619,279,383,11722,
209.60528400122882,87619,278,384,11722,
209.62419266651955,87619,277,385,11722,
209.62459560125174,87618,278,385,11722,
209.62529510658877,87617,279,385,11722,
209.62601707542643,87616,280,385,11722,
209.63402809575848,87615,281,385,11722,
209.63611125106038,87614,282,385,11722,
209.64044147986965,87614,282,384,11723,
209.64614625940933,87613,283,384,11723,
209.65855399953244,87613,283,383,11724,
209.66646808758043,87613,283,382,11725,
209.66960869541842,87613,282,383,11725,
209.66986814731177,87613,281,384,11725,
209.67015827272485,87612,282,384,11725,
209.69149078593665,87612,281,385,11725,
209.70445600257335,87612,281,384,11726,
209.70520166646983,87611,282,384,11726,
209.72063353962525,87611,282,383,11727,
209.72069829827473,87611,282,382,11728,
209.7390394825063,87611,282,381,11729,
209.73989193517465,87611,281,382,11729,
209.74030958147827,87611,281,381,11730,
209.76100236734277,87611,280,382,11730,
209.76339899682293,87611,280,381,11731,
209.76959381792514,87610,281,381,11731,
209.7748567560134,87610,280,382,11731,
209.77959691762084,87609,281,382,11731,
209.77967326546852,87609,280,383,11731,
209.7797151503045,87609,280,382,11732,
209.78993493241543,87609,279,383,11732,
209.79190999225438,87609,278,384,11732,
209.7993772426554,87608,279,384,11732,
209.80942973246977,87608,278,385,11732,
209.81680955858891,87607,279,385,11732,
209.82280871597882,87606,280,385,11732,
209.84012301070547,87605,281,385,11732,
209.8543814271872,87605,281,384,11733,
209.8556794097857,87604,282,384,11733,
209.86130559984343,87603,283,384,11733,
209.8629393150381,87602,284,384,11733,
209.86438345275857,87602,283,385,11733,
209.86739239614673,87602,282,386,11733,
209.86817299710566,87602,281,387,11733,
209.8700901490891,87601,282,387,11733,
209.88258902258227,87600,283,387,11733,
209.88742449000026,87600,283,386,11734,
209.88742723821855,87599,284,386,11734,
209.89798783165733,87599,283,387,11734,
209.89969605923199,87599,282,388,11734,
209.90078339724033,87599,281,389,11734,
209.9054218528663,87599,280,390,11734,
209.90567925063107,87598,281,390,11734,
209.92325225199207,87598,281,389,11735,
209.92583450363307,87598,281,388,11736,
209.9271013664387,87598,281,387,11737,
209.93064214319375,87597,282,387,11737,
209.93479027294921,87597,282,386,11738,
209.93911317845465,87597,281,387,11738,
209.94365376329498,87596,282,387,11738,
209.9445480441215,87596,281,388,11738,
209.95574502488785,87595,282,388,11738,
209.9886111872429,87594,283,388,11738,
209.9896534008632,87594,283,387,11739,
209.99162489813577,87594,282,388,11739,
210.00026476081229,87593,283,388,11739,
210.00816807287438,87593,283,387,11740,
210.01482040632226,87593,283,386,11741,
210.01872499067778,87593,282,387,11741,
210.02983762602943,87593,281,388,11741,
210.03571713585882,87592,282,388,11741,
210.03725434871436,87591,283,388,11741,
210.0454425832199,87590,284,388,11741,
210.0460454876017,87590,283,389,11741,
210.06569116896986,87589,284,389,11741,
210.06812730855555,87588,285,389,11741,
210.0709078902273,87588,284,390,11741,
210.0789405916155,87588,283,391,11741,
210.08097052780124,87588,282,392,11741,
210.0864797221254,87588,282,391,11742,
210.09606492056633,87588,282,390,11743,
210.09710272478753,87588,281,391,11743,
210.09958985801651,87588,281,390,11744,
210.1065411930844,87588,280,391,11744,
210.12472338215636,87588,280,390,11745,
210.1281040926957,87588,280,389,11746,
210.1291056541295,87588,279,390,11746,
210.14209519937046,87588,279,389,11747,
210.14977395076514,87587,280,389,11747,
210.15151266677026,87586,281,389,11747,
210.15221296310068,87586,281,388,11748,
210.153379386905,87585,282,388,11748,
210.15380686000313,87584,283,388,11748,
210.16387925868608,87583,284,388,11748,
210.17404731137688,87582,285,388,11748,
210.1840198816049,87582,285,387,11749,
210.1883932767118,87581,286,387,11749,
210.19966847798733,87581,285,388,11749,
210.2019189367622,87581,285,387,11750,
210.20553274656925,87581,284,388,11750,
210.21959550946926,87581,283,389,11750,
210.22621185238077,87581,283,388,11751,
210.23006119168895,87580,284,388,11751,
210.2415114555013,87579,285,388,11751,
210.25358071892634,87578,286,388,11751,
210.2552227919485,87578,286,387,11752,
210.2694429092335,87578,286,386,11753,
210.27308949827875,87578,285,387,11753,
210.27519394941731,87578,284,388,11753,
210.28028829767445,87577,285,388,11753,
210.2819149917389,87577,284,389,11753,
210.28567070749932,87576,285,389,11753,
210.30220765020647,87576,285,388,11754,
210.30424206802005,87575,286,388,11754,
210.309723876282,87574,287,388,11754,
210.31305640899612,87573,288,388,11754,
210.32162090282554,87573,287,389,11754,
210.32230951461065,87572,288,389,11754,
210.32975590638313,87572,288,388,11755,
210.33306999124014,87572,288,387,11756,
210.33587182300215,87571,289,387,11756,
210.337244059348,87570,290,387,11756,
210.33843209565825,87569,291,387,11756,
210.35234662873142,87568,292,387,11756,
210.35266199385268,87567,293,387,11756,
210.35335524502327,87566,294,387,11756,
210.35337305485305,87565,295,387,11756,
210.36176959564045,87564,296,387,11756,
210.36781944349755,87564,296,386,11757,
210.3691437618412,87564,296,385,11758,
210.37750122082838,87563,297,385,11758,
210.38078361782166,87563,297,384,11759,
210.38921622861722,87563,296,385,11759,
210.3929464037471,87562,297,385,11759,
210.40057011003594,87562,296,386,11759,
210.4032346151208,87562,295,387,11759,
210.4228112592176,87562,295,386,11760,
210.42515102920558,87562,295,385,11761,
210.43329200161486,87561,296,385,11761,
210.43473785931482,87560,297,385,11761,
210.43835377933658,87559,298,385,11761,
210.44773744277842,87558,299,385,11761,
210.4493035910801,87558,298,386,11761,
210.4549212671713,87558,297,387,11761,
210.45552592323443,87557,298,387,11761,
210.45598007181508,87556,299,387,11761,
210.45896860139385,87556,298,388,11761,
210.46149899342691,87555,299,388,11761,
210.46702340886736,87555,298,389,11761,
210.47870915013968,87554,299,389,11761,
210.4889590390895,87553,300,389,11761,
210.50068827036222,87553,299,390,11761,
210.50080657020828,87552,300,390,11761,
210.50820810630682,87551,301,390,11761,
210.5127779630759,87551,301,389,11762,
210.5153710699342,87550,302,389,11762,
210.51559459061758,87549,303,389,11762,
210.51726206430226,87548,304,389,11762,
210.5268776541926,87547,305,389,11762,
210.5351842292756,87546,306,389,11762,
210.5430967990924,87546,306,388,11763,
210.54642153235253,87545,307,388,11763,
210.5495977391796,87544,308,388,11763,
210.5518182760728,87543,309,388,11763,
210.55305538972138,87542,310,388,11763,
210.55636518360015,87541,311,388,11763,
210.55973374130022,87540,312,388,11763,
210.5638228252498,87539,313,388,11763,
210.5802880756015,87538,314,388,11763,
210.5868591340839,87538,314,387,11764,
210.59181776642507,87537,315,387,11764,
210.61174993530193,87537,314,388,11764,
210.62790863681863,87537,313,389,11764,
210.6292163812686,87537,312,390,11764,
210.6337428709729,87536,313,390,11764,
210.6424950526099,87536,312,391,11764,
210.6504682433017,87535,313,391,11764,
210.66166780468407,87535,312,392,11764,
210.66404734902883,87535,312,391,11765,
210.6702375849597,87535,311,392,11765,
210.67670607029766,87535,311,391,11766,
210.68076789063727,87535,311,390,11767,
210.6813048820158,87535,311,389,11768,
210.7251616062791,87535,311,388,11769,
210.7302437397091,87535,311,387,11770,
210.73666125727655,87535,310,388,11770,
210.7518659148973,87535,310,387,11771,
210.75269452456408,87534,311,387,11771,
210.75674894219026,87534,310,388,11771,
210.76471558927776,87534,309,389,11771,
210.76664969661712,87534,309,388,11772,
210.7666737988509,87534,308,389,11772,
210.76778038073408,87533,309,389,11772,
210.77192901631764,87533,308,390,11772,
210.77240244536173,87532,309,390,11772,
210.78317999078132,87532,309,389,11773,
210.78859612082437,87532,309,388,11774,
210.7911277033303,87532,309,387,11775,
210.8036934218075,87532,308,388,11775,
210.80749408430216,87532,308,387,11776,
210.810943947324,87532,308,386,11777,
210.81805608944663,87531,309,386,11777,
210.81880254121032,87530,310,386,11777,
210.82451227475983,87530,310,385,11778,
210.82525693733675,87530,310,384,11779,
210.82605635194642,87529,311,384,11779,
210.82605635194642,87529,311,384,11779,
210.82735882166494,87529,310,385,11779,
210.83179165902158,87529,309,386,11779,
210.83659315208283,87529,309,385,11780,
210.83830486928434,87529,308,386,11780,
210.8431085510009,87529,308,385,11781,
210.84381112210252,87529,308,384,11782,
210.84824536313423,87529,308,383,11783,
210.8491203122181,87529,307,384,11783,
210.85340972768387,87529,306,385,11783,
210.85809233101182,87529,305,386,11783,
210.8620437868393,87528,306,386,11783,
210.862158047852,87527,307,386,11783,
210.86792413294916,87527,306,387,11783,
210.88299944015412,87527,305,388,11783,
210.89766492982596,87527,305,387,11784,
210.91656635754737,87526,306,387,11784,
210.91693632947917,87526,306,386,11785,
210.9182990551224,87525,307,386,11785,
210.9198529341208,87525,306,387,11785,
210.92872939890768,87525,305,388,11785,
210.94252808508992,87525,304,389,11785,
210.94274412255976,87525,303,390,11785,
210.9433857864072,87525,303,389,11786,
210.94595228318968,87525,303,388,11787,
210.95411649221327,87525,302,389,11787,
210.95655189025916,87524,303,389,11787,
210.96142979516392,87524,302,390,11787,
210.98019346765008,87524,301,391,11787,
210.98135053838257,87523,302,391,11787,
210.98811985154512,87523,301,392,11787,
210.99146623680164,87522,302,392,11787,
210.99284241866903,87522,302,391,11788,
210.99542295750717,87521,303,391,11788,
211.00427374060712,87520,304,391,11788,
211.01200440855143,87519,305,391,11788,
211.03116893470573,87519,305,390,11789,
211.03545506682858,87518,306,390,11789,
211.04697997668876,87518,306,389,11790,
211.04786885466007,87518,305,390,11790,
211.0502341598633,87518,305,389,11791,
211.05115462537495,87518,304,390,11791,
211.05408630421493,87518,304,389,11792,
211.05453786969386,87518,303,390,11792,
211.06612945754108,87517,304,390,11792,
211.06626075392703,87517,303,391,11792,
211.07292609674806,87517,302,392,11792,
211.07666496243712,87516,303,392,11792,
211.07845991098998,87516,303,391,11793,
211.0836711018802,87515,304,391,11793,
211.08566589333333,87515,304,390,11794,
211.09525265620647,87515,303,391,11794,
211.09907439954827,87515,303,390,11795,
211.10269175889815,87514,304,390,11795,
211.11193139451422,87513,305,390,11795,
211.1126673511756,87513,305,389,11796,
211.12402166823,87513,305,388,11797,
211.1382834857691,87513,305,387,11798,
211.14085078142278,87512,306,387,11798,
211.14479677704773,87512,305,388,11798,
211.14838275617956,87511,306,388,11798,
211.1670355227624,87510,307,388,11798,
211.16965693760204,87510,306,389,11798,
211.1706013888715,87509,307,389,11798,
211.1789501621429,87509,306,390,11798,
211.18093030158832,87508,307,390,11798,
211.20708600004056,87508,307,389,11799,
211.2138360050105,87507,308,389,11799,
211.21481565320698,87507,308,388,11800,
211.21513913486902,87507,308,387,11801,
211.2161811174846,87507,307,388,11801,
211.22893457877913,87507,306,389,11801,
211.23722475495023,87506,307,389,11801,
211.23883974562304,87505,308,389,11801,
211.2428132542699,87504,309,389,11801,
211.24815748840672,87504,309,388,11802,
211.2511866935788,87504,308,389,11802,
211.2641725540486,87504,307,390,11802,
211.26421510191352,87503,308,390,11802,
211.27444989574255,87503,308,389,11803,
211.28262739699545,87502,309,389,11803,
211.28398643691807,87502,308,390,11803,
211.28688886724612,87502,308,389,11804,
211.28767867416474,87501,309,389,11804,
211.28790613949545,87501,308,390,11804,
211.28865382047013,87500,309,390,11804,
211.29055050278544,87499,310,390,11804,
211.29244161991465,87499,309,391,11804,
211.29477883867676,87498,310,391,11804,
211.29845033809278,87498,310,390,11805,
211.3077930208688,87498,310,389,11806,
211.3105596465865,87497,311,389,11806,
211.3142247876584,87496,312,389,11806,
211.31648518203724,87496,311,390,11806,
211.32008501856768,87496,310,391,11806,
211.32369139517124,87496,309,392,11806,
211.3457885569063,87496,309,391,11807,
211.34765633640342,87496,308,392,11807,
211.34851787726154,87496,307,393,11807,
211.35026658334266,87496,306,394,11807,
211.3518734493552,87496,305,395,11807,
211.35770785846395,87495,306,395,11807,
211.3622814259043,87495,305,396,11807,
211.36495247771444,87494,306,396,11807,
211.37451619374136,87494,305,397,11807,
211.37632887745005,87494,304,398,11807,
211.38080160156107,87494,303,399,11807,
211.3900533151413,87493,304,399,11807,
211.39205342109855,87493,303,400,11807,
211.40818765224878,87493,302,401,11807,
211.40946555634847,87492,303,401,11807,
211.41770824599777,87491,304,401,11807,
211.4271786743379,87490,305,401,11807,
211.43091431173912,87489,306,401,11807,
211.43829049985888,87488,307,401,11807,
211.43923140734023,87488,307,400,11808,
211.44193538704602,87488,306,401,11808,
211.4579109519349,87488,305,402,11808,
211.45968672588404,87487,306,402,11808,
211.4602076517915,87487,306,401,11809,
211.47092654048208,87487,305,402,11809,
211.47482222541998,87487,304,403,11809,
211.47547441428833,87486,305,403,11809,
211.4774401755114,87485,306,403,11809,
211.4897917190512,87485,305,404,11809,
211.49697702957485,87484,306,404,11809,
211.50291538343285,87484,305,405,11809,
211.50799970334367,87483,306,405,11809,
211.5131698179433,87483,305,406,11809,
211.52150897166268,87483,304,407,11809,
211.52295248618947,87483,304,406,11810,
211.53420172548522,87483,304,405,11811,
211.53430221307048,87483,303,406,11811,
211.54043317708744,87483,303,405,11812,
211.54604841110856,87482,304,405,11812,
211.5667538015749,87482,303,406,11812,
211.57356580843333,87482,302,407,11812,
211.57462576940938,87482,302,406,11813,
211.57471606206516,87481,303,406,11813,
211.59112814335762,87480,304,406,11813,
211.60184842370748,87480,304,405,11814,
211.60519667395585,87480,304,404,11815,
211.63161369723255,87480,303,405,11815,
211.63770701945904,87480,302,406,11815,
211.64725164356818,87479,303,406,11815,
211.65504019822373,87479,302,407,11815,
211.65837902979155,87478,303,407,11815,
211.6743973091357,87477,304,407,11815,
211.68351350098146,87476,305,407,11815,
211.6840696244721,87475,306,407,11815,
211.68833772231972,87474,307,407,11815,
211.69503777950183,87474,307,406,11816,
211.7078037577927,87474,306,407,11816,
211.7098460506644,87473,307,407,11816,
211.71181352032687,87472,308,407,11816,
211.72096781442013,87471,309,407,11816,
211.72973681713805,87470,310,407,11816,
211.73833040350104,87469,311,407,11816,
211.74909002885673,87469,311,406,11817,
211.75179967298672,87469,311,405,11818,
211.75251750541005,87468,312,405,11818,
211.756390863867,87467,313,405,11818,
211.76076657222936,87467,313,404,11819,
211.76452634588728,87467,312,405,11819,
211.77513976059754,87467,312,404,11820,
211.77515244091947,87467,311,405,11820,
211.80200294099305,87466,312,405,11820,
211.80366512943905,87466,312,404,11821,
211.80655495372176,87465,313,404,11821,
211.81503241181056,87464,314,404,11821,
211.82733843378358,87464,313,405,11821,
211.83623060276344,87464,312,406,11821,
211.8383990843641,87463,313,406,11821,
211.84321204140957,87463,312,407,11821,
211.84325437559474,87463,311,408,11821,
211.84908826593886,87463,311,407,11822,
211.85630656046263,87463,311,406,11823,
211.85731067557035,87462,312,406,11823,
211.85962510673858,87462,311,407,11823,
211.86403360228445,87462,311,406,11824,
211.865253483222,87462,311,405,11825,
211.87361467201646,87461,312,405,11825,
211.8758790232448,87461,311,406,11825,
211.8817151928693,87461,310,407,11825,
211.88636314478947,87460,311,407,11825,
211.88812471835834,87460,311,406,11826,
211.89068302528796,87459,312,406,11826,
211.89306297169063,87458,313,406,11826,
211.89719685491042,87458,312,407,11826,
211.8989281366892,87457,313,407,11826,
211.9047686631604,87456,314,407,11826,
211.90482411050354,87455,315,407,11826,
211.90526198740983,87455,315,406,11827,
211.91268878387058,87455,315,405,11828,
211.91457632307007,87454,316,405,11828,
211.91533431113228,87454,316,404,11829,
211.9332905257313,87454,316,403,11830,
211.95242744383566,87454,315,404,11830,
211.955932028398,87454,314,405,11830,
211.9724615182909,87454,313,406,11830,
211.98110798754078,87454,312,407,11830,
211.98998052867918,87453,313,407,11830,
211.99325560509138,87453,313,406,11831,
212.0087254729711,87453,312,407,11831,
212.01461128947778,87453,311,408,11831,
212.01592085285728,87452,312,408,11831,
212.0488978752038,87452,312,407,11832,
212.04891482442346,87452,312,406,11833,
212.05532454692715,87452,311,407,11833,
212.05632448154782,87452,310,408,11833,
212.06061484527552,87451,311,408,11833,
212.06213338503406,87450,312,408,11833,
212.06220244968537,87449,313,408,11833,
212.06279484805174,87449,312,409,11833,
212.0795769088457,87449,311,410,11833,
212.08155075341017,87449,310,411,11833,
212.08429548385274,87448,311,411,11833,
212.08648703373206,87447,312,411,11833,
212.08649612674031,87446,313,411,11833,
212.08811637776586,87446,312,412,11833,
212.0885984523067,87446,311,413,11833,
212.10410597016977,87446,310,414,11833,
212.10665335247975,87446,309,415,11833,
212.10917614635693,87446,309,414,11834,
212.11152668662893,87446,308,415,11834,
212.11727833832228,87446,307,416,11834,
212.12313542932435,87445,308,416,11834,
212.1286990404599,87445,308,415,11835,
212.1307312848813,87445,307,416,11835,
212.13337012021702,87444,308,416,11835,
212.13890747502103,87444,308,415,11836,
212.13995694310228,87444,308,414,11837,
212.152404333102,87444,308,413,11838,
212.15248972921916,87444,308,412,11839,
212.1696042374112,87444,307,413,11839,
212.17352720839045,87444,306,414,11839,
212.18346135454345,87444,305,415,11839,
212.1993575683834,87444,305,414,11840,
212.20919187754671,87444,305,413,11841,
212.211236455063,87443,306,413,11841,
212.21999622548537,87443,305,414,11841,
212.22010751218204,87443,304,415,11841,
212.23125942102646,87442,305,415,11841,
212.23135618720187,87442,305,414,11842,
212.24417146180582,87442,305,413,11843,
212.2470279893759,87442,305,412,11844,
212.26240144528364,87442,305,411,11845,
212.2646508185055,87441,306,411,11845,
212.27475817297176,87441,306,410,11846,
212.27757494380236,87441,305,411,11846,
212.27858032282757,87440,306,411,11846,
212.278723478538,87440,305,412,11846,
212.28024584801162,87439,306,412,11846,
212.28090756663389,87439,306,411,11847,
212.28695174155865,87439,305,412,11847,
212.29302154594603,87439,305,411,11848,
212.3177113800438,87439,304,412,11848,
212.32020130130374,87439,303,413,11848,
212.32630512152116,87439,303,412,11849,
212.32672827498138,87438,304,412,11849,
212.334832273766,87438,303,413,11849,
212.33526667520076,87438,303,412,11850,
212.3550287448911,87438,302,413,11850,
212.36602905138952,87438,302,412,11851,
212.37019380919472,87438,302,411,11852,
212.37817997368384,87438,301,412,11852,
212.38528399623735,87437,302,412,11852,
212.39221132843116,87437,302,411,11853,
212.40069363510813,87437,302,410,11854,
212.4041366234998,87437,301,411,11854,
212.42602127841116,87436,302,411,11854,
212.42744280068018,87435,303,411,11854,
212.43177298785687,87435,303,410,11855,
212.4581686592743,87434,304,410,11855,
212.46298603841856,87433,305,410,11855,
212.47473018758427,87433,304,411,11855,
212.48385643901986,87432,305,411,11855,
212.4896800408842,87432,304,412,11855,
212.49163562116283,87432,303,413,11855,
212.49662575103812,87432,302,414,11855,
212.49800136402925,87432,302,413,11856,
212.49977225509878,87432,302,412,11857,
212.50954545945956,87432,301,413,11857,
212.51274321578535,87432,300,414,11857,
212.51491321733798,87432,299,415,11857,
212.51919244326342,87432,298,416,11857,
212.53612143649062,87432,297,417,11857,
212.54285141254263,87432,296,418,11857,
212.55210333634795,87432,296,417,11858,
212.5542033756081,87431,297,417,11858,
212.55931076418992,87431,296,418,11858,
212.56222786939742,87431,296,417,11859,
212.56895796661496,87430,297,417,11859,
212.57491522335505,87429,298,417,11859,
212.5791277255959,87429,297,418,11859,
212.61162081574383,87428,298,418,11859,
212.6272326597361,87428,298,417,11860,
212.63228800114402,87428,297,418,11860,
212.63382488639374,87428,297,417,11861,
212.6411753839957,87428,296,418,11861,
212.64356467411181,87427,297,418,11861,
212.64702878613542,87426,298,418,11861,
212.64767926693284,87426,297,419,11861,
212.65291686993578,87426,297,418,11862,
212.65674188401528,87426,296,419,11862,
212.65875751076476,87426,296,418,11863,
212.66191887721888,87426,296,417,11864,
212.663386102199,87425,297,417,11864,
212.6717271065424,87425,297,416,11865,
212.67253999793826,87425,296,417,11865,
212.67842148406197,87425,296,416,11866,
212.68033891395208,87425,295,417,11866,
212.69106939827395,87424,296,417,11866,
212.69150499823317,87423,297,417,11866,
212.69258129492792,87423,296,418,11866,
212.69579359721791,87422,297,418,11866,
212.70319153582054,87422,296,419,11866,
212.70481716308365,87421,297,419,11866,
212.72361250095716,87420,298,419,11866,
212.72910038759767,87420,298,418,11867,
212.73322071768928,87420,297,419,11867,
212.73666934550914,87419,298,419,11867,
212.74884059096644,87418,299,419,11867,
212.756531659433,87418,299,418,11868,
212.76494491131194,87417,300,418,11868,
212.7687685934652,87417,299,419,11868,
212.7741115436308,87417,299,418,11869,
212.77418182212833,87416,300,418,11869,
212.80505170123493,87416,300,417,11870,
212.80831637365813,87415,301,417,11870,
212.81424006319043,87415,300,418,11870,
212.81534145972802,87414,301,418,11870,
212.81926206107357,87414,300,419,11870,
212.8217812122535,87414,300,418,11871,
212.82352205157892,87414,299,419,11871,
212.831679995419,87414,299,418,11872,
212.8367793332873,87413,300,418,11872,
212.8419126838612,87412,301,418,11872,
212.84772859660137,87411,302,418,11872,
212.84923221522365,87410,303,418,11872,
212.85599279942187,87410,302,419,11872,
212.8595045369724,87409,303,419,11872,
212.86159024327512,87408,304,419,11872,
212.8623591275326,87408,303,420,11872,
212.87160466995445,87408,302,421,11872,
212.87534302228275,87408,301,422,11872,
212.87737807635003,87407,302,422,11872,
212.88812719324363,87407,301,423,11872,
212.8895475813925,87406,302,423,11872,
212.896089543427,87406,302,422,11873,
212.90670878212953,87406,302,421,11874,
212.91233314793755,87405,303,421,11874,
212.91245116515157,87405,302,422,11874,
212.915407670184,87404,303,422,11874,
212.91559784163127,87403,304,422,11874,
212.92087993338794,87403,303,423,11874,
212.92686431183907,87403,302,424,11874,
212.92939117450442,87403,301,425,11874,
212.9310096136455,87403,300,426,11874,
212.9349947211018,87403,299,427,11874,
212.94219436527547,87403,299,426,11875,
212.94461440204267,87403,298,427,11875,
212.95992328533976,87403,297,428,11875,
212.9652233019181,87403,297,427,11876,
212.96550512033676,87402,298,427,11876,
212.9728250566707,87402,297,428,11876,
212.97302957588795,87401,298,428,11876,
212.97542194846733,87401,297,429,11876,
212.9851362453439,87401,297,428,11877,
212.98544125790957,87401,297,427,11878,
212.98819630890728,87400,298,427,11878,
212.9886097410245,87399,299,427,11878,
212.99479693448046,87399,298,428,11878,
213.0012500812652,87398,299,428,11878,
213.0021498252551,87397,300,428,11878,
213.00377082011187,87396,301,428,11878,
213.0170906339368,87396,301,427,11879,
213.02075230976,87396,300,428,11879,
213.03469887217113,87396,300,427,11880,
213.04509366005078,87395,301,427,11880,
213.04772609890097,87395,300,428,11880,
213.05269446959596,87395,299,429,11880,
213.05768889020092,87394,300,429,11880,
213.06040231659523,87393,301,429,11880,
213.08253535882528,87393,301,428,11881,
213.08360769715134,87392,302,428,11881,
213.08867337262583,87391,303,428,11881,
213.09026644602798,87391,302,429,11881,
213.09077347338064,87390,303,429,11881,
213.09341633796492,87390,303,428,11882,
213.09360625732327,87389,304,428,11882,
213.10730048335168,87389,303,429,11882,
213.11189742257025,87388,304,429,11882,
213.11283867836556,87388,303,430,11882,
213.1156480509567,87387,304,430,11882,
213.11668983794863,87387,304,429,11883,
213.11888134643237,87386,305,429,11883,
213.1226950159568,87385,306,429,11883,
213.12442205134127,87384,307,429,11883,
213.12731703272635,87383,308,429,11883,
213.12851184853199,87383,307,430,11883,
213.14366702892775,87383,306,431,11883,
213.14369449524204,87383,306,430,11884,
213.15015980351993,87383,305,431,11884,
213.15502291833158,87383,304,432,11884,
213.16127762826642,87382,305,432,11884,
213.16917448489187,87382,304,433,11884,
213.1707785174922,87381,305,433,11884,
213.17674245445346,87380,306,433,11884,
213.17818506370455,87380,305,434,11884,
213.18133108975442,87379,306,434,11884,
213.18570098128555,87378,307,434,11884,
213.19155900113515,87377,308,434,11884,
213.19999267181515,87377,307,435,11884,
213.2035105566057,87376,308,435,11884,
213.21099045394502,87376,307,436,11884,
213.21923745554304,87375,308,436,11884,
213.23493739118692,87375,308,435,11885,
213.23600427266595,87374,309,435,11885,
213.23691226346517,87373,310,435,11885,
213.24094181789772,87372,311,435,11885,
213.24153909063247,87372,311,434,11886,
213.24479623529254,87372,311,433,11887,
213.24583982328417,87372,311,432,11888,
213.25419901451784,87372,310,433,11888,
213.25912729882103,87372,309,434,11888,
213.26111487919383,87371,310,434,11888,
213.26616421301276,87371,309,435,11888,
213.27038766739759,87370,310,435,11888,
213.27478591413836,87370,309,436,11888,
213.27566953439347,87369,310,436,11888,
213.27687511421627,87369,309,437,11888,
213.28382507569677,87369,308,438,11888,
213.28729735192027,87368,309,438,11888,
213.28996790198104,87367,310,438,11888,
213.2911762881555,87367,310,437,11889,
213.3185962555513,87367,310,436,11890,
213.3265234011355,87366,311,436,11890,
213.33295984079737,87365,312,436,11890,
213.3336358873098,87365,312,435,11891,
213.34347953179036,87365,312,434,11892,
213.34479158560376,87365,311,435,11892,
213.34610523438812,87364,312,435,11892,
213.34751276479867,87364,311,436,11892,
213.3499302791448,87363,312,436,11892,
213.35286734388583,87362,313,436,11892,
213.35361920560337,87361,314,436,11892,
213.36154558689688,87360,315,436,11892,
213.36637346029673,87360,315,435,11893,
213.36719961984062,87360,315,434,11894,
213.37592271829575,87359,316,434,11894,
213.3936641678916,87358,317,434,11894,
213.3961140776677,87358,316,435,11894,
213.3991886176479,87358,315,436,11894,
213.40198402235725,87358,315,435,11895,
213.41163471766464,87358,315,434,11896,
213.42285356749173,87358,314,435,11896,
213.42392898355595,87358,314,434,11897,
213.42675253431986,87357,315,434,11897,
213.42989605209084,87357,315,433,11898,
213.43894800849117,87357,315,432,11899,
213.44023932747905,87356,316,432,11899,
213.44589530433015,87356,316,431,11900,
213.44905649900144,87355,317,431,11900,
213.45013906584538,87355,316,432,11900,
213.45761254801855,87355,315,433,11900,
213.46426835404688,87355,314,434,11900,
213.4752451817364,87355,313,435,11900,
213.4767092460598,87355,312,436,11900,
213.4769863927142,87355,312,435,11901,
213.47768386250203,87355,312,434,11902,
213.48004165924536,87355,312,433,11903,
213.48204433033712,87355,311,434,11903,
213.48853998136283,87354,312,434,11903,
213.4935384703988,87353,313,434,11903,
213.51575733138256,87353,312,435,11903,
213.51804453641913,87352,313,435,11903,
213.52064431630106,87352,312,436,11903,
213.52781607359424,87352,312,435,11904,
213.5519177460405,87352,312,434,11905,
213.5578900859309,87351,313,434,11905,
213.56522917463016,87351,312,435,11905,
213.56777709904622,87350,313,435,11905,
213.57614957371254,87349,314,435,11905,
213.5834266771663,87349,313,436,11905,
213.58666479454854,87349,313,435,11906,
213.59021342224298,87349,313,434,11907,
213.59145451586627,87348,314,434,11907,
213.60024288960517,87348,314,433,11908,
213.60165131493585,87348,313,434,11908,
213.60182807039706,87348,312,435,11908,
213.60640788606034,87348,311,436,11908,
213.62235106413246,87348,310,437,11908,
213.62419621254742,87347,311,437,11908,
213.62619106552526,87346,312,437,11908,
213.63202595461024,87345,313,437,11908,
213.63331813038448,87345,313,436,11909,
213.63349987318497,87345,312,437,11909,
213.63537110346186,87345,312,436,11910,
213.64775261732794,87344,313,436,11910,
213.65142581414037,87344,312,437,11910,
213.66282271927074,87344,312,436,11911,
213.67213074253945,87344,311,437,11911,
213.67437572095176,87344,311,436,11912,
213.67573840954933,87343,312,436,11912,
213.6759805414514,87343,311,437,11912,
213.68262031126147,87342,312,437,11912,
213.70370279856078,87342,312,436,11913,
213.706265090157,87342,312,435,11914,
213.73729454995046,87341,313,435,11914,
213.74692754444553,87341,312,436,11914,
213.76464241689052,87340,313,436,11914,
213.76897598386327,87339,314,436,11914,
213.77043029242074,87338,315,436,11914,
213.77279437434515,87338,315,435,11915,
213.77796342455252,87338,314,436,11915,
213.7785871911748,87337,315,436,11915,
213.78074368154375,87337,314,437,11915,
213.79896947094312,87337,314,436,11916,
213.7998948271031,87337,313,437,11916,
213.8119977936442,87337,313,436,11917,
213.81266338696406,87337,312,437,11917,
213.8137909420125,87337,312,436,11918,
213.81721680957338,87337,311,437,11918,
213.81822105826,87337,310,438,11918,
213.82235563613193,87336,311,438,11918,
213.8278010912947,87336,310,439,11918,
213.83133755348783,87335,311,439,11918,
213.83255025128443,87335,311,438,11919,
213.83338910002004,87335,310,439,11919,
213.83460936092214,87335,309,440,11919,
213.83736849072113,87335,308,441,11919,
213.85316632478578,87334,309,441,11919,
213.85640543364985,87334,309,440,11920,
213.86005982188686,87334,308,441,11920,
213.86375060289194,87334,307,442,11920,
213.8688883540605,87334,306,443,11920,
213.87376210779465,87334,306,442,11921,
213.87386342425722,87334,306,441,11922,
213.88410901764897,87334,306,440,11923,
213.8956202229249,87334,305,441,11923,
213.89807237362336,87334,305,440,11924,
213.90578814550761,87334,305,439,11925,
213.91496482559836,87334,304,440,11925,
213.92542100560817,87334,304,439,11926,
213.94241028290358,87333,305,439,11926,
213.9439728765756,87333,305,438,11927,
213.9473212474307,87333,305,437,11928,
213.9554586633182,87332,306,437,11928,
213.95644816203847,87332,305,438,11928,
213.9607685056,87331,306,438,11928,
213.9640494969408,87331,306,437,11929,
213.97678265306197,87330,307,437,11929,
213.98706991266232,87330,306,438,11929,
213.9991248049889,87330,305,439,11929,
214.00675825868453,87329,306,439,11929,
214.01173973225315,87328,307,439,11929,
214.01628407796778,87328,307,438,11930,
214.03607671175692,87328,307,437,11931,
214.04272601795478,87327,308,437,11931,
214.05035944531704,87327,307,438,11931,
214.0518387130108,87327,306,439,11931,
214.05260696762542,87327,305,440,11931,
214.05867875366513,87327,304,441,11931,
214.05887163909367,87327,304,440,11932,
214.0620214356532,87326,305,440,11932,
214.0643171063533,87325,306,440,11932,
214.07758734772924,87324,307,440,11932,
214.08075580212625,87323,308,440,11932,
214.08101437187852,87323,308,439,11933,
214.08180875390732,87322,309,439,11933,
214.08420751416622,87322,309,438,11934,
214.08485644787024,87322,308,439,11934,
214.09766240208586,87321,309,439,11934,
214.1002361202445,87321,309,438,11935,
214.10300538964486,87320,310,438,11935,
214.1107744575937,87319,311,438,11935,
214.11258342779388,87319,310,439,11935,
214.11649401524033,87319,309,440,11935,
214.12877708785751,87319,309,439,11936,
214.13102910252502,87319,308,440,11936,
214.13385511296278,87319,308,439,11937,
214.14067516673808,87318,309,439,11937,
214.15102894952008,87317,310,439,11937,
214.15109527279992,87316,311,439,11937,
214.15611604490329,87316,310,440,11937,
214.17209528926634,87315,311,440,11937,
214.17789735202024,87315,310,441,11937,
214.18336602929517,87314,311,441,11937,
214.18457120216007,87314,311,440,11938,
214.18744483122822,87313,312,440,11938,
214.1877416950225,87313,311,441,11938,
214.20327199791225,87313,311,440,11939,
214.2194943382848,87313,311,439,11940,
214.22037397095303,87312,312,439,11940,
214.23544253077844,87311,313,439,11940,
214.23610620579558,87310,314,439,11940,
214.23756778910908,87309,315,439,11940,
214.24088459668445,87308,316,439,11940,
214.2590065680213,87308,315,440,11940,
214.26148704215083,87307,316,440,11940,
214.26200810797192,87306,317,440,11940,
214.27087760949294,87306,316,441,11940,
214.28205262966264,87305,317,441,11940,
214.28478801780085,87304,318,441,11940,
214.29832389045836,87304,317,442,11940,
214.32682530724628,87304,317,441,11941,
214.32909525536886,87304,316,442,11941,
214.33005754922624,87304,316,441,11942,
214.33434620546933,87303,317,441,11942,
214.33929391804514,87302,318,441,11942,
214.35046639113241,87301,319,441,11942,
214.3651739700616,87301,319,440,11943,
214.3733428917478,87300,320,440,11943,
214.3746505818775,87299,321,440,11943,
214.37613038873437,87298,322,440,11943,
214.38482392292858,87298,322,439,11944,
214.38795593237882,87297,323,439,11944,
214.39245442923283,87296,324,439,11944,
214.39436260448704,87296,323,440,11944,
214.39964160856147,87295,324,440,11944,
214.4001487643915,87295,323,441,11944,
214.40908443301672,87294,324,441,11944,
214.41148669903055,87293,325,441,11944,
214.4153111432502,87293,324,442,11944,
214.4171027452804,87292,325,442,11944,
214.42011895324168,87291,326,442,11944,
214.42340037402963,87290,327,442,11944,
214.42345084530845,87290,327,441,11945,
214.4301004715887,87290,327,440,11946,
214.44134395659106,87290,327,439,11947,
214.45249179576174,87289,328,439,11947,
214.4533292378154,87288,329,439,11947,
214.45346088193455,87287,330,439,11947,
214.4576704371771,87287,330,438,11948,
214.45912321871953,87286,331,438,11948,
214.46735639792337,87286,330,439,11948,
214.46755464941856,87286,329,440,11948,
214.46810805966035,87286,329,439,11949,
214.46945254991175,87286,328,440,11949,
214.47120383967226,87286,328,439,11950,
214.4732163767407,87286,328,438,11951,
214.48564996429434,87286,328,437,11952,
214.48748936722862,87286,328,436,11953,
214.49124929812743,87286,327,437,11953,
214.4949126787055,87286,327,436,11954,
214.4964117925058,87286,326,437,11954,
214.49891449208963,87285,327,437,11954,
214.51715547557896,87284,328,437,11954,
214.5175063678109,87283,329,437,11954,
214.52775694404335,87283,329,436,11955,
214.53098522985982,87283,328,437,11955,
214.533374311074,87283,328,436,11956,
214.53353100108083,87283,328,435,11957,
214.5512120970609,87282,329,435,11957,
214.5553084531943,87282,328,436,11957,
214.55549970901635,87281,329,436,11957,
214.55567444513625,87280,330,436,11957,
214.5568375562609,87280,330,435,11958,
214.5624490934206,87280,330,434,11959,
214.56352557263853,87280,330,433,11960,
214.57434858060722,87279,331,433,11960,
214.58319317451821,87278,332,433,11960,
214.58333609751344,87278,331,434,11960,
214.58767631011926,87278,330,435,11960,
214.58945394204756,87278,329,436,11960,
214.5900029683224,87277,330,436,11960,
214.59892455019298,87277,329,437,11960,
214.60150186082018,87276,330,437,11960,
214.6019174578883,87275,331,437,11960,
214.60444452246853,87275,330,438,11960,
214.60753290704832,87275,330,437,11961,
214.61309812081288,87274,331,437,11961,
214.61830953180862,87274,330,438,11961,
214.62162222204748,87274,330,437,11962,
214.6295772652235,87274,330,436,11963,
214.6351852372216,87274,329,437,11963,
214.63544847450913,87274,328,438,11963,
214.64039716708976,87274,328,437,11964,
214.67139096003996,87274,327,438,11964,
214.67513045215847,87274,327,437,11965,
214.6877738113551,87273,328,437,11965,
214.6885371451998,87273,327,438,11965,
214.69041989279398,87273,327,437,11966,
214.69278816917577,87272,328,437,11966,
214.6957594519166,87272,328,436,11967,
214.69750317953827,87272,327,437,11967,
214.69921256339524,87271,328,437,11967,
214.70021186530366,87270,329,437,11967,
214.70168540733337,87269,330,437,11967,
214.72927738541634,87268,331,437,11967,
214.73263552559322,87268,330,438,11967,
214.73319236024116,87268,329,439,11967,
214.73400477253884,87268,328,440,11967,
214.74194740548387,87268,328,439,11968,
214.74267720571444,87268,327,440,11968,
214.75674142051096,87267,328,440,11968,
214.7574476124665,87267,327,441,11968,
214.75891546714757,87267,326,442,11968,
214.76025949836105,87266,327,442,11968,
214.7682719506542,87265,328,442,11968,
214.76996175739788,87264,329,442,11968,
214.77010767778538,87264,329,441,11969,
214.7739093813106,87264,328,442,11969,
214.7791927131108,87263,329,442,11969,
214.7818527018347,87263,328,443,11969,
214.78452129532383,87263,328,442,11970,
214.7868045097905,87263,327,443,11970,
214.8057844582232,87262,328,443,11970,
214.80926816190012,87262,328,442,11971,
214.82090341710173,87262,327,443,11971,
214.8255745319928,87262,327,442,11972,
214.8311292399439,87262,326,443,11972,
214.8325863174261,87261,327,443,11972,
214.84675479857694,87261,326,444,11972,
214.8525942577345,87261,326,443,11973,
214.88422519935477,87260,327,443,11973,
214.88702220620905,87259,328,443,11973,
214.89511004907277,87258,329,443,11973,
214.8979317262654,87257,330,443,11973,
214.9013469155882,87257,329,444,11973,
214.90489239766347,87256,330,444,11973,
214.91157387879286,87255,331,444,11973,
214.91761008651466,87255,331,443,11974,
214.9237629834683,87255,330,444,11974,
214.94752404759072,87255,330,443,11975,
214.94941323095816,87254,331,443,11975,
214.94983848984663,87254,330,444,11975,
214.95759144730647,87254,329,445,11975,
214.96957445660496,87254,329,444,11976,
214.97330132572708,87253,330,444,11976,
214.975059768881,87253,329,445,11976,
214.9801587480501,87252,330,445,11976,
214.98727745979562,87252,329,446,11976,
214.98904227338338,87252,328,447,11976,
214.9897788102464,87252,328,446,11977,
214.99995609043853,87252,328,445,11978,
215.0018190411061,87251,329,445,11978,
215.0038216198286,87251,329,444,11979,
215.01071740302737,87251,328,445,11979,
215.02322298227057,87251,327,446,11979,
215.02584777611497,87251,326,447,11979,
215.042377278948,87251,326,446,11980,
215.0469750454248,87250,327,446,11980,
215.05981965941177,87249,328,446,11980,
215.0599305693568,87249,327,447,11980,
215.06168445855337,87249,327,446,11981,
215.06235130564963,87249,327,445,11982,
215.07163380800287,87248,328,445,11982,
215.076381961917,87247,329,445,11982,
215.0782391648333,87247,329,444,11983,
215.0785559487354,87247,328,445,11983,
215.07883015414222,87247,327,446,11983,
215.08050604845263,87247,327,445,11984,
215.09011358956855,87246,328,445,11984,
215.09392439846653,87245,329,445,11984,
215.09681311189945,87244,330,445,11984,
215.0983124108515,87243,331,445,11984,
215.10028949303418,87243,331,444,11985,
215.1074361775218,87243,330,445,11985,
215.10796383561274,87242,331,445,11985,
215.10871306885628,87242,331,444,11986,
215.10876905522173,87242,331,443,11987,
215.11291784121929,87241,332,443,11987,
215.11471788928722,87241,332,442,11988,
215.11625328908468,87241,332,441,11989,
215.11893644982646,87240,333,441,11989,
215.1203287267101,87240,332,442,11989,
215.12035176496127,87239,333,442,11989,
215.12048268454598,87238,334,442,11989,
215.12171658577364,87238,334,441,11990,
215.13037743609343,87238,333,442,11990,
215.14261795777313,87237,334,442,11990,
215.1428846575089,87237,334,441,11991,
215.14338541696895,87237,333,442,11991,
215.14358460638306,87236,334,442,11991,
215.14512960777816,87236,333,443,11991,
215.15027157891757,87235,334,443,11991,
215.15590717231188,87234,335,443,11991,
215.1571721116049,87233,336,443,11991,
215.1609175516953,87232,337,443,11991,
215.1695612951923,87231,338,443,11991,
215.17097054521196,87231,337,444,11991,
215.17864247462984,87230,338,444,11991,
215.1957328377108,87230,338,443,11992,
215.2231219588763,87230,337,444,11992,
215.22382248758188,87229,338,444,11992,
215.23452529587072,87228,339,444,11992,
215.23552877881403,87227,340,444,11992,
215.2397398872067,87227,339,445,11992,
215.24243612775098,87226,340,445,11992,
215.24381782287244,87225,341,445,11992,
215.25358200350382,87225,340,446,11992,
215.2561902317618,87224,341,446,11992,
215.25969162621544,87223,342,446,11992,
215.26264686182452,87223,341,447,11992,
215.26289163717246,87222,342,447,11992,
215.26391649850132,87221,343,447,11992,
215.26835461260663,87221,343,446,11993,
215.26839722456268,87220,344,446,11993,
215.27297275047866,87220,343,447,11993,
215.28328236091465,87219,344,447,11993,
215.2881433554346,87218,345,447,11993,
215.28849204292308,87218,344,448,11993,
215.28904835250697,87217,345,448,11993,
215.29260702241805,87217,345,447,11994,
215.293329508351,87217,344,448,11994,
215.29659454313568,87217,344,447,11995,
215.3018977624404,87217,343,448,11995,
215.3034789099601,87217,342,449,11995,
215.30808698217106,87217,342,448,11996,
215.30874400205454,87216,343,448,11996,
215.31186031175855,87216,343,447,11997,
215.31558466188844,87215,344,447,11997,
215.31584528355108,87215,344,446,11998,
215.31659825647256,87214,345,446,11998,
215.33024866580627,87214,345,445,11999,
215.34035760184165,87214,344,446,11999,
215.34262656911676,87214,344,445,12000,
215.34263676318542,87214,344,444,12001,
215.34849575819973,87214,343,445,12001,
215.3562976405894,87214,343,444,12002,
215.3594302369957,87214,343,443,12003,
215.361089474811,87214,342,444,12003,
215.36555000760734,87214,341,445,12003,
215.3697744244041,87214,340,446,12003,
215.37731819147066,87214,340,445,12004,
215.38096586257723,87213,341,445,12004,
215.3833683271158,87213,341,444,12005,
215.39906841905275,87212,342,444,12005,
215.39980360383672,87212,342,443,12006,
215.4118614222393,87212,341,444,12006,
215.41581294559285,87212,341,443,12007,
215.42791473131177,87211,342,443,12007,
215.43156075204138,87211,341,444,12007,
215.44950940360528,87211,340,445,12007,
215.45366645964967,87211,339,446,12007,
215.45529159953503,87211,339,445,12008,
215.4683389034498,87211,338,446,12008,
215.47494924874348,87211,338,445,12009,
215.4761509497563,87211,337,446,12009,
215.478717351149,87210,338,446,12009,
215.48408432641213,87209,339,446,12009,
215.48893276415626,87209,339,445,12010,
215.49070112409746,87208,340,445,12010,
215.4931187803034,87207,341,445,12010,
215.49318075681563,87207,340,446,12010,
215.49700730706678,87207,340,445,12011,
215.49730576600004,87206,341,445,12011,
215.50994275081558,87206,341,444,12012,
215.51014421406114,87206,341,443,12013,
215.51097099942535,87205,342,443,12013,
215.5134946854812,87204,343,443,12013,
215.51754269532205,87204,343,442,12014,
215.52480621755296,87204,343,441,12015,
215.53564629598347,87204,342,442,12015,
215.53837939388868,87204,342,441,12016,
215.54973200891655,87204,341,442,12016,
215.5505957463544,87204,341,441,12017,
215.55664062616438,87204,341,440,12018,
215.56420233709116,87204,341,439,12019,
215.5668035960829,87204,340,440,12019,
215.5795374828647,87203,341,440,12019,
215.58086115151917,87202,342,440,12019,
215.58115200177045,87202,341,441,12019,
215.58210815502756,87202,341,440,12020,
215.58425216230336,87202,340,441,12020,
215.58490114946227,87202,339,442,12020,
215.58795522422633,87202,338,443,12020,
215.5969442851641,87202,337,444,12020,
215.60593993199527,87201,338,444,12020,
215.6147236215246,87201,338,443,12021,
215.61691053086136,87201,337,444,12021,
215.62579459512918,87200,338,444,12021,
215.64623450303077,87200,338,443,12022,
215.65575796617358,87200,337,444,12022,
215.66165773011633,87200,337,443,12023,
215.6624213400327,87200,336,444,12023,
215.66362304238623,87199,337,444,12023,
215.6656919748392,87199,337,443,12024,
215.67074348823755,87198,338,443,12024,
215.67498786105875,87198,338,442,12025,
215.6770000760633,87198,337,443,12025,
215.67778992922388,87197,338,443,12025,
215.68143642536242,87196,339,443,12025,
215.68377756409728,87195,340,443,12025,
215.6940488765642,87195,340,442,12026,
215.69833594485823,87195,339,443,12026,
215.69953155681657,87195,339,442,12027,
215.7009589635131,87194,340,442,12027,
215.7049063302847,87194,340,441,12028,
215.70840437117204,87194,339,442,12028,
215.7086073843793,87194,339,441,12029,
215.71203380625136,87194,339,440,12030,
215.7145460784377,87194,338,441,12030,
215.71498688910677,87194,338,440,12031,
215.73913523658948,87194,337,441,12031,
215.7454086202477,87194,337,440,12032,
215.7462787329744,87194,336,441,12032,
215.7475198616238,87194,336,440,12033,
215.7481021674582,87193,337,440,12033,
215.7533317799133,87192,338,440,12033,
215.75623292585792,87192,338,439,12034,
215.75786770694555,87192,338,438,12035,
215.76534287435564,87192,337,439,12035,
215.7749159136154,87192,336,440,12035,
215.77761464866498,87192,335,441,12035,
215.78346337613056,87192,334,442,12035,
215.79010750905903,87192,333,443,12035,
215.80156686433727,87192,333,442,12036,
215.8020791090496,87192,333,441,12037,
215.81067020720985,87191,334,441,12037,
215.81571298742617,87191,333,442,12037,
215.81707218286303,87191,333,441,12038,
215.823169002446,87191,332,442,12038,
215.82341961253275,87190,333,442,12038,
215.82909489213358,87190,333,441,12039,
215.83869859533587,87190,333,440,12040,
215.85823454288794,87189,334,440,12040,
215.8712305989079,87189,333,441,12040,
215.87229791193317,87189,332,442,12040,
215.88010974091986,87188,333,442,12040,
215.88567211822937,87188,333,441,12041,
215.8883673151384,87188,333,440,12042,
215.88847190417113,87188,332,441,12042,
215.89721175004237,87188,332,440,12043,
215.9071441455056,87188,331,441,12043,
215.91048129382054,87188,331,440,12044,
215.9109724058794,87187,332,440,12044,
215.91097306149388,87187,331,441,12044,
215.91130198831476,87187,330,442,12044,
215.9134273282408,87187,329,443,12044,
215.91485338635474,87187,328,444,12044,
215.9165068946769,87187,327,445,12044,
215.92244924063255,87187,326,446,12044,
215.92717055610038,87187,325,447,12044,
215.92739779208998,87186,326,447,12044,
215.93006087755288,87186,325,448,12044,
215.93545162096436,87186,325,447,12045,
215.94772798677707,87186,324,448,12045,
215.9482152487372,87186,323,449,12045,
215.95366631640584,87185,324,449,12045,
215.9545518541864,87185,323,450,12045,
215.9659227171388,87185,323,449,12046,
215.96742093048223,87185,322,450,12046,
215.97282263202788,87185,321,451,12046,
215.97374088702855,87185,320,452,12046,
215.98124301786234,87185,319,453,12046,
215.9917673728826,87185,319,452,12047,
215.9964038790314,87184,320,452,12047,
215.99905145473724,87183,321,452,12047,
216.00515393739758,87183,321,451,12048,
216.03434079519022,87182,322,451,12048,
216.03504670133478,87182,322,450,12049,
216.0357298514538,87181,323,450,12049,
216.03786412063485,87181,323,449,12050,
216.0397928656408,87180,324,449,12050,
216.04752923722282,87179,325,449,12050,
216.04850937602282,87179,324,450,12050,
216.04969558486363,87179,324,449,12051,
216.05298914159997,87179,323,450,12051,
216.05352703598308,87179,322,451,12051,
216.06122099008303,87179,322,450,12052,
216.06257578902486,87179,321,451,12052,
216.06331944422112,87179,321,450,12053,
216.0636593056527,87179,320,451,12053,
216.06580606600056,87179,320,450,12054,
216.08112954298804,87178,321,450,12054,
216.08935729495505,87178,320,451,12054,
216.10337463449957,87178,319,452,12054,
216.10381441108962,87177,320,452,12054,
216.10699930992334,87176,321,452,12054,
216.11121085253947,87175,322,452,12054,
216.11128184544418,87175,321,453,12054,
216.12894547105677,87175,320,454,12054,
216.1289840962123,87174,321,454,12054,
216.13252032424026,87174,320,455,12054,
216.13291956452088,87174,320,454,12055,
216.1364732832499,87173,321,454,12055,
216.13707530751134,87173,321,453,12056,
216.1381982150888,87173,320,454,12056,
216.14001509998755,87173,320,453,12057,
216.1482656284915,87173,320,452,12058,
216.15117483651443,87173,319,453,12058,
216.15436826466956,87172,320,453,12058,
216.15767700874628,87171,321,453,12058,
216.15832312141552,87170,322,453,12058,
216.16426023749668,87170,321,454,12058,
216.16802524700512,87169,322,454,12058,
216.18307046467734,87168,323,454,12058,
216.1937519638416,87167,324,454,12058,
216.19935024413195,87166,325,454,12058,
216.20446842400597,87166,324,455,12058,
216.2109019445524,87166,324,454,12059,
216.21109308698243,87166,324,453,12060,
216.2187290373627,87166,324,452,12061,
216.21989413803652,87165,325,452,12061,
216.22118835220326,87165,325,451,12062,
216.22226845994848,87165,324,452,12062,
216.22360153571339,87165,324,451,12063,
216.2260147971306,87164,325,451,12063,
216.23020816356865,87163,326,451,12063,
216.2353214224554,87162,327,451,12063,
216.2461630716658,87162,327,450,12064,
216.2500938991793,87162,327,449,12065,
216.2631016840887,87162,326,450,12065,
216.2639409434549,87162,326,449,12066,
216.26590349738447,87162,325,450,12066,
216.26941564326654,87161,326,450,12066,
216.27314846968446,87161,325,451,12066,
216.27334137847393,87161,324,452,12066,
216.2813944529789,87161,323,453,12066,
216.28519863455136,87160,324,453,12066,
216.28691306944322,87159,325,453,12066,
216.28762899723552,87159,324,454,12066,
216.28927521847547,87159,323,455,12066,
216.29189360280603,87158,324,455,12066,
216.2959058261778,87158,323,456,12066,
216.30168331175315,87158,323,455,12067,
216.30538771458936,87158,323,454,12068,
216.30757640892764,87158,323,453,12069,
216.3153699490292,87158,322,454,12069,
216.3264482744504,87158,321,455,12069,
216.32865064257174,87158,321,454,12070,
216.33043918885406,87157,322,454,12070,
216.3353737340014,87156,323,454,12070,
216.34103518971003,87156,322,455,12070,
216.3495307562069,87156,321,456,12070,
216.35604275338287,87155,322,456,12070,
216.36233413661995,87155,322,455,12071,
216.37086602401033,87155,321,456,12071,
216.38265444851046,87155,321,455,12072,
216.38511158490797,87154,322,455,12072,
216.38757101700725,87154,322,454,12073,
216.400637165512,87154,322,453,12074,
216.40097683272847,87154,321,454,12074,
216.40407894873198,87154,321,453,12075,
216.40878735940103,87153,322,453,12075,
216.41333765568453,87153,322,452,12076,
216.4273612195004,87152,323,452,12076,
216.43341666655456,87152,322,453,12076,
216.43615510881588,87152,322,452,12077,
216.43684676258474,87151,323,452,12077,
216.44515755786819,87151,322,453,12077,
216.44545741754257,87151,322,452,12078,
216.46508999963658,87150,323,452,12078,
216.47302270108176,87150,322,453,12078,
216.47394250173426,87150,322,452,12079,
216.47579828725375,87149,323,452,12079,
216.47923251469712,87149,323,451,12080,
216.48154360100904,87149,322,452,12080,
216.49062659526186,87149,322,451,12081,
216.5036264908952,87148,323,451,12081,
216.50684254624153,87147,324,451,12081,
216.51510515722958,87147,324,450,12082,
216.51945805273022,87147,323,451,12082,
216.5198884559763,87147,322,452,12082,
216.52834501284428,87147,321,453,12082,
216.5310201621239,87147,321,452,12083,
216.5332065236272,87146,322,452,12083,
216.54379694649137,87146,321,453,12083,
216.54728506791244,87146,321,452,12084,
216.55798876610544,87145,322,452,12084,
216.56113741422183,87145,321,453,12084,
216.58124757011515,87145,320,454,12084,
216.58744019439902,87144,321,454,12084,
216.58905546545685,87144,321,453,12085,
216.590455546888,87144,321,452,12086,
216.59252354876983,87144,320,453,12086,
216.61061910318898,87144,319,454,12086,
216.634293677181,87144,318,455,12086,
216.63502644025374,87144,317,456,12086,
216.64023180662895,87143,318,456,12086,
216.64473849092747,87142,319,456,12086,
216.6483351862384,87141,320,456,12086,
216.64885285616603,87140,321,456,12086,
216.65292356071117,87140,320,457,12086,
216.65931916966,87139,321,457,12086,
216.67350738468124,87139,320,458,12086,
216.68531215174085,87138,321,458,12086,
216.68637068981675,87137,322,458,12086,
216.68777542977773,87137,322,457,12087,
216.68918597849833,87136,323,457,12087,
216.69464406654134,87136,322,458,12087,
216.6967256995611,87135,323,458,12087,
216.6982891254901,87135,323,457,12088,
216.7013457248769,87135,323,456,12089,
216.70416163556973,87135,323,455,12090,
216.70670614520083,87135,322,456,12090,
216.71636634936712,87134,323,456,12090,
216.71885896126605,87133,324,456,12090,
216.7228346054914,87133,324,455,12091,
216.72403094415444,87133,323,456,12091,
216.73231658051827,87132,324,456,12091,
216.73353841299618,87132,323,457,12091,
216.73837217541603,87132,322,458,12091,
216.74703847968004,87132,321,459,12091,
216.7674328801859,87131,322,459,12091,
216.76965499347648,87131,322,458,12092,
216.77313841577978,87131,322,457,12093,
216.77871039935982,87130,323,457,12093,
216.78674900271122,87130,323,456,12094,
216.79150724269883,87130,322,457,12094,
216.79314692450478,87130,321,458,12094,
216.79330743029217,87129,322,458,12094,
216.79845062330966,87129,322,457,12095,
216.8061827054286,87128,323,457,12095,
216.8176610114327,87127,324,457,12095,
216.82834846908952,87126,325,457,12095,
216.8285964981046,87126,324,458,12095,
216.84399194038141,87126,323,459,12095,
216.8446651391552,87126,322,460,12095,
216.84849499876037,87125,323,460,12095,
216.85064461991317,87124,324,460,12095,
216.8569574646898,87124,324,459,12096,
216.85809562768216,87124,323,460,12096,
216.86012961642987,87124,322,461,12096,
216.86163498225864,87123,323,461,12096,
216.87012810422527,87122,324,461,12096,
216.88774284011444,87121,325,461,12096,
216.88855723143752,87121,325,460,12097,
216.89316352300537,87120,326,460,12097,
216.90101112270395,87119,327,460,12097,
216.91586049676712,87119,326,461,12097,
216.92169520789716,87119,326,460,12098,
216.92939184308912,87119,325,461,12098,
216.93540530352504,87119,324,462,12098,
216.93916252941355,87118,325,462,12098,
216.94328181967686,87118,324,463,12098,
216.94893848587367,87117,325,463,12098,
216.950235640945,87116,326,463,12098,
216.95805767140342,87115,327,463,12098,
216.96772221365575,87114,328,463,12098,
216.96864146821844,87114,327,464,12098,
216.97941318334227,87114,326,465,12098,
216.9796725884832,87114,325,466,12098,
216.9856236625926,87113,326,466,12098,
216.98610926218186,87113,325,467,12098,
216.98658799708474,87112,326,467,12098,
216.9891346588336,87112,326,466,12099,
217.0005788034492,87111,327,466,12099,
217.0013497642069,87111,326,467,12099,
217.01109990776496,87110,327,467,12099,
217.01494330696025,87109,328,467,12099,
217.0153675667192,87109,328,466,12100,
217.01551688136084,87109,327,467,12100,
217.02400345910794,87109,327,466,12101,
217.02416576362617,87109,326,467,12101,
217.03553570005576,87108,327,467,12101,
217.03720621817004,87107,328,467,12101,
217.05552175231105,87106,329,467,12101,
217.05826562232124,87106,328,468,12101,
217.06233024997098,87106,327,469,12101,
217.06754064243987,87106,327,468,12102,
217.08451753923643,87105,328,468,12102,
217.0857326894763,87104,329,468,12102,
217.08896082954138,87104,328,469,12102,
217.09167921714808,87104,328,468,12103,
217.09756018207062,87103,329,468,12103,
217.1067869423989,87103,328,469,12103,
217.1099568008829,87103,328,468,12104,
217.1134108971756,87102,329,468,12104,
217.11758683411665,87101,330,468,12104,
217.12029396296347,87101,330,467,12105,
217.12979698374363,87100,331,467,12105,
217.13300271244236,87099,332,467,12105,
217.1348848389907,87099,331,468,12105,
217.13995214043052,87099,330,469,12105,
217.14361724575235,87099,330,468,12106,
217.1474027825773,87098,331,468,12106,
217.1509809837901,87098,331,467,12107,
217.154529231212,87097,332,467,12107,
217.1629647068144,87096,333,467,12107,
217.17368943043246,87096,332,468,12107,
217.17749072367158,87096,331,469,12107,
217.18103836130553,87096,331,468,12108,
217.18120591534085,87095,332,468,12108,
217.1838361467526,87095,331,469,12108,
217.1898730787343,87094,332,469,12108,
217.20050279171184,87093,333,469,12108,
217.2048771872408,87092,334,469,12108,
217.20500453325587,87092,333,470,12108,
217.21285436091085,87092,333,469,12109,
217.21752240031552,87092,332,470,12109,
217.21813530992713,87092,331,471,12109,
217.21821564957045,87091,332,471,12109,
217.22038950633416,87091,331,472,12109,
217.22283393236438,87091,331,471,12110,
217.22413485218794,87091,330,472,12110,
217.22745253652056,87090,331,472,12110,
217.2335701453516,87090,330,473,12110,
217.2351553522936,87089,331,473,12110,
217.2370255740521,87088,332,473,12110,
217.24140277917363,87088,331,474,12110,
217.259561617112,87088,331,473,12111,
217.26343211354575,87088,330,474,12111,
217.2655495198041,87087,331,474,12111,
217.26848822351116,87087,330,475,12111,
217.2694313074645,87086,331,475,12111,
217.27297171800365,87085,332,475,12111,
217.27335613747027,87085,331,476,12111,
217.2819288132373,87085,331,475,12112,
217.2979230532125,87084,332,475,12112,
217.30848869809043,87084,331,476,12112,
217.3111072473138,87084,330,477,12112,
217.31441902946742,87083,331,477,12112,
217.31510803485688,87082,332,477,12112,
217.3193553841099,87082,332,476,12113,
217.33531968946158,87082,331,477,12113,
217.3357095680319,87081,332,477,12113,
217.33618115143298,87080,333,477,12113,
217.3437140622688,87079,334,477,12113,
217.3513834600586,87079,334,476,12114,
217.35747285345354,87078,335,476,12114,
217.36595429069672,87078,334,477,12114,
217.37527757302806,87077,335,477,12114,
217.38152466110174,87076,336,477,12114,
217.38413985228914,87076,335,478,12114,
217.38962553923233,87076,335,477,12115,
217.38989069581982,87075,336,477,12115,
217.39811398354198,87075,336,476,12116,
217.40719647525233,87075,336,475,12117,
217.4151138176494,87074,337,475,12117,
217.41694492718256,87074,336,476,12117,
217.41802364165827,87074,335,477,12117,
217.41857057051737,87074,334,478,12117,
217.41972105160173,87074,333,479,12117,
217.41984041906753,87073,334,479,12117,
217.42387638164942,87072,335,479,12117,
217.42487344385435,87072,335,478,12118,
217.43195424985788,87071,336,478,12118,
217.43566953937247,87071,335,479,12118,
217.44502503436033,87070,336,479,12118,
217.45140364109358,87069,337,479,12118,
217.45334638192296,87069,336,480,12118,
217.45402970156746,87068,337,480,12118,
217.4580052102442,87067,338,480,12118,
217.4637460936038,87066,339,480,12118,
217.46904472454298,87066,338,481,12118,
217.47218392307934,87066,338,480,12119,
217.4742246854289,87065,339,480,12119,
217.47797195157844,87065,338,481,12119,
217.47979705644994,87065,337,482,12119,
217.49094218125296,87065,337,481,12120,
217.49512072949852,87065,337,480,12121,
217.49585879168072,87064,338,480,12121,
217.49713834568092,87063,339,480,12121,
217.51681944438906,87063,339,479,12122,
217.5238546741902,87063,338,480,12122,
217.52691527565554,87063,338,479,12123,
217.52706436754318,87063,338,478,12124,
217.53905980075388,87063,337,479,12124,
217.54016162652778,87063,337,478,12125,
217.5673358901601,87062,338,478,12125,
217.56774698502548,87062,338,477,12126,
217.5678307093018,87062,338,476,12127,
217.5780704089485,87062,337,477,12127,
217.57973027859396,87061,338,477,12127,
217.58270284654705,87060,339,477,12127,
217.58889057145765,87060,339,476,12128,
217.59362187030692,87059,340,476,12128,
217.5955341306866,87058,341,476,12128,
217.59884131659956,87058,340,477,12128,
217.60251534174841,87058,339,478,12128,
217.60428123437165,87058,338,479,12128,
217.61002930253966,87057,339,479,12128,
217.61036099933273,87056,340,479,12128,
217.61254733922104,87055,341,479,12128,
217.61343331276325,87054,342,479,12128,
217.61766728121452,87053,343,479,12128,
217.62463118527825,87053,343,478,12129,
217.62484933384889,87053,342,479,12129,
217.6251917328033,87052,343,479,12129,
217.6271789390695,87052,343,478,12130,
217.6286468259483,87051,344,478,12130,
217.62925882202694,87050,345,478,12130,
217.63266324844034,87049,346,478,12130,
217.63383453456834,87049,345,479,12130,
217.63657133466538,87048,346,479,12130,
217.63816886630715,87047,347,479,12130,
217.65638122776647,87047,347,478,12131,
217.65786671133054,87046,348,478,12131,
217.66055694725608,87046,347,479,12131,
217.66473771298652,87046,347,478,12132,
217.66486020309657,87046,346,479,12132,
217.67310298505515,87046,346,478,12133,
217.67560969223237,87045,347,478,12133,
217.67630338826564,87044,348,478,12133,
217.6783595721699,87043,349,478,12133,
217.68001927248002,87042,350,478,12133,
217.68325325817142,87041,351,478,12133,
217.6856074121877,87041,351,477,12134,
217.6868242103498,87041,351,476,12135,
217.68822181042066,87041,350,477,12135,
217.6925159636355,87041,350,476,12136,
217.69301850008745,87040,351,476,12136,
217.69850750822997,87040,350,477,12136,
217.70032002789,87039,351,477,12136,
217.71106324205007,87038,352,477,12136,
217.7115262323641,87038,352,476,12137,
217.7169107128817,87037,353,476,12137,
217.7195067287476,87037,352,477,12137,
217.7255596476051,87036,353,477,12137,
217.7258459614925,87036,353,476,12138,
217.7262762427052,87035,354,476,12138,
217.72840871930543,87035,353,477,12138,
217.73990921651114,87035,353,476,12139,
217.74069283200174,87035,353,475,12140,
217.74926561558354,87035,352,476,12140,
217.75614249042079,87034,353,476,12140,
217.7586517437287,87034,352,477,12140,
217.7716681031209,87034,351,478,12140,
217.77996812881474,87034,351,477,12141,
217.78043066003335,87034,351,476,12142,
217.80288631192042,87034,351,475,12143,
217.80537114255927,87033,352,475,12143,
217.80681693345235,87033,352,474,12144,
217.82895850448023,87032,353,474,12144,
217.83100456232282,87032,352,475,12144,
217.83233873468836,87032,351,476,12144,
217.83946562825287,87031,352,476,12144,
217.854643015453,87031,352,475,12145,
217.8558456591772,87031,351,476,12145,
217.8624900583019,87031,351,475,12146,
217.86871775642481,87030,352,475,12146,
217.87206356161798,87029,353,475,12146,
217.87225999710915,87028,354,475,12146,
217.87326507593812,87027,355,475,12146,
217.8849439834547,87026,356,475,12146,
217.88587393361402,87026,356,474,12147,
217.88941623558944,87026,355,475,12147,
217.8931016959005,87026,354,476,12147,
217.89466994447992,87026,353,477,12147,
217.89605750755578,87026,353,476,12148,
217.9157725609594,87026,352,477,12148,
217.91579829291152,87026,351,478,12148,
217.92507928192123,87025,352,478,12148,
217.92532334671677,87024,353,478,12148,
217.9258201452933,87024,352,479,12148,
217.92928652004832,87024,351,480,12148,
217.93095592628646,87024,350,481,12148,
217.93892615361878,87024,349,482,12148,
217.9405505173943,87024,349,481,12149,
217.9418423501941,87024,349,480,12150,
217.95374049767693,87024,348,481,12150,
217.95738117586308,87023,349,481,12150,
217.96202392468078,87022,350,481,12150,
217.96784414381722,87021,351,481,12150,
217.96816723376617,87021,351,480,12151,
217.97524589975,87020,352,480,12151,
217.98072749168145,87019,353,480,12151,
217.9883873239622,87018,354,480,12151,
217.98863139626,87017,355,480,12151,
217.99717545407682,87017,354,481,12151,
217.99748610744058,87017,353,482,12151,
218.01095120696462,87017,352,483,12151,
218.01155007712867,87016,353,483,12151,
218.01470051167124,87016,353,482,12152,
218.01778645960079,87015,354,482,12152,
218.0180249543373,87014,355,482,12152,
218.02343905654328,87014,354,483,12152,
218.02947841404819,87014,354,482,12153,
218.03059708897683,87014,353,483,12153,
218.03195921078537,87014,352,484,12153,
218.03986541497514,87013,353,484,12153,
218.04718722710604,87012,354,484,12153,
218.05255353645344,87012,353,485,12153,
218.05367587829352,87012,352,486,12153,
218.06045568503947,87012,352,485,12154,
218.06828636360774,87012,352,484,12155,
218.06862109474457,87011,353,484,12155,
218.07058382452033,87011,353,483,12156,
218.07211844749767,87010,354,483,12156,
218.07314410287069,87010,353,484,12156,
218.07446107881233,87009,354,484,12156,
218.0803175199615,87009,353,485,12156,
218.08047825860604,87009,352,486,12156,
218.08678471549536,87009,352,485,12157,
218.0978742241722,87009,351,486,12157,
218.09872445953332,87008,352,486,12157,
218.10442398942482,87008,351,487,12157,
218.10848219387873,87008,350,488,12157,
218.11093512881703,87007,351,488,12157,
218.1168197361681,87007,351,487,12158,
218.1266324987761,87006,352,487,12158,
218.12987379078763,87005,353,487,12158,
218.13495994875652,87005,352,488,12158,
218.13671308791842,87005,351,489,12158,
218.14037627730107,87004,352,489,12158,
218.14341926233377,87004,351,490,12158,
218.1478407813297,87003,352,490,12158,
218.15486897139348,87003,351,491,12158,
218.1617907505317,87003,351,490,12159,
218.16378625893873,87003,351,489,12160,
218.1685721406194,87003,351,488,12161,
218.17494625671796,87002,352,488,12161,
218.1800213708058,87002,352,487,12162,
218.18301328880605,87002,351,488,12162,
218.18389721375377,87002,351,487,12163,
218.1869882678272,87002,350,488,12163,
218.19073006358056,87002,349,489,12163,
218.19076735047366,87002,348,490,12163,
218.19131848796854,87002,348,489,12164,
218.19143245265911,87002,348,488,12165,
218.19254322553752,87002,347,489,12165,
218.19405291348394,87001,348,489,12165,
218.1979959732569,87000,349,489,12165,
218.2002040839585,86999,350,489,12165,
218.20343493718354,86998,351,489,12165,
218.2048794412291,86998,351,488,12166,
218.20664932855763,86998,351,487,12167,
218.2212581564395,86997,352,487,12167,
218.22615378367024,86997,352,486,12168,
218.22660385419178,86997,352,485,12169,
218.2353573476798,86996,353,485,12169,
218.23885094918705,86996,352,486,12169,
218.23924917870195,86995,353,486,12169,
218.24670658495617,86994,354,486,12169,
218.25488449377772,86993,355,486,12169,
218.2552566627546,86993,355,485,12170,
218.26507059480076,86993,354,486,12170,
218.26792857555668,86992,355,486,12170,
218.27353609001267,86991,356,486,12170,
218.27430619399172,86991,355,487,12170,
218.27435199181494,86990,356,487,12170,
218.27888027829496,86990,355,488,12170,
218.28030431124117,86990,355,487,12171,
218.2863432303136,86990,355,486,12172,
218.294372239191,86990,355,485,12173,
218.29609328987354,86990,355,484,12174,
218.30055601156502,86989,356,484,12174,
218.30097238004296,86989,355,485,12174,
218.30249408446144,86989,354,486,12174,
218.31309345637675,86988,355,486,12174,
218.32335143529465,86988,354,487,12174,
218.32474668563253,86987,355,487,12174,
218.32950515805575,86987,354,488,12174,
218.33012179036825,86987,353,489,12174,
218.33166698792147,86987,353,488,12175,
218.3325476177005,86987,352,489,12175,
218.33890519961528,86987,352,488,12176,
218.34023251327062,86986,353,488,12176,
218.34558821350535,86985,354,488,12176,
218.3465509477152,86984,355,488,12176,
218.34983047470328,86984,355,487,12177,
218.35283923091163,86983,356,487,12177,
218.35659377005652,86983,356,486,12178,
218.3589517857433,86983,356,485,12179,
218.36326879749433,86983,356,484,12180,
218.36331267056912,86982,357,484,12180,
218.36812847356475,86982,357,483,12181,
218.36868354171358,86982,357,482,12182,
218.37380325050142,86982,357,481,12183,
218.37626115330164,86981,358,481,12183,
218.38552942539886,86980,359,481,12183,
218.3873548539749,86980,359,480,12184,
218.39070849969718,86980,359,479,12185,
218.39248321782034,86980,359,478,12186,
218.39576435623476,86979,360,478,12186,
218.39650198505734,86979,359,479,12186,
218.39948911634448,86978,360,479,12186,
218.4084588029935,86977,361,479,12186,
218.4101579320284,86977,361,478,12187,
218.41699697316525,86976,362,478,12187,
218.4173939182048,86976,362,477,12188,
218.4213569175079,86976,362,476,12189,
218.42306790087724,86975,363,476,12189,
218.43774661391066,86975,362,477,12189,
218.44059462566753,86974,363,477,12189,
218.46214913903802,86973,364,477,12189,
218.46818433046377,86972,365,477,12189,
218.47390358095527,86971,366,477,12189,
218.47868707656212,86970,367,477,12189,
218.4796468171994,86970,367,476,12190,
218.48150725379793,86970,367,475,12191,
218.48391312478066,86970,367,474,12192,
218.48567960558523,86969,368,474,12192,
218.49858559833532,86969,367,475,12192,
218.4986375313433,86969,367,474,12193,
218.5062213357069,86969,367,473,12194,
218.51082026049446,86969,366,474,12194,
218.51474430212173,86968,367,474,12194,
218.51859650599516,86968,366,475,12194,
218.5190475789562,86968,366,474,12195,
218.52714098046118,86968,366,473,12196,
218.52986931586062,86967,367,473,12196,
218.53315178061507,86967,366,474,12196,
218.54527072530945,86967,366,473,12197,
218.54681609306323,86967,365,474,12197,
218.5508030939738,86967,364,475,12197,
218.55107140612583,86967,363,476,12197,
218.56028166145367,86967,362,477,12197,
218.5616696718786,86966,363,477,12197,
218.57336196682377,86966,362,478,12197,
218.57696447645316,86966,362,477,12198,
218.59018212606074,86965,363,477,12198,
218.59122628377725,86965,363,476,12199,
218.5948724412474,86964,364,476,12199,
218.60243971225512,86963,365,476,12199,
218.6066772533077,86963,365,475,12200,
218.6132242177111,86962,366,475,12200,
218.62506604277655,86962,366,474,12201,
218.6322265258207,86962,365,475,12201,
218.63862077287706,86962,364,476,12201,
218.63916350903617,86962,363,477,12201,
218.63935311750456,86962,362,478,12201,
218.64198722541977,86962,362,477,12202,
218.65456198576268,86962,361,478,12202,
218.65707538604764,86962,360,479,12202,
218.66426715470942,86962,359,480,12202,
218.66591725269814,86961,360,480,12202,
218.66677183323844,86960,361,480,12202,
218.6756434032179,86960,360,481,12202,
218.68155297508522,86959,361,481,12202,
218.6833143656307,86959,361,480,12203,
218.70339248255013,86958,362,480,12203,
218.70574504007095,86957,363,480,12203,
218.70623519536525,86957,362,481,12203,
218.71085998429515,86957,361,482,12203,
218.7188340656853,86957,360,483,12203,
218.72144199684018,86957,359,484,12203,
218.7243961649881,86956,360,484,12203,
218.73007860967036,86956,359,485,12203,
218.73612433782716,86955,360,485,12203,
218.75602955108266,86954,361,485,12203,
218.75723638297134,86954,361,484,12204,
218.75885735457558,86954,361,483,12205,
218.76636132804546,86954,360,484,12205,
218.76783137634186,86954,359,485,12205,
218.7688968481394,86954,359,484,12206,
218.7700797943934,86953,360,484,12206,
218.7710145116211,86952,361,484,12206,
218.77234251059468,86951,362,484,12206,
218.78789349649122,86951,361,485,12206,
218.78983083007273,86951,361,484,12207,
218.79145172660714,86950,362,484,12207,
218.7920428716065,86950,361,485,12207,
218.79910133521778,86950,360,486,12207,
218.79990695187928,86949,361,486,12207,
218.80132599271485,86948,362,486,12207,
218.81425202468165,86948,361,487,12207,
218.81630073195905,86948,360,488,12207,
218.8216393121327,86948,359,489,12207,
218.83119028779075,86948,358,490,12207,
218.83173298984525,86948,357,491,12207,
218.835774139224,86948,356,492,12207,
218.85144191112985,86948,356,491,12208,
218.85864602201883,86948,355,492,12208,
218.85885690307725,86948,355,491,12209,
218.8678696525749,86948,355,490,12210,
218.86945492054804,86948,354,491,12210,
218.87055599182918,86948,353,492,12210,
218.8708152731591,86948,352,493,12210,
218.8773211118391,86948,351,494,12210,
218.8790543104481,86948,350,495,12210,
218.88008098227587,86948,350,494,12211,
218.88422202482215,86948,350,493,12212,
218.89426167371622,86947,351,493,12212,
218.90288135940673,86947,350,494,12212,
218.90331393556087,86947,349,495,12212,
218.9033534897479,86946,350,495,12212,
218.9082861109478,86946,350,494,12213,
218.91499681554345,86945,351,494,12213,
218.91527321608072,86945,350,495,12213,
218.9155334381133,86944,351,495,12213,
218.91845891874775,86944,350,496,12213,
218.92194151742532,86943,351,496,12213,
218.9243885823937,86942,352,496,12213,
218.92495196809514,86942,352,495,12214,
218.93601286954018,86942,351,496,12214,
218.94550493298814,86941,352,496,12214,
218.9494749305665,86940,353,496,12214,
218.951766606851,86940,352,497,12214,
218.9570622186425,86939,353,497,12214,
218.95758840919703,86938,354,497,12214,
218.959971665511,86938,354,496,12215,
218.9653585955251,86937,355,496,12215,
218.96597941574868,86937,354,497,12215,
218.9678003082913,86936,355,497,12215,
218.97828835349188,86936,355,496,12216,
218.98400203165755,86936,354,497,12216,
219.0056197038768,86936,353,498,12216,
219.01754187477385,86935,354,498,12216,
219.02104824468833,86935,353,499,12216,
219.02797084842354,86935,352,500,12216,
219.03814453961073,86934,353,500,12216,
219.03817377741737,86933,354,500,12216,
219.03877820851787,86932,355,500,12216,
219.04221515675977,86932,354,501,12216,
219.05419331752094,86932,353,502,12216,
219.05583484356825,86932,353,501,12217,
219.05947077702683,86932,352,502,12217,
219.06196636260822,86932,351,503,12217,
219.06816506924258,86932,351,502,12218,
219.07580989137705,86932,350,503,12218,
219.07722926343226,86932,349,504,12218,
219.0916206404109,86932,348,505,12218,
219.0953839829963,86932,347,506,12218,
219.10541580771687,86932,346,507,12218,
219.10570749247913,86931,347,507,12218,
219.10577123892764,86931,347,506,12219,
219.12290638120206,86930,348,506,12219,
219.1242809727627,86930,348,505,12220,
219.12512787321876,86930,348,504,12221,
219.12859624451693,86930,348,503,12222,
219.13150173260476,86929,349,503,12222,
219.13155326363903,86929,349,502,12223,
219.13342415374814,86929,348,503,12223,
219.1425702584614,86929,348,502,12224,
219.14406262698643,86928,349,502,12224,
219.1527619835281,86927,350,502,12224,
219.15756891750502,86927,350,501,12225,
219.16602231510655,86927,350,500,12226,
219.16610532347843,86927,349,501,12226,
219.17554797077503,86926,350,501,12226,
219.18187135783703,86926,349,502,12226,
219.21401691563426,86925,350,502,12226,
219.21460194778123,86925,350,501,12227,
219.22610611204271,86925,349,502,12227,
219.22916092189408,86925,349,501,12228,
219.2377564975162,86925,348,502,12228,
219.2412625056219,86924,349,502,12228,
219.24590810305895,86924,349,501,12229,
219.24997576421748,86924,348,502,12229,
219.25631850291586,86924,348,501,12230,
219.25963867167698,86923,349,501,12230,
219.25994871479043,86923,348,502,12230,
219.2615802581736,86923,348,501,12231,
219.27036875863956,86923,347,502,12231,
219.27444162064393,86923,346,503,12231,
219.27833434794655,86923,346,502,12232,
219.28749727778316,86923,345,503,12232,
219.2904259967968,86922,346,503,12232,
219.3159396579414,86921,347,503,12232,
219.32422174152663,86921,346,504,12232,
219.3256883783126,86921,346,503,12233,
219.32990842331645,86920,347,503,12233,
219.33416015514217,86919,348,503,12233,
219.34066587120688,86919,347,504,12233,
219.3534566213701,86918,348,504,12233,
219.35951678031148,86918,347,505,12233,
219.3630448756221,86918,347,504,12234,
219.36659564465725,86918,347,503,12235,
219.36672199832617,86918,346,504,12235,
219.36917873051914,86918,346,503,12236,
219.3727580463294,86917,347,503,12236,
219.37775717533492,86917,347,502,12237,
219.383412213084,86917,347,501,12238,
219.38372095978045,86917,346,502,12238,
219.39187124187677,86917,345,503,12238,
219.39239210504928,86916,346,503,12238,
219.3935507202941,86916,346,502,12239,
219.3961266713685,86915,347,502,12239,
219.39648958164997,86915,347,501,12240,
219.39754484425868,86914,348,501,12240,
219.39883490357653,86913,349,501,12240,
219.4011395075998,86913,349,500,12241,
219.40146316987276,86913,349,499,12242,
219.40158338420028,86913,348,500,12242,
219.40492654962443,86913,347,501,12242,
219.4072456437035,86912,348,501,12242,
219.40894110084517,86911,349,501,12242,
219.41149124552993,86910,350,501,12242,
219.41288153080754,86910,350,500,12243,
219.4225292391878,86909,351,500,12243,
219.42825856052497,86909,351,499,12244,
219.42917487031787,86908,352,499,12244,
219.4337471909523,86907,353,499,12244,
219.43400725108324,86907,352,500,12244,
219.44353938289152,86906,353,500,12244,
219.44620271924478,86906,353,499,12245,
219.44785940212893,86905,354,499,12245,
219.453300206784,86904,355,499,12245,
219.45423618754126,86904,354,500,12245,
219.47330522732906,86904,353,501,12245,
219.4814387304971,86903,354,501,12245,
219.48470977742528,86903,354,500,12246,
219.4964132576255,86903,354,499,12247,
219.4982235817689,86903,354,498,12248,
219.49964137392982,86903,353,499,12248,
219.50163333709452,86902,354,499,12248,
219.5050914010444,86902,354,498,12249,
219.51155005764718,86901,355,498,12249,
219.51651404764561,86900,356,498,12249,
219.53261663724092,86900,356,497,12250,
219.53967443660164,86899,357,497,12250,
219.54058434274725,86899,357,496,12251,
219.54342574146256,86898,358,496,12251,
219.54486163757852,86897,359,496,12251,
219.54788678257236,86897,358,497,12251,
219.55481403708472,86897,358,496,12252,
219.55937212151395,86897,357,497,12252,
219.57323793114415,86896,358,497,12252,
219.5806897555136,86895,359,497,12252,
219.58423853012044,86895,358,498,12252,
219.58943648228095,86895,358,497,12253,
219.5959926861859,86895,358,496,12254,
219.60871662929438,86895,358,495,12255,
219.6115512433213,86895,358,494,12256,
219.6152021811173,86895,357,495,12256,
219.6170874131489,86894,358,495,12256,
219.61784292687165,86894,357,496,12256,
219.62155422518174,86893,358,496,12256,
219.6371951923935,86893,357,497,12256,
219.64547231866385,86893,356,498,12256,
219.64698721669095,86893,356,497,12257,
219.64723015870678,86893,355,498,12257,
219.65943977572067,86892,356,498,12257,
219.6649117060664,86892,355,499,12257,
219.66685943947073,86892,354,500,12257,
219.66920346883308,86891,355,500,12257,
219.66930150205155,86890,356,500,12257,
219.67040169232897,86890,355,501,12257,
219.67532357661435,86889,356,501,12257,
219.6761137414324,86889,355,502,12257,
219.67760346489288,86889,355,501,12258,
219.6801542986459,86888,356,501,12258,
219.68596053473465,86887,357,501,12258,
219.69887579248328,86887,356,502,12258,
219.70211811308468,86886,357,502,12258,
219.70481004937983,86886,357,501,12259,
219.7072006734283,86886,357,500,12260,
219.70997574222005,86885,358,500,12260,
219.72430173742856,86885,358,499,12261,
219.7261121920449,86885,358,498,12262,
219.73069148644552,86885,357,499,12262,
219.7343314194258,86885,356,500,12262,
219.73987000337428,86885,356,499,12263,
219.74065558617943,86884,357,499,12263,
219.75481773478552,86883,358,499,12263,
219.757273336424,86883,358,498,12264,
219.76154064700592,86882,359,498,12264,
219.76546569945376,86881,360,498,12264,
219.77117140630773,86881,359,499,12264,
219.77324972440593,86880,360,499,12264,
219.78231660811377,86880,360,498,12265,
219.78794210587446,86880,359,499,12265,
219.78801883178696,86880,359,498,12266,
219.79116125392358,86879,360,498,12266,
219.79381645816278,86879,359,499,12266,
219.80495742494406,86879,359,498,12267,
219.80663306515083,86878,360,498,12267,
219.81014456214942,86877,361,498,12267,
219.81661069993905,86876,362,498,12267,
219.82012366954805,86875,363,498,12267,
219.8216974745854,86875,363,497,12268,
219.82314666108581,86874,364,497,12268,
219.8310372401652,86873,365,497,12268,
219.83685702549914,86873,365,496,12269,
219.86024375816393,86872,366,496,12269,
219.87101973682567,86872,366,495,12270,
219.87317125455465,86872,365,496,12270,
219.87686007928716,86872,365,495,12271,
219.88528359454452,86871,366,495,12271,
219.8863110319266,86871,366,494,12272,
219.89036835749064,86871,365,495,12272,
219.896914000644,86871,365,494,12273,
219.89854613461097,86870,366,494,12273,
219.90091213933908,86870,365,495,12273,
219.9064923584086,86870,364,496,12273,
219.9112108549852,86870,363,497,12273,
219.91231503428364,86870,363,496,12274,
219.91417977628072,86869,364,496,12274,
219.91473572269612,86869,364,495,12275,
219.9158577004814,86869,363,496,12275,
219.9180173150812,86868,364,496,12275,
219.9200412896728,86867,365,496,12275,
219.922808593811,86867,365,495,12276,
219.93965824040137,86867,365,494,12277,
219.94341326892692,86867,364,495,12277,
219.95097044400634,86867,363,496,12277,
219.9607027838446,86866,364,496,12277,
219.97295969320396,86865,365,496,12277,
219.9759505068956,86865,364,497,12277,
219.97907221343183,86864,365,497,12277,
219.98323950739018,86864,365,496,12278,
219.98369523351968,86863,366,496,12278,
219.98674219820614,86863,366,495,12279,
219.98736756039614,86862,367,495,12279,
219.99642077401273,86861,368,495,12279,
219.99778099540998,86860,369,495,12279,
219.99869006940565,86859,370,495,12279,
219.99888332530594,86859,369,496,12279,
220.00042563777754,86859,368,497,12279,
220.00836478845156,86859,367,498,12279,
220.02817148028046,86858,368,498,12279,
220.02943718046578,86857,369,498,12279,
220.03718801778984,86856,370,498,12279,
220.03753635472506,86855,371,498,12279,
220.03851515676652,86854,372,498,12279,
220.03912889644585,86854,372,497,12280,
220.04002800482832,86854,372,496,12281,
220.04624182135763,86854,371,497,12281,
220.06354632267542,86853,372,497,12281,
220.06848571425834,86852,373,497,12281,
220.07322476447152,86852,373,496,12282,
220.07486375129093,86852,372,497,12282,
220.0772017149185,86851,373,497,12282,
220.08282198945264,86851,372,498,12282,
220.0859764037369,86850,373,498,12282,
220.08859439931902,86850,372,499,12282,
220.09012043339635,86850,371,500,12282,
220.09034964254846,86850,371,499,12283,
220.0946724798898,86849,372,499,12283,
220.09756248448818,86849,372,498,12284,
220.10570106976786,86849,371,499,12284,
220.10864168222483,86849,370,500,12284,
220.10943017438026,86849,370,499,12285,
220.12893021632468,86849,370,498,12286,
220.1365774530509,86848,371,498,12286,
220.13912440318632,86847,372,498,12286,
220.15181979894317,86847,372,497,12287,
220.15250365847052,86847,371,498,12287,
220.15636031211054,86847,370,499,12287,
220.16145862312163,86847,369,500,12287,
220.16438544121604,86847,369,499,12288,
220.18716762631044,86846,370,499,12288,
220.18958832016625,86845,371,499,12288,
220.19115035990498,86845,370,500,12288,
220.19299139223378,86844,371,500,12288,
220.19432070557949,86843,372,500,12288,
220.1953582715012,86843,372,499,12289,
220.19617290154702,86842,373,499,12289,
220.2023623914316,86841,374,499,12289,
220.20474227513947,86841,373,500,12289,
220.2080641396085,86841,373,499,12290,
220.21464041098085,86841,372,500,12290,
220.21627467080873,86841,372,499,12291,
220.22072668516347,86841,371,500,12291,
220.22529492816392,86841,370,501,12291,
220.23067500236453,86840,371,501,12291,
220.235464167538,86839,372,501,12291,
220.24223131560518,86838,373,501,12291,
220.24454345431383,86837,374,501,12291,
220.24720847777337,86836,375,501,12291,
220.24784656461813,86835,376,501,12291,
220.25855709786944,86835,375,502,12291,
220.26762474026623,86835,374,503,12291,
220.26773576520858,86834,375,503,12291,
220.2730825414211,86834,374,504,12291,
220.27816761872725,86834,373,505,12291,
220.28119225470124,86834,373,504,12292,
220.29044731988884,86834,372,505,12292,
220.29168179903033,86834,371,506,12292,
220.29847396894763,86834,371,505,12293,
220.2992133556287,86834,370,506,12293,
220.30207859582708,86833,371,506,12293,
220.30307004360102,86833,371,505,12294,
220.3041843422265,86832,372,505,12294,
220.30519427429704,86832,371,506,12294,
220.31131898425485,86832,370,507,12294,
220.3141338752804,86832,370,506,12295,
220.32057367745367,86832,369,507,12295,
220.32164481524086,86832,368,508,12295,
220.32260296519993,86832,368,507,12296,
220.32351645511687,86832,367,508,12296,
220.32802984654515,86832,367,507,12297,
220.33564610184672,86831,368,507,12297,
220.33649914276566,86830,369,507,12297,
220.33940860249078,86829,370,507,12297,
220.3536788290316,86829,369,508,12297,
220.3566664383975,86829,368,509,12297,
220.369009673503,86829,367,510,12297,
220.37227762431527,86829,367,509,12298,
220.3729544583783,86828,368,509,12298,
220.38681773062092,86827,369,509,12298,
220.3889365956463,86827,368,510,12298,
220.4021691510974,86826,369,510,12298,
220.4174412583338,86826,369,509,12299,
220.41895946065358,86825,370,509,12299,
220.42886576726693,86825,369,510,12299,
220.45238908647366,86825,368,511,12299,
220.46031008087647,86825,368,510,12300,
220.46417878049664,86824,369,510,12300,
220.47199455377523,86824,369,509,12301,
220.47204740855958,86824,368,510,12301,
220.47245629898046,86823,369,510,12301,
220.47307545747663,86823,368,511,12301,
220.47497702797034,86823,367,512,12301,
220.4871198200625,86823,367,511,12302,
220.49140089577315,86822,368,511,12302,
220.49873668402267,86821,369,511,12302,
220.5074526999946,86820,370,511,12302,
220.50779504456898,86819,371,511,12302,
220.5093657928419,86819,371,510,12303,
220.51055931827,86818,372,510,12303,
220.5105925013325,86818,372,509,12304,
220.51067432618342,86817,373,509,12304,
220.51999484538575,86817,373,508,12305,
220.52783971769668,86817,372,509,12305,
220.52822913769057,86816,373,509,12305,
220.53013128006353,86816,373,508,12306,
220.53076966147978,86816,372,509,12306,
220.53128585720336,86816,372,508,12307,
220.53272083427703,86816,372,507,12308,
220.53705290834372,86816,372,506,12309,
220.53841829441154,86815,373,506,12309,
220.54075159773177,86814,374,506,12309,
220.5419662825866,86814,373,507,12309,
220.55000862141677,86814,372,508,12309,
220.5525691663611,86814,371,509,12309,
220.55259958184666,86813,372,509,12309,
220.55290609795182,86813,372,508,12310,
220.55362827706318,86813,372,507,12311,
220.55559560826936,86813,371,508,12311,
220.56895984256766,86813,370,509,12311,
220.57117215877835,86812,371,509,12311,
220.57297137305693,86811,372,509,12311,
220.58100268426455,86811,372,508,12312,
220.5815801429772,86811,371,509,12312,
220.5901104624269,86810,372,509,12312,
220.5907833617492,86810,372,508,12313,
220.59590586475068,86810,372,507,12314,
220.59884355180955,86809,373,507,12314,
220.5991169843986,86808,374,507,12314,
220.6012180171085,86808,373,508,12314,
220.60879678361178,86807,374,508,12314,
220.6102332789504,86806,375,508,12314,
220.6145572642498,86805,376,508,12314,
220.6170711002663,86804,377,508,12314,
220.62619715889866,86803,378,508,12314,
220.6378888411558,86803,378,507,12315,
220.6427477194584,86802,379,507,12315,
220.64430128198305,86801,380,507,12315,
220.64790906046355,86801,379,508,12315,
220.6599167309193,86800,380,508,12315,
220.6662103433383,86799,381,508,12315,
220.671060272322,86799,380,509,12315,
220.6776690199547,86798,381,509,12315,
220.6853773088233,86797,382,509,12315,
220.69497737807643,86796,383,509,12315,
220.6980688792693,86796,383,508,12316,
220.69813213495416,86796,382,509,12316,
220.69882702658515,86796,382,508,12317,
220.69915649558126,86796,382,507,12318,
220.70306181822644,86796,381,508,12318,
220.7085701356737,86796,380,509,12318,
220.70938589405523,86795,381,509,12318,
220.71037926290222,86795,381,508,12319,
220.71580951525635,86795,381,507,12320,
220.71802264848841,86794,382,507,12320,
220.7232159460336,86793,383,507,12320,
220.72391783300296,86793,382,508,12320,
220.7273009254888,86793,382,507,12321,
220.7352722818497,86793,381,508,12321,
220.75320014861336,86793,381,507,12322,
220.76087938100426,86793,381,506,12323,
220.7644587214271,86793,381,505,12324,
220.76727017040741,86793,381,504,12325,
220.76837406150344,86792,382,504,12325,
220.77330497724336,86791,383,504,12325,
220.77560203897107,86791,382,505,12325,
220.77791014893123,86791,381,506,12325,
220.7789238457383,86790,382,506,12325,
220.78125222323294,86790,381,507,12325,
220.79606078908168,86790,381,506,12326,
220.79832815007308,86790,380,507,12326,
220.8071055866185,86790,379,508,12326,
220.81275950991528,86790,378,509,12326,
220.8161491288036,86789,379,509,12326,
220.822579326097,86789,378,510,12326,
220.84297324946175,86789,378,509,12327,
220.8437421746323,86789,378,508,12328,
220.8439815659057,86788,379,508,12328,
220.8515673982537,86787,380,508,12328,
220.85479216605427,86786,381,508,12328,
220.85742373140297,86785,382,508,12328,
220.85824188906037,86785,381,509,12328,
220.8915199496458,86784,382,509,12328,
220.9034168295546,86784,381,510,12328,
220.90446182374635,86784,380,511,12328,
220.9071016595497,86783,381,511,12328,
220.9080779393155,86783,381,510,12329,
220.91192696905057,86783,381,509,12330,
220.91695294089726,86783,380,510,12330,
220.91760842727714,86783,379,511,12330,
220.91867784123366,86783,379,510,12331,
220.91976399991648,86782,380,510,12331,
220.92406331705286,86781,381,510,12331,
220.92934897552428,86781,380,511,12331,
220.93560139715026,86781,380,510,12332,
220.94889167575002,86780,381,510,12332,
220.9506318255046,86780,381,509,12333,
220.95388208870074,86780,381,508,12334,
220.9613343263625,86780,381,507,12335,
220.96134820321635,86780,381,506,12336,
220.96137912071487,86780,380,507,12336,
220.96287024582386,86780,380,506,12337,
220.96774558138029,86779,381,506,12337,
220.97128057959642,86779,380,507,12337,
220.9727253348295,86778,381,507,12337,
220.97348485718882,86778,380,508,12337,
220.97881049544793,86777,381,508,12337,
220.98585748089027,86776,382,508,12337,
220.99628386648868,86775,383,508,12337,
221.0114036117576,86775,383,507,12338,
221.01490597467009,86775,382,508,12338,
221.01561137256803,86775,381,509,12338,
221.0277878727137,86775,381,508,12339,
221.03828564953648,86775,381,507,12340,
221.03885662869237,86775,381,506,12341,
221.03889183973837,86775,381,505,12342,
221.03972506643353,86774,382,505,12342,
221.04339825308173,86773,383,505,12342,
221.046091444618,86772,384,505,12342,
221.04775653063885,86771,385,505,12342,
221.04884370383678,86771,385,504,12343,
221.04899777752723,86771,384,505,12343,
221.05593859397874,86771,384,504,12344,
221.05680055988884,86771,384,503,12345,
221.0579992941031,86771,384,502,12346,
221.0591837621382,86771,383,503,12346,
221.07956049205842,86771,382,504,12346,
221.08293786271255,86771,381,505,12346,
221.0860954535271,86771,381,504,12347,
221.088387490958,86771,381,503,12348,
221.09000887333735,86770,382,503,12348,
221.0907507691167,86770,381,504,12348,
221.09226877598743,86770,381,503,12349,
221.09394011549875,86770,380,504,12349,
221.09553919673704,86770,379,505,12349,
221.09913239078446,86770,379,504,12350,
221.10052484737298,86770,378,505,12350,
221.10241657630192,86770,377,506,12350,
221.10244829439193,86769,378,506,12350,
221.10801481052306,86769,378,505,12351,
221.1080165424156,86769,378,504,12352,
221.1083872167561,86769,378,503,12353,
221.11099835448329,86769,377,504,12353,
221.12564401067613,86769,377,503,12354,
221.12945532187777,86768,378,503,12354,
221.13064951518203,86767,379,503,12354,
221.1311051216421,86767,378,504,12354,
221.14417434861423,86766,379,504,12354,
221.15620794813935,86766,379,503,12355,
221.15753245360912,86765,380,503,12355,
221.16047037963676,86764,381,503,12355,
221.16430449896458,86764,381,502,12356,
221.1659472233609,86763,382,502,12356,
221.16858885587513,86762,383,502,12356,
221.16875479451573,86761,384,502,12356,
221.17043683481296,86760,385,502,12356,
221.1738345048763,86760,385,501,12357,
221.19121008421166,86759,386,501,12357,
221.2016614189582,86758,387,501,12357,
221.20553926257216,86757,388,501,12357,
221.21238831335305,86757,388,500,12358,
221.213804290867,86757,387,501,12358,
221.22144244776277,86756,388,501,12358,
221.2235540809005,86756,388,500,12359,
221.22958551807702,86756,387,501,12359,
221.23609072573015,86756,387,500,12360,
221.2365345284035,86756,386,501,12360,
221.23958018565423,86756,385,502,12360,
221.24230637759166,86756,385,501,12361,
221.25083947308676,86755,386,501,12361,
221.25323124615807,86755,385,502,12361,
221.25691042101812,86754,386,502,12361,
221.26359027171586,86754,385,503,12361,
221.27125286731967,86753,386,503,12361,
221.27157244525344,86753,385,504,12361,
221.27756014948662,86752,386,504,12361,
221.28048923596947,86752,386,503,12362,
221.28227901183087,86751,387,503,12362,
221.3028747479534,86751,387,502,12363,
221.30302030086693,86750,388,502,12363,
221.30316512899688,86750,387,503,12363,
221.30651146432373,86750,386,504,12363,
221.30817084697307,86750,385,505,12363,
221.31338922160674,86750,384,506,12363,
221.31994417872815,86749,385,506,12363,
221.32759676581938,86749,385,505,12364,
221.32837730395437,86749,385,504,12365,
221.3347723751631,86749,384,505,12365,
221.3381176478325,86748,385,505,12365,
221.34141870581547,86748,384,506,12365,
221.34918227610038,86748,384,505,12366,
221.35131839313038,86747,385,505,12366,
221.35659516318373,86747,385,504,12367,
221.35814063318932,86746,386,504,12367,
221.36029309712572,86746,385,505,12367,
221.360438170666,86745,386,505,12367,
221.36073073355965,86745,385,506,12367,
221.36139598069974,86744,386,506,12367,
221.37097643050504,86743,387,506,12367,
221.3761384833497,86743,387,505,12368,
221.37675194370553,86743,387,504,12369,
221.39624344512964,86742,388,504,12369,
221.40074965977703,86742,387,505,12369,
221.40135651721863,86742,386,506,12369,
221.4026971479507,86742,386,505,12370,
221.40315382312673,86742,385,506,12370,
221.40336087210036,86741,386,506,12370,
221.40363064474016,86740,387,506,12370,
221.41261992507046,86740,387,505,12371,
221.41980941138263,86739,388,505,12371,
221.42647143196496,86738,389,505,12371,
221.43033727887092,86738,389,504,12372,
221.4308410072421,86737,390,504,12372,
221.43788666606238,86736,391,504,12372,
221.44493433727422,86735,392,504,12372,
221.4482470144298,86734,393,504,12372,
221.46922959230068,86733,394,504,12372,
221.47101386416676,86733,393,505,12372,
221.47185039914066,86733,393,504,12373,
221.47413210932342,86733,392,505,12373,
221.47679047946585,86733,392,504,12374,
221.4784942007892,86733,391,505,12374,
221.4805324638325,86732,392,505,12374,
221.4820593053433,86732,391,506,12374,
221.48578542273424,86731,392,506,12374,
221.48706416836683,86731,392,505,12375,
221.49400588909052,86731,391,506,12375,
221.49764652183802,86730,392,506,12375,
221.49922245268235,86730,391,507,12375,
221.50084372037807,86729,392,507,12375,
221.50816877648978,86729,392,506,12376,
221.51058329653372,86729,392,505,12377,
221.51254872346135,86729,391,506,12377,
221.5130305921314,86729,391,505,12378,
221.51993751259005,86729,391,504,12379,
221.52231939237964,86729,390,505,12379,
221.5292596582636,86729,390,504,12380,
221.53045119934407,86728,391,504,12380,
221.53165889915272,86727,392,504,12380,
221.5375545010908,86726,393,504,12380,
221.54999187699175,86726,392,505,12380,
221.55349518430884,86725,393,505,12380,
221.557906017324,86724,394,505,12380,
221.56032829946616,86724,393,506,12380,
221.57103911197348,86724,393,505,12381,
221.57123317412106,86724,392,506,12381,
221.57400565219712,86724,391,507,12381,
221.60086325716225,86724,390,508,12381,
221.60158339447457,86723,391,508,12381,
221.6017320441128,86723,390,509,12381,
221.60525002350937,86723,390,508,12382,
221.62096165638508,86723,390,507,12383,
221.6261786072706,86723,389,508,12383,
221.63070769106383,86722,390,508,12383,
221.64003498630566,86722,389,509,12383,
221.64354085586336,86721,390,509,12383,
221.65958495912957,86721,390,508,12384,
221.65980821438504,86721,389,509,12384,
221.66167475396696,86721,388,510,12384,
221.66589800724304,86721,388,509,12385,
221.66720984180748,86721,387,510,12385,
221.6676128167965,86721,386,511,12385,
221.67348747435213,86721,385,512,12385,
221.67416340865833,86721,384,513,12385,
221.68530736661017,86721,384,512,12386,
221.6856660200694,86720,385,512,12386,
221.70885147127012,86719,386,512,12386,
221.7183848719267,86718,387,512,12386,
221.7297600677102,86718,386,513,12386,
221.73651802200055,86718,386,512,12387,
221.7410221626807,86718,386,511,12388,
221.74881942820525,86718,386,510,12389,
221.74886507677195,86717,387,510,12389,
221.75148191403918,86717,386,511,12389,
221.7550452276641,86717,386,510,12390,
221.75785363953202,86716,387,510,12390,
221.7611138283853,86715,388,510,12390,
221.7652434647546,86715,387,511,12390,
221.77255804658557,86715,386,512,12390,
221.7740289982218,86714,387,512,12390,
221.77553448911263,86714,386,513,12390,
221.78140899230073,86714,386,512,12391,
221.7882146216345,86714,386,511,12392,
221.7908137384578,86714,386,510,12393,
221.7973663851275,86714,385,511,12393,
221.80134354118184,86713,386,511,12393,
221.8065826441766,86713,385,512,12393,
221.81778915264786,86713,384,513,12393,
221.81972379205487,86713,383,514,12393,
221.8276566345445,86713,382,515,12393,
221.82858067432733,86712,383,515,12393,
221.832280193706,86712,383,514,12394,
221.8409799400957,86712,383,513,12395,
221.84252247922367,86711,384,513,12395,
221.8473018727793,86710,385,513,12395,
221.85712468370753,86710,385,512,12396,
221.86317191616732,86709,386,512,12396,
221.87438616632804,86709,385,513,12396,
221.87521945077327,86709,385,512,12397,
221.8820545494932,86709,384,513,12397,
221.88248497221792,86709,383,514,12397,
221.88611442502304,86708,384,514,12397,
221.88864895548454,86708,384,513,12398,
221.89385524464944,86708,383,514,12398,
221.91746824670747,86708,382,515,12398,
221.91845055861512,86708,381,516,12398,
221.92031708955534,86708,381,515,12399,
221.92246065452218,86708,380,516,12399,
221.9249886187728,86708,379,517,12399,
221.92989314097056,86708,379,516,12400,
221.93344633208594,86708,378,517,12400,
221.93845941314578,86708,378,516,12401,
221.94233160888442,86708,377,517,12401,
221.94779938632325,86707,378,517,12401,
221.9547847456405,86707,377,518,12401,
221.95938960015258,86707,377,517,12402,
221.96044187992968,86707,376,518,12402,
221.96839586480704,86707,376,517,12403,
221.97032763038908,86706,377,517,12403,
221.98027266020478,86706,377,516,12404,
221.98052770260077,86706,376,517,12404,
221.98256146774764,86706,376,516,12405,
221.9832243772014,86705,377,516,12405,
221.98455459864826,86705,376,517,12405,
221.99344226293545,86705,376,516,12406,
221.99383853059658,86705,375,517,12406,
221.9955235190223,86704,376,517,12406,
221.99767293352878,86703,377,517,12406,
222.00350048812564,86702,378,517,12406,
222.00355169498354,86702,378,516,12407,
222.00485639012217,86702,378,515,12408,
222.00599627998437,86702,377,516,12408,
222.01188453786423,86702,376,517,12408,
222.01604422473017,86702,376,516,12409,
222.01891756390592,86702,376,515,12410,
222.0319162720141,86701,377,515,12410,
222.0323116322463,86700,378,515,12410,
222.0426132384377,86700,377,516,12410,
222.04726068980762,86700,376,517,12410,
222.05117750955972,86700,376,516,12411,
222.05352736459454,86699,377,516,12411,
222.06509773169716,86699,376,517,12411,
222.06553438719624,86699,375,518,12411,
222.06784465114873,86698,376,518,12411,
222.07233857528752,86697,377,518,12411,
222.0860633874275,86696,378,518,12411,
222.08956672165462,86696,377,519,12411,
222.09353120948543,86696,376,520,12411,
222.0973636476599,86695,377,520,12411,
222.1033175926887,86695,376,521,12411,
222.10402530137878,86695,375,522,12411,
222.10571420722482,86694,376,522,12411,
222.10600589886303,86693,377,522,12411,
222.1118818270864,86693,376,523,12411,
222.1120031734117,86693,376,522,12412,
222.1139846333925,86693,375,523,12412,
222.1148674717059,86693,374,524,12412,
222.11638581293442,86693,374,523,12413,
222.11846215547186,86692,375,523,12413,
222.12555832567924,86691,376,523,12413,
222.13891166835512,86691,376,522,12414,
222.13950166306282,86691,376,521,12415,
222.14794960854397,86690,377,521,12415,
222.15053888473068,86689,378,521,12415,
222.15176928230244,86688,379,521,12415,
222.1655584390481,86688,379,520,12416,
222.1681699220505,86687,380,520,12416,
222.16922963862987,86687,379,521,12416,
222.16981389836863,86687,379,520,12417,
222.17117254262118,86687,378,521,12417,
222.17738955319246,86687,377,522,12417,
222.18504014247776,86686,378,522,12417,
222.18821252384774,86685,379,522,12417,
222.20058624875972,86685,378,523,12417,
222.2021789296379,86684,379,523,12417,
222.20959209132513,86683,380,523,12417,
222.21653416688704,86683,380,522,12418,
222.21785045069842,86683,379,523,12418,
222.23229365995354,86683,379,522,12419,
222.2655192197432,86683,378,523,12419,
222.26780315167213,86682,379,523,12419,
222.26829490009519,86682,378,524,12419,
222.26896967678238,86682,377,525,12419,
222.27761640291632,86681,378,525,12419,
222.28070971549528,86681,377,526,12419,
222.28134180377424,86680,378,526,12419,
222.29655744165453,86679,379,526,12419,
222.30085492121833,86679,379,525,12420,
222.30842878562197,86679,378,526,12420,
222.30939862457998,86678,379,526,12420,
222.31031556096846,86678,378,527,12420,
222.311375304833,86678,378,526,12421,
222.32105507681283,86678,377,527,12421,
222.3337827175694,86677,378,527,12421,
222.33381023574466,86677,377,528,12421,
222.334059398904,86676,378,528,12421,
222.33565170382047,86676,377,529,12421,
222.3439558929566,86676,377,528,12422,
222.3465246525519,86675,378,528,12422,
222.3490125802489,86675,377,529,12422,
222.35203086641343,86675,376,530,12422,
222.35368960369942,86674,377,530,12422,
222.3604926248242,86674,377,529,12423,
222.36539719633342,86674,376,530,12423,
222.3661799102633,86673,377,530,12423,
222.38147104645074,86672,378,530,12423,
222.38264058267032,86672,378,529,12424,
222.41188252439736,86671,379,529,12424,
222.41231250472833,86671,379,528,12425,
222.41572047452308,86670,380,528,12425,
222.42171486013135,86670,380,527,12426,
222.42452716683908,86669,381,527,12426,
222.43112981489398,86669,380,528,12426,
222.4330338567737,86669,380,527,12427,
222.43399563137504,86669,379,528,12427,
222.4442451782393,86669,378,529,12427,
222.4484498883041,86668,379,529,12427,
222.45458273830928,86668,379,528,12428,
222.45738696169042,86668,379,527,12429,
222.4587165707441,86668,379,526,12430,
222.46080756766494,86668,378,527,12430,
222.46296518330655,86668,378,526,12431,
222.47443975608337,86668,377,527,12431,
222.48536345052847,86668,377,526,12432,
222.4859828690196,86668,376,527,12432,
222.49706731883103,86668,376,526,12433,
222.49711939389567,86668,375,527,12433,
222.51275513994824,86668,374,528,12433,
222.51277693257146,86667,375,528,12433,
222.5131041305247,86666,376,528,12433,
222.52349733400496,86666,375,529,12433,
222.52829718419616,86666,374,530,12433,
222.53414934201527,86665,375,530,12433,
222.5348635174604,86665,374,531,12433,
222.54211828383924,86664,375,531,12433,
222.5437372584738,86664,375,530,12434,
222.5465190354904,86663,376,530,12434,
222.56591931625667,86662,377,530,12434,
222.5754075567333,86662,376,531,12434,
222.57806545437575,86662,375,532,12434,
222.57956570115232,86662,375,531,12435,
222.58074703521098,86662,375,530,12436,
222.5938737159576,86662,375,529,12437,
222.6035703516624,86662,374,530,12437,
222.61364413861378,86662,373,531,12437,
222.62589976212593,86662,373,530,12438,
222.62794444717596,86661,374,530,12438,
222.64129893250671,86660,375,530,12438,
222.64836703471192,86659,376,530,12438,
222.6485447871869,86658,377,530,12438,
222.6543328445462,86658,377,529,12439,
222.6637970989111,86657,378,529,12439,
222.66777936354637,86657,377,530,12439,
222.6735050464084,86656,378,530,12439,
222.67987460522806,86656,377,531,12439,
222.68029464473614,86656,376,532,12439,
222.68238123454447,86655,377,532,12439,
222.6860081732597,86655,376,533,12439,
222.68744736601369,86655,375,534,12439,
222.6967536232793,86655,375,533,12440,
222.70120894258628,86654,376,533,12440,
222.70760631246878,86654,376,532,12441,
222.71669004042909,86654,375,533,12441,
222.72485206827756,86653,376,533,12441,
222.73465516013675,86652,377,533,12441,
222.76034555176898,86651,378,533,12441,
222.76535254714076,86651,378,532,12442,
222.76884452810515,86651,378,531,12443,
222.77048065585922,86650,379,531,12443,
222.77118011699176,86650,378,532,12443,
222.77235472368096,86650,377,533,12443,
222.7763345866484,86650,376,534,12443,
222.77733886010637,86649,377,534,12443,
222.77993997228046,86649,376,535,12443,
222.781120177554,86649,375,536,12443,
222.78189480653737,86649,375,535,12444,
222.78375153024822,86649,374,536,12444,
222.7881653258006,86648,375,536,12444,
222.7909411363405,86648,374,537,12444,
222.79307982762498,86647,375,537,12444,
222.79315778603387,86646,376,537,12444,
222.79871500695228,86645,377,537,12444,
222.79946696754806,86645,377,536,12445,
222.80061795196207,86645,377,535,12446,
222.80472242529729,86645,376,536,12446,
222.8105454387086,86644,377,536,12446,
222.81057012157467,86644,377,535,12447,
222.81627913887482,86644,377,534,12448,
222.83230579835265,86644,377,533,12449,
222.83666573624484,86644,377,532,12450,
222.83901456458693,86643,378,532,12450,
222.84122343615275,86643,378,531,12451,
222.84422209514815,86643,378,530,12452,
222.84430323183847,86643,377,531,12452,
222.84692466069222,86643,376,532,12452,
222.85768869384208,86642,377,532,12452,
222.8600756501131,86641,378,532,12452,
222.86071862955376,86641,377,533,12452,
222.863482877899,86640,378,533,12452,
222.87068980627302,86639,379,533,12452,
222.87090088500915,86638,380,533,12452,
222.8970485199582,86638,379,534,12452,
222.89784249650282,86637,380,534,12452,
222.9127975205099,86637,380,533,12453,
222.91848144998855,86637,380,532,12454,
222.94584678555657,86637,380,531,12455,
222.94899938791184,86637,379,532,12455,
222.94976777886862,86636,380,532,12455,
222.95702621366314,86635,381,532,12455,
222.9714604014787,86635,380,533,12455,
222.9749918154766,86634,381,533,12455,
222.98133278169115,86634,381,532,12456,
222.99588124411997,86634,380,533,12456,
222.99598327141507,86634,379,534,12456,
222.99661881635956,86634,378,535,12456,
222.99840734355377,86634,378,534,12457,
222.9997813893335,86634,377,535,12457,
223.0052046207412,86633,378,535,12457,
223.00645125740135,86632,379,535,12457,
223.01509335273465,86632,378,536,12457,
223.02212950867303,86631,379,536,12457,
223.0267306662379,86630,380,536,12457,
223.02899855052982,86630,380,535,12458,
223.0377236606595,86630,379,536,12458,
223.04064394401897,86629,380,536,12458,
223.04337829580825,86629,379,537,12458,
223.04377888720123,86629,379,536,12459,
223.04542131366003,86629,378,537,12459,
223.04837624913097,86629,378,536,12460,
223.04849390136195,86629,377,537,12460,
223.0603083315084,86629,376,538,12460,
223.07424973118333,86629,376,537,12461,
223.08245525305594,86629,376,536,12462,
223.08661421283844,86629,375,537,12462,
223.08686189244756,86629,375,536,12463,
223.08931229156494,86629,374,537,12463,
223.0898836315255,86629,373,538,12463,
223.09716076095984,86629,373,537,12464,
223.1015266086245,86629,373,536,12465,
223.101528989799,86628,374,536,12465,
223.10386150742738,86628,373,537,12465,
223.1045661200025,86628,373,536,12466,
223.1070467338451,86628,372,537,12466,
223.11360227050463,86628,372,536,12467,
223.12144021912087,86628,371,537,12467,
223.1222764484716,86628,370,538,12467,
223.12900042956198,86628,369,539,12467,
223.1295443607835,86628,368,540,12467,
223.13865849583897,86628,367,541,12467,
223.14561794327304,86628,367,540,12468,
223.15406720856086,86627,368,540,12468,
223.1762129034157,86627,367,541,12468,
223.17717070834857,86627,366,542,12468,
223.20069525210764,86626,367,542,12468,
223.20342881171848,86625,368,542,12468,
223.2051853998504,86625,367,543,12468,
223.20715072141905,86625,367,542,12469,
223.2222231486525,86625,366,543,12469,
223.22808745956502,86624,367,543,12469,
223.22928313796214,86624,366,544,12469,
223.23042838776973,86624,365,545,12469,
223.23176831934506,86623,366,545,12469,
223.23645174331395,86623,365,546,12469,
223.2382638512172,86623,365,545,12470,
223.25161787221126,86622,366,545,12470,
223.25803412581695,86621,367,545,12470,
223.2581173866424,86620,368,545,12470,
223.25952851502674,86620,367,546,12470,
223.2711251104074,86620,366,547,12470,
223.2766537441907,86620,366,546,12471,
223.27906440961914,86620,365,547,12471,
223.28553754771886,86620,364,548,12471,
223.28800133707077,86620,363,549,12471,
223.2919521211323,86620,363,548,12472,
223.3010555662453,86620,362,549,12472,
223.3018040309943,86619,363,549,12472,
223.30713838818414,86618,364,549,12472,
223.32049962275687,86618,364,548,12473,
223.3220415459334,86618,364,547,12474,
223.3228313377245,86618,364,546,12475,
223.32955674687759,86617,365,546,12475,
223.35231317315254,86616,366,546,12475,
223.35939567118706,86616,366,545,12476,
223.36074826059385,86616,366,544,12477,
223.36158041562913,86615,367,544,12477,
223.3623455804336,86615,367,543,12478,
223.36741528344814,86615,366,544,12478,
223.37476833812116,86614,367,544,12478,
223.38316685273833,86614,367,543,12479,
223.38992642537752,86614,367,542,12480,
223.4060418126396,86613,368,542,12480,
223.40868719329922,86613,368,541,12481,
223.4191916494379,86613,367,542,12481,
223.42180820382168,86613,366,543,12481,
223.42532554948136,86612,367,543,12481,
223.4310641445482,86612,366,544,12481,
223.4310990510246,86612,365,545,12481,
223.44855940203078,86612,364,546,12481,
223.4612754006523,86611,365,546,12481,
223.46978805741506,86611,364,547,12481,
223.47077291089377,86611,364,546,12482,
223.4800219549993,86611,363,547,12482,
223.48062766024603,86610,364,547,12482,
223.48465624219662,86609,365,547,12482,
223.48636307883825,86609,365,546,12483,
223.4879157787038,86609,364,547,12483,
223.48900932233641,86609,363,548,12483,
223.48915465311728,86608,364,548,12483,
223.49179286695664,86607,365,548,12483,
223.49229828153983,86606,366,548,12483,
223.49369400176406,86606,365,549,12483,
223.49492343359847,86606,365,548,12484,
223.5136051313401,86605,366,548,12484,
223.51389085206728,86604,367,548,12484,
223.51571745663628,86603,368,548,12484,
223.51611830617077,86603,368,547,12485,
223.52068394436395,86603,367,548,12485,
223.52384495097192,86603,366,549,12485,
223.52549491730514,86602,367,549,12485,
223.52784430600272,86601,368,549,12485,
223.53535736297786,86601,367,550,12485,
223.53806435583766,86601,366,551,12485,
223.54296865685467,86601,365,552,12485,
223.54752000363243,86601,365,551,12486,
223.5478040566404,86600,366,551,12486,
223.55061615415954,86600,366,550,12487,
223.5555982122717,86600,366,549,12488,
223.55656298927963,86600,366,548,12489,
223.57003080413125,86599,367,548,12489,
223.5814066868646,86599,367,547,12490,
223.5862552922465,86598,368,547,12490,
223.59115675202315,86598,368,546,12491,
223.59333820558015,86597,369,546,12491,
223.59434343431252,86596,370,546,12491,
223.60237207799875,86596,369,547,12491,
223.6121542029865,86596,369,546,12492,
223.61336168870437,86595,370,546,12492,
223.61386111665874,86594,371,546,12492,
223.62351023924498,86593,372,546,12492,
223.62423367357104,86592,373,546,12492,
223.62522981347155,86592,373,545,12493,
223.63676896052752,86592,372,546,12493,
223.63752063847812,86591,373,546,12493,
223.6471079821991,86590,374,546,12493,
223.65081799363531,86589,375,546,12493,
223.652027876008,86588,376,546,12493,
223.6523728298635,86588,375,547,12493,
223.65445486878815,86588,375,546,12494,
223.65556811966795,86588,374,547,12494,
223.65605057634176,86588,374,546,12495,
223.65684727633322,86588,374,545,12496,
223.65732727886643,86587,375,545,12496,
223.65769886927754,86587,375,544,12497,
223.65917252756896,86586,376,544,12497,
223.66962537776476,86586,375,545,12497,
223.68240901870132,86585,376,545,12497,
223.6856190333901,86585,376,544,12498,
223.68939936540653,86585,375,545,12498,
223.68940315235736,86585,375,544,12499,
223.70894277515313,86584,376,544,12499,
223.71221089557326,86584,375,545,12499,
223.7123016860876,86584,375,544,12500,
223.71861780784675,86584,374,545,12500,
223.71891274920213,86584,373,546,12500,
223.72062092187122,86584,372,547,12500,
223.7230627258917,86584,372,546,12501,
223.72685812729563,86583,373,546,12501,
223.72729221796436,86582,374,546,12501,
223.73056994922467,86582,373,547,12501,
223.73221766163607,86581,374,547,12501,
223.73452378884286,86581,373,548,12501,
223.7397814383911,86581,372,549,12501,
223.7463189602409,86580,373,549,12501,
223.7628504752836,86579,374,549,12501,
223.76427729711864,86579,374,548,12502,
223.77261236245752,86578,375,548,12502,
223.77335159728364,86578,374,549,12502,
223.77541486079778,86578,373,550,12502,
223.78046640643927,86578,373,549,12503,
223.78177810299908,86578,373,548,12504,
223.78243977076625,86578,373,547,12505,
223.78344367792204,86577,374,547,12505,
223.78570047982882,86576,375,547,12505,
223.7869987782567,86575,376,547,12505,
223.79115042859675,86575,376,546,12506,
223.7961262023602,86574,377,546,12506,
223.81090910497258,86573,378,546,12506,
223.81444733685197,86572,379,546,12506,
223.81837060842244,86572,378,547,12506,
223.82236415505673,86572,377,548,12506,
223.82483343810642,86571,378,548,12506,
223.83233057421722,86571,377,549,12506,
223.8335178839479,86570,378,549,12506,
223.83610669102606,86570,378,548,12507,
223.8411402503141,86570,378,547,12508,
223.851350568082,86569,379,547,12508,
223.86807337516763,86569,379,546,12509,
223.86911679725517,86569,379,545,12510,
223.8760023819915,86569,379,544,12511,
223.88004102848018,86569,378,545,12511,
223.88942285740598,86569,377,546,12511,
223.903516674078,86568,378,546,12511,
223.90800430070607,86567,379,546,12511,
223.90846004785078,86566,380,546,12511,
223.91014387835912,86566,380,545,12512,
223.91715096120888,86566,380,544,12513,
223.918695359455,86566,379,545,12513,
223.94802989500386,86566,379,544,12514,
223.94824164787553,86565,380,544,12514,
223.94864847372583,86565,379,545,12514,
223.95360595982123,86565,379,544,12515,
223.95702167031814,86565,379,543,12516,
223.97496688344376,86565,378,544,12516,
223.9816023503081,86565,377,545,12516,
223.9821448120112,86565,376,546,12516,
223.9868081583947,86564,377,546,12516,
223.9921218301702,86563,378,546,12516,
223.9924718417119,86563,377,547,12516,
223.99673086355563,86562,378,547,12516,
224.00860451904137,86562,378,546,12517,
224.01765306767763,86562,377,547,12517,
224.02151992291022,86562,377,546,12518,
224.02248670166588,86562,376,547,12518,
224.0238020332131,86561,377,547,12518,
224.02532407683225,86561,376,548,12518,
224.03443232729012,86561,375,549,12518,
224.0395004459464,86561,374,550,12518,
224.04042943553753,86560,375,550,12518,
224.04525992527945,86560,375,549,12519,
224.04707178783974,86560,375,548,12520,
224.05090155118904,86560,374,549,12520,
224.05779281455315,86559,375,549,12520,
224.06359645783175,86558,376,549,12520,
224.07153474368573,86558,375,550,12520,
224.07222970436524,86558,374,551,12520,
224.07514094196864,86558,374,550,12521,
224.0987460306509,86557,375,550,12521,
224.10292442845406,86557,375,549,12522,
224.11140832683452,86557,375,548,12523,
224.11542223582973,86557,374,549,12523,
224.12111434168312,86556,375,549,12523,
224.12114316585158,86555,376,549,12523,
224.12441694462905,86555,376,548,12524,
224.12681967428603,86555,375,549,12524,
224.12749247538486,86554,376,549,12524,
224.13400081749052,86553,377,549,12524,
224.1340553444849,86553,376,550,12524,
224.1350807194078,86552,377,550,12524,
224.15116518291416,86552,376,551,12524,
224.15522204702393,86552,376,550,12525,
224.15887039551325,86551,377,550,12525,
224.1606118549706,86550,378,550,12525,
224.16214513988814,86550,378,549,12526,
224.16579024950087,86550,377,550,12526,
224.1661479183629,86550,376,551,12526,
224.16794131519998,86549,377,551,12526,
224.1711776459273,86549,376,552,12526,
224.1848053948608,86549,375,553,12526,
224.1875656302176,86549,375,552,12527,
224.18912663807237,86549,374,553,12527,
224.1957951439231,86548,375,553,12527,
224.1961645638715,86548,374,554,12527,
224.1963536289889,86548,373,555,12527,
224.20103349324822,86547,374,555,12527,
224.20367433877686,86546,375,555,12527,
224.205612538695,86546,374,556,12527,
224.2094385682954,86545,375,556,12527,
224.21084179909886,86545,374,557,12527,
224.21411983322145,86545,374,556,12528,
224.2297274171729,86545,374,555,12529,
224.2301854656463,86545,374,554,12530,
224.23300423102523,86544,375,554,12530,
224.2373490023408,86544,375,553,12531,
224.24194294865583,86543,376,553,12531,
224.2504974973886,86543,376,552,12532,
224.25442897674543,86543,375,553,12532,
224.25619606135746,86542,376,553,12532,
224.25777807709179,86542,375,554,12532,
224.2593261783811,86541,376,554,12532,
224.26379331795863,86541,375,555,12532,
224.2734476323985,86540,376,555,12532,
224.2788380360199,86539,377,555,12532,
224.28362823712234,86539,377,554,12533,
224.28435170527413,86539,376,555,12533,
224.2860007004379,86538,377,555,12533,
224.28945461897865,86538,377,554,12534,
224.3074674720255,86537,378,554,12534,
224.3078129389658,86537,377,555,12534,
224.30938800657447,86537,377,554,12535,
224.31298833295062,86537,376,555,12535,
224.31796512564225,86537,375,556,12535,
224.31810153486344,86536,376,556,12535,
224.32154652230966,86535,377,556,12535,
224.3263605049815,86535,376,557,12535,
224.32663383765473,86535,376,556,12536,
224.32888980653365,86534,377,556,12536,
224.33477558868202,86534,376,557,12536,
224.3361753531857,86533,377,557,12536,
224.34945655927748,86532,378,557,12536,
224.3622364401641,86532,378,556,12537,
224.36375592288314,86532,377,557,12537,
224.3658262270439,86531,378,557,12537,
224.36840299134968,86531,378,556,12538,
224.37506916678643,86531,378,555,12539,
224.38249058198718,86530,379,555,12539,
224.39104157004346,86530,379,554,12540,
224.41346225510713,86530,378,555,12540,
224.41881163708226,86529,379,555,12540,
224.41889433611837,86529,378,556,12540,
224.4234694501372,86529,378,555,12541,
224.42886778300866,86528,379,555,12541,
224.43653866083645,86527,380,555,12541,
224.4480626508773,86526,381,555,12541,
224.44943941102937,86525,382,555,12541,
224.45130548806986,86525,381,556,12541,
224.45464900904,86524,382,556,12541,
224.46484822385054,86524,381,557,12541,
224.4808633177265,86524,381,556,12542,
224.48727266141273,86523,382,556,12542,
224.48827660650625,86523,381,557,12542,
224.49565451827647,86522,382,557,12542,
224.5031498560602,86521,383,557,12542,
224.5053705565882,86521,383,556,12543,
224.50589561708415,86521,383,555,12544,
224.50718876243783,86521,383,554,12545,
224.5135324257524,86520,384,554,12545,
224.5150656609845,86520,384,553,12546,
224.51793975334772,86519,385,553,12546,
224.5216417748964,86519,384,554,12546,
224.52226180843763,86519,384,553,12547,
224.5313191448129,86518,385,553,12547,
224.53338203872576,86518,385,552,12548,
224.53381040519483,86517,386,552,12548,
224.54078734294154,86516,387,552,12548,
224.541035944259,86516,386,553,12548,
224.5420196299296,86515,387,553,12548,
224.54423809120988,86514,388,553,12548,
224.5449426157598,86514,387,554,12548,
224.54653544729538,86513,388,554,12548,
224.55342099501075,86513,388,553,12549,
224.5544574899884,86512,389,553,12549,
224.557541636637,86512,388,554,12549,
224.55858073837484,86512,387,555,12549,
224.56140194911498,86512,386,556,12549,
224.5661001646764,86512,385,557,12549,
224.56901391866356,86512,385,556,12550,
224.56961064687323,86511,386,556,12550,
224.5741727810994,86511,385,557,12550,
224.57624344767862,86510,386,557,12550,
224.58562472857793,86510,386,556,12551,
224.5873675674183,86510,385,557,12551,
224.5964701293914,86510,384,558,12551,
224.59696735201558,86510,384,557,12552,
224.59859747794533,86510,384,556,12553,
224.61719801891164,86510,383,557,12553,
224.61802026958335,86509,384,557,12553,
224.6189716995315,86508,385,557,12553,
224.61925353508317,86507,386,557,12553,
224.63690603147606,86507,385,558,12553,
224.63936095298948,86506,386,558,12553,
224.64234659782863,86505,387,558,12553,
224.64313127937362,86505,386,559,12553,
224.64728326081004,86504,387,559,12553,
224.64793250761562,86503,388,559,12553,
224.65009801734496,86503,387,560,12553,
224.6523239877477,86503,386,561,12553,
224.65297333390274,86503,386,560,12554,
224.65684115263903,86503,385,561,12554,
224.65747835835046,86502,386,561,12554,
224.66081627313594,86502,385,562,12554,
224.6655600692116,86501,386,562,12554,
224.66633004691926,86501,385,563,12554,
224.67118421103066,86500,386,563,12554,
224.6716095614648,86499,387,563,12554,
224.68416772750584,86498,388,563,12554,
224.70606782259154,86498,387,564,12554,
224.7067078485814,86497,388,564,12554,
224.71107790673983,86496,389,564,12554,
224.71127474558523,86496,388,565,12554,
224.7120516852065,86495,389,565,12554,
224.71562861301538,86495,389,564,12555,
224.7162242112527,86494,390,564,12555,
224.7166560600888,86493,391,564,12555,
224.71761858455847,86493,390,565,12555,
224.7277079753132,86493,389,566,12555,
224.727761218761,86493,389,565,12556,
224.73109191675962,86492,390,565,12556,
224.73179521872805,86491,391,565,12556,
224.73262973720088,86491,391,564,12557,
224.73680047588985,86491,391,563,12558,
224.74281836301523,86490,392,563,12558,
224.7487276126974,86490,392,562,12559,
224.75200025197066,86490,391,563,12559,
224.75644628413883,86490,391,562,12560,
224.75651491393683,86490,390,563,12560,
224.75993195613034,86490,390,562,12561,
224.7603449418751,86490,389,563,12561,
224.76191318862828,86489,390,563,12561,
224.77046251804566,86488,391,563,12561,
224.77564177688674,86487,392,563,12561,
224.7804638627982,86486,393,563,12561,
224.79377350500283,86485,394,563,12561,
224.79557465889215,86485,393,564,12561,
224.796240971144,86485,393,563,12562,
224.80510766397666,86484,394,563,12562,
224.81601293200816,86484,394,562,12563,
224.81761154136987,86484,393,563,12563,
224.82119612238944,86483,394,563,12563,
224.826109884695,86483,393,564,12563,
224.8270223967127,86483,393,563,12564,
224.8294070509423,86482,394,563,12564,
224.8300602020816,86482,393,564,12564,
224.83124017413152,86481,394,564,12564,
224.8330148275253,86481,394,563,12565,
224.83358578678414,86481,393,564,12565,
224.83482632620598,86481,393,563,12566,
224.8353934256371,86481,392,564,12566,
224.8360051736434,86481,391,565,12566,
224.83933014956693,86481,391,564,12567,
224.8444279342019,86480,392,564,12567,
224.854871388065,86479,393,564,12567,
224.86202685857947,86479,393,563,12568,
224.8715680405831,86479,392,564,12568,
224.8724011344717,86478,393,564,12568,
224.87358552288515,86478,392,565,12568,
224.87459974513348,86478,392,564,12569,
224.87608424108066,86477,393,564,12569,
224.878071876373,86476,394,564,12569,
224.88354430648627,86476,394,563,12570,
224.8870253836496,86476,393,564,12570,
224.88802808659435,86475,394,564,12570,
224.89209744492493,86474,395,564,12570,
224.89681581186974,86474,395,563,12571,
224.89991226674053,86473,396,563,12571,
224.92261507875367,86473,395,564,12571,
224.92415731664326,86472,396,564,12571,
224.9327779447554,86472,396,563,12572,
224.93767476020216,86472,395,564,12572,
224.94545162897745,86471,396,564,12572,
224.94546431639296,86471,396,563,12573,
224.94800530348525,86471,396,562,12574,
224.94828895809545,86471,396,561,12575,
224.9549006049251,86470,397,561,12575,
224.95582006339842,86469,398,561,12575,
224.96314351062435,86468,399,561,12575,
224.96522961253464,86468,399,560,12576,
224.97066648880696,86468,399,559,12577,
224.9768509070987,86468,399,558,12578,
224.97720158295743,86468,398,559,12578,
224.9780468635243,86467,399,559,12578,
224.98213012554322,86467,398,560,12578,
224.987725373941,86466,399,560,12578,
224.98978988116477,86465,400,560,12578,
224.9914045566084,86464,401,560,12578,
225.00965501231767,86463,402,560,12578,
225.01126151871682,86462,403,560,12578,
225.01251994194337,86461,404,560,12578,
225.0152413904318,86460,405,560,12578,
225.02168616477678,86460,405,559,12579,
225.02526174733336,86459,406,559,12579,
225.0262965706928,86458,407,559,12579,
225.02689957982332,86458,407,558,12580,
225.03224772472265,86457,408,558,12580,
225.03935668179886,86457,407,559,12580,
225.04458446895825,86457,406,560,12580,
225.06167518809488,86457,406,559,12581,
225.06832966513787,86456,407,559,12581,
225.07103060219248,86456,406,560,12581,
225.07872147119207,86456,405,561,12581,
225.08313248924543,86456,405,560,12582,
225.08980402520655,86456,405,559,12583,
225.09497885568905,86456,404,560,12583,
225.09975161409577,86455,405,560,12583,
225.10122331916176,86455,404,561,12583,
225.10151629453995,86455,404,560,12584,
225.10162761460097,86454,405,560,12584,
225.1023519396613,86453,406,560,12584,
225.11244150795204,86452,407,560,12584,
225.12705088901492,86451,408,560,12584,
225.13115368786313,86450,409,560,12584,
225.1321471637768,86449,410,560,12584,
225.1337332783882,86449,409,561,12584,
225.1356186995596,86448,410,561,12584,
225.13572664296777,86447,411,561,12584,
225.13599073595958,86447,410,562,12584,
225.1418185374011,86446,411,562,12584,
225.14386958028018,86446,411,561,12585,
225.14422571744967,86445,412,561,12585,
225.14874984426936,86444,413,561,12585,
225.16045647519834,86444,412,562,12585,
225.17448957672602,86444,412,561,12586,
225.17477446738266,86443,413,561,12586,
225.17890984708745,86442,414,561,12586,
225.18734835647237,86442,414,560,12587,
225.19173371501412,86442,413,561,12587,
225.20403611028533,86442,413,560,12588,
225.2102830797275,86442,412,561,12588,
225.21247799734752,86442,411,562,12588,
225.21817295873163,86442,410,563,12588,
225.21853740040137,86442,410,562,12589,
225.227021597491,86442,410,561,12590,
225.2281057152281,86442,410,560,12591,
225.22845525622682,86442,410,559,12592,
225.24030642843633,86442,410,558,12593,
225.2425559490691,86441,411,558,12593,
225.2442352385696,86441,411,557,12594,
225.25477209620058,86440,412,557,12594,
225.26244044232038,86440,412,556,12595,
225.2683658916688,86440,412,555,12596,
225.26849661554851,86440,412,554,12597,
225.27129287550804,86440,411,555,12597,
225.2810496432733,86440,411,554,12598,
225.28261254775643,86440,410,555,12598,
225.28679149334158,86439,411,555,12598,
225.29243909236922,86438,412,555,12598,
225.29465306797047,86438,411,556,12598,
225.29836046407715,86438,411,555,12599,
225.30322414531253,86437,412,555,12599,
225.3042529601989,86436,413,555,12599,
225.31334788348332,86435,414,555,12599,
225.31679502634418,86434,415,555,12599,
225.32133673885718,86433,416,555,12599,
225.32311417270694,86433,415,556,12599,
225.32641830381675,86433,415,555,12600,
225.33500716839538,86432,416,555,12600,
225.3351732547182,86432,415,556,12600,
225.34081957429888,86432,415,555,12601,
225.34503348431846,86431,416,555,12601,
225.34570090322978,86431,415,556,12601,
225.3472010480217,86430,416,556,12601,
225.35028067594138,86429,417,556,12601,
225.3510790239493,86429,417,555,12602,
225.3520272093405,86429,416,556,12602,
225.3701388458292,86429,415,557,12602,
225.37263594829457,86428,416,557,12602,
225.3745697400482,86427,417,557,12602,
225.37703732928946,86427,417,556,12603,
225.378429708173,86427,417,555,12604,
225.3805628041536,86427,417,554,12605,
225.38589098717313,86427,416,555,12605,
225.38748862934264,86427,416,554,12606,
225.38816150060265,86426,417,554,12606,
225.38950657051367,86426,416,555,12606,
225.39198519461533,86426,416,554,12607,
225.39640672626763,86426,415,555,12607,
225.39661331818095,86426,414,556,12607,
225.39892028999373,86426,413,557,12607,
225.41587142268952,86426,412,558,12607,
225.4181979276175,86426,412,557,12608,
225.42420826673063,86426,411,558,12608,
225.42713264145843,86426,410,559,12608,
225.44758850442875,86426,410,558,12609,
225.45057504435937,86426,410,557,12610,
225.4573983392158,86426,409,558,12610,
225.45813539282858,86426,409,557,12611,
225.4595295742671,86425,410,557,12611,
225.45976157610642,86425,409,558,12611,
225.46037830454188,86425,409,557,12612,
225.4605624861794,86425,409,556,12613,
225.4702629302768,86425,408,557,12613,
225.48070317419123,86425,408,556,12614,
225.4918874770248,86424,409,556,12614,
225.49402857836665,86424,408,557,12614,
225.49416943619872,86424,408,556,12615,
225.5047526014386,86424,408,555,12616,
225.50831601315616,86423,409,555,12616,
225.5129765066665,86423,409,554,12617,
225.51384485814665,86423,409,553,12618,
225.51550865403863,86423,408,554,12618,
225.52150166353678,86422,409,554,12618,
225.52876859875497,86422,409,553,12619,
225.53207022224458,86422,409,552,12620,
225.5334880710214,86421,410,552,12620,
225.5336209854768,86421,410,551,12621,
225.54111145868873,86421,409,552,12621,
225.56196893610783,86421,409,551,12622,
225.56354581750193,86421,408,552,12622,
225.56956284742282,86420,409,552,12622,
225.57185602818595,86420,409,551,12623,
225.5756182765377,86420,409,550,12624,
225.57951348819248,86419,410,550,12624,
225.58599123225753,86419,409,551,12624,
225.58800912113654,86419,409,550,12625,
225.58936955489895,86419,408,551,12625,
225.59040973469422,86419,407,552,12625,
225.59524929446877,86418,408,552,12625,
225.59564524324432,86417,409,552,12625,
225.60049819585123,86416,410,552,12625,
225.60142700399098,86416,410,551,12626,
225.6031095077238,86416,410,550,12627,
225.60916735768723,86416,409,551,12627,
225.62021960706898,86416,408,552,12627,
225.6209149619207,86415,409,552,12627,
225.6260391432222,86415,408,553,12627,
225.63254335334892,86415,407,554,12627,
225.6326693824399,86415,407,553,12628,
225.63542965904782,86414,408,553,12628,
225.64108430629264,86413,409,553,12628,
225.64282567033703,86413,408,554,12628,
225.64690851690878,86412,409,554,12628,
225.65250014080974,86412,408,555,12628,
225.6526412583236,86412,408,554,12629,
225.65649619752728,86411,409,554,12629,
225.66056396821372,86410,410,554,12629,
225.66135616505676,86409,411,554,12629,
225.6687997882692,86408,412,554,12629,
225.6773872443643,86407,413,554,12629,
225.6797025449516,86406,414,554,12629,
225.68880456378943,86405,415,554,12629,
225.70471471858576,86404,416,554,12629,
225.7071856268769,86403,417,554,12629,
225.7080777432012,86402,418,554,12629,
225.70949454432656,86402,417,555,12629,
225.72216684343343,86401,418,555,12629,
225.7224434852254,86400,419,555,12629,
225.727194742946,86399,420,555,12629,
225.7321298365932,86399,420,554,12630,
225.73321705509005,86399,420,553,12631,
225.73542935847644,86398,421,553,12631,
225.7356350159312,86398,420,554,12631,
225.7377056809934,86398,420,553,12632,
225.74057591687216,86397,421,553,12632,
225.74652336757907,86397,421,552,12633,
225.75059569717575,86396,422,552,12633,
225.75336426378902,86395,423,552,12633,
225.75958250318047,86395,422,553,12633,
225.76518222547858,86395,422,552,12634,
225.76703307949626,86395,422,551,12635,
225.77068152003082,86395,421,552,12635,
225.7715338262616,86395,420,553,12635,
225.77230040689946,86394,421,553,12635,
225.7839354018558,86394,421,552,12636,
225.7851886637666,86394,421,551,12637,
225.79223096640632,86394,420,552,12637,
225.7955438613762,86394,420,551,12638,
225.79621766410338,86394,419,552,12638,
225.79819576072327,86394,419,551,12639,
225.80711901407102,86393,420,551,12639,
225.8117286908702,86393,420,550,12640,
225.8123765259285,86392,421,550,12640,
225.8139882321808,86391,422,550,12640,
225.8182526072387,86391,422,549,12641,
225.8200704937605,86391,422,548,12642,
225.82200170059156,86391,421,549,12642,
225.82617095166123,86391,420,550,12642,
225.84168176734994,86391,419,551,12642,
225.84352854075675,86391,419,550,12643,
225.84361006356127,86390,420,550,12643,
225.84484483307313,86390,420,549,12644,
225.84672014758596,86390,419,550,12644,
225.8475654033972,86389,420,550,12644,
225.85370587025525,86389,419,551,12644,
225.86937132266567,86389,419,550,12645,
225.87073498258493,86388,420,550,12645,
225.8747484939628,86388,420,549,12646,
225.8818953227566,86388,419,550,12646,
225.88251071862913,86387,420,550,12646,
225.88512917850488,86387,419,551,12646,
225.89093015983082,86387,419,550,12647,
225.89327529782517,86386,420,550,12647,
225.89600770421384,86386,420,549,12648,
225.89939351563063,86386,419,550,12648,
225.90378309519122,86385,420,550,12648,
225.90673240401415,86385,420,549,12649,
225.9078314828843,86385,419,550,12649,
225.90827619238758,86385,418,551,12649,
225.90851633335905,86385,417,552,12649,
225.92893947899162,86384,418,552,12649,
225.93164040617694,86384,417,553,12649,
225.93607191269382,86383,418,553,12649,
225.9386120119705,86383,418,552,12650,
225.9412497452312,86383,418,551,12651,
225.94442011418553,86382,419,551,12651,
225.94445653575633,86382,418,552,12651,
225.94631235745396,86381,419,552,12651,
225.94677910084286,86381,418,553,12651,
225.9578928949831,86381,417,554,12651,
225.9600046202587,86381,417,553,12652,
225.96135576279568,86381,416,554,12652,
225.97141302886075,86381,415,555,12652,
225.9738775586607,86380,416,555,12652,
225.97817761263775,86379,417,555,12652,
225.98040888315202,86379,417,554,12653,
225.98133184717707,86379,417,553,12654,
225.984107244654,86379,417,552,12655,
225.9885543362701,86379,417,551,12656,
225.9896993199206,86379,416,552,12656,
225.989853021922,86378,417,552,12656,
225.99031500546764,86378,417,551,12657,
225.99303868676188,86378,416,552,12657,
225.99479388278078,86378,416,551,12658,
225.9960951096081,86377,417,551,12658,
225.99857424958662,86376,418,551,12658,
226.01002440566404,86376,417,552,12658,
226.01172041816153,86376,416,553,12658,
226.0124634622735,86376,415,554,12658,
226.01383087815296,86375,416,554,12658,
226.0140924989498,86375,415,555,12658,
226.02058070957156,86375,414,556,12658,
226.03171313629895,86374,415,556,12658,
226.05082703559242,86374,414,557,12658,
226.0533791149574,86374,414,556,12659,
226.05356565960193,86374,413,557,12659,
226.05657155962828,86374,413,556,12660,
226.06668536755745,86374,412,557,12660,
226.06727474033607,86374,411,558,12660,
226.06743563662266,86374,411,557,12661,
226.07119671705289,86374,410,558,12661,
226.07220741111425,86373,411,558,12661,
226.07768268285682,86373,411,557,12662,
226.08047847556173,86373,410,558,12662,
226.083526229145,86372,411,558,12662,
226.08354773479684,86372,410,559,12662,
226.0840575535317,86372,410,558,12663,
226.0855972060308,86372,410,557,12664,
226.1074963494612,86371,411,557,12664,
226.11410631103934,86371,410,558,12664,
226.11416016723282,86371,410,557,12665,
226.11726784972018,86371,410,556,12666,
226.12809073196425,86371,409,557,12666,
226.13073038488866,86371,408,558,12666,
226.13189221369774,86371,408,557,12667,
226.13619387239248,86371,408,556,12668,
226.14113247232072,86370,409,556,12668,
226.1442060935543,86369,410,556,12668,
226.14423671580667,86369,410,555,12669,
226.1449665909747,86368,411,555,12669,
226.1464284077294,86367,412,555,12669,
226.1612009900495,86366,413,555,12669,
226.18211612788375,86366,412,556,12669,
226.1825942053196,86365,413,556,12669,
226.18421094495343,86365,412,557,12669,
226.19052470491033,86364,413,557,12669,
226.1951877757826,86363,414,557,12669,
226.19967968890722,86363,413,558,12669,
226.21645324797205,86363,413,557,12670,
226.21889785549996,86363,413,556,12671,
226.2207397509429,86362,414,556,12671,
226.22592006396175,86361,415,556,12671,
226.23358117557683,86360,416,556,12671,
226.23638711560787,86360,415,557,12671,
226.2377237464847,86360,415,556,12672,
226.23772484481484,86360,415,555,12673,
226.2512487972403,86359,416,555,12673,
226.25127686063425,86359,416,554,12674,
226.2578774752855,86358,417,554,12674,
226.25916681304247,86358,416,555,12674,
226.26222208139475,86357,417,555,12674,
226.27312071784252,86357,417,554,12675,
226.28123498188774,86357,416,555,12675,
226.2832832362042,86356,417,555,12675,
226.28422983434433,86356,416,556,12675,
226.30073613041793,86356,415,557,12675,
226.30575148371872,86356,415,556,12676,
226.316723432905,86355,416,556,12676,
226.31726674541895,86355,416,555,12677,
226.31737229679658,86355,416,554,12678,
226.3182369501054,86355,415,555,12678,
226.32068638667138,86355,415,554,12679,
226.32418589586015,86355,415,553,12680,
226.32874814531604,86355,414,554,12680,
226.32911974700428,86355,413,555,12680,
226.3309596958453,86355,413,554,12681,
226.3383240878198,86355,412,555,12681,
226.33897063889063,86354,413,555,12681,
226.34047833460917,86353,414,555,12681,
226.35610578268648,86352,415,555,12681,
226.35695544884902,86351,416,555,12681,
226.36033569297217,86351,415,556,12681,
226.36943993147457,86350,416,556,12681,
226.37377042421645,86350,415,557,12681,
226.37867332368296,86350,415,556,12682,
226.38710427425394,86349,416,556,12682,
226.3915003580839,86349,416,555,12683,
226.39171667388678,86349,416,554,12684,
226.39261800790254,86348,417,554,12684,
226.39413811854297,86348,417,553,12685,
226.39492841709838,86347,418,553,12685,
226.39574289673402,86347,418,552,12686,
226.3987921505255,86347,417,553,12686,
226.41039098428305,86347,417,552,12687,
226.42152923562898,86347,416,553,12687,
226.4269980157063,86346,417,553,12687,
226.4279641379622,86345,418,553,12687,
226.4311419656137,86345,417,554,12687,
226.43218123325457,86344,418,554,12687,
226.44398432388715,86344,417,555,12687,
226.44422248650594,86343,418,555,12687,
226.44795836756236,86343,417,556,12687,
226.4564066554057,86343,416,557,12687,
226.45715490098206,86343,416,556,12688,
226.4681439456448,86343,416,555,12689,
226.47391981630074,86342,417,555,12689,
226.48085080308985,86342,416,556,12689,
226.48187032831842,86342,415,557,12689,
226.48937227084568,86342,415,556,12690,
226.49243893493357,86341,416,556,12690,
226.4942072501965,86341,416,555,12691,
226.5130001767817,86341,415,556,12691,
226.51647461052158,86341,414,557,12691,
226.51685262927822,86340,415,557,12691,
226.5264548691797,86339,416,557,12691,
226.529560617042,86339,415,558,12691,
226.53523697290953,86339,415,557,12692,
226.54428366248607,86338,416,557,12692,
226.54478893693405,86337,417,557,12692,
226.5447942700992,86336,418,557,12692,
226.54893790474827,86335,419,557,12692,
226.55381352981914,86335,419,556,12693,
226.56274788374998,86335,418,557,12693,
226.56304917772965,86335,417,558,12693,
226.573318070478,86335,417,557,12694,
226.58189878374003,86335,416,558,12694,
226.58325884572983,86334,417,558,12694,
226.5833756298057,86333,418,558,12694,
226.59156920395594,86333,417,559,12694,
226.59656008854927,86333,416,560,12694,
226.59971123083983,86333,416,559,12695,
226.6002479323881,86332,417,559,12695,
226.60555511427384,86331,418,559,12695,
226.6093634328979,86331,417,560,12695,
226.61077232758552,86331,416,561,12695,
226.6115165519883,86330,417,561,12695,
226.6152907356033,86330,417,560,12696,
226.62603320063164,86329,418,560,12696,
226.63585373444852,86328,419,560,12696,
226.640172240239,86328,419,559,12697,
226.6409178230184,86328,419,558,12698,
226.64135873704097,86328,418,559,12698,
226.64650631937081,86327,419,559,12698,
226.64671806661613,86327,418,560,12698,
226.64868877970386,86327,417,561,12698,
226.64950694062568,86327,417,560,12699,
226.649883911885,86327,416,561,12699,
226.65345475637292,86327,416,560,12700,
226.65533999016944,86327,415,561,12700,
226.65565493753277,86327,414,562,12700,
226.65604484061058,86327,414,561,12701,
226.6573978119393,86327,414,560,12702,
226.66310379417502,86326,415,560,12702,
226.66489809962226,86325,416,560,12702,
226.66655238989813,86325,416,559,12703,
226.66986699332284,86325,416,558,12704,
226.67397446636545,86324,417,558,12704,
226.67502603221251,86324,417,557,12705,
226.67641277553702,86324,417,556,12706,
226.67715827682323,86323,418,556,12706,
226.67924726619145,86323,418,555,12707,
226.6800593261155,86323,418,554,12708,
226.68138057548046,86323,417,555,12708,
226.68436056980406,86322,418,555,12708,
226.6864383748192,86322,417,556,12708,
226.68766879174177,86321,418,556,12708,
226.68920108108327,86321,417,557,12708,
226.68931954178493,86321,416,558,12708,
226.69001913971894,86321,416,557,12709,
226.69049533170937,86320,417,557,12709,
226.69117087126511,86320,416,558,12709,
226.69699688009172,86320,416,557,12710,
226.70668827319943,86319,417,557,12710,
226.71186057007765,86318,418,557,12710,
226.71461036263952,86318,417,558,12710,
226.7252435416548,86318,416,559,12710,
226.73731253467002,86318,415,560,12710,
226.74439661254002,86318,414,561,12710,
226.74622558628855,86317,415,561,12710,
226.74961096929349,86316,416,561,12710,
226.75076014977049,86316,415,562,12710,
226.7542925629412,86315,416,562,12710,
226.7590296894349,86314,417,562,12710,
226.76205026956944,86313,418,562,12710,
226.76659659468757,86312,419,562,12710,
226.76737242110482,86312,418,563,12710,
226.76747057648925,86312,417,564,12710,
226.77130178115013,86311,418,564,12710,
226.77183426915127,86311,418,563,12711,
226.77582660506192,86311,417,564,12711,
226.77800029647761,86310,418,564,12711,
226.7788239461556,86309,419,564,12711,
226.77955435907504,86308,420,564,12711,
226.78139484214245,86308,419,565,12711,
226.78293286854498,86308,418,566,12711,
226.78503393623674,86307,419,566,12711,
226.78600203388154,86306,420,566,12711,
226.7874503807991,86306,419,567,12711,
226.7898442162384,86305,420,567,12711,
226.79050916360612,86305,419,568,12711,
226.79465678119192,86305,419,567,12712,
226.79783455140705,86305,418,568,12712,
226.8159261853337,86305,417,569,12712,
226.82087943902482,86305,417,568,12713,
226.82206493784764,86304,418,568,12713,
226.8265256015835,86303,419,568,12713,
226.82818869513162,86303,419,567,12714,
226.82995338738442,86303,418,568,12714,
226.8313519552466,86303,418,567,12715,
226.8335875705842,86303,417,568,12715,
226.8451022972726,86303,416,569,12715,
226.85571699159996,86303,416,568,12716,
226.85627807998168,86302,417,568,12716,
226.86873154835007,86302,416,569,12716,
226.8719571281549,86302,415,570,12716,
226.87360674649366,86301,416,570,12716,
226.88067721838974,86301,415,571,12716,
226.88361378056567,86301,414,572,12716,
226.8857803378343,86300,415,572,12716,
226.89424444503675,86300,415,571,12717,
226.8975127616772,86300,415,570,12718,
226.89755310646035,86300,415,569,12719,
226.90294245151603,86300,414,570,12719,
226.907801662249,86299,415,570,12719,
226.90800833906744,86298,416,570,12719,
226.91078009973722,86298,415,571,12719,
226.9118643808551,86298,415,570,12720,
226.9148699816506,86298,414,571,12720,
226.91761904732476,86298,414,570,12721,
226.92084071092435,86298,414,569,12722,
226.93085066413985,86298,414,568,12723,
226.9345847156304,86298,414,567,12724,
226.93570464152904,86298,413,568,12724,
226.93711743720544,86298,412,569,12724,
226.9454572452255,86297,413,569,12724,
226.94922533793485,86297,413,568,12725,
226.95060973344795,86297,413,567,12726,
226.9561719070162,86297,413,566,12727,
226.95820283945,86296,414,566,12727,
226.96601051004285,86295,415,566,12727,
226.9686015320536,86295,414,567,12727,
226.97463344562954,86295,414,566,12728,
226.97553959331825,86294,415,566,12728,
226.98749757947274,86294,414,567,12728,
226.9918219488642,86293,415,567,12728,
226.99344963109817,86293,414,568,12728,
226.9954882895186,86293,413,569,12728,
227.0023694738737,86293,413,568,12729,
227.0082516843301,86292,414,568,12729,
227.00858993040174,86291,415,568,12729,
227.01027716631393,86291,414,569,12729,
227.01053819742702,86291,413,570,12729,
227.0138195418093,86291,413,569,12730,
227.01473647582299,86290,414,569,12730,
227.01722304778252,86290,413,570,12730,
227.02579518786706,86289,414,570,12730,
227.02823393014555,86288,415,570,12730,
227.03245193368946,86287,416,570,12730,
227.03407628399796,86287,415,571,12730,
227.04026559423633,86287,414,572,12730,
227.04404705223715,86286,415,572,12730,
227.04468328783815,86285,416,572,12730,
227.04955396679244,86284,417,572,12730,
227.05566828655304,86283,418,572,12730,
227.0576544835316,86283,417,573,12730,
227.0609166617252,86283,416,574,12730,
227.06342758210278,86283,415,575,12730,
227.06551972136302,86283,414,576,12730,
227.06995909558566,86283,414,575,12731,
227.07009109633952,86283,414,574,12732,
227.07021744265745,86283,414,573,12733,
227.0716250221222,86282,415,573,12733,
227.07352431921976,86282,415,572,12734,
227.07495162300083,86281,416,572,12734,
227.0777574109037,86280,417,572,12734,
227.08441742778172,86280,416,573,12734,
227.08794669682433,86280,415,574,12734,
227.08984019058985,86280,414,575,12734,
227.12013822897188,86280,414,574,12735,
227.12028115539425,86279,415,574,12735,
227.1225666101596,86278,416,574,12735,
227.12900582771604,86278,415,575,12735,
227.14058998422183,86278,414,576,12735,
227.1439889814039,86278,413,577,12735,
227.1473844609041,86278,412,578,12735,
227.14746805030077,86277,413,578,12735,
227.14871195479344,86277,412,579,12735,
227.15060333408363,86277,411,580,12735,
227.15115195987514,86277,411,579,12736,
227.1574784958992,86276,412,579,12736,
227.1651808700978,86276,411,580,12736,
227.17400452776755,86276,411,579,12737,
227.18034606084575,86276,410,580,12737,
227.1931539819037,86275,411,580,12737,
227.19406630388625,86274,412,580,12737,
227.19557718682913,86273,413,580,12737,
227.20274445763056,86273,413,579,12738,
227.20424326392208,86273,413,578,12739,
227.2124380134201,86272,414,578,12739,
227.21329957797485,86272,413,579,12739,
227.21593076989856,86272,413,578,12740,
227.22046933315949,86271,414,578,12740,
227.22127193875556,86270,415,578,12740,
227.2220378733257,86270,415,577,12741,
227.22530273807325,86270,415,576,12742,
227.22980227029157,86270,415,575,12743,
227.23433993960225,86270,414,576,12743,
227.23679735139797,86270,414,575,12744,
227.23978106095512,86270,413,576,12744,
227.24071595448777,86270,412,577,12744,
227.24276514270946,86269,413,577,12744,
227.24625231933888,86269,412,578,12744,
227.24626522514444,86269,411,579,12744,
227.24899831441172,86269,411,578,12745,
227.24952206345023,86269,410,579,12745,
227.25354112033787,86269,410,578,12746,
227.265310362873,86268,411,578,12746,
227.26622010555644,86267,412,578,12746,
227.2736534431046,86267,411,579,12746,
227.27515687319834,86267,411,578,12747,
227.28216869369226,86267,411,577,12748,
227.2909892181717,86266,412,577,12748,
227.2941522542254,86266,412,576,12749,
227.2971764660477,86266,411,577,12749,
227.29774670919886,86266,410,578,12749,
227.30029298594079,86266,409,579,12749,
227.30297184634298,86265,410,579,12749,
227.30302262834078,86264,411,579,12749,
227.3093548656912,86263,412,579,12749,
227.31401020696396,86263,411,580,12749,
227.3141230945416,86262,412,580,12749,
227.31431021750151,86261,413,580,12749,
227.3154427754929,86260,414,580,12749,
227.31713398593803,86260,413,581,12749,
227.31926990252592,86260,412,582,12749,
227.32075044471577,86260,412,581,12750,
227.3297617887561,86260,411,582,12750,
227.33200728889543,86259,412,582,12750,
227.33862503681254,86259,412,581,12751,
227.33902460642992,86259,412,580,12752,
227.36224825124566,86258,413,580,12752,
227.36566346700008,86258,412,581,12752,
227.3693263308997,86258,412,580,12753,
227.37393266719022,86257,413,580,12753,
227.3777273487267,86256,414,580,12753,
227.38399664295932,86256,414,579,12754,
227.38473355438487,86256,414,578,12755,
227.39190232531433,86255,415,578,12755,
227.39586411330427,86255,414,579,12755,
227.39704331318939,86255,414,578,12756,
227.39983416465418,86255,413,579,12756,
227.40229334507077,86255,413,578,12757,
227.41066855061933,86254,414,578,12757,
227.41464204025166,86253,415,578,12757,
227.42102805964913,86252,416,578,12757,
227.42142510533654,86252,416,577,12758,
227.42224942105923,86252,416,576,12759,
227.42330225191154,86252,415,577,12759,
227.42776077132046,86251,416,577,12759,
227.43748226733274,86250,417,577,12759,
227.43908752280583,86250,416,578,12759,
227.4393912281051,86250,415,579,12759,
227.43993387096143,86249,416,579,12759,
227.4430139048236,86249,415,580,12759,
227.45097853706332,86249,415,579,12760,
227.45423079456464,86248,416,579,12760,
227.45498437500657,86247,417,579,12760,
227.4627113368861,86247,416,580,12760,
227.4701077561692,86247,416,579,12761,
227.47917920663167,86246,417,579,12761,
227.48137408221749,86246,416,580,12761,
227.48202210077466,86246,415,581,12761,
227.48549417243728,86245,416,581,12761,
227.48753595757867,86245,416,580,12762,
227.4907328240303,86244,417,580,12762,
227.49967541582353,86244,417,579,12763,
227.50151030645782,86243,418,579,12763,
227.50422031968432,86243,417,580,12763,
227.50888095144091,86242,418,580,12763,
227.5126882333522,86242,418,579,12764,
227.53186104321966,86242,418,578,12765,
227.53225304548164,86242,418,577,12766,
227.5349349607484,86242,417,578,12766,
227.5392859520132,86241,418,578,12766,
227.54169710006045,86240,419,578,12766,
227.54590090371855,86240,419,577,12767,
227.54870225227805,86239,420,577,12767,
227.54902895778332,86239,420,576,12768,
227.5578304996074,86239,419,577,12768,
227.56258648849473,86238,420,577,12768,
227.56283197550266,86238,420,576,12769,
227.56428818021115,86238,420,575,12770,
227.5651430389734,86238,419,576,12770,
227.5791348449491,86238,419,575,12771,
227.5804812744009,86238,418,576,12771,
227.60491455100419,86238,418,575,12772,
227.6055206400057,86238,417,576,12772,
227.60917686696,86238,416,577,12772,
227.60931463657883,86238,415,578,12772,
227.61732202521657,86237,416,578,12772,
227.62366760626531,86237,415,579,12772,
227.6273518828674,86236,416,579,12772,
227.62960587331074,86236,415,580,12772,
227.63144355256856,86236,415,579,12773,
227.6320091793812,86235,416,579,12773,
227.6366563116892,86235,415,580,12773,
227.6479965110208,86234,416,580,12773,
227.6503797079678,86233,417,580,12773,
227.65854387007298,86233,417,579,12774,
227.65856686066292,86233,416,580,12774,
227.66793422765863,86233,416,579,12775,
227.6704440451023,86232,417,579,12775,
227.67185903819748,86232,416,580,12775,
227.67253564546326,86232,415,581,12775,
227.68047945315197,86232,415,580,12776,
227.68475844190135,86232,415,579,12777,
227.68531336818825,86232,414,580,12777,
227.68802356430677,86231,415,580,12777,
227.68906453080186,86231,414,581,12777,
227.68930747989452,86231,413,582,12777,
227.69133329457057,86231,412,583,12777,
227.6922840843909,86230,413,583,12777,
227.69467641120198,86229,414,583,12777,
227.70343948261223,86228,415,583,12777,
227.70552146271862,86227,416,583,12777,
227.70997617679302,86227,415,584,12777,
227.71047610558247,86226,416,584,12777,
227.71093445230932,86225,417,584,12777,
227.71744556765057,86225,417,583,12778,
227.7192292535018,86225,417,582,12779,
227.72238484185107,86224,418,582,12779,
227.72314154338682,86223,419,582,12779,
227.72857306172358,86223,419,581,12780,
227.72999295015137,86222,420,581,12780,
227.7325614045376,86222,420,580,12781,
227.7345158388676,86221,421,580,12781,
227.73795431388902,86221,421,579,12782,
227.7458301059442,86220,422,579,12782,
227.74595418805765,86219,423,579,12782,
227.75089375194662,86219,422,580,12782,
227.75188638532924,86219,421,581,12782,
227.76464366614368,86219,420,582,12782,
227.77183653891734,86219,420,581,12783,
227.77220204182672,86219,419,582,12783,
227.77839927223755,86218,420,582,12783,
227.7909620911825,86218,419,583,12783,
227.79149141631433,86217,420,583,12783,
227.79221734064532,86216,421,583,12783,
227.80349771971882,86215,422,583,12783,
227.81652393455494,86215,421,584,12783,
227.82144189993716,86214,422,584,12783,
227.8227351491546,86214,421,585,12783,
227.8261960161023,86214,421,584,12784,
227.83113499905306,86214,421,583,12785,
227.83169813869966,86214,420,584,12785,
227.83363389833897,86214,419,585,12785,
227.83367899568424,86213,420,585,12785,
227.8372240277005,86212,421,585,12785,
227.8379123108696,86212,421,584,12786,
227.84130990620196,86212,421,583,12787,
227.8414724101702,86211,422,583,12787,
227.84908768651076,86210,423,583,12787,
227.8506561793903,86209,424,583,12787,
227.8538202946351,86208,425,583,12787,
227.85648213492686,86208,424,584,12787,
227.8623584700958,86207,425,584,12787,
227.87344250206058,86206,426,584,12787,
227.88703602895018,86206,426,583,12788,
227.8918005445145,86206,425,584,12788,
227.89436782335875,86206,425,583,12789,
227.90065127101983,86205,426,583,12789,
227.90449983950117,86205,425,584,12789,
227.90839677768165,86205,425,583,12790,
227.91259639402085,86205,425,582,12791,
227.9172306293204,86205,425,581,12792,
227.91797754320078,86204,426,581,12792,
227.91982680813928,86204,425,582,12792,
227.92584787562282,86204,425,581,12793,
227.9264196310553,86203,426,581,12793,
227.9286423908872,86202,427,581,12793,
227.9293286885872,86202,426,582,12793,
227.9298901484046,86201,427,582,12793,
227.93456523233672,86200,428,582,12793,
227.93671405452108,86200,428,581,12794,
227.94012747278623,86200,427,582,12794,
227.94295994839987,86200,426,583,12794,
227.94423627786625,86200,425,584,12794,
227.94473855073775,86199,426,584,12794,
227.94624992759097,86198,427,584,12794,
227.9552327433523,86198,426,585,12794,
227.9569171665178,86198,426,584,12795,
227.9590015092634,86198,425,585,12795,
227.96495417295623,86197,426,585,12795,
227.96710739904412,86197,426,584,12796,
227.97118417020573,86197,426,583,12797,
227.97353630322286,86197,425,584,12797,
227.9758608305517,86197,425,583,12798,
227.97722210725848,86196,426,583,12798,
227.97991158642762,86196,426,582,12799,
227.98662847086266,86196,426,581,12800,
227.98843678080246,86196,425,582,12800,
227.98847080198462,86196,424,583,12800,
227.99045861118148,86195,425,583,12800,
227.99232386022496,86194,426,583,12800,
227.9924812738872,86193,427,583,12800,
227.99753273703462,86193,426,584,12800,
227.99763484390837,86192,427,584,12800,
227.99841695654882,86191,428,584,12800,
228.0217540328022,86191,427,585,12800,
228.022175004309,86190,428,585,12800,
228.02968992390998,86190,427,586,12800,
228.04602943788902,86189,428,586,12800,
228.05034862314122,86189,427,587,12800,
228.0547725677069,86188,428,587,12800,
228.05546510021895,86188,428,586,12801,
228.06124512548425,86188,427,587,12801,
228.06175403807953,86188,426,588,12801,
228.06354554062892,86188,425,589,12801,
228.06791552976568,86187,426,589,12801,
228.06850823817885,86187,425,590,12801,
228.06913024978968,86186,426,590,12801,
228.0699019845335,86186,425,591,12801,
228.07033187933501,86186,424,592,12801,
228.0710909018253,86186,424,591,12802,
228.07596852115972,86185,425,591,12802,
228.07731122463454,86185,425,590,12803,
228.07931111578904,86185,425,589,12804,
228.08123869639914,86184,426,589,12804,
228.09391415953323,86183,427,589,12804,
228.10059744555295,86183,426,590,12804,
228.10093372462094,86182,427,590,12804,
228.10234168398293,86181,428,590,12804,
228.1039086523949,86180,429,590,12804,
228.11325115905424,86180,428,591,12804,
228.11641743279478,86180,427,592,12804,
228.11891967149074,86179,428,592,12804,
228.12433210610567,86178,429,592,12804,
228.12446327635212,86177,430,592,12804,
228.125844647071,86176,431,592,12804,
228.1340434523905,86176,431,591,12805,
228.13626547778014,86176,431,590,12806,
228.13881123161764,86176,430,591,12806,
228.13984662266446,86175,431,591,12806,
228.14092202172066,86174,432,591,12806,
228.14447814850675,86173,433,591,12806,
228.144636454912,86172,434,591,12806,
228.14619075124125,86171,435,591,12806,
228.14836226693114,86170,436,591,12806,
228.15042593846252,86170,436,590,12807,
228.15262054170447,86170,436,589,12808,
228.15523591540864,86170,435,590,12808,
228.15563776072423,86170,435,589,12809,
228.15879876108528,86169,436,589,12809,
228.160759871051,86169,436,588,12810,
228.16745778824412,86169,436,587,12811,
228.1692984676306,86168,437,587,12811,
228.17149205436394,86167,438,587,12811,
228.17271922574045,86166,439,587,12811,
228.20200920761874,86165,440,587,12811,
228.21120298790757,86165,439,588,12811,
228.21267172415017,86165,439,587,12812,
228.21684200672985,86165,439,586,12813,
228.2369399089312,86164,440,586,12813,
228.2382245714919,86163,441,586,12813,
228.24547568295174,86163,441,585,12814,
228.24562853719388,86163,440,586,12814,
228.24674162660259,86163,440,585,12815,
228.25440519028683,86162,441,585,12815,
228.25527974274544,86161,442,585,12815,
228.25583350455935,86161,441,586,12815,
228.25961775186752,86161,441,585,12816,
228.26483603754107,86161,441,584,12817,
228.26854913043917,86161,440,585,12817,
228.27318103209154,86161,440,584,12818,
228.28545572493906,86160,441,584,12818,
228.289002166264,86159,442,584,12818,
228.28968891628648,86159,442,583,12819,
228.29285961699725,86159,442,582,12820,
228.2973121241343,86159,442,581,12821,
228.29874912760036,86159,441,582,12821,
228.2991323092984,86159,440,583,12821,
228.30178329372748,86159,440,582,12822,
228.3034725622689,86159,440,581,12823,
228.31677203698726,86158,441,581,12823,
228.32482113054104,86158,440,582,12823,
228.3253114646337,86158,439,583,12823,
228.33009854030482,86158,438,584,12823,
228.33188756807186,86157,439,584,12823,
228.33979209855062,86157,438,585,12823,
228.35031860582444,86156,439,585,12823,
228.3602981602133,86156,438,586,12823,
228.36143679955728,86155,439,586,12823,
228.36364269521687,86155,438,587,12823,
228.36809180157104,86155,437,588,12823,
228.3709354461937,86155,437,587,12824,
228.37194427466025,86154,438,587,12824,
228.37373049765944,86154,437,588,12824,
228.37610882149693,86154,436,589,12824,
228.37754006728022,86154,436,588,12825,
228.38016846278427,86153,437,588,12825,
228.3804692077587,86152,438,588,12825,
228.38222048020424,86152,438,587,12826,
228.3845430391877,86151,439,587,12826,
228.3892716700631,86151,439,586,12827,
228.38982612122848,86151,439,585,12828,
228.3907000627113,86150,440,585,12828,
228.3934302039407,86149,441,585,12828,
228.3935940630476,86149,440,586,12828,
228.4106406664252,86149,439,587,12828,
228.41206202765034,86148,440,587,12828,
228.42764267816796,86147,441,587,12828,
228.43645347912,86147,440,588,12828,
228.43858845821927,86147,439,589,12828,
228.43887343994086,86147,439,588,12829,
228.44593823728846,86146,440,588,12829,
228.4525373942447,86145,441,588,12829,
228.45863674016016,86145,440,589,12829,
228.4595796235693,86145,439,590,12829,
228.46196446248027,86145,439,589,12830,
228.46239781084347,86145,438,590,12830,
228.46251242216547,86144,439,590,12830,
228.46505994318866,86143,440,590,12830,
228.46686652157786,86143,439,591,12830,
228.467146691151,86142,440,591,12830,
228.46985906149322,86141,441,591,12830,
228.4720962079317,86141,441,590,12831,
228.47627037054195,86141,441,589,12832,
228.49177112872292,86141,440,590,12832,
228.49256244812955,86141,440,589,12833,
228.49492457190166,86140,441,589,12833,
228.50673527807982,86140,441,588,12834,
228.5083350574052,86140,441,587,12835,
228.50913913125444,86139,442,587,12835,
228.51277831649207,86139,441,588,12835,
228.51818336597006,86139,440,589,12835,
228.52105570307378,86139,440,588,12836,
228.52422411501698,86138,441,588,12836,
228.52978173021435,86138,440,589,12836,
228.53397379832595,86138,439,590,12836,
228.53502099081896,86138,439,589,12837,
228.54163609088448,86138,439,588,12838,
228.5431971958931,86138,438,589,12838,
228.55014384274352,86138,438,588,12839,
228.56036896778974,86137,439,588,12839,
228.566181719895,86137,439,587,12840,
228.57250285212302,86136,440,587,12840,
228.58129001758212,86136,440,586,12841,
228.58935442818242,86135,441,586,12841,
228.6021811280004,86134,442,586,12841,
228.60401066640233,86133,443,586,12841,
228.6147528192391,86133,443,585,12842,
228.61495232560856,86133,442,586,12842,
228.61829125383954,86133,442,585,12843,
228.62035254351832,86133,442,584,12844,
228.62041931471776,86133,441,585,12844,
228.62123717873675,86132,442,585,12844,
228.62153817578022,86132,441,586,12844,
228.62368919256141,86132,440,587,12844,
228.6239115760829,86131,441,587,12844,
228.6330763012196,86130,442,587,12844,
228.63346233230672,86129,443,587,12844,
228.63591975114156,86129,442,588,12844,
228.64193099844874,86129,441,589,12844,
228.64826031677734,86128,442,589,12844,
228.653397982143,86128,441,590,12844,
228.65500538003934,86127,442,590,12844,
228.6566507462844,86127,442,589,12845,
228.65868516751064,86127,441,590,12845,
228.6614435839433,86127,440,591,12845,
228.6647817632059,86127,439,592,12845,
228.66671390787997,86127,439,591,12846,
228.6669419349808,86127,439,590,12847,
228.67840155842987,86127,439,589,12848,
228.68009584255694,86126,440,589,12848,
228.68579214072759,86125,441,589,12848,
228.6864727158952,86124,442,589,12848,
228.68793885300028,86123,443,589,12848,
228.68869773242486,86123,442,590,12848,
228.6894771948943,86122,443,590,12848,
228.69184231462177,86121,444,590,12848,
228.6969212383757,86121,443,591,12848,
228.7034829311933,86121,443,590,12849,
228.7081801718088,86121,442,591,12849,
228.7101064029942,86120,443,591,12849,
228.71255308275576,86120,443,590,12850,
228.71464471930972,86119,444,590,12850,
228.7158557129874,86119,443,591,12850,
228.71869673544774,86119,442,592,12850,
228.71924045131186,86119,442,591,12851,
228.7215023329698,86119,441,592,12851,
228.72219187657723,86118,442,592,12851,
228.72427356912996,86118,441,593,12851,
228.72531353613252,86117,442,593,12851,
228.73692759452243,86116,443,593,12851,
228.73717478385447,86116,442,594,12851,
228.73968199021425,86116,441,595,12851,
228.74110021175437,86116,441,594,12852,
228.7492891947921,86116,441,593,12853,
228.75014934317414,86115,442,593,12853,
228.75241572976108,86114,443,593,12853,
228.75357153544914,86113,444,593,12853,
228.75493137700252,86113,444,592,12854,
228.7553237580367,86113,444,591,12855,
228.76499362123738,86113,443,592,12855,
228.7671974113039,86113,443,591,12856,
228.769352214187,86113,442,592,12856,
228.76962427266065,86113,441,593,12856,
228.77020894190917,86113,440,594,12856,
228.77615217453135,86113,439,595,12856,
228.77920078051858,86112,440,595,12856,
228.7817830967082,86112,439,596,12856,
228.7821194081406,86112,438,597,12856,
228.78519179049516,86111,439,597,12856,
228.7866176082818,86111,439,596,12857,
228.7874662652276,86111,438,597,12857,
228.78874975353688,86110,439,597,12857,
228.79186085818324,86110,438,598,12857,
228.79684961482607,86109,439,598,12857,
228.7982614251614,86109,438,599,12857,
228.80091349642365,86108,439,599,12857,
228.8019954346446,86108,439,598,12858,
228.80278070358676,86108,438,599,12858,
228.80317043394243,86107,439,599,12858,
228.80579364888595,86107,438,600,12858,
228.810177825704,86107,438,599,12859,
228.81169341221846,86106,439,599,12859,
228.8122599618858,86106,438,600,12859,
228.81791286417672,86105,439,600,12859,
228.81907354193368,86105,438,601,12859,
228.8246856776344,86105,438,600,12860,
228.82659431492908,86105,438,599,12861,
228.82903390378877,86105,438,598,12862,
228.83724148544061,86105,437,599,12862,
228.84152070125,86105,436,600,12862,
228.84202974422234,86104,437,600,12862,
228.84218650932667,86104,437,599,12863,
228.8454653937228,86104,436,600,12863,
228.84553037762828,86104,436,599,12864,
228.85123996277707,86103,437,599,12864,
228.8571215980043,86103,437,598,12865,
228.86277739981654,86103,436,599,12865,
228.86610584383442,86103,435,600,12865,
228.87094973769794,86103,435,599,12866,
228.87398515465313,86103,434,600,12866,
228.87664987091603,86103,434,599,12867,
228.878082322702,86103,434,598,12868,
228.882985779938,86102,435,598,12868,
228.88596005437273,86101,436,598,12868,
228.8966314429073,86101,436,597,12869,
228.89999650283335,86100,437,597,12869,
228.901283727128,86099,438,597,12869,
228.90277691408764,86099,437,598,12869,
228.9041321926997,86098,438,598,12869,
228.90666109458968,86098,437,599,12869,
228.9069936356204,86098,437,598,12870,
228.90875182352767,86097,438,598,12870,
228.91074794492212,86097,437,599,12870,
228.9130546610406,86097,437,598,12871,
228.91315998671445,86097,436,599,12871,
228.9135433723597,86096,437,599,12871,
228.91516821657626,86096,437,598,12872,
228.91918526077583,86096,437,597,12873,
228.92146690809167,86096,436,598,12873,
228.92454040284642,86096,435,599,12873,
228.92512103808903,86096,435,598,12874,
228.92617971359044,86095,436,598,12874,
228.9264944271846,86095,436,597,12875,
228.9287559991228,86095,435,598,12875,
228.92937466000956,86095,434,599,12875,
228.92959495628628,86094,435,599,12875,
228.93013079276835,86093,436,599,12875,
228.93773259318021,86092,437,599,12875,
228.94333801558608,86092,436,600,12875,
228.9482474269498,86091,437,600,12875,
228.94950716883773,86090,438,600,12875,
228.95364200741557,86090,438,599,12876,
228.95575557637332,86090,437,600,12876,
228.9563675432801,86089,438,600,12876,
228.95830770634478,86089,437,601,12876,
228.9629855520432,86089,437,600,12877,
228.96820359640833,86089,437,599,12878,
228.97077998252888,86089,437,598,12879,
228.97932351619704,86088,438,598,12879,
228.98955872835887,86088,438,597,12880,
228.99032411952672,86087,439,597,12880,
228.99246744097525,86087,438,598,12880,
228.9957456011972,86086,439,598,12880,
228.99920513640205,86086,438,599,12880,
228.99936313437337,86086,438,598,12881,
228.9996600563619,86086,438,597,12882,
228.99973349872158,86086,437,598,12882,
229.00124142971077,86085,438,598,12882,
229.0029413889369,86085,437,599,12882,
229.00558334519067,86084,438,599,12882,
229.00941082843286,86084,437,600,12882,
229.01161899022273,86083,438,600,12882,
229.01672105160822,86083,437,601,12882,
229.01729452513615,86082,438,601,12882,
229.0181071732656,86082,437,602,12882,
229.0190730748046,86082,437,601,12883,
229.0197547133589,86082,436,602,12883,
229.0264654242604,86082,435,603,12883,
229.03308155806502,86082,434,604,12883,
229.0387876248504,86082,433,605,12883,
229.04545795581726,86082,433,604,12884,
229.04804642356663,86082,433,603,12885,
229.0592197979087,86082,433,602,12886,
229.06004561240184,86082,432,603,12886,
229.06462391470455,86082,432,602,12887,
229.06569991541278,86082,431,603,12887,
229.0689011154154,86081,432,603,12887,
229.0735816130259,86080,433,603,12887,
229.07407033459953,86079,434,603,12887,
229.0750846855654,86079,433,604,12887,
229.07963910362298,86079,432,605,12887,
229.08065648759856,86078,433,605,12887,
229.0820900795659,86078,432,606,12887,
229.08806602339482,86078,432,605,12888,
229.08848985065626,86078,432,604,12889,
229.09496604684887,86078,432,603,12890,
229.10142459042774,86078,432,602,12891,
229.10331458841802,86078,431,603,12891,
229.12802064454408,86077,432,603,12891,
229.12822747776136,86077,431,604,12891,
229.12840419362817,86077,431,603,12892,
229.1286133904878,86077,430,604,12892,
229.1295585462227,86076,431,604,12892,
229.12957473735472,86075,432,604,12892,
229.13096182091724,86074,433,604,12892,
229.1369359859866,86074,432,605,12892,
229.13822529766205,86073,433,605,12892,
229.14489455391856,86073,432,606,12892,
229.1458376771646,86073,431,607,12892,
229.14966226257744,86073,430,608,12892,
229.1497821467729,86073,429,609,12892,
229.15152066533238,86073,429,608,12893,
229.15495495807704,86073,428,609,12893,
229.15496467388533,86073,427,610,12893,
229.15934387260916,86073,426,611,12893,
229.15990272694756,86073,425,612,12893,
229.1664700197371,86073,424,613,12893,
229.1681916483046,86073,424,612,12894,
229.1718212512429,86073,423,613,12894,
229.17183939768495,86073,422,614,12894,
229.18061468244554,86073,422,613,12895,
229.18353134881056,86073,422,612,12896,
229.18405740876207,86073,422,611,12897,
229.18856951065538,86072,423,611,12897,
229.18913759344662,86072,423,610,12898,
229.20871573101843,86071,424,610,12898,
229.21032736379533,86070,425,610,12898,
229.21274027103124,86070,425,609,12899,
229.21593548248543,86070,425,608,12900,
229.22675836421368,86069,426,608,12900,
229.2278348456641,86069,425,609,12900,
229.228023705675,86068,426,609,12900,
229.23367371503153,86067,427,609,12900,
229.2399332417346,86067,426,610,12900,
229.24055388034495,86066,427,610,12900,
229.24641951974522,86066,426,611,12900,
229.2477885531508,86066,425,612,12900,
229.25123160970617,86066,425,611,12901,
229.25329913833295,86066,425,610,12902,
229.2560771053092,86066,425,609,12903,
229.25992505143302,86066,425,608,12904,
229.26386474529158,86066,424,609,12904,
229.26801950272974,86065,425,609,12904,
229.27975394278252,86065,424,610,12904,
229.28763954174255,86064,425,610,12904,
229.29200493495682,86064,425,609,12905,
229.29416140887957,86063,426,609,12905,
229.30209153294743,86063,426,608,12906,
229.30328544233674,86063,425,609,12906,
229.30329748601582,86062,426,609,12906,
229.30403220794082,86061,427,609,12906,
229.30836081619088,86061,427,608,12907,
229.31668142965842,86060,428,608,12907,
229.31898570475425,86060,428,607,12908,
229.3340262871782,86059,429,607,12908,
229.34002139348274,86059,429,606,12909,
229.3455903791134,86058,430,606,12909,
229.3469624177847,86057,431,606,12909,
229.35274124999717,86057,430,607,12909,
229.3571765252778,86057,430,606,12910,
229.36595983524518,86056,431,606,12910,
229.36639387295412,86056,431,605,12911,
229.36857549702447,86056,431,604,12912,
229.37072944714154,86056,430,605,12912,
229.37256681271276,86056,429,606,12912,
229.37256789394348,86056,429,605,12913,
229.38636784058693,86056,429,604,12914,
229.39708484378988,86055,430,604,12914,
229.40320326466602,86055,430,603,12915,
229.41120245082823,86055,429,604,12915,
229.41159268136772,86054,430,604,12915,
229.4123738914296,86054,430,603,12916,
229.423035710308,86054,430,602,12917,
229.42320913299258,86054,430,601,12918,
229.42512716876794,86054,429,602,12918,
229.42745648943026,86053,430,602,12918,
229.43520211340763,86052,431,602,12918,
229.437745504515,86052,431,601,12919,
229.43796431183264,86052,431,600,12920,
229.4391455636461,86051,432,600,12920,
229.4400730115571,86050,433,600,12920,
229.44516073698168,86050,433,599,12921,
229.44857001793113,86050,433,598,12922,
229.44926904925904,86050,433,597,12923,
229.45003347643132,86050,432,598,12923,
229.45159898549485,86050,431,599,12923,
229.45394395029325,86050,431,598,12924,
229.45541457499934,86050,431,597,12925,
229.45742045928844,86050,430,598,12925,
229.46152202717053,86049,431,598,12925,
229.46196060711253,86049,430,599,12925,
229.46231536911333,86049,430,598,12926,
229.46324436958747,86049,430,597,12927,
229.46388578511943,86048,431,597,12927,
229.46733168371372,86048,431,596,12928,
229.46953005890296,86048,430,597,12928,
229.4699552011977,86048,430,596,12929,
229.4707167292243,86047,431,596,12929,
229.47561966330355,86046,432,596,12929,
229.4775100483022,86046,431,597,12929,
229.48233248919257,86046,430,598,12929,
229.49068509225498,86045,431,598,12929,
229.49203215698248,86045,430,599,12929,
229.49450860516262,86044,431,599,12929,
229.49918474351819,86043,432,599,12929,
229.50910883526646,86043,432,598,12930,
229.5155275666609,86043,432,597,12931,
229.51829064241744,86042,433,597,12931,
229.52262244320113,86042,432,598,12931,
229.5233720496942,86042,431,599,12931,
229.52934711675016,86041,432,599,12931,
229.53494909523675,86041,431,600,12931,
229.53713321750473,86041,431,599,12932,
229.53736564145774,86041,431,598,12933,
229.53893541306957,86041,431,597,12934,
229.5405366408332,86040,432,597,12934,
229.54175180004188,86039,433,597,12934,
229.55959455154877,86038,434,597,12934,
229.56747188027828,86038,433,598,12934,
229.56911838828273,86037,434,598,12934,
229.56959209921303,86037,434,597,12935,
229.5725592394501,86037,433,598,12935,
229.57443512342462,86036,434,598,12935,
229.57549909546864,86036,434,597,12936,
229.57703399838047,86036,433,598,12936,
229.57818996577572,86035,434,598,12936,
229.58084568245266,86034,435,598,12936,
229.58343429732733,86034,434,599,12936,
229.58784862960206,86033,435,599,12936,
229.60371846678362,86033,434,600,12936,
229.61458607691662,86033,434,599,12937,
229.62646847152047,86032,435,599,12937,
229.62873777589806,86032,434,600,12937,
229.6348420132239,86032,434,599,12938,
229.6370027694336,86031,435,599,12938,
229.63865493008512,86031,435,598,12939,
229.638977388374,86030,436,598,12939,
229.6441908853927,86030,435,599,12939,
229.64674862045825,86029,436,599,12939,
229.64704654238773,86028,437,599,12939,
229.66248285127625,86028,436,600,12939,
229.66469922328628,86028,436,599,12940,
229.66723779195772,86027,437,599,12940,
229.66950131694722,86027,436,600,12940,
229.6698712784449,86027,436,599,12941,
229.6838866096079,86027,436,598,12942,
229.68492999676883,86027,436,597,12943,
229.69007006611105,86026,437,597,12943,
229.70024647578282,86026,437,596,12944,
229.70178250593534,86026,436,597,12944,
229.70696071539345,86026,435,598,12944,
229.7084816563988,86026,434,599,12944,
229.71918183781526,86025,435,599,12944,
229.71972415094186,86025,434,600,12944,
229.7262577719722,86024,435,600,12944,
229.72738731544916,86024,435,599,12945,
229.72886611878823,86024,435,598,12946,
229.73402639404605,86024,435,597,12947,
229.73575433151,86024,434,598,12947,
229.74533308637078,86024,434,597,12948,
229.75610249820582,86023,435,597,12948,
229.75714571043716,86023,435,596,12949,
229.76965125768513,86023,435,595,12950,
229.7707822282626,86022,436,595,12950,
229.77361180108662,86021,437,595,12950,
229.78240415462304,86021,437,594,12951,
229.7860899071741,86021,437,593,12952,
229.79254052184166,86021,436,594,12952,
229.79612964699976,86021,436,593,12953,
229.7968289073526,86021,436,592,12954,
229.79752107685513,86021,436,591,12955,
229.79914805064996,86021,435,592,12955,
229.8089873028865,86020,436,592,12955,
229.80966821676714,86020,435,593,12955,
229.81173360829976,86020,435,592,12956,
229.81494672204315,86020,434,593,12956,
229.81506655823742,86019,435,593,12956,
229.81677236834815,86018,436,593,12956,
229.82020728975988,86018,435,594,12956,
229.8345627071969,86017,436,594,12956,
229.84947106461414,86017,435,595,12956,
229.84964892981003,86016,436,595,12956,
229.85206794711462,86015,437,595,12956,
229.85855715008873,86015,437,594,12957,
229.8613058333396,86014,438,594,12957,
229.8619858121034,86014,437,595,12957,
229.86639068868385,86013,438,595,12957,
229.86796286241727,86013,438,594,12958,
229.87031626368983,86013,438,593,12959,
229.87404011764437,86012,439,593,12959,
229.8827407933124,86012,438,594,12959,
229.88985595682658,86012,437,595,12959,
229.89334292445847,86012,437,594,12960,
229.90076133667202,86012,437,593,12961,
229.90199598547005,86012,436,594,12961,
229.90575261581145,86012,435,595,12961,
229.9065179249287,86012,434,596,12961,
229.9112107022646,86011,435,596,12961,
229.91375299998163,86010,436,596,12961,
229.91704057670518,86010,435,597,12961,
229.92594705638155,86010,435,596,12962,
229.92878717437605,86009,436,596,12962,
229.92947764387827,86009,435,597,12962,
229.9332654232304,86008,436,597,12962,
229.93404942782962,86007,437,597,12962,
229.94013185289944,86006,438,597,12962,
229.94867710762708,86005,439,597,12962,
229.9489815870506,86005,439,596,12963,
229.95362642339364,86004,440,596,12963,
229.96148594430457,86004,440,595,12964,
229.9729648718511,86004,440,594,12965,
229.97424594523005,86004,440,593,12966,
229.97698540163185,86003,441,593,12966,
229.98019030439926,86002,442,593,12966,
229.98038466972125,86001,443,593,12966,
229.98529898783633,86001,442,594,12966,
229.99051834758563,86001,441,595,12966,
230.01744793038327,86001,440,596,12966,
230.01793260048368,86001,440,595,12967,
230.0210078643974,86001,439,596,12967,
230.03014418860198,86000,440,596,12967,
230.03522448814275,86000,439,597,12967,
230.03735841682285,85999,440,597,12967,
230.04365945674004,85998,441,597,12967,
230.04472891971866,85998,441,596,12968,
230.06193139361255,85997,442,596,12968,
230.07168142801737,85996,443,596,12968,
230.0733026556684,85996,442,597,12968,
230.0739811654273,85996,441,598,12968,
230.0793943814226,85995,442,598,12968,
230.08611507156712,85995,441,599,12968,
230.08808012977553,85995,441,598,12969,
230.08871306963658,85995,440,599,12969,
230.0924982997852,85995,439,600,12969,
230.0939227182632,85994,440,600,12969,
230.1028405623104,85994,439,601,12969,
230.10328065236516,85993,440,601,12969,
230.1035135072754,85993,439,602,12969,
230.10425747796228,85992,440,602,12969,
230.10538632436325,85991,441,602,12969,
230.10946152987134,85990,442,602,12969,
230.11285137765572,85990,441,603,12969,
230.1193030502235,85989,442,603,12969,
230.1250585459327,85989,442,602,12970,
230.1284606791162,85989,442,601,12971,
230.1294397374714,85989,441,602,12971,
230.13342673401786,85989,441,601,12972,
230.13721475566211,85989,440,602,12972,
230.13795860492323,85989,440,601,12973,
230.14025217916068,85988,441,601,12973,
230.14156055371893,85987,442,601,12973,
230.15149892383536,85987,441,602,12973,
230.15351765301153,85986,442,602,12973,
230.160723906435,85986,441,603,12973,
230.1640318577882,85985,442,603,12973,
230.1661851502624,85985,441,604,12973,
230.1681608181661,85984,442,604,12973,
230.17747599093326,85983,443,604,12973,
230.17942434460417,85983,443,603,12974,
230.18528473445687,85982,444,603,12974,
230.1858615783945,85982,443,604,12974,
230.18596925686683,85981,444,604,12974,
230.19079625954737,85980,445,604,12974,
230.19205460413238,85980,445,603,12975,
230.20345470940026,85979,446,603,12975,
230.2045985683802,85978,447,603,12975,
230.20566694712696,85977,448,603,12975,
230.20725412566009,85977,447,604,12975,
230.20898059864018,85977,447,603,12976,
230.21093062802075,85977,446,604,12976,
230.21942465621,85977,446,603,12977,
230.22090739814226,85977,445,604,12977,
230.2212667641661,85977,445,603,12978,
230.22313375386645,85976,446,603,12978,
230.2242323510037,85976,445,604,12978,
230.22583503990327,85975,446,604,12978,
230.22681565411958,85974,447,604,12978,
230.22971570297483,85973,448,604,12978,
230.23293446667395,85972,449,604,12978,
230.2357001967232,85972,449,603,12979,
230.24004772044253,85971,450,603,12979,
230.24010751625207,85970,451,603,12979,
230.24925579207576,85969,452,603,12979,
230.2515126361389,85969,451,604,12979,
230.2519703136725,85969,450,605,12979,
230.25306920557082,85968,451,605,12979,
230.2540146564743,85968,451,604,12980,
230.26021704049973,85968,451,603,12981,
230.26168487860974,85967,452,603,12981,
230.2744070820135,85966,453,603,12981,
230.27977585871687,85966,453,602,12982,
230.28020894059355,85966,452,603,12982,
230.28547514400447,85966,451,604,12982,
230.2945214261394,85966,450,605,12982,
230.29750876723162,85966,449,606,12982,
230.29975628572967,85965,450,606,12982,
230.30108588635537,85964,451,606,12982,
230.30540837371296,85963,452,606,12982,
230.31588403593662,85963,451,607,12982,
230.31638143170352,85962,452,607,12982,
230.3171763950217,85962,451,608,12982,
230.32064372278452,85962,450,609,12982,
230.3213537663954,85961,451,609,12982,
230.32548175376814,85961,450,610,12982,
230.33722507681466,85961,449,611,12982,
230.33828924737034,85960,450,611,12982,
230.34840411201344,85960,449,612,12982,
230.35444693793949,85960,449,611,12983,
230.35511013478558,85959,450,611,12983,
230.35705404006626,85958,451,611,12983,
230.3599869461809,85958,450,612,12983,
230.36243689177687,85958,449,613,12983,
230.3637169550174,85957,450,613,12983,
230.38048379218537,85957,449,614,12983,
230.3834973562324,85957,449,613,12984,
230.38789688121554,85956,450,613,12984,
230.3949289207584,85956,449,614,12984,
230.3957852387716,85955,450,614,12984,
230.4000423435792,85954,451,614,12984,
230.40079989353774,85954,451,613,12985,
230.40746564454986,85953,452,613,12985,
230.41604305953413,85953,451,614,12985,
230.4186379235243,85953,450,615,12985,
230.41924713411188,85953,449,616,12985,
230.42500982125821,85952,450,616,12985,
230.42980971128262,85952,450,615,12986,
230.43124329876935,85951,451,615,12986,
230.4380851957854,85951,450,616,12986,
230.4400254431925,85951,449,617,12986,
230.44156682885102,85951,449,616,12987,
230.44994521636997,85951,448,617,12987,
230.4502600141511,85950,449,617,12987,
230.45414715792535,85950,448,618,12987,
230.45811410417534,85950,447,619,12987,
230.46094205495513,85950,447,618,12988,
230.4611110073634,85949,448,618,12988,
230.46574805681283,85948,449,618,12988,
230.46584524640883,85948,448,619,12988,
230.47921649336334,85948,448,618,12989,
230.4819665115193,85948,447,619,12989,
230.48294267815965,85947,448,619,12989,
230.4902676706549,85946,449,619,12989,
230.49042979637258,85946,448,620,12989,
230.4905383078299,85945,449,620,12989,
230.49090774545368,85945,448,621,12989,
230.49642112154126,85944,449,621,12989,
230.4964272493843,85943,450,621,12989,
230.49680218174024,85943,449,622,12989,
230.50060386459154,85942,450,622,12989,
230.50322357090477,85941,451,622,12989,
230.5088793173121,85941,451,621,12990,
230.50897038022612,85941,451,620,12991,
230.5102508930808,85941,450,621,12991,
230.5108143017312,85940,451,621,12991,
230.51436057335772,85940,451,620,12992,
230.52499765195134,85940,451,619,12993,
230.52799857973093,85940,451,618,12994,
230.52969539818355,85940,451,617,12995,
230.53007599176453,85940,450,618,12995,
230.53024066870046,85940,450,617,12996,
230.53311143905742,85940,449,618,12996,
230.53906401994504,85940,448,619,12996,
230.540506534343,85940,447,620,12996,
230.5464778610646,85939,448,620,12996,
230.55473279615927,85939,448,619,12997,
230.55598092622418,85939,447,620,12997,
230.5586737493861,85939,447,619,12998,
230.56284571763945,85939,446,620,12998,
230.5709635820874,85939,446,619,12999,
230.57568665674302,85939,445,620,12999,
230.5768189222243,85938,446,620,12999,
230.5783129463477,85938,446,619,13000,
230.57878985709064,85938,445,620,13000,
230.58083957589184,85938,444,621,13000,
230.58169873696565,85938,444,620,13001,
230.5822571428463,85938,443,621,13001,
230.5823058920383,85937,444,621,13001,
230.58680999650065,85937,444,620,13002,
230.58800182472876,85937,444,619,13003,
230.59131018437594,85937,444,618,13004,
230.59575625724256,85937,443,619,13004,
230.62205522844604,85936,444,619,13004,
230.62229469601536,85936,443,620,13004,
230.63168436137417,85936,442,621,13004,
230.63357705409948,85936,441,622,13004,
230.63955547904038,85935,442,622,13004,
230.64104898639295,85934,443,622,13004,
230.64164532117007,85933,444,622,13004,
230.64199567445618,85933,443,623,13004,
230.6476377453276,85932,444,623,13004,
230.65822456791514,85932,444,622,13005,
230.65839811932452,85931,445,622,13005,
230.65849563752195,85931,444,623,13005,
230.65903571987428,85931,443,624,13005,
230.6613307938522,85930,444,624,13005,
230.66301876749216,85930,443,625,13005,
230.66320137012036,85930,443,624,13006,
230.68351670644688,85929,444,624,13006,
230.68447144219093,85928,445,624,13006,
230.6856319008592,85928,444,625,13006,
230.68587683637378,85927,445,625,13006,
230.6895018239722,85927,444,626,13006,
230.6932514870726,85927,443,627,13006,
230.6955568126044,85927,442,628,13006,
230.6959797419974,85927,441,629,13006,
230.70451149424622,85927,440,630,13006,
230.70524596467803,85927,440,629,13007,
230.70810717250362,85926,441,629,13007,
230.70904668816564,85925,442,629,13007,
230.7113010572549,85924,443,629,13007,
230.7133588120431,85924,442,630,13007,
230.715453905794,85924,442,629,13008,
230.7216589122663,85924,442,628,13009,
230.73764457995338,85924,442,627,13010,
230.74082286654,85923,443,627,13010,
230.74118332108884,85923,442,628,13010,
230.74300922622987,85922,443,628,13010,
230.74474890347545,85921,444,628,13010,
230.74512427372548,85920,445,628,13010,
230.74796632967875,85919,446,628,13010,
230.75148642629875,85919,446,627,13011,
230.7522938423523,85919,446,626,13012,
230.75290948196206,85919,445,627,13012,
230.75585392148344,85919,445,626,13013,
230.7564218868362,85919,444,627,13013,
230.75795822509627,85919,444,626,13014,
230.7621553016025,85919,443,627,13014,
230.7739091825111,85918,444,627,13014,
230.7816076034891,85917,445,627,13014,
230.79228476870378,85916,446,627,13014,
230.8041627509412,85916,446,626,13015,
230.80501403225495,85915,447,626,13015,
230.80998116182144,85915,447,625,13016,
230.81133164889937,85915,446,626,13016,
230.81167500044594,85915,446,625,13017,
230.8152339730864,85914,447,625,13017,
230.81718230199493,85914,446,626,13017,
230.8172132833571,85914,446,625,13018,
230.817448076922,85914,446,624,13019,
230.82636947598576,85914,445,625,13019,
230.82839003977378,85914,444,626,13019,
230.83898553638878,85914,443,627,13019,
230.83970085211786,85914,442,628,13019,
230.84064514668452,85914,442,627,13020,
230.85014340420636,85913,443,627,13020,
230.85123768301,85913,443,626,13021,
230.8517178361431,85912,444,626,13021,
230.85310768953735,85912,443,627,13021,
230.86049689134168,85912,442,628,13021,
230.86450809146032,85912,441,629,13021,
230.86677888804095,85912,441,628,13022,
230.86906076649868,85911,442,628,13022,
230.87993250033546,85911,442,627,13023,
230.89139923839156,85911,442,626,13024,
230.89507355386849,85911,442,625,13025,
230.89534653905423,85911,442,624,13026,
230.89908421277852,85911,442,623,13027,
230.90723752451842,85911,441,624,13027,
230.9145090189821,85911,440,625,13027,
230.91700202118062,85911,439,626,13027,
230.91760913346013,85910,440,626,13027,
230.91766676710506,85909,441,626,13027,
230.92335655071489,85908,442,626,13027,
230.93079739113028,85907,443,626,13027,
230.93094804759824,85906,444,626,13027,
230.9334322108224,85906,443,627,13027,
230.934200454439,85906,443,626,13028,
230.9349903628867,85905,444,626,13028,
230.93570696953063,85905,443,627,13028,
230.93607585495832,85905,442,628,13028,
230.9424176680334,85905,442,627,13029,
230.94475249593472,85904,443,627,13029,
230.94738832523723,85904,443,626,13030,
230.9506074506863,85904,443,625,13031,
230.95064197292362,85904,442,626,13031,
230.9519870510327,85904,441,627,13031,
230.9593611232179,85903,442,627,13031,
230.9620214952755,85903,442,626,13032,
230.97420363093352,85903,442,625,13033,
230.97537148465452,85903,441,626,13033,
230.97557536919192,85903,440,627,13033,
230.9821438810527,85902,441,627,13033,
230.98854687933346,85901,442,627,13033,
230.99519045667168,85901,442,626,13034,
230.99519290737192,85900,443,626,13034,
230.99551478204646,85900,442,627,13034,
231.0059797427865,85900,442,626,13035,
231.01095924797798,85900,442,625,13036,
231.01163535130377,85900,441,626,13036,
231.01828946634842,85899,442,626,13036,
231.02941514886405,85899,441,627,13036,
231.02959627244718,85899,440,628,13036,
231.02965250416406,85899,440,627,13037,
231.03445558929926,85898,441,627,13037,
231.03883415231724,85897,442,627,13037,
231.03965368169614,85896,443,627,13037,
231.04271699835977,85895,444,627,13037,
231.044111558917,85895,443,628,13037,
231.0464192313404,85894,444,628,13037,
231.04775775730755,85894,443,629,13037,
231.05735813731658,85894,443,628,13038,
231.06427470735684,85894,442,629,13038,
231.0660282387056,85894,441,630,13038,
231.07560099871063,85894,441,629,13039,
231.07681783281973,85894,440,630,13039,
231.08119606255386,85894,439,631,13039,
231.08646544231698,85894,439,630,13040,
231.08700550239615,85894,438,631,13040,
231.0883227224978,85894,437,632,13040,
231.09389026134613,85893,438,632,13040,
231.09691668537977,85893,438,631,13041,
231.10275896998178,85893,438,630,13042,
231.1072478720349,85892,439,630,13042,
231.1185211254931,85891,440,630,13042,
231.1300229580231,85890,441,630,13042,
231.13310174505978,85889,442,630,13042,
231.13457567173847,85888,443,630,13042,
231.13783157143993,85888,442,631,13042,
231.1396531732147,85888,441,632,13042,
231.14735359903193,85887,442,632,13042,
231.15020842531945,85886,443,632,13042,
231.15756886044562,85885,444,632,13042,
231.16009079703153,85884,445,632,13042,
231.16229403716733,85883,446,632,13042,
231.1652327238009,85882,447,632,13042,
231.16541445820587,85881,448,632,13042,
231.1656201821493,85881,447,633,13042,
231.17536887577398,85880,448,633,13042,
231.1872272647391,85880,448,632,13043,
231.20223440780595,85880,448,631,13044,
231.20675269150928,85879,449,631,13044,
231.2068497412905,85879,448,632,13044,
231.21896183289925,85879,448,631,13045,
231.21981209933338,85878,449,631,13045,
231.22318602415015,85878,448,632,13045,
231.22799588718044,85878,448,631,13046,
231.2336303767407,85878,447,632,13046,
231.23554953526775,85877,448,632,13046,
231.23827286184797,85877,447,633,13046,
231.2383173856532,85877,447,632,13047,
231.24135782185334,85876,448,632,13047,
231.24274043449424,85875,449,632,13047,
231.2457010038891,85874,450,632,13047,
231.24814847341196,85874,450,631,13048,
231.24914920461117,85874,450,630,13049,
231.25067898140085,85874,450,629,13050,
231.25384709660105,85874,449,630,13050,
231.25624632129498,85874,449,629,13051,
231.2563659616183,85874,449,628,13052,
231.2609928203887,85874,448,629,13052,
231.2718927872249,85874,448,628,13053,
231.27434500107378,85873,449,628,13053,
231.2746014056621,85873,448,629,13053,
231.27722994953004,85872,449,629,13053,
231.27858568250227,85871,450,629,13053,
231.28654627588233,85871,449,630,13053,
231.2959606747582,85871,448,631,13053,
231.29715561878325,85870,449,631,13053,
231.29941195558365,85869,450,631,13053,
231.30412501757266,85869,449,632,13053,
231.31487984909344,85868,450,632,13053,
231.31557721162437,85868,450,631,13054,
231.31997967220153,85868,450,630,13055,
231.32532294059263,85868,450,629,13056,
231.33683177073144,85868,450,628,13057,
231.33902537199117,85867,451,628,13057,
231.3399821717168,85867,451,627,13058,
231.34455422139,85867,450,628,13058,
231.34866413845546,85867,450,627,13059,
231.34877828047186,85866,451,627,13059,
231.35011994206494,85865,452,627,13059,
231.35019789934753,85865,451,628,13059,
231.35135124997385,85864,452,628,13059,
231.35155467691928,85864,451,629,13059,
231.3536777094875,85864,451,628,13060,
231.35568652449743,85863,452,628,13060,
231.35825746643604,85863,452,627,13061,
231.35937855546945,85862,453,627,13061,
231.36057699265183,85862,452,628,13061,
231.3606787757455,85862,451,629,13061,
231.3633507206679,85861,452,629,13061,
231.36502240576743,85861,451,630,13061,
231.36555898277865,85861,450,631,13061,
231.36971660964588,85861,450,630,13062,
231.37400937861554,85861,450,629,13063,
231.37813483278842,85860,451,629,13063,
231.38416544486813,85859,452,629,13063,
231.38703089789516,85858,453,629,13063,
231.38812696991295,85857,454,629,13063,
231.3896956251157,85857,454,628,13064,
231.40537740398455,85856,455,628,13064,
231.40556409822756,85856,455,627,13065,
231.40672225711725,85856,454,628,13065,
231.40734637181737,85856,453,629,13065,
231.413528261019,85855,454,629,13065,
231.4142949479783,85855,453,630,13065,
231.41564520589122,85855,452,631,13065,
231.41625196815556,85854,453,631,13065,
231.4261630036648,85853,454,631,13065,
231.4266320351907,85853,454,630,13066,
231.4275670232287,85852,455,630,13066,
231.43064656108893,85852,455,629,13067,
231.43783339039166,85852,454,630,13067,
231.4419482973567,85852,453,631,13067,
231.4509782680251,85852,452,632,13067,
231.45337881202525,85852,451,633,13067,
231.45464232073218,85852,451,632,13068,
231.45525311985716,85852,450,633,13068,
231.45821710240855,85852,449,634,13068,
231.46063043209656,85852,449,633,13069,
231.47017900208604,85852,449,632,13070,
231.47398633605565,85851,450,632,13070,
231.47424057493146,85851,450,631,13071,
231.4806953938025,85850,451,631,13071,
231.4808327391197,85850,450,632,13071,
231.48562380919626,85850,449,633,13071,
231.48576607325919,85849,450,633,13071,
231.4873374556193,85849,450,632,13072,
231.4882524627955,85848,451,632,13072,
231.49077475095154,85847,452,632,13072,
231.49501045161742,85846,453,632,13072,
231.49557218425537,85846,453,631,13073,
231.49736772299576,85845,454,631,13073,
231.49753168348113,85845,454,630,13074,
231.49967154659083,85845,453,631,13074,
231.51231883910734,85844,454,631,13074,
231.51285276777554,85844,454,630,13075,
231.51710377176497,85844,454,629,13076,
231.52451779828226,85843,455,629,13076,
231.52539939932495,85843,454,630,13076,
231.52819619419733,85843,454,629,13077,
231.52866893053798,85843,453,630,13077,
231.53195809104474,85843,453,629,13078,
231.5335944584771,85842,454,629,13078,
231.53370908832858,85842,453,630,13078,
231.53764629805715,85841,454,630,13078,
231.54707931341306,85841,454,629,13079,
231.54923228481985,85840,455,629,13079,
231.5527759429509,85840,454,630,13079,
231.55287755545146,85840,453,631,13079,
231.55882721532842,85840,452,632,13079,
231.5592477845175,85840,452,631,13080,
231.56358293599374,85839,453,631,13080,
231.56753948418273,85838,454,631,13080,
231.56873186954493,85838,453,632,13080,
231.56924381833605,85838,452,633,13080,
231.5701172151064,85837,453,633,13080,
231.5709187874051,85837,453,632,13081,
231.58262997781395,85836,454,632,13081,
231.5831213079614,85835,455,632,13081,
231.58522438234758,85835,454,633,13081,
231.60096930699328,85834,455,633,13081,
231.60376910257395,85833,456,633,13081,
231.60661251870545,85832,457,633,13081,
231.6171395124108,85832,456,634,13081,
231.62004045601478,85832,455,635,13081,
231.62287654878975,85832,454,636,13081,
231.62432648386195,85832,453,637,13081,
231.62457545596823,85832,453,636,13082,
231.62536892690713,85831,454,636,13082,
231.6268199322658,85830,455,636,13082,
231.62891239364697,85830,454,637,13082,
231.62891893074269,85830,453,638,13082,
231.631195350886,85829,454,638,13082,
231.63238344867924,85828,455,638,13082,
231.63469310298217,85827,456,638,13082,
231.63721432000128,85827,456,637,13083,
231.6373093837563,85827,456,636,13084,
231.6403128493773,85827,455,637,13084,
231.64266585964236,85827,454,638,13084,
231.64409543666127,85827,454,637,13085,
231.64889464548054,85827,454,636,13086,
231.6513625408262,85827,454,635,13087,
231.65314373176597,85826,455,635,13087,
231.65369279234878,85826,455,634,13088,
231.65617544988305,85825,456,634,13088,
231.6655030129437,85825,455,635,13088,
231.6673559644843,85824,456,635,13088,
231.67378893863764,85824,456,634,13089,
231.6742409437369,85823,457,634,13089,
231.6840531413068,85822,458,634,13089,
231.6847627344238,85822,458,633,13090,
231.68547348312677,85822,458,632,13091,
231.6996786271384,85821,459,632,13091,
231.70297213141603,85821,459,631,13092,
231.70325489070882,85820,460,631,13092,
231.70664587468576,85819,461,631,13092,
231.70899128719972,85819,460,632,13092,
231.70951897240755,85819,460,631,13093,
231.71068768333595,85818,461,631,13093,
231.72090712926857,85818,460,632,13093,
231.72284533211314,85818,460,631,13094,
231.73133160518216,85817,461,631,13094,
231.73369148188945,85817,461,630,13095,
231.74201909127393,85816,462,630,13095,
231.74295966521558,85815,463,630,13095,
231.74615747004123,85815,462,631,13095,
231.75222844541034,85814,463,631,13095,
231.75273318151105,85813,464,631,13095,
231.7618377980138,85813,463,632,13095,
231.7643801378233,85813,462,633,13095,
231.76574800549542,85812,463,633,13095,
231.76747998937586,85812,462,634,13095,
231.7730624858502,85812,461,635,13095,
231.77608088866413,85811,462,635,13095,
231.7763455079185,85811,462,634,13096,
231.77679719569744,85810,463,634,13096,
231.7802744111344,85809,464,634,13096,
231.78569151050766,85808,465,634,13096,
231.79437328402167,85807,466,634,13096,
231.79461241852397,85807,466,633,13097,
231.80158876950264,85807,465,634,13097,
231.80250508028945,85806,466,634,13097,
231.80479910083142,85805,467,634,13097,
231.80840869201862,85804,468,634,13097,
231.81305067158013,85804,467,635,13097,
231.81337129405608,85803,468,635,13097,
231.8147148426039,85803,467,636,13097,
231.81751615034517,85803,467,635,13098,
231.81769928014614,85802,468,635,13098,
231.81886642716992,85801,469,635,13098,
231.82265672978468,85800,470,635,13098,
231.82503066687397,85800,469,636,13098,
231.82843553521343,85800,468,637,13098,
231.84090883601064,85800,467,638,13098,
231.85356547104914,85799,468,638,13098,
231.8547596094279,85798,469,638,13098,
231.85817452744988,85798,468,639,13098,
231.85864927385154,85798,468,638,13099,
231.86861242292636,85798,467,639,13099,
231.87015366679495,85798,467,638,13100,
231.87989975638197,85797,468,638,13100,
231.88216992495774,85797,468,637,13101,
231.8881056398195,85797,468,636,13102,
231.8891161512033,85797,467,637,13102,
231.8939841786742,85796,468,637,13102,
231.9012928876124,85796,468,636,13103,
231.90277066854117,85795,469,636,13103,
231.91554557148262,85794,470,636,13103,
231.9233773924895,85793,471,636,13103,
231.932375178976,85793,470,637,13103,
231.9343006894307,85792,471,637,13103,
231.94136612414837,85791,472,637,13103,
231.94182473848076,85791,472,636,13104,
231.9525682363665,85790,473,636,13104,
231.9564596522594,85789,474,636,13104,
231.96761899878496,85789,474,635,13105,
231.96927067021642,85788,475,635,13105,
231.97157450018045,85788,474,636,13105,
231.97553944704293,85788,473,637,13105,
231.9758328821657,85787,474,637,13105,
231.97626299489082,85787,474,636,13106,
231.97976381637676,85787,473,637,13106,
231.98144353166182,85787,472,638,13106,
231.9832904040391,85787,472,637,13107,
231.98688565333887,85787,471,638,13107,
231.98889232924705,85787,471,637,13108,
231.99391675303895,85786,472,637,13108,
232.0042053941827,85786,472,636,13109,
232.0106313644573,85786,471,637,13109,
232.01277057752066,85786,470,638,13109,
232.01482990074265,85785,471,638,13109,
232.01529419330905,85784,472,638,13109,
232.02687443530738,85784,472,637,13110,
232.02775983369722,85784,472,636,13111,
232.02815214751723,85783,473,636,13111,
232.02972786724266,85783,472,637,13111,
232.03033730211956,85783,471,638,13111,
232.0319857579254,85783,470,639,13111,
232.0347551253078,85782,471,639,13111,
232.03926783950797,85781,472,639,13111,
232.0416963450259,85781,471,640,13111,
232.0471891460232,85780,472,640,13111,
232.05081851595668,85779,473,640,13111,
232.05107795791167,85779,472,641,13111,
232.05133989554716,85779,471,642,13111,
232.05325492318474,85779,471,641,13112,
232.05539990428844,85779,470,642,13112,
232.0562074214373,85779,470,641,13113,
232.05873548417603,85779,470,640,13114,
232.05930940595238,85778,471,640,13114,
232.06237973283746,85777,472,640,13114,
232.06296856418928,85776,473,640,13114,
232.06535643695233,85776,472,641,13114,
232.0665881028823,85776,472,640,13115,
232.06691896124755,85776,471,641,13115,
232.0706641515592,85776,471,640,13116,
232.07436148158445,85775,472,640,13116,
232.08426974648435,85775,471,641,13116,
232.0889897140659,85774,472,641,13116,
232.09569854791155,85773,473,641,13116,
232.0962882328962,85772,474,641,13116,
232.09966662015808,85772,474,640,13117,
232.09999053553162,85772,473,641,13117,
232.1039676532016,85771,474,641,13117,
232.10452598147364,85770,475,641,13117,
232.10461634570552,85770,474,642,13117,
232.11330095823848,85769,475,642,13117,
232.11407828499435,85769,475,641,13118,
232.117824343957,85769,475,640,13119,
232.11796399791913,85769,475,639,13120,
232.12608994222234,85769,475,638,13121,
232.128634151459,85769,475,637,13122,
232.12874104514825,85768,476,637,13122,
232.13024212944578,85768,476,636,13123,
232.13335384701293,85767,477,636,13123,
232.13461986239096,85767,476,637,13123,
232.1380642914923,85766,477,637,13123,
232.13981961151774,85765,478,637,13123,
232.14060932431659,85765,477,638,13123,
232.14865888929685,85764,478,638,13123,
232.15148401743878,85764,478,637,13124,
232.15350502260975,85763,479,637,13124,
232.15466393501293,85763,479,636,13125,
232.15568537004165,85763,479,635,13126,
232.16396885757624,85762,480,635,13126,
232.1664662694671,85761,481,635,13126,
232.17103507601394,85760,482,635,13126,
232.17139263762598,85759,483,635,13126,
232.1714372462557,85759,482,636,13126,
232.17156465481958,85758,483,636,13126,
232.1733816640008,85758,483,635,13127,
232.17542327418025,85758,482,636,13127,
232.17969184810875,85757,483,636,13127,
232.18525604868648,85757,482,637,13127,
232.18628717860418,85757,481,638,13127,
232.18634760502707,85757,480,639,13127,
232.19126248737228,85757,480,638,13128,
232.19244111486998,85756,481,638,13128,
232.19286506937314,85755,482,638,13128,
232.20083413086977,85755,482,637,13129,
232.20277355893018,85755,481,638,13129,
232.2042592438411,85754,482,638,13129,
232.20503365943742,85753,483,638,13129,
232.20679974244462,85753,482,639,13129,
232.2248682385573,85753,482,638,13130,
232.22586345964746,85753,481,639,13130,
232.22596783494816,85753,481,638,13131,
232.22732975180946,85753,481,637,13132,
232.2278663912256,85753,481,636,13133,
232.22885102509366,85753,481,635,13134,
232.23045293536012,85752,482,635,13134,
232.2337858864542,85752,482,634,13135,
232.23416481139083,85752,482,633,13136,
232.23436700437577,85752,482,632,13137,
232.2482627076251,85751,483,632,13137,
232.25938891151606,85751,482,633,13137,
232.27260498551541,85751,481,634,13137,
232.27750719488492,85750,482,634,13137,
232.27851563618188,85750,481,635,13137,
232.27906933877554,85750,480,636,13137,
232.27921219389518,85750,479,637,13137,
232.2799153890914,85750,478,638,13137,
232.2842807832053,85750,477,639,13137,
232.28685926559308,85749,478,639,13137,
232.28686761132187,85749,478,638,13138,
232.28938062195195,85749,477,639,13138,
232.29897799893416,85749,476,640,13138,
232.29918495040803,85748,477,640,13138,
232.29924671327532,85747,478,640,13138,
232.3037958635757,85747,478,639,13139,
232.3044502445719,85746,479,639,13139,
232.31247429946896,85746,479,638,13140,
232.31580921226958,85746,478,639,13140,
232.31632017614987,85746,477,640,13140,
232.31814548844125,85746,477,639,13141,
232.31905246199773,85745,478,639,13141,
232.31997340205385,85745,478,638,13142,
232.32152718706075,85745,478,637,13143,
232.32578769616651,85745,477,638,13143,
232.3266040483421,85745,476,639,13143,
232.3330667330977,85745,476,638,13144,
232.3331315983348,85745,475,639,13144,
232.3378139981339,85745,475,638,13145,
232.33923948402685,85744,476,638,13145,
232.33936637257037,85744,476,637,13146,
232.34080336473588,85744,475,638,13146,
232.34288973835228,85743,476,638,13146,
232.34522965940772,85743,476,637,13147,
232.3483305614031,85742,477,637,13147,
232.35156748789558,85741,478,637,13147,
232.35349300486325,85741,477,638,13147,
232.35557538369832,85741,477,637,13148,
232.35716081963093,85741,476,638,13148,
232.3575532139703,85741,475,639,13148,
232.36524949765123,85741,474,640,13148,
232.36678317414066,85740,475,640,13148,
232.37239110672357,85739,476,640,13148,
232.37487193838587,85738,477,640,13148,
232.37548520824907,85738,477,639,13149,
232.37578422323398,85737,478,639,13149,
232.3776364646944,85736,479,639,13149,
232.38231990109884,85736,479,638,13150,
232.38546497013485,85735,480,638,13150,
232.3860816796492,85735,479,639,13150,
232.38906448605505,85735,478,640,13150,
232.39529208157478,85734,479,640,13150,
232.40458925643313,85734,478,641,13150,
232.40497208526784,85734,477,642,13150,
232.4057513928825,85733,478,642,13150,
232.40610133334624,85733,477,643,13150,
232.4061214806924,85733,477,642,13151,
232.4073350538725,85732,478,642,13151,
232.41320056290945,85732,477,643,13151,
232.4208615638676,85732,477,642,13152,
232.42157736770318,85732,477,641,13153,
232.42272045804805,85731,478,641,13153,
232.42992794544247,85731,477,642,13153,
232.4334084887539,85730,478,642,13153,
232.4393280369184,85730,478,641,13154,
232.44562888324057,85729,479,641,13154,
232.44615346252806,85729,478,642,13154,
232.45378038775658,85729,477,643,13154,
232.4624412529986,85729,477,642,13155,
232.4628326475115,85728,478,642,13155,
232.46289705780427,85727,479,642,13155,
232.46618264197795,85727,479,641,13156,
232.46685144820498,85727,478,642,13156,
232.47418173039307,85727,478,641,13157,
232.47429440344268,85727,478,640,13158,
232.47651967685448,85726,479,640,13158,
232.47805933991629,85726,478,641,13158,
232.48483863412227,85726,477,642,13158,
232.49265485036446,85725,478,642,13158,
232.50232219376963,85724,479,642,13158,
232.50285436615545,85724,479,641,13159,
232.51858114336915,85724,479,640,13160,
232.51881419885018,85723,480,640,13160,
232.52343119242082,85723,479,641,13160,
232.52635160057798,85723,478,642,13160,
232.52698326540542,85723,477,643,13160,
232.5274299799239,85722,478,643,13160,
232.53424667692383,85722,478,642,13161,
232.5363126748163,85722,478,641,13162,
232.54150556918952,85722,477,642,13162,
232.54562620564263,85722,476,643,13162,
232.54648199315668,85722,475,644,13162,
232.54846234649386,85721,476,644,13162,
232.5545627443961,85721,475,645,13162,
232.5580318367193,85721,474,646,13162,
232.55969692258742,85720,475,646,13162,
232.56202687709614,85720,474,647,13162,
232.56255596285607,85720,474,646,13163,
232.574912354134,85720,474,645,13164,
232.57905894770303,85720,474,644,13165,
232.58105531331563,85720,473,645,13165,
232.5825250163621,85720,472,646,13165,
232.58658048370896,85720,471,647,13165,
232.58768336543898,85720,471,646,13166,
232.5887887035062,85720,470,647,13166,
232.59049253964588,85720,469,648,13166,
232.59093309080154,85720,469,647,13167,
232.59248908719425,85720,468,648,13167,
232.59498781235249,85720,468,647,13168,
232.595441491283,85720,468,646,13169,
232.59882889085736,85720,467,647,13169,
232.60046050455287,85720,466,648,13169,
232.60237563212945,85719,467,648,13169,
232.60644543309462,85718,468,648,13169,
232.606602443987,85717,469,648,13169,
232.60888716511684,85717,468,649,13169,
232.60945799274938,85717,468,648,13170,
232.6094866408014,85717,467,649,13170,
232.6117605854624,85717,466,650,13170,
232.6139999506299,85717,465,651,13170,
232.62356408574487,85717,465,650,13171,
232.6286966213018,85717,465,649,13172,
232.63594012953234,85717,464,650,13172,
232.64191082153582,85717,464,649,13173,
232.6456398528722,85716,465,649,13173,
232.64848235957936,85716,465,648,13174,
232.65428596900512,85715,466,648,13174,
232.6592848402895,85714,467,648,13174,
232.66347534795068,85714,466,649,13174,
232.66754241178674,85713,467,649,13174,
232.67009034021328,85712,468,649,13174,
232.6716967078177,85712,467,650,13174,
232.6740480827251,85712,466,651,13174,
232.67565669668735,85711,467,651,13174,
232.67777648536196,85711,467,650,13175,
232.6785753443619,85711,466,651,13175,
232.6805983836222,85711,465,652,13175,
232.6818779785614,85711,464,653,13175,
232.6825436882601,85710,465,653,13175,
232.682758038517,85710,464,654,13175,
232.68285503637628,85709,465,654,13175,
232.68348421560282,85709,465,653,13176,
232.68506253306535,85709,465,652,13177,
232.69674465001734,85708,466,652,13177,
232.69795329683768,85708,466,651,13178,
232.70150985893895,85707,467,651,13178,
232.70281272627994,85707,466,652,13178,
232.70881424919324,85707,466,651,13179,
232.71432738100867,85706,467,651,13179,
232.71898457759872,85706,466,652,13179,
232.72211339967157,85706,465,653,13179,
232.73332125573626,85706,465,652,13180,
232.73337473865888,85706,464,653,13180,
232.7372239765021,85705,465,653,13180,
232.73806562228827,85705,464,654,13180,
232.74109306922693,85705,463,655,13180,
232.7411901578785,85705,462,656,13180,
232.74191344184294,85705,462,655,13181,
232.74624783090758,85704,463,655,13181,
232.74741596039587,85704,463,654,13182,
232.76358555402422,85704,463,653,13183,
232.77190078322377,85704,463,652,13184,
232.7739266708349,85703,464,652,13184,
232.7749584533168,85702,465,652,13184,
232.78089527307026,85701,466,652,13184,
232.78132114444833,85701,465,653,13184,
232.78214810636766,85701,464,654,13184,
232.7834653111401,85701,464,653,13185,
232.7838696120089,85701,463,654,13185,
232.78756197366158,85700,464,654,13185,
232.78790221959773,85700,463,655,13185,
232.79320977472247,85699,464,655,13185,
232.7932653952704,85699,464,654,13186,
232.8000167407444,85699,464,653,13187,
232.8002019646024,85698,465,653,13187,
232.8025115718142,85698,464,654,13187,
232.80351554672893,85698,464,653,13188,
232.81239757062684,85697,465,653,13188,
232.8137702252928,85696,466,653,13188,
232.81655274142113,85696,465,654,13188,
232.81712684979684,85695,466,654,13188,
232.81807317705753,85695,465,655,13188,
232.8324613072386,85694,466,655,13188,
232.8379907785447,85693,467,655,13188,
232.8380116847163,85693,467,654,13189,
232.84673531281152,85693,467,653,13190,
232.85124610579692,85693,466,654,13190,
232.85954562641865,85692,467,654,13190,
232.8597247823395,85691,468,654,13190,
232.8608238013643,85691,468,653,13191,
232.8659078037698,85691,467,654,13191,
232.86879867236723,85691,467,653,13192,
232.87801023647967,85691,467,652,13193,
232.879900651479,85691,466,653,13193,
232.88126658775792,85690,467,653,13193,
232.8836614092321,85690,466,654,13193,
232.890224527585,85690,466,653,13194,
232.90207399567205,85690,465,654,13194,
232.9152694221408,85690,464,655,13194,
232.91956466464575,85689,465,655,13194,
232.92659475652357,85689,465,654,13195,
232.92759058520315,85689,464,655,13195,
232.9278622236693,85688,465,655,13195,
232.92870942063345,85687,466,655,13195,
232.9290545364564,85687,466,654,13196,
232.92910981328717,85686,467,654,13196,
232.92924887110382,85685,468,654,13196,
232.93215221918518,85684,469,654,13196,
232.93449862275193,85684,469,653,13197,
232.9397320251107,85684,468,654,13197,
232.94033389627918,85683,469,654,13197,
232.94605136285557,85683,469,653,13198,
232.9464558741096,85683,468,654,13198,
232.95221177596497,85683,467,655,13198,
232.95227629953015,85683,466,656,13198,
232.95378186840392,85683,466,655,13199,
232.9574401267684,85683,466,654,13200,
232.95751002866777,85683,465,655,13200,
232.9615050387578,85683,464,656,13200,
232.96373407801048,85683,464,655,13201,
232.9652523218371,85683,464,654,13202,
232.96654007465892,85683,464,653,13203,
232.96763342263864,85682,465,653,13203,
232.97003038786505,85681,466,653,13203,
232.97714367793026,85681,465,654,13203,
232.97786079512574,85680,466,654,13203,
232.98008528996033,85679,467,654,13203,
232.98323841771517,85679,467,653,13204,
232.9972609680772,85679,466,654,13204,
232.99795762076033,85678,467,654,13204,
233.0038440221551,85678,466,655,13204,
233.00451803671172,85678,465,656,13204,
233.0072997480631,85678,465,655,13205,
233.0137544186139,85678,464,656,13205,
233.02519371436222,85677,465,656,13205,
233.02804632423988,85677,464,657,13205,
233.0301654704206,85677,464,656,13206,
233.03685361312236,85677,464,655,13207,
233.04051444863035,85677,463,656,13207,
233.04543589425126,85676,464,656,13207,
233.05044632795415,85675,465,656,13207,
233.0543283996763,85675,465,655,13208,
233.0582945055471,85675,465,654,13209,
233.06006088265158,85675,465,653,13210,
233.06019623147535,85675,465,652,13211,
233.06540702461112,85674,466,652,13211,
233.06972438673725,85673,467,652,13211,
233.0778063343337,85673,466,653,13211,
233.07789664149874,85672,467,653,13211,
233.08140383074402,85672,467,652,13212,
233.0823410207545,85671,468,652,13212,
233.082892714933,85670,469,652,13212,
233.08852439208354,85670,468,653,13212,
233.09114506821794,85670,468,652,13213,
233.09696892490786,85670,468,651,13214,
233.10475588554561,85670,467,652,13214,
233.1096296463656,85670,466,653,13214,
233.11996908980026,85670,466,652,13215,
233.12390730515511,85670,465,653,13215,
233.12484722311322,85669,466,653,13215,
233.13564340906458,85669,466,652,13216,
233.1411240384208,85668,467,652,13216,
233.14525947773762,85668,466,653,13216,
233.1495699605176,85668,465,654,13216,
233.15365158451323,85667,466,654,13216,
233.16026171506755,85666,467,654,13216,
233.16042007781274,85665,468,654,13216,
233.1605470487772,85665,467,655,13216,
233.16318688259645,85665,467,654,13217,
233.1697631642336,85664,468,654,13217,
233.1733291942646,85664,468,653,13218,
233.17407599914853,85664,468,652,13219,
233.18612225864968,85664,468,651,13220,
233.1875306566419,85664,467,652,13220,
233.1907491243604,85664,467,651,13221,
233.1922894596916,85664,466,652,13221,
233.19925289002367,85664,465,653,13221,
233.20030821440773,85664,464,654,13221,
233.2008850862927,85664,463,655,13221,
233.2065919037646,85664,462,656,13221,
233.20767283333464,85664,462,655,13222,
233.21244575552302,85664,462,654,13223,
233.21473541876645,85664,461,655,13223,
233.22009238865292,85663,462,655,13223,
233.22236740394615,85662,463,655,13223,
233.22432341332973,85661,464,655,13223,
233.22987561634562,85661,463,656,13223,
233.2339630793237,85661,462,657,13223,
233.2354990774488,85661,462,656,13224,
233.23579587259718,85661,462,655,13225,
233.24734753447188,85661,461,656,13225,
233.24818236264,85661,460,657,13225,
233.25348666417995,85660,461,657,13225,
233.25946244612857,85660,461,656,13226,
233.26166259974622,85660,461,655,13227,
233.27619933978593,85659,462,655,13227,
233.27729415718,85659,461,656,13227,
233.27802340303134,85659,461,655,13228,
233.27971334732732,85659,460,656,13228,
233.28144120765288,85658,461,656,13228,
233.2832927662025,85657,462,656,13228,
233.30020313064077,85656,463,656,13228,
233.30520837067098,85655,464,656,13228,
233.30651744760553,85654,465,656,13228,
233.30995033346633,85654,464,657,13228,
233.3174114897104,85654,463,658,13228,
233.32197603933415,85654,463,657,13229,
233.32612055938745,85654,462,658,13229,
233.33587750188053,85654,462,657,13230,
233.3515227421381,85653,463,657,13230,
233.35229787596353,85652,464,657,13230,
233.35395134450152,85652,463,658,13230,
233.35593716669388,85651,464,658,13230,
233.37062049095343,85651,463,659,13230,
233.37568856810515,85651,463,658,13231,
233.38211957318617,85651,462,659,13231,
233.3857617939834,85651,462,658,13232,
233.38843856001384,85651,461,659,13232,
233.39478087417427,85651,461,658,13233,
233.39780484239614,85650,462,658,13233,
233.40373305278763,85650,462,657,13234,
233.40479932498124,85649,463,657,13234,
233.40488989409772,85649,463,656,13235,
233.41121652955323,85649,463,655,13236,
233.4129156062299,85649,463,654,13237,
233.4145153927466,85648,464,654,13237,
233.421399893104,85647,465,654,13237,
233.427158991108,85647,465,653,13238,
233.42829680767122,85646,466,653,13238,
233.42989757100165,85646,465,654,13238,
233.42994401421228,85646,464,655,13238,
233.44357564451795,85646,463,656,13238,
233.4464358122077,85646,463,655,13239,
233.44940861715799,85646,462,656,13239,
233.45065257643353,85646,462,655,13240,
233.45478286032963,85646,462,654,13241,
233.46306298905262,85646,462,653,13242,
233.4647314226973,85646,461,654,13242,
233.47406671214242,85645,462,654,13242,
233.474723814891,85644,463,654,13242,
233.48019894445292,85643,464,654,13242,
233.48848843704508,85642,465,654,13242,
233.48884145337212,85642,465,653,13243,
233.49031734535657,85641,466,653,13243,
233.49038529634586,85640,467,653,13243,
233.49394823439724,85639,468,653,13243,
233.49397308169046,85638,469,653,13243,
233.4978053509906,85638,469,652,13244,
233.49880638074114,85637,470,652,13244,
233.50462178051762,85637,469,653,13244,
233.5102586280809,85636,470,653,13244,
233.5109414431184,85635,471,653,13244,
233.51767756770803,85634,472,653,13244,
233.5212166666868,85634,472,652,13245,
233.52338771676187,85634,472,651,13246,
233.53179697470136,85633,473,651,13246,
233.53665314671332,85632,474,651,13246,
233.54498428634992,85631,475,651,13246,
233.55191150097158,85631,475,650,13247,
233.561092554425,85630,476,650,13247,
233.56171322778087,85630,476,649,13248,
233.56436705063948,85630,476,648,13249,
233.56530722792667,85630,476,647,13250,
233.5660531616442,85629,477,647,13250,
233.56673497110933,85628,478,647,13250,
233.56708575049038,85628,477,648,13250,
233.56878538864603,85627,478,648,13250,
233.57153917999014,85627,478,647,13251,
233.57367187415656,85626,479,647,13251,
233.57477627413513,85626,479,646,13252,
233.57823081123504,85626,478,647,13252,
233.5821161827168,85625,479,647,13252,
233.58320814737942,85624,480,647,13252,
233.59440564670064,85624,479,648,13252,
233.59514773615786,85624,478,649,13252,
233.5957339403585,85624,477,650,13252,
233.59953373587018,85624,477,649,13253,
233.60204183248055,85624,476,650,13253,
233.60418120976215,85624,476,649,13254,
233.60589124394593,85624,475,650,13254,
233.61241812143638,85624,474,651,13254,
233.61252782847794,85624,474,650,13255,
233.62073419242284,85624,474,649,13256,
233.62273319274922,85623,475,649,13256,
233.62466769932473,85623,475,648,13257,
233.6249258338167,85623,474,649,13257,
233.62501509296416,85622,475,649,13257,
233.6266326798929,85622,475,648,13258,
233.6315965146989,85621,476,648,13258,
233.63214770465262,85620,477,648,13258,
233.63490342392038,85620,476,649,13258,
233.6354713982608,85620,476,648,13259,
233.63781097139855,85619,477,648,13259,
233.63911773459225,85618,478,648,13259,
233.64074601270556,85618,477,649,13259,
233.642943129789,85618,477,648,13260,
233.6486280241267,85618,477,647,13261,
233.6542622081301,85618,477,646,13262,
233.65744336665944,85618,476,647,13262,
233.66126588696483,85618,476,646,13263,
233.67012288824435,85618,476,645,13264,
233.6719332730688,85618,475,646,13264,
233.67459201466778,85617,476,646,13264,
233.67714607063743,85616,477,646,13264,
233.67784568021864,85616,476,647,13264,
233.6853031498094,85616,476,646,13265,
233.6877634279274,85615,477,646,13265,
233.69195831081458,85615,476,647,13265,
233.69426237633223,85614,477,647,13265,
233.69518418263849,85614,476,648,13265,
233.6962787022227,85614,475,649,13265,
233.69870389700873,85614,475,648,13266,
233.70417427314467,85613,476,648,13266,
233.7102666540829,85613,475,649,13266,
233.71197047196685,85613,474,650,13266,
233.72094204796167,85612,475,650,13266,
233.72499432733193,85611,476,650,13266,
233.73910705229767,85611,475,651,13266,
233.73969344984567,85610,476,651,13266,
233.74157928367697,85610,476,650,13267,
233.74166926248427,85610,475,651,13267,
233.74170088992093,85610,475,650,13268,
233.74224072368372,85610,474,651,13268,
233.7446755619449,85610,474,650,13269,
233.74593048153275,85610,474,649,13270,
233.7518486000888,85610,473,650,13270,
233.75365897125386,85609,474,650,13270,
233.75712821632018,85609,473,651,13270,
233.75867278685698,85609,473,650,13271,
233.76444010841075,85609,473,649,13272,
233.77179619930007,85608,474,649,13272,
233.77308157723039,85608,473,650,13272,
233.77653214049823,85607,474,650,13272,
233.77777653320965,85606,475,650,13272,
233.7778587423769,85606,474,651,13272,
233.78067081418936,85606,473,652,13272,
233.78524695765458,85605,474,652,13272,
233.79078417530238,85604,475,652,13272,
233.79093819819565,85603,476,652,13272,
233.7927807087961,85602,477,652,13272,
233.7976520599146,85602,477,651,13273,
233.79798008769927,85602,476,652,13273,
233.79848620704502,85601,477,652,13273,
233.79870948637452,85601,477,651,13274,
233.7997957264833,85600,478,651,13274,
233.80064261862987,85600,477,652,13274,
233.80240192120507,85599,478,652,13274,
233.80348564734152,85598,479,652,13274,
233.8046568215402,85598,478,653,13274,
233.8054184272225,85598,477,654,13274,
233.808409602128,85597,478,654,13274,
233.811007532768,85597,477,655,13274,
233.81419332904363,85597,477,654,13275,
233.81769949394354,85596,478,654,13275,
233.8180063582284,85595,479,654,13275,
233.82073172955342,85595,479,653,13276,
233.82206071533366,85594,480,653,13276,
233.83078663686047,85594,480,652,13277,
233.8336920379511,85594,479,653,13277,
233.83426298578135,85593,480,653,13277,
233.83817377245686,85592,481,653,13277,
233.8432874345273,85591,482,653,13277,
233.8440478707155,85590,483,653,13277,
233.8465578517226,85590,483,652,13278,
233.84742455050403,85589,484,652,13278,
233.8514834319395,85589,484,651,13279,
233.85788157037024,85589,483,652,13279,
233.85790662947448,85588,484,652,13279,
233.8594897331371,85587,485,652,13279,
233.85963983309233,85587,485,651,13280,
233.8713177905866,85587,484,652,13280,
233.8725705099921,85587,484,651,13281,
233.87325522436456,85586,485,651,13281,
233.87715862126578,85586,485,650,13282,
233.87921171831925,85586,485,649,13283,
233.88641242035266,85585,486,649,13283,
233.8901830687595,85585,485,650,13283,
233.8957194624393,85584,486,650,13283,
233.8971017584781,85584,486,649,13284,
233.8978027623723,85583,487,649,13284,
233.9000107580326,85582,488,649,13284,
233.90883746781824,85581,489,649,13284,
233.91279698561394,85580,490,649,13284,
233.92090667759408,85580,489,650,13284,
233.9237327027516,85580,489,649,13285,
233.9269648362099,85580,488,650,13285,
233.93096340613351,85580,487,651,13285,
233.93680053199432,85580,487,650,13286,
233.94190807334365,85580,487,649,13287,
233.94653962153728,85579,488,649,13287,
233.95145973363293,85579,487,650,13287,
233.9581808541035,85579,487,649,13288,
233.96126842679075,85579,487,648,13289,
233.9626169839847,85579,487,647,13290,
233.96281375814772,85578,488,647,13290,
233.96385258455936,85577,489,647,13290,
233.96520706790108,85576,490,647,13290,
233.96815576587542,85576,489,648,13290,
233.96965357667528,85576,488,649,13290,
233.97674438984234,85575,489,649,13290,
233.9777870571127,85575,488,650,13290,
233.9878038687468,85575,488,649,13291,
233.9892680346305,85574,489,649,13291,
233.99095036474577,85574,489,648,13292,
233.99864352934821,85573,490,648,13292,
234.00018326882656,85572,491,648,13292,
234.00895243551852,85572,490,649,13292,
234.01092195960376,85571,491,649,13292,
234.01126026785687,85571,490,650,13292,
234.01761977353817,85571,489,651,13292,
234.0304924944368,85571,488,652,13292,
234.0356248791366,85571,487,653,13292,
234.0439068398868,85571,487,652,13293,
234.0585692561692,85571,486,653,13293,
234.06471599353927,85570,487,653,13293,
234.06680803645853,85570,487,652,13294,
234.06720793963822,85570,486,653,13294,
234.0765880499299,85570,485,654,13294,
234.0787767507368,85570,484,655,13294,
234.07953470691388,85570,484,654,13295,
234.0796374232677,85570,483,655,13295,
234.0815656037923,85570,482,656,13295,
234.0850322030266,85570,481,657,13295,
234.09402484268054,85569,482,657,13295,
234.09743666758638,85568,483,657,13295,
234.09760188496728,85568,482,658,13295,
234.09972680508827,85568,481,659,13295,
234.1001626631385,85568,481,658,13296,
234.10275376010384,85567,482,658,13296,
234.10361091761587,85567,482,657,13297,
234.10612025955132,85566,483,657,13297,
234.1068692343839,85565,484,657,13297,
234.1109984622827,85564,485,657,13297,
234.11173110495946,85563,486,657,13297,
234.11211717687735,85562,487,657,13297,
234.11689066734505,85562,486,658,13297,
234.1242201224306,85562,486,657,13298,
234.13000942693873,85562,486,656,13299,
234.1311705567581,85562,485,657,13299,
234.14490206392588,85562,484,658,13299,
234.14847799979754,85561,485,658,13299,
234.1493096056927,85561,484,659,13299,
234.158193116823,85561,483,660,13299,
234.1630400223059,85560,484,660,13299,
234.16421939638286,85560,484,659,13300,
234.1658057417029,85560,484,658,13301,
234.1742683117181,85560,484,657,13302,
234.1744328463883,85559,485,657,13302,
234.18084529789977,85558,486,657,13302,
234.1863805086168,85557,487,657,13302,
234.19092235266731,85557,486,658,13302,
234.19335914060832,85556,487,658,13302,
234.19961664245062,85555,488,658,13302,
234.20343555069712,85555,488,657,13303,
234.20998544350783,85554,489,657,13303,
234.21178639802213,85554,489,656,13304,
234.21302947604866,85553,490,656,13304,
234.21492942639563,85552,491,656,13304,
234.21616955867304,85551,492,656,13304,
234.22450836475318,85550,493,656,13304,
234.22779697226687,85549,494,656,13304,
234.22806579922843,85549,494,655,13305,
234.2310699825004,85548,495,655,13305,
234.23372117842092,85548,494,656,13305,
234.23710055118485,85547,495,656,13305,
234.2372897196854,85547,494,657,13305,
234.24016840250817,85547,494,656,13306,
234.2419613228021,85547,493,657,13306,
234.246945942664,85546,494,657,13306,
234.25155285722613,85545,495,657,13306,
234.2522567515948,85545,495,656,13307,
234.25465342672092,85544,496,656,13307,
234.26236322753672,85544,496,655,13308,
234.2634369292322,85543,497,655,13308,
234.26416467574768,85542,498,655,13308,
234.26780475649338,85542,498,654,13309,
234.26928442409155,85542,498,653,13310,
234.27274411718102,85541,499,653,13310,
234.27733020463,85541,499,652,13311,
234.27844206891706,85541,499,651,13312,
234.28182556154405,85540,500,651,13312,
234.28965268632132,85539,501,651,13312,
234.29474402908778,85538,502,651,13312,
234.30687420319578,85537,503,651,13312,
234.30867744644698,85537,503,650,13313,
234.32264415847246,85536,504,650,13313,
234.32332283830266,85536,503,651,13313,
234.32342334401568,85536,502,652,13313,
234.32462137785785,85536,501,653,13313,
234.32539180807953,85536,500,654,13313,
234.32575678307688,85536,499,655,13313,
234.32631325187234,85536,498,656,13313,
234.3342834780169,85536,498,655,13314,
234.33435180365288,85536,498,654,13315,
234.33679807368466,85536,498,653,13316,
234.3386895016321,85536,497,654,13316,
234.3394682686635,85535,498,654,13316,
234.34661891845215,85535,498,653,13317,
234.3486504622513,85535,497,654,13317,
234.34904970459252,85534,498,654,13317,
234.34919168857567,85534,498,653,13318,
234.35027735525432,85534,497,654,13318,
234.3559775447336,85533,498,654,13318,
234.35764172814038,85532,499,654,13318,
234.35765664499692,85532,499,653,13319,
234.3593041992811,85532,499,652,13320,
234.359968326823,85532,498,653,13320,
234.36603189134843,85532,498,652,13321,
234.36743169842708,85532,498,651,13322,
234.3694377133694,85531,499,651,13322,
234.37034436395882,85531,499,650,13323,
234.37341832069072,85530,500,650,13323,
234.3754559768534,85530,500,649,13324,
234.37688825161206,85530,499,650,13324,
234.38678893632982,85530,499,649,13325,
234.39261963867872,85530,498,650,13325,
234.3928063214057,85530,498,649,13326,
234.3940604208463,85530,497,650,13326,
234.39414247235698,85530,496,651,13326,
234.3943675750313,85530,495,652,13326,
234.39851003383072,85529,496,652,13326,
234.4012287004734,85529,495,653,13326,
234.40353448043177,85529,495,652,13327,
234.40437079345486,85528,496,652,13327,
234.41114046861298,85528,496,651,13328,
234.41317939327178,85527,497,651,13328,
234.41318308908168,85527,496,652,13328,
234.4151658128191,85526,497,652,13328,
234.4196434251471,85526,496,653,13328,
234.42494582106355,85526,495,654,13328,
234.43169109165194,85525,496,654,13328,
234.43194101134543,85525,496,653,13329,
234.43462341420076,85525,496,652,13330,
234.43489483996842,85525,496,651,13331,
234.43509349197055,85525,495,652,13331,
234.44501148700007,85525,495,651,13332,
234.45109448860865,85525,495,650,13333,
234.4515431546935,85524,496,650,13333,
234.45582840482174,85523,497,650,13333,
234.4605371179315,85523,497,649,13334,
234.46081932301774,85523,496,650,13334,
234.4725828575905,85523,495,651,13334,
234.47493367134172,85522,496,651,13334,
234.47751624473082,85522,496,650,13335,
234.48299790349023,85522,495,651,13335,
234.4838658852763,85522,494,652,13335,
234.48690811063807,85521,495,652,13335,
234.4910248409536,85520,496,652,13335,
234.4914911327463,85519,497,652,13335,
234.4933134884117,85518,498,652,13335,
234.49489110863755,85518,498,651,13336,
234.49872957760073,85518,498,650,13337,
234.50062562846742,85517,499,650,13337,
234.50166606543178,85517,499,649,13338,
234.50242503759566,85517,499,648,13339,
234.5046703213353,85516,500,648,13339,
234.50748596696516,85515,501,648,13339,
234.50811019521376,85515,501,647,13340,
234.51419900141136,85515,500,648,13340,
234.51486607578855,85515,500,647,13341,
234.52289967527506,85515,499,648,13341,
234.52309574974828,85515,499,647,13342,
234.53245434852334,85514,500,647,13342,
234.5329380282373,85514,500,646,13343,
234.53702728909704,85514,499,647,13343,
234.54063054310467,85514,498,648,13343,
234.541937700215,85514,497,649,13343,
234.550039006607,85513,498,649,13343,
234.56681071021333,85512,499,649,13343,
234.57040059749647,85511,500,649,13343,
234.57150874332913,85511,499,650,13343,
234.57440938037664,85510,500,650,13343,
234.5748374371423,85510,500,649,13344,
234.57829346316865,85510,499,650,13344,
234.57888321394753,85510,498,651,13344,
234.57983858277004,85509,499,651,13344,
234.58061931250987,85509,499,650,13345,
234.59187268589446,85508,500,650,13345,
234.592181917905,85507,501,650,13345,
234.59721947472067,85506,502,650,13345,
234.59783097752302,85505,503,650,13345,
234.59800719459503,85505,503,649,13346,
234.59865370837719,85504,504,649,13346,
234.59996609318097,85504,503,650,13346,
234.60039366399096,85504,502,651,13346,
234.60773170462087,85504,501,652,13346,
234.60926764709208,85504,500,653,13346,
234.61264085559824,85504,499,654,13346,
234.61296211969304,85504,499,653,13347,
234.61609883933195,85504,498,654,13347,
234.62027123511115,85504,498,653,13348,
234.6211768179603,85504,497,654,13348,
234.621344209119,85503,498,654,13348,
234.62229132626607,85503,498,653,13349,
234.62495728539807,85503,498,652,13350,
234.62557353541993,85502,499,652,13350,
234.6285369755449,85502,498,653,13350,
234.62998342627438,85502,497,654,13350,
234.6316717723484,85501,498,654,13350,
234.63859999097994,85501,497,655,13350,
234.6489354840211,85501,497,654,13351,
234.65116926297864,85501,496,655,13351,
234.65257221071047,85501,495,656,13351,
234.65763714916497,85501,495,655,13352,
234.66111616674266,85501,495,654,13353,
234.66243081220975,85501,494,655,13353,
234.66449294700675,85501,493,656,13353,
234.66685250167703,85500,494,656,13353,
234.67784008840172,85500,493,657,13353,
234.68025569750304,85499,494,657,13353,
234.68264493252778,85499,493,658,13353,
234.68612453057267,85499,493,657,13354,
234.70137850595935,85499,492,658,13354,
234.70153505074484,85499,492,657,13355,
234.7094335747056,85499,492,656,13356,
234.7201993477124,85498,493,656,13356,
234.72539609520533,85497,494,656,13356,
234.7366600798194,85496,495,656,13356,
234.74407370657298,85496,495,655,13357,
234.7466742282761,85496,494,656,13357,
234.7470710145432,85495,495,656,13357,
234.74898816662574,85495,495,655,13358,
234.7512715506555,85495,494,656,13358,
234.76064945626328,85495,493,657,13358,
234.76423293619595,85495,492,658,13358,
234.77036959166662,85495,492,657,13359,
234.7719849086582,85495,492,656,13360,
234.7724600107729,85495,492,655,13361,
234.77283589869663,85494,493,655,13361,
234.77350692387614,85493,494,655,13361,
234.77527028535664,85493,493,656,13361,
234.77807909919255,85492,494,656,13361,
234.78159577321702,85492,493,657,13361,
234.79069367871116,85492,492,658,13361,
234.79134272944475,85491,493,658,13361,
234.79427705174731,85490,494,658,13361,
234.7942929959654,85490,494,657,13362,
234.7952433747724,85490,494,656,13363,
234.79730180665646,85490,494,655,13364,
234.80192179477066,85490,493,656,13364,
234.804860796743,85490,492,657,13364,
234.8075279835401,85490,492,656,13365,
234.80928369175282,85489,493,656,13365,
234.81423729515788,85488,494,656,13365,
234.81551756259836,85487,495,656,13365,
234.8320572173404,85487,495,655,13366,
234.84206844612373,85487,494,656,13366,
234.84219559850277,85486,495,656,13366,
234.84384880507906,85486,495,655,13367,
234.84894888216456,85486,495,654,13368,
234.85493788209467,85485,496,654,13368,
234.8559632612866,85485,496,653,13369,
234.85652997930097,85484,497,653,13369,
234.858231547885,85484,496,654,13369,
234.86028550939105,85484,496,653,13370,
234.86315431470547,85483,497,653,13370,
234.86645549156842,85483,497,652,13371,
234.86673074501178,85482,498,652,13371,
234.87159345799057,85482,498,651,13372,
234.87285350640096,85482,498,650,13373,
234.87295873937327,85482,497,651,13373,
234.87526222821123,85482,497,650,13374,
234.8757218690955,85481,498,650,13374,
234.8774380175817,85481,498,649,13375,
234.87956071623583,85480,499,649,13375,
234.8817192708094,85480,499,648,13376,
234.88225835489013,85480,499,647,13377,
234.88324061295296,85480,498,648,13377,
234.88472675526862,85480,497,649,13377,
234.88488167914213,85480,496,650,13377,
234.88498991629913,85480,495,651,13377,
234.88572905696876,85480,494,652,13377,
234.8862369012491,85479,495,652,13377,
234.88722217972835,85479,494,653,13377,
234.8961242879313,85478,495,653,13377,
234.90439592800584,85478,495,652,13378,
234.90836171800072,85478,494,653,13378,
234.91588889872963,85478,494,652,13379,
234.91898612425172,85478,494,651,13380,
234.91985309724862,85478,494,650,13381,
234.9346423956135,85478,493,651,13381,
234.94034695487943,85478,493,650,13382,
234.9428008071692,85478,492,651,13382,
234.943513825593,85478,491,652,13382,
234.94366444587214,85478,490,653,13382,
234.95139338957998,85478,489,654,13382,
234.95236174248802,85478,488,655,13382,
234.95484838456605,85478,488,654,13383,
234.95694370599716,85477,489,654,13383,
234.9610624793021,85477,489,653,13384,
234.96308111673014,85477,489,652,13385,
234.9652847135204,85477,489,651,13386,
234.9813929565658,85476,490,651,13386,
234.98302467481008,85475,491,651,13386,
234.98445479072575,85475,490,652,13386,
234.98764568560463,85474,491,652,13386,
234.99123379538494,85473,492,652,13386,
234.9938202322583,85472,493,652,13386,
234.99699863786125,85471,494,652,13386,
235.02342045969456,85471,493,653,13386,
235.03280153020202,85470,494,653,13386,
235.03512477680277,85470,494,652,13387,
235.03581526664072,85470,493,653,13387,
235.037091178111,85470,492,654,13387,
235.04008379268845,85470,491,655,13387,
235.04322907869283,85469,492,655,13387,
235.04456579487137,85469,492,654,13388,
235.04553470490453,85468,493,654,13388,
235.04912658420943,85468,492,655,13388,
235.04928589279888,85468,491,656,13388,
235.05046489341063,85468,490,657,13388,
235.05571311200524,85468,489,658,13388,
235.05705822633894,85467,490,658,13388,
235.06656833038596,85466,491,658,13388,
235.0678949669787,85466,490,659,13388,
235.06973652885392,85466,489,660,13388,
235.07538624988018,85466,488,661,13388,
235.0756126939344,85466,487,662,13388,
235.0769855881433,85466,487,661,13389,
235.08369234937626,85465,488,661,13389,
235.09038094412966,85464,489,661,13389,
235.095021494146,85464,489,660,13390,
235.09759818448853,85463,490,660,13390,
235.10131402358815,85463,490,659,13391,
235.10607891410524,85462,491,659,13391,
235.10740940740703,85462,491,658,13392,
235.10918443677886,85462,491,657,13393,
235.11852625797707,85462,490,658,13393,
235.12084799653184,85461,491,658,13393,
235.12293139795474,85460,492,658,13393,
235.13008097794207,85460,491,659,13393,
235.13373611947387,85460,490,660,13393,
235.1355820587742,85460,489,661,13393,
235.14149152913757,85459,490,661,13393,
235.16092169196,85459,489,662,13393,
235.1622213957541,85458,490,662,13393,
235.17082852838206,85458,489,663,13393,
235.1732192073783,85457,490,663,13393,
235.1747877744225,85456,491,663,13393,
235.1791963466046,85455,492,663,13393,
235.18260695466245,85454,493,663,13393,
235.18335804126343,85454,493,662,13394,
235.187500163455,85454,492,663,13394,
235.20121545661414,85453,493,663,13394,
235.20150116338834,85453,493,662,13395,
235.202529464366,85452,494,662,13395,
235.20393315453845,85451,495,662,13395,
235.20445827135677,85451,494,663,13395,
235.20537006987092,85450,495,663,13395,
235.20548132306473,85449,496,663,13395,
235.20708030295833,85448,497,663,13395,
235.20912381902153,85447,498,663,13395,
235.21046881524552,85446,499,663,13395,
235.21810036006516,85446,499,662,13396,
235.2190977206457,85446,499,661,13397,
235.22268173687948,85446,498,662,13397,
235.2242783597606,85446,497,663,13397,
235.22690572102061,85445,498,663,13397,
235.227638171902,85445,498,662,13398,
235.22898008313817,85444,499,662,13398,
235.23141360629504,85444,499,661,13399,
235.23668064783004,85443,500,661,13399,
235.23669895550202,85443,500,660,13400,
235.24363543851996,85443,500,659,13401,
235.24485929048487,85443,500,658,13402,
235.25032683069168,85442,501,658,13402,
235.2505621950352,85442,501,657,13403,
235.25284917253688,85441,502,657,13403,
235.25412579664967,85441,502,656,13404,
235.26497193980543,85441,501,657,13404,
235.26524348369324,85440,502,657,13404,
235.26709422370618,85439,503,657,13404,
235.2679169909374,85438,504,657,13404,
235.26961478810478,85437,505,657,13404,
235.27005909288408,85436,506,657,13404,
235.27265772858948,85436,506,656,13405,
235.27372345264686,85436,505,657,13405,
235.27576289656741,85435,506,657,13405,
235.28795651926237,85435,505,658,13405,
235.2949483273498,85435,505,657,13406,
235.29631111633444,85434,506,657,13406,
235.304022392929,85434,506,656,13407,
235.30553872319555,85433,507,656,13407,
235.31472097445777,85432,508,656,13407,
235.31559587773185,85431,509,656,13407,
235.32007238315168,85431,509,655,13408,
235.32645201439138,85430,510,655,13408,
235.33324851189045,85429,511,655,13408,
235.33684632347766,85429,511,654,13409,
235.33716012137774,85429,510,655,13409,
235.33970542433772,85428,511,655,13409,
235.34334033827434,85428,511,654,13410,
235.34728813193777,85428,510,655,13410,
235.35459269480486,85427,511,655,13410,
235.3558173808347,85427,511,654,13411,
235.35880415273442,85427,510,655,13411,
235.36077383902528,85427,509,656,13411,
235.37454230625318,85427,509,655,13412,
235.38116986043948,85427,508,656,13412,
235.3823770175258,85427,507,657,13412,
235.38439567339478,85427,507,656,13413,
235.40098793706858,85426,508,656,13413,
235.40102764351394,85425,509,656,13413,
235.40635949894875,85424,510,656,13413,
235.408847259295,85424,510,655,13414,
235.40985845044244,85424,509,656,13414,
235.41290779146544,85424,509,655,13415,
235.41367226207197,85424,508,656,13415,
235.41445742274553,85424,508,655,13416,
235.4145548017078,85424,507,656,13416,
235.4195417066614,85423,508,656,13416,
235.43007597606737,85422,509,656,13416,
235.4305890440618,85421,510,656,13416,
235.43411722890949,85421,509,657,13416,
235.4359782447035,85420,510,657,13416,
235.4404326736715,85420,509,658,13416,
235.44355480623383,85419,510,658,13416,
235.44621600975793,85419,509,659,13416,
235.44713884578007,85419,509,658,13417,
235.45164673496268,85419,508,659,13417,
235.4526203780971,85419,507,660,13417,
235.45539201740587,85418,508,660,13417,
235.45812964904798,85418,507,661,13417,
235.46152178275375,85417,508,661,13417,
235.46206130402132,85416,509,661,13417,
235.46566657332298,85416,508,662,13417,
235.46787634673638,85415,509,662,13417,
235.4685095156973,85415,508,663,13417,
235.47524198840208,85415,508,662,13418,
235.47833281767555,85415,508,661,13419,
235.4785766634302,85415,507,662,13419,
235.48777277143117,85414,508,662,13419,
235.4889892070474,85414,507,663,13419,
235.48988976499493,85414,506,664,13419,
235.48989637959275,85413,507,664,13419,
235.49132949044218,85412,508,664,13419,
235.49450693834493,85411,509,664,13419,
235.49828923735166,85411,508,665,13419,
235.50488664654824,85410,509,665,13419,
235.5059511053709,85410,509,664,13420,
235.5059962298859,85410,509,663,13421,
235.5074739858569,85409,510,663,13421,
235.51296941983702,85409,510,662,13422,
235.5167871707038,85409,509,663,13422,
235.51679425625437,85409,508,664,13422,
235.51693338921706,85408,509,664,13422,
235.52583666607308,85408,509,663,13423,
235.53140779322987,85407,510,663,13423,
235.5346170177954,85407,510,662,13424,
235.54413469530505,85407,510,661,13425,
235.5441561375106,85407,509,662,13425,
235.54669563848708,85407,508,663,13425,
235.54860838072184,85407,507,664,13425,
235.5498325440076,85407,507,663,13426,
235.55295795736203,85407,506,664,13426,
235.5634024510912,85407,505,665,13426,
235.57675666116694,85407,505,664,13427,
235.5782387219399,85407,505,663,13428,
235.58005364655563,85407,505,662,13429,
235.58820444895036,85407,505,661,13430,
235.58907935152496,85407,504,662,13430,
235.58922275940404,85406,505,662,13430,
235.59394448044281,85405,506,662,13430,
235.5953998439456,85404,507,662,13430,
235.59721036888305,85403,508,662,13430,
235.6030296476767,85402,509,662,13430,
235.60309083527446,85402,509,661,13431,
235.60386039311726,85402,508,662,13431,
235.6045942870579,85402,508,661,13432,
235.60693417319908,85401,509,661,13432,
235.6087074616804,85401,508,662,13432,
235.60954476000663,85400,509,662,13432,
235.60987556436416,85400,509,661,13433,
235.61397426701848,85399,510,661,13433,
235.61554665543832,85399,510,660,13434,
235.61690740625292,85399,510,659,13435,
235.6181126272274,85398,511,659,13435,
235.61873342394756,85398,510,660,13435,
235.62814265180708,85398,509,661,13435,
235.6316855312039,85398,508,662,13435,
235.6340567884439,85397,509,662,13435,
235.63847206923393,85396,510,662,13435,
235.6427416200304,85396,509,663,13435,
235.6432385141493,85396,509,662,13436,
235.64618009902185,85396,508,663,13436,
235.64891732055798,85395,509,663,13436,
235.6496315753306,85394,510,663,13436,
235.65446493206215,85394,510,662,13437,
235.6636712412232,85394,509,663,13437,
235.66789879134728,85393,510,663,13437,
235.66879358892345,85393,510,662,13438,
235.66935875299757,85393,509,663,13438,
235.6709023600801,85393,508,664,13438,
235.6736514049882,85392,509,664,13438,
235.6801121021865,85391,510,664,13438,
235.68547424975603,85391,509,665,13438,
235.6983625122735,85390,510,665,13438,
235.70313392285186,85389,511,665,13438,
235.70329058216083,85389,510,666,13438,
235.70712347983127,85389,509,667,13438,
235.7101544544646,85389,508,668,13438,
235.71312584459423,85389,508,667,13439,
235.71314587706365,85388,509,667,13439,
235.71537849733699,85387,510,667,13439,
235.7167704489133,85387,510,666,13440,
235.71915830239658,85387,510,665,13441,
235.72840484897793,85386,511,665,13441,
235.73093548548374,85386,511,664,13442,
235.7366565658254,85386,510,665,13442,
235.74134932423615,85385,511,665,13442,
235.74984447890023,85385,510,666,13442,
235.751944525069,85385,509,667,13442,
235.75487068563766,85384,510,667,13442,
235.75626335440188,85384,509,668,13442,
235.7573764720999,85384,509,667,13443,
235.76055304683936,85384,508,668,13443,
235.76080434981054,85383,509,668,13443,
235.7627476761623,85382,510,668,13443,
235.76413086915656,85381,511,668,13443,
235.76760046690308,85380,512,668,13443,
235.7724742640445,85380,512,667,13444,
235.77317125305066,85380,511,668,13444,
235.77830132321404,85379,512,668,13444,
235.7788906522885,85379,511,669,13444,
235.7816771901059,85378,512,669,13444,
235.78204238510546,85377,513,669,13444,
235.78219994757197,85377,512,670,13444,
235.78894234121492,85377,512,669,13445,
235.79033407168762,85377,511,670,13445,
235.79148251140614,85376,512,670,13445,
235.79421255222042,85376,512,669,13446,
235.795331937019,85376,511,670,13446,
235.7958867674775,85376,510,671,13446,
235.79792783812263,85376,510,670,13447,
235.7985450522632,85375,511,670,13447,
235.7992413968636,85375,511,669,13448,
235.80063382542093,85375,510,670,13448,
235.80493742088748,85375,509,671,13448,
235.80843088662988,85374,510,671,13448,
235.81193284389235,85374,509,672,13448,
235.81696166720656,85373,510,672,13448,
235.81717804907413,85372,511,672,13448,
235.81789709716935,85371,512,672,13448,
235.81796007122534,85370,513,672,13448,
235.82942349886028,85370,513,671,13449,
235.83592080542448,85369,514,671,13449,
235.84185318166638,85368,515,671,13449,
235.8438330237906,85367,516,671,13449,
235.84850385169887,85367,516,670,13450,
235.85025804338503,85367,515,671,13450,
235.85366537851928,85367,515,670,13451,
235.85753973729055,85367,515,669,13452,
235.85919377998562,85367,514,670,13452,
235.86052467015287,85367,513,671,13452,
235.86626180192175,85366,514,671,13452,
235.8671500514821,85366,513,672,13452,
235.86831112021906,85366,512,673,13452,
235.87087819598656,85366,511,674,13452,
235.8736840650776,85366,510,675,13452,
235.87515899519275,85365,511,675,13452,
235.87683805124553,85365,511,674,13453,
235.87815290459181,85365,510,675,13453,
235.8808121087718,85365,509,676,13453,
235.8811725679351,85364,510,676,13453,
235.88285418394932,85364,510,675,13454,
235.88409471238901,85363,511,675,13454,
235.89225079477833,85363,511,674,13455,
235.899382656666,85363,511,673,13456,
235.899750704074,85363,510,674,13456,
235.90223385948917,85362,511,674,13456,
235.91554944391603,85362,510,675,13456,
235.918320888514,85362,509,676,13456,
235.92060649341622,85361,510,676,13456,
235.92235046421968,85361,509,677,13456,
235.92325279456003,85360,510,677,13456,
235.92405923662972,85359,511,677,13456,
235.92763873147015,85359,510,678,13456,
235.93022774956617,85359,510,677,13457,
235.93028313475617,85359,510,676,13458,
235.9304957474607,85358,511,676,13458,
235.9358139355195,85357,512,676,13458,
235.93772848274355,85357,511,677,13458,
235.9436917976359,85357,510,678,13458,
235.94733039237047,85357,509,679,13458,
235.94794470080174,85357,508,680,13458,
235.9600219600958,85356,509,680,13458,
235.96278982001724,85356,508,681,13458,
235.9629675100009,85356,508,680,13459,
235.97370526695045,85355,509,680,13459,
235.97668910777995,85355,508,681,13459,
235.97864016458885,85355,507,682,13459,
235.98049589058922,85355,506,683,13459,
235.98055722190543,85354,507,683,13459,
235.9885356705332,85354,506,684,13459,
235.9912149219604,85353,507,684,13459,
236.0018085048302,85353,507,683,13460,
236.00296157905194,85353,507,682,13461,
236.01009107517152,85353,507,681,13462,
236.0120581632656,85353,506,682,13462,
236.0130542857955,85352,507,682,13462,
236.01486681204395,85352,507,681,13463,
236.02340795055824,85352,506,682,13463,
236.0270917222266,85351,507,682,13463,
236.02974492512334,85350,508,682,13463,
236.03040342671744,85350,508,681,13464,
236.03299588607274,85350,508,680,13465,
236.03368502279736,85350,507,681,13465,
236.03704258560296,85350,506,682,13465,
236.04201466058322,85349,507,682,13465,
236.05324952799046,85349,507,681,13466,
236.0542448013649,85349,507,680,13467,
236.0610868951569,85348,508,680,13467,
236.06243539419768,85347,509,680,13467,
236.0692310460102,85346,510,680,13467,
236.07140904848816,85346,509,681,13467,
236.07162053625854,85346,508,682,13467,
236.07214129458086,85345,509,682,13467,
236.07332742881692,85344,510,682,13467,
236.07547987761532,85343,511,682,13467,
236.0766933306665,85342,512,682,13467,
236.0818546325863,85342,512,681,13468,
236.08555987428696,85341,513,681,13468,
236.09326470709223,85340,514,681,13468,
236.09720436878257,85339,515,681,13468,
236.10051593654833,85339,515,680,13469,
236.11474493865535,85339,514,681,13469,
236.11553524685354,85338,515,681,13469,
236.1221256975292,85338,515,680,13470,
236.12378454602302,85338,515,679,13471,
236.1238887614658,85338,514,680,13471,
236.12684737129075,85338,514,679,13472,
236.13229516617227,85338,513,680,13472,
236.13923505611564,85337,514,680,13472,
236.14164208825193,85337,514,679,13473,
236.14708620289275,85337,513,680,13473,
236.14982126859096,85337,512,681,13473,
236.1528271417204,85337,512,680,13474,
236.15312840699184,85336,513,680,13474,
236.16132104564747,85336,512,681,13474,
236.1664595252637,85336,511,682,13474,
236.16836902999793,85336,510,683,13474,
236.16894118852366,85335,511,683,13474,
236.17166912769153,85334,512,683,13474,
236.17258007000513,85333,513,683,13474,
236.17917105138187,85332,514,683,13474,
236.1824091258032,85332,514,682,13475,
236.18584774942082,85331,515,682,13475,
236.18600176933768,85330,516,682,13475,
236.18615857212365,85330,515,683,13475,
236.1865370341565,85330,514,684,13475,
236.19188952348102,85329,515,684,13475,
236.19406189500606,85328,516,684,13475,
236.19460731410686,85328,516,683,13476,
236.19467314081427,85327,517,683,13476,
236.19588657179486,85327,517,682,13477,
236.1971053449649,85326,518,682,13477,
236.20710833228193,85326,517,683,13477,
236.21194324364947,85326,516,684,13477,
236.212733438439,85325,517,684,13477,
236.2157996647739,85325,516,685,13477,
236.22233725235964,85325,516,684,13478,
236.23497184892096,85325,515,685,13478,
236.24120260920438,85325,515,684,13479,
236.24244998937047,85325,515,683,13480,
236.24318409109634,85325,514,684,13480,
236.25059802203648,85325,513,685,13480,
236.2513908669438,85325,513,684,13481,
236.25268908167186,85324,514,684,13481,
236.26031560512087,85323,515,684,13481,
236.26104260671804,85323,514,685,13481,
236.26154242261663,85323,513,686,13481,
236.26226195826635,85323,513,685,13482,
236.26306073365737,85323,512,686,13482,
236.26414096901084,85322,513,686,13482,
236.26552295093444,85321,514,686,13482,
236.27988265410272,85321,513,687,13482,
236.283127499659,85321,513,686,13483,
236.29414708112643,85321,513,685,13484,
236.29696702356068,85321,513,684,13485,
236.29882388142383,85321,513,683,13486,
236.29941028889488,85320,514,683,13486,
236.3030330315064,85320,513,684,13486,
236.30527134877084,85320,512,685,13486,
236.305829514224,85320,511,686,13486,
236.31256423129813,85319,512,686,13486,
236.31364294810137,85319,512,685,13487,
236.3201183667835,85318,513,685,13487,
236.3273437210787,85318,512,686,13487,
236.32928636373447,85318,511,687,13487,
236.34253568371201,85318,510,688,13487,
236.34267467271937,85318,509,689,13487,
236.34874052731325,85318,508,690,13487,
236.35156447378432,85318,507,691,13487,
236.35323579329278,85318,506,692,13487,
236.3550054350545,85318,506,691,13488,
236.35746366064774,85317,507,691,13488,
236.3589225001782,85317,507,690,13489,
236.36216377789435,85316,508,690,13489,
236.3644941414949,85316,508,689,13490,
236.36893248638543,85315,509,689,13490,
236.37206629077863,85314,510,689,13490,
236.37239487618592,85314,510,688,13491,
236.37293086763933,85314,510,687,13492,
236.3764484477161,85314,510,686,13493,
236.3790524759843,85314,509,687,13493,
236.37955982891825,85314,508,688,13493,
236.3801596835456,85313,509,688,13493,
236.38182137446876,85313,509,687,13494,
236.38223486466612,85313,509,686,13495,
236.38911218442152,85312,510,686,13495,
236.39507107481415,85312,509,687,13495,
236.39563849843807,85312,509,686,13496,
236.39770281012005,85311,510,686,13496,
236.4003206754744,85310,511,686,13496,
236.40121447848705,85310,511,685,13497,
236.40253784792628,85310,511,684,13498,
236.40501747386395,85309,512,684,13498,
236.41852119493072,85308,513,684,13498,
236.41951046341666,85308,513,683,13499,
236.42268591073676,85307,514,683,13499,
236.42363628795027,85307,514,682,13500,
236.43124765669998,85307,514,681,13501,
236.43163577167485,85307,513,682,13501,
236.43911227304372,85307,513,681,13502,
236.46418920806198,85307,513,680,13503,
236.46676223863966,85306,514,680,13503,
236.47055108661135,85306,514,679,13504,
236.47138739889132,85305,515,679,13504,
236.47257376042268,85304,516,679,13504,
236.47847534676796,85303,517,679,13504,
236.4807982793411,85302,518,679,13504,
236.49084771377085,85301,519,679,13504,
236.49560539679933,85301,518,680,13504,
236.49722649460645,85301,518,679,13505,
236.49831189040995,85301,517,680,13505,
236.49860250427196,85300,518,680,13505,
236.5025953935801,85300,517,681,13505,
236.50350372468137,85300,516,682,13505,
236.50494284070183,85299,517,682,13505,
236.50540437511145,85298,518,682,13505,
236.50559881406093,85298,518,681,13506,
236.50702143736936,85298,517,682,13506,
236.50739789884858,85298,517,681,13507,
236.5100469833967,85298,516,682,13507,
236.51016832504706,85298,515,683,13507,
236.51201678357654,85297,516,683,13507,
236.51210948096016,85297,515,684,13507,
236.5127513814302,85297,514,685,13507,
236.51424875828596,85297,514,684,13508,
236.5149909277518,85297,514,683,13509,
236.5157505072014,85297,513,684,13509,
236.51804300975328,85296,514,684,13509,
236.52215151318302,85296,513,685,13509,
236.52411771340178,85296,512,686,13509,
236.52493523442288,85296,511,687,13509,
236.52597873004635,85295,512,687,13509,
236.53443060248503,85295,511,688,13509,
236.5359913651706,85294,512,688,13509,
236.54037196126603,85293,513,688,13509,
236.5447316716122,85293,512,689,13509,
236.5451732380671,85293,511,690,13509,
236.55065489011196,85292,512,690,13509,
236.55136776589683,85291,513,690,13509,
236.55593162361535,85290,514,690,13509,
236.55841416247512,85290,514,689,13510,
236.56100267391292,85290,514,688,13511,
236.56247411191717,85289,515,688,13511,
236.56562789027925,85289,515,687,13512,
236.56693428610038,85289,514,688,13512,
236.57046778597135,85288,515,688,13512,
236.57599508746887,85288,514,689,13512,
236.58356430257464,85287,515,689,13512,
236.58681614680248,85287,515,688,13513,
236.59035420795797,85287,515,687,13514,
236.59283587174593,85286,516,687,13514,
236.5943034632432,85286,515,688,13514,
236.60012032073558,85286,515,687,13515,
236.60513527896845,85286,514,688,13515,
236.60674516362369,85285,515,688,13515,
236.614651748889,85285,515,687,13516,
236.6167791279911,85285,514,688,13516,
236.6199756042725,85285,514,687,13517,
236.6204912230704,85284,515,687,13517,
236.62170810508968,85284,515,686,13518,
236.6300315831648,85284,515,685,13519,
236.6300552734325,85284,515,684,13520,
236.63128470408685,85284,515,683,13521,
236.6395524312146,85284,514,684,13521,
236.64599019853284,85283,515,684,13521,
236.64826382925276,85282,516,684,13521,
236.65772169981787,85281,517,684,13521,
236.66312257659123,85281,517,683,13522,
236.66357267640456,85281,516,684,13522,
236.6723854504695,85281,515,685,13522,
236.67500753913808,85280,516,685,13522,
236.67974618914988,85280,516,684,13523,
236.68443545135037,85279,517,684,13523,
236.68622841332655,85279,517,683,13524,
236.68675450533914,85279,517,682,13525,
236.68779904171353,85279,516,683,13525,
236.69107914334614,85278,517,683,13525,
236.69416584388617,85278,516,684,13525,
236.6986952444706,85278,516,683,13526,
236.7026916944895,85278,516,682,13527,
236.7064431183161,85278,516,681,13528,
236.7122154361648,85278,516,680,13529,
236.71699777071228,85277,517,680,13529,
236.72013823451292,85277,516,681,13529,
236.73001584518497,85276,517,681,13529,
236.73595176025137,85275,518,681,13529,
236.7388488644205,85275,518,680,13530,
236.74085713896343,85275,517,681,13530,
236.74194420858225,85275,517,680,13531,
236.7434254631926,85275,516,681,13531,
236.7460566431644,85275,516,680,13532,
236.7474507492392,85275,515,681,13532,
236.74875983737675,85274,516,681,13532,
236.76997239677007,85274,516,680,13533,
236.7716705951682,85273,517,680,13533,
236.77293985828172,85273,516,681,13533,
236.77353360227718,85272,517,681,13533,
236.77461513913113,85272,517,680,13534,
236.78198363848858,85272,516,681,13534,
236.7821830187346,85271,517,681,13534,
236.78764082887477,85271,516,682,13534,
236.80597810932363,85271,515,683,13534,
236.80756641552975,85271,515,682,13535,
236.80861305615937,85271,515,681,13536,
236.80904622754204,85271,515,680,13537,
236.81093213506594,85271,514,681,13537,
236.82671598430267,85271,514,680,13538,
236.83105222749785,85270,515,680,13538,
236.83569980035674,85270,514,681,13538,
236.83596660914608,85269,515,681,13538,
236.84573093647307,85269,514,682,13538,
236.85024491517385,85269,514,681,13539,
236.86039030814942,85268,515,681,13539,
236.86224890687782,85268,514,682,13539,
236.86616949938858,85267,515,682,13539,
236.874099757605,85267,514,683,13539,
236.8756128217771,85267,514,682,13540,
236.87601411348672,85266,515,682,13540,
236.88562137454065,85265,516,682,13540,
236.8898952113832,85265,515,683,13540,
236.8912624260343,85265,515,682,13541,
236.8958701385059,85265,514,683,13541,
236.9019360469696,85264,515,683,13541,
236.91027220131883,85264,515,682,13542,
236.9117628214787,85263,516,682,13542,
236.9129831375892,85262,517,682,13542,
236.91359562166656,85262,517,681,13543,
236.9165643268886,85262,516,682,13543,
236.91988360012866,85262,516,681,13544,
236.93216282018412,85262,516,680,13545,
236.93263704712064,85262,516,679,13546,
236.94081845106138,85262,516,678,13547,
236.9415893171526,85262,515,679,13547,
236.94266994859112,85262,515,678,13548,
236.9449253721565,85262,514,679,13548,
236.94521964621765,85261,515,679,13548,
236.95073528592206,85260,516,679,13548,
236.95852382693982,85260,516,678,13549,
236.96134516032544,85260,516,677,13550,
236.96256422210362,85259,517,677,13550,
236.96314543653162,85259,517,676,13551,
236.96332307743592,85259,516,677,13551,
236.96511316024808,85259,515,678,13551,
236.9658586193064,85259,515,677,13552,
236.9670074696473,85259,515,676,13553,
236.97061345932022,85258,516,676,13553,
236.97204127442274,85258,515,677,13553,
236.97562521624792,85257,516,677,13553,
236.98024978406556,85257,515,678,13553,
236.98580954458518,85257,514,679,13553,
236.98594762268,85256,515,679,13553,
236.988272295214,85256,515,678,13554,
236.9882755115389,85256,515,677,13555,
236.99168279560328,85255,516,677,13555,
236.99233078549992,85254,517,677,13555,
236.9928426865539,85254,516,678,13555,
236.99466127081206,85253,517,678,13555,
236.99934152210375,85252,518,678,13555,
237.00595504034084,85252,518,677,13556,
237.00899909415,85252,517,678,13556,
237.01763523015717,85252,517,677,13557,
237.01772272381092,85252,517,676,13558,
237.01878582137348,85252,517,675,13559,
237.01961025597348,85252,517,674,13560,
237.02988403078427,85252,517,673,13561,
237.03323496652803,85251,518,673,13561,
237.03702770691112,85251,517,674,13561,
237.04170112428758,85251,517,673,13562,
237.04253965864322,85250,518,673,13562,
237.0469597975393,85249,519,673,13562,
237.0475890106558,85249,518,674,13562,
237.04950171941965,85248,519,674,13562,
237.04969673674478,85248,518,675,13562,
237.0620721056562,85248,518,674,13563,
237.0636726319962,85248,518,673,13564,
237.0668872966251,85247,519,673,13564,
237.06819103919833,85246,520,673,13564,
237.07336481670342,85246,519,674,13564,
237.0743849887962,85246,518,675,13564,
237.07667676593456,85246,517,676,13564,
237.08955804340152,85246,517,675,13565,
237.09509062382125,85245,518,675,13565,
237.0959539170494,85245,517,676,13565,
237.10136021803686,85245,517,675,13566,
237.1027441125556,85245,516,676,13566,
237.108542331987,85244,517,676,13566,
237.11029546400914,85244,517,675,13567,
237.11412008838664,85243,518,675,13567,
237.12414693780013,85242,519,675,13567,
237.12633397225545,85241,520,675,13567,
237.12784696710705,85241,520,674,13568,
237.12832072935134,85240,521,674,13568,
237.13306078571463,85240,520,675,13568,
237.13396428173067,85240,519,676,13568,
237.13880211184517,85239,520,676,13568,
237.1464581637011,85238,521,676,13568,
237.1535622742501,85238,521,675,13569,
237.15486463595596,85237,522,675,13569,
237.1612875491556,85237,521,676,13569,
237.1621681458393,85236,522,676,13569,
237.16412860274357,85236,521,677,13569,
237.16537284116365,85236,521,676,13570,
237.17018692029183,85236,520,677,13570,
237.17306774642614,85236,520,676,13571,
237.17410288487054,85236,520,675,13572,
237.17432359638622,85236,519,676,13572,
237.1753475225814,85236,518,677,13572,
237.18661818142337,85236,518,676,13573,
237.18696497775392,85236,517,677,13573,
237.19052107810901,85236,517,676,13574,
237.19072071398688,85236,516,677,13574,
237.19420372475525,85236,515,678,13574,
237.19563663893751,85235,516,678,13574,
237.2060906280201,85234,517,678,13574,
237.2080981390065,85234,516,679,13574,
237.21104483222825,85233,517,679,13574,
237.21462494446774,85233,516,680,13574,
237.22490190444603,85233,516,679,13575,
237.22567865377704,85232,517,679,13575,
237.2364135313377,85232,516,680,13575,
237.23726216749068,85231,517,680,13575,
237.24231095283878,85230,518,680,13575,
237.24486379127822,85229,519,680,13575,
237.2514612526053,85228,520,680,13575,
237.2535717469561,85227,521,680,13575,
237.25462902000817,85227,521,679,13576,
237.2591154791938,85227,520,680,13576,
237.25957063719778,85226,521,680,13576,
237.26174522815924,85226,521,679,13577,
237.26347140550294,85225,522,679,13577,
237.26706275978182,85225,522,678,13578,
237.27075726296403,85225,522,677,13579,
237.27595978380185,85225,521,678,13579,
237.27857050741616,85225,520,679,13579,
237.28232053295466,85225,520,678,13580,
237.28865647009266,85225,519,679,13580,
237.2903147253326,85225,519,678,13581,
237.29127548655777,85225,518,679,13581,
237.29352173207994,85225,517,680,13581,
237.29815720073034,85225,517,679,13582,
237.30098853026095,85224,518,679,13582,
237.3025458168813,85224,518,678,13583,
237.30336257263903,85224,517,679,13583,
237.30660930920646,85223,518,679,13583,
237.31311096921635,85223,517,680,13583,
237.31649393754563,85222,518,680,13583,
237.31902363960597,85222,518,679,13584,
237.31909704876819,85221,519,679,13584,
237.32263182452917,85221,518,680,13584,
237.3228971271683,85220,519,680,13584,
237.3233995150705,85220,518,681,13584,
237.32502879352262,85220,517,682,13584,
237.32503397057943,85220,517,681,13585,
237.32569291445319,85220,516,682,13585,
237.33135599164504,85219,517,682,13585,
237.33297073153153,85219,516,683,13585,
237.33867684749438,85218,517,683,13585,
237.3434065790821,85218,517,682,13586,
237.34608849940156,85217,518,682,13586,
237.34637456627883,85217,517,683,13586,
237.34997673541957,85217,517,682,13587,
237.35178889157228,85216,518,682,13587,
237.35408959684315,85215,519,682,13587,
237.3560745401027,85214,520,682,13587,
237.35689059924573,85213,521,682,13587,
237.35701411208834,85213,520,683,13587,
237.3580584401455,85213,519,684,13587,
237.36100521027882,85213,518,685,13587,
237.36374015294905,85213,517,686,13587,
237.36733291674707,85213,516,687,13587,
237.37813978327142,85213,516,686,13588,
237.3783686956664,85212,517,686,13588,
237.37917214590368,85211,518,686,13588,
237.37944199562924,85211,517,687,13588,
237.380842271667,85210,518,687,13588,
237.38660014586355,85210,517,688,13588,
237.3890750594507,85210,517,687,13589,
237.38995411921417,85209,518,687,13589,
237.39105557464293,85209,517,688,13589,
237.39236635969465,85209,516,689,13589,
237.39408810090154,85208,517,689,13589,
237.3975434391486,85207,518,689,13589,
237.40145920301356,85206,519,689,13589,
237.40298697132187,85205,520,689,13589,
237.40580447905995,85205,519,690,13589,
237.4084511152265,85204,520,690,13589,
237.40881815760162,85204,520,689,13590,
237.4099467594787,85204,520,688,13591,
237.4103764694389,85204,520,687,13592,
237.41075790579114,85204,520,686,13593,
237.41697559909542,85204,520,685,13594,
237.42106365090166,85203,521,685,13594,
237.42183437115864,85202,522,685,13594,
237.42190199435967,85201,523,685,13594,
237.42232096556967,85200,524,685,13594,
237.42285628310813,85200,523,686,13594,
237.4333306461678,85199,524,686,13594,
237.43402892329706,85198,525,686,13594,
237.4385137264519,85198,524,687,13594,
237.44547505287866,85198,524,686,13595,
237.44790456795286,85198,523,687,13595,
237.4518819758545,85198,523,686,13596,
237.45619600674786,85198,523,685,13597,
237.46076616940505,85198,523,684,13598,
237.46169187250698,85198,523,683,13599,
237.46293541489797,85198,522,684,13599,
237.46853491424991,85197,523,684,13599,
237.4751107767922,85196,524,684,13599,
237.4792377354218,85196,523,685,13599,
237.4801645485199,85195,524,685,13599,
237.48084225021864,85195,524,684,13600,
237.482250114946,85194,525,684,13600,
237.48241196537913,85194,525,683,13601,
237.48277082582305,85194,524,684,13601,
237.48325924604836,85194,524,683,13602,
237.48538780509836,85193,525,683,13602,
237.48717177762651,85193,524,684,13602,
237.48771583729916,85193,524,683,13603,
237.4879247451491,85192,525,683,13603,
237.49532294448252,85192,525,682,13604,
237.50996948904154,85192,524,683,13604,
237.5140269053736,85192,523,684,13604,
237.51536914694228,85192,523,683,13605,
237.5163339405434,85191,524,683,13605,
237.52850256448787,85190,525,683,13605,
237.53613893721416,85190,525,682,13606,
237.53784645231644,85190,525,681,13607,
237.54000723980997,85190,525,680,13608,
237.54485878824931,85189,526,680,13608,
237.5473948188932,85188,527,680,13608,
237.54986054207635,85187,528,680,13608,
237.5545736289538,85186,529,680,13608,
237.55800636781274,85186,528,681,13608,
237.5585489409648,85186,527,682,13608,
237.56068138274964,85186,526,683,13608,
237.56469606881944,85186,526,682,13609,
237.5681366602575,85186,526,681,13610,
237.57509076095053,85186,525,682,13610,
237.57660022379332,85186,524,683,13610,
237.57677681560403,85186,524,682,13611,
237.57701251825242,85185,525,682,13611,
237.57816416960543,85184,526,682,13611,
237.58088851986238,85183,527,682,13611,
237.5828624223371,85183,526,683,13611,
237.58501141367543,85183,525,684,13611,
237.58542827372727,85182,526,684,13611,
237.59364399041377,85182,526,683,13612,
237.5985714213965,85181,527,683,13612,
237.60337785846073,85181,527,682,13613,
237.61301240981888,85180,528,682,13613,
237.6183224032877,85180,528,681,13614,
237.62180893487076,85180,527,682,13614,
237.63303679052706,85180,526,683,13614,
237.64212894333315,85180,526,682,13615,
237.64215385433783,85180,525,683,13615,
237.64870276637447,85180,525,682,13616,
237.64960715145435,85179,526,682,13616,
237.65704921961503,85178,527,682,13616,
237.66184048965084,85177,528,682,13616,
237.67475393501027,85176,529,682,13616,
237.6783534216115,85176,529,681,13617,
237.68052736052064,85175,530,681,13617,
237.68094123979841,85175,529,682,13617,
237.68272739277464,85174,530,682,13617,
237.6870953536432,85173,531,682,13617,
237.68795703780324,85173,531,681,13618,
237.69037166228404,85172,532,681,13618,
237.69164297521476,85172,532,680,13619,
237.69660670522214,85171,533,680,13619,
237.69672640901263,85170,534,680,13619,
237.69725737303366,85169,535,680,13619,
237.69872614152314,85169,535,679,13620,
237.70532223341013,85168,536,679,13620,
237.71813095505374,85168,536,678,13621,
237.7187333378808,85167,537,678,13621,
237.72639978916712,85167,537,677,13622,
237.7284011021429,85167,536,678,13622,
237.7296644223111,85167,535,679,13622,
237.7307789349565,85167,534,680,13622,
237.7320483109205,85166,535,680,13622,
237.73246611824047,85165,536,680,13622,
237.7365438997513,85165,536,679,13623,
237.74122294643112,85164,537,679,13623,
237.74246008181274,85163,538,679,13623,
237.7438938135784,85163,537,680,13623,
237.74621111056828,85163,536,681,13623,
237.75281575715692,85163,536,680,13624,
237.75330395688178,85163,536,679,13625,
237.75365375843901,85163,535,680,13625,
237.75426619324952,85163,535,679,13626,
237.7551326130891,85162,536,679,13626,
237.7587747218119,85162,536,678,13627,
237.7667341506411,85161,537,678,13627,
237.76693319412607,85161,537,677,13628,
237.7694906266799,85161,536,678,13628,
237.77584584624236,85160,537,678,13628,
237.7767826065181,85160,536,679,13628,
237.7900568027071,85160,535,680,13628,
237.79119990874673,85160,534,681,13628,
237.7987128783533,85160,534,680,13629,
237.80296476019038,85159,535,680,13629,
237.80799098820523,85158,536,680,13629,
237.80875745662078,85158,535,681,13629,
237.81207326216278,85158,535,680,13630,
237.81332950414637,85158,534,681,13630,
237.81685159103446,85158,533,682,13630,
237.82221241769054,85158,533,681,13631,
237.83426526497215,85157,534,681,13631,
237.8344732824272,85157,534,680,13632,
237.83791487790882,85156,535,680,13632,
237.84281023188294,85155,536,680,13632,
237.84281817412685,85155,535,681,13632,
237.84319027601646,85154,536,681,13632,
237.84736388992758,85154,536,680,13633,
237.84766306272698,85153,537,680,13633,
237.85037405302262,85153,536,681,13633,
237.85205751572903,85152,537,681,13633,
237.8621451093017,85152,536,682,13633,
237.865410811917,85151,537,682,13633,
237.87071104853976,85150,538,682,13633,
237.8784082759567,85150,538,681,13634,
237.8818507986941,85150,538,680,13635,
237.8846930566552,85150,538,679,13636,
237.88513614292188,85150,537,680,13636,
237.8872610340896,85149,538,680,13636,
237.8892127319392,85149,537,681,13636,
237.8944193120838,85149,537,680,13637,
237.89594356186234,85149,537,679,13638,
237.8984175179365,85149,536,680,13638,
237.90039677944537,85148,537,680,13638,
237.90131094802274,85147,538,680,13638,
237.90193267688298,85147,538,679,13639,
237.91588346972796,85146,539,679,13639,
237.93153109849604,85146,538,680,13639,
237.93492651992847,85145,539,680,13639,
237.9373774414641,85144,540,680,13639,
237.9381665864949,85144,540,679,13640,
237.93955326782458,85144,540,678,13641,
237.94106873825135,85143,541,678,13641,
237.94320746244404,85143,541,677,13642,
237.94938508043265,85143,540,678,13642,
237.9509804048314,85143,539,679,13642,
237.9514252976288,85142,540,679,13642,
237.95168220231912,85142,540,678,13643,
237.95347486619954,85142,539,679,13643,
237.95571943938114,85141,540,679,13643,
237.958485807925,85140,541,679,13643,
237.96049737394054,85140,540,680,13643,
237.96065992577087,85140,539,681,13643,
237.96429573266997,85140,538,682,13643,
237.97188235089772,85140,538,681,13644,
237.9749274886056,85140,538,680,13645,
237.97588217204347,85139,539,680,13645,
237.97850887457224,85139,539,679,13646,
237.98159604288838,85138,540,679,13646,
237.98461115379996,85138,540,678,13647,
237.98706922632962,85138,539,679,13647,
237.99323666456868,85138,538,680,13647,
237.99882423735352,85138,537,681,13647,
238.0007613859453,85138,537,680,13648,
238.00127442187926,85137,538,680,13648,
238.00221019487867,85137,537,681,13648,
238.005404916789,85137,536,682,13648,
238.00832716881575,85136,537,682,13648,
238.00951389461213,85136,536,683,13648,
238.0116196255542,85136,536,682,13649,
238.0169512432242,85136,536,681,13650,
238.02033569456103,85136,536,680,13651,
238.02067241775617,85136,535,681,13651,
238.0210352100095,85136,534,682,13651,
238.02834727078576,85136,534,681,13652,
238.04244120027465,85135,535,681,13652,
238.0450224292513,85135,534,682,13652,
238.0462446037539,85134,535,682,13652,
238.0550774352223,85134,534,683,13652,
238.05554500265467,85133,535,683,13652,
238.06724504312277,85132,536,683,13652,
238.0685685544243,85131,537,683,13652,
238.06923494103776,85131,537,682,13653,
238.06990679583072,85131,536,683,13653,
238.07104759211845,85131,536,682,13654,
238.07265082989898,85131,535,683,13654,
238.0738944733439,85131,534,684,13654,
238.07462573766276,85130,535,684,13654,
238.07590369592967,85130,535,683,13655,
238.08234855662408,85129,536,683,13655,
238.08796468746237,85128,537,683,13655,
238.09290033124546,85127,538,683,13655,
238.09432906409285,85127,538,682,13656,
238.09767273661438,85127,537,683,13656,
238.1100184372372,85127,536,684,13656,
238.1106555292914,85127,536,683,13657,
238.11329646681784,85127,535,684,13657,
238.11844321599125,85126,536,684,13657,
238.12115984360122,85126,536,683,13658,
238.1266404762693,85126,535,684,13658,
238.1294413226529,85126,535,683,13659,
238.1295203927823,85126,535,682,13660,
238.1332885944348,85126,535,681,13661,
238.13815409382755,85126,534,682,13661,
238.14017964493786,85125,535,682,13661,
238.14402391656898,85125,535,681,13662,
238.1449504209839,85124,536,681,13662,
238.14549564481484,85124,536,680,13663,
238.15077733927134,85123,537,680,13663,
238.15328528529767,85122,538,680,13663,
238.1546447359264,85121,539,680,13663,
238.15689295072355,85121,539,679,13664,
238.15877837427053,85121,538,680,13664,
238.1603505793147,85120,539,680,13664,
238.1609858714199,85120,538,681,13664,
238.16295624371253,85119,539,681,13664,
238.1675186146723,85119,539,680,13665,
238.17304530443283,85118,540,680,13665,
238.17649710009857,85117,541,680,13665,
238.17794156956535,85117,541,679,13666,
238.1841221973564,85117,541,678,13667,
238.19181719912868,85116,542,678,13667,
238.19233261375192,85116,542,677,13668,
238.19312505927167,85115,543,677,13668,
238.19536496242284,85114,544,677,13668,
238.20455024242833,85114,544,676,13669,
238.2064958523017,85113,545,676,13669,
238.20958338867456,85112,546,676,13669,
238.2098158393149,85112,545,677,13669,
238.2168111136772,85112,544,678,13669,
238.21742556794504,85111,545,678,13669,
238.2192312193909,85111,544,679,13669,
238.22132175647113,85111,543,680,13669,
238.22314534977014,85110,544,680,13669,
238.23364538345996,85110,544,679,13670,
238.2337887588701,85110,543,680,13670,
238.23389939407366,85109,544,680,13670,
238.23601926148666,85109,544,679,13671,
238.23941941740054,85108,545,679,13671,
238.24314065474263,85108,544,680,13671,
238.24603020567352,85108,544,679,13672,
238.2460625520695,85108,544,678,13673,
238.25183954925856,85108,543,679,13673,
238.25425628811962,85108,542,680,13673,
238.25581770953627,85108,542,679,13674,
238.26016689560015,85108,541,680,13674,
238.2639457997907,85108,540,681,13674,
238.2673633770192,85108,539,682,13674,
238.27077652000375,85108,539,681,13675,
238.2732246024398,85107,540,681,13675,
238.27346865753802,85107,539,682,13675,
238.27613744304412,85107,539,681,13676,
238.28191764296216,85107,539,680,13677,
238.28245605823855,85106,540,680,13677,
238.28403036571027,85106,539,681,13677,
238.28434267268045,85105,540,681,13677,
238.2858454755983,85105,539,682,13677,
238.28658773197574,85105,539,681,13678,
238.2905752418257,85105,539,680,13679,
238.29383745414637,85104,540,680,13679,
238.2951131561399,85104,540,679,13680,
238.29616792194918,85104,539,680,13680,
238.29641537323215,85104,539,679,13681,
238.2995937389072,85104,539,678,13682,
238.3004611159396,85104,539,677,13683,
238.30770749402325,85103,540,677,13683,
238.31087519146314,85103,539,678,13683,
238.31617415299675,85102,540,678,13683,
238.3169412795547,85101,541,678,13683,
238.31927952783101,85101,540,679,13683,
238.3193305394313,85100,541,679,13683,
238.3256233232041,85099,542,679,13683,
238.329958037342,85099,542,678,13684,
238.33676684467258,85099,542,677,13685,
238.33903953629527,85099,541,678,13685,
238.34383001782808,85099,540,679,13685,
238.35326827096839,85098,541,679,13685,
238.3554105698706,85097,542,679,13685,
238.35615543708315,85096,543,679,13685,
238.35646161739774,85095,544,679,13685,
238.35663934406378,85094,545,679,13685,
238.3574945799655,85094,545,678,13686,
238.36092440050172,85094,545,677,13687,
238.3632927820883,85094,545,676,13688,
238.3672353843318,85094,545,675,13689,
238.36873028604595,85094,544,676,13689,
238.3736911393419,85094,543,677,13689,
238.37404536352142,85093,544,677,13689,
238.37593196278686,85093,543,678,13689,
238.37956132345204,85093,543,677,13690,
238.381408121579,85093,543,676,13691,
238.3838478521846,85092,544,676,13691,
238.38542680797346,85092,543,677,13691,
238.39305501192032,85092,542,678,13691,
238.39376517343047,85092,541,679,13691,
238.40030233252136,85091,542,679,13691,
238.40177667345768,85091,541,680,13691,
238.40285212926455,85091,541,679,13692,
238.4040988433247,85091,540,680,13692,
238.40672873464007,85091,539,681,13692,
238.40827082664438,85090,540,681,13692,
238.4148131388863,85089,541,681,13692,
238.41628768853928,85088,542,681,13692,
238.4179569313863,85087,543,681,13692,
238.41957309660833,85087,542,682,13692,
238.42046081017708,85087,541,683,13692,
238.42199966699923,85087,541,682,13693,
238.42564545579717,85086,542,682,13693,
238.42660433716125,85085,543,682,13693,
238.43086677558645,85084,544,682,13693,
238.43227609661798,85084,543,683,13693,
238.44059035530552,85084,542,684,13693,
238.44169740522798,85084,541,685,13693,
238.44250295776823,85083,542,685,13693,
238.44869284157681,85083,541,686,13693,
238.44954664289907,85083,540,687,13693,
238.44995196729081,85083,539,688,13693,
238.45448078856532,85083,538,689,13693,
238.45623139940378,85082,539,689,13693,
238.45775135012383,85082,539,688,13694,
238.46350575586456,85082,539,687,13695,
238.46635763541678,85081,540,687,13695,
238.47042693345026,85081,540,686,13696,
238.47061249561747,85081,540,685,13697,
238.47071007273803,85081,540,684,13698,
238.47091078429253,85081,539,685,13698,
238.47271979153066,85080,540,685,13698,
238.47334368695087,85080,539,686,13698,
238.48421916734264,85080,539,685,13699,
238.48810594279607,85080,538,686,13699,
238.4894648132169,85080,538,685,13700,
238.4991516751532,85080,537,686,13700,
238.50748251802509,85080,536,687,13700,
238.51019401319482,85079,537,687,13700,
238.51059902600983,85079,537,686,13701,
238.51217937820704,85078,538,686,13701,
238.51321901372182,85078,537,687,13701,
238.51911419145893,85078,537,686,13702,
238.52131213467175,85077,538,686,13702,
238.53077690896043,85076,539,686,13702,
238.5317435374461,85075,540,686,13702,
238.533131164633,85075,539,687,13702,
238.5339583919079,85074,540,687,13702,
238.53890386760253,85074,540,686,13703,
238.5431808025656,85073,541,686,13703,
238.54629054622737,85073,541,685,13704,
238.54728222124868,85072,542,685,13704,
238.5499196970981,85072,541,686,13704,
238.55121404640084,85072,540,687,13704,
238.56673538591042,85072,539,688,13704,
238.5704738951199,85071,540,688,13704,
238.57187712308112,85071,540,687,13705,
238.57605773319762,85071,540,686,13706,
238.5764148283661,85071,540,685,13707,
238.58477594684314,85071,540,684,13708,
238.5865164051593,85070,541,684,13708,
238.58952402179668,85070,541,683,13709,
238.59245554427687,85070,540,684,13709,
238.60052239868588,85070,539,685,13709,
238.60357644075833,85070,539,684,13710,
238.60424043888364,85070,538,685,13710,
238.60486364988142,85069,539,685,13710,
238.61140303081393,85068,540,685,13710,
238.61461761974198,85068,540,684,13711,
238.62533353323394,85067,541,684,13711,
238.6282914360224,85067,541,683,13712,
238.63417315338953,85066,542,683,13712,
238.6346070303999,85066,542,682,13713,
238.63855226654343,85066,541,683,13713,
238.6401462045041,85066,541,682,13714,
238.64295017844856,85066,540,683,13714,
238.64525922801167,85066,539,684,13714,
238.6464641551462,85065,540,684,13714,
238.65051444822146,85065,539,685,13714,
238.6505697578928,85065,539,684,13715,
238.6510262228936,85065,538,685,13715,
238.65276479349285,85065,537,686,13715,
238.6578601211872,85065,537,685,13716,
238.6582083414114,85064,538,685,13716,
238.66565228164126,85064,537,686,13716,
238.66626283404065,85064,536,687,13716,
238.6769383189162,85064,535,688,13716,
238.67709399838103,85064,534,689,13716,
238.69554266095523,85063,535,689,13716,
238.69803114456127,85063,535,688,13717,
238.69975801843182,85062,536,688,13717,
238.7018324206619,85061,537,688,13717,
238.70803640358164,85060,538,688,13717,
238.7107890129191,85060,537,689,13717,
238.71536724662576,85059,538,689,13717,
238.72902907136543,85059,537,690,13717,
238.73291911767672,85059,537,689,13718,
238.7395567514635,85058,538,689,13718,
238.7464317681182,85057,539,689,13718,
238.74844094274968,85056,540,689,13718,
238.7503109251673,85056,540,688,13719,
238.75597830620117,85055,541,688,13719,
238.75727126648917,85055,540,689,13719,
238.75770181028838,85054,541,689,13719,
238.75823174712164,85054,540,690,13719,
238.75831297343214,85054,539,691,13719,
238.75985886106739,85053,540,691,13719,
238.76743874012308,85052,541,691,13719,
238.77330785046033,85051,542,691,13719,
238.77553801066404,85050,543,691,13719,
238.77885067429528,85049,544,691,13719,
238.78030146595464,85049,544,690,13720,
238.78123297031672,85049,544,689,13721,
238.78169201451885,85049,544,688,13722,
238.78251994969048,85049,544,687,13723,
238.78529756025358,85048,545,687,13723,
238.788101274441,85047,546,687,13723,
238.79061081574147,85047,546,686,13724,
238.79501834529145,85047,546,685,13725,
238.79507792556947,85046,547,685,13725,
238.7963865832126,85046,547,684,13726,
238.80038143851274,85046,546,685,13726,
238.80442161521447,85046,545,686,13726,
238.80693756581655,85046,545,685,13727,
238.80794753429228,85045,546,685,13727,
238.81733144843366,85044,547,685,13727,
238.82212276067384,85044,547,684,13728,
238.82248986021418,85044,547,683,13729,
238.8246227435783,85044,546,684,13729,
238.82653260502502,85044,545,685,13729,
238.83757204101957,85044,545,684,13730,
238.8414869015087,85044,544,685,13730,
238.8450971390844,85044,543,686,13730,
238.84927581337004,85043,544,686,13730,
238.8530706023643,85043,543,687,13730,
238.85366614247584,85043,543,686,13731,
238.8654396937253,85043,543,685,13732,
238.86621030238638,85043,543,684,13733,
238.87284066915703,85043,542,685,13733,
238.8751329729419,85043,541,686,13733,
238.88337903696268,85042,542,686,13733,
238.8866932874976,85042,542,685,13734,
238.89090573549146,85041,543,685,13734,
238.90147444957915,85040,544,685,13734,
238.90372983477255,85039,545,685,13734,
238.91328239130385,85038,546,685,13734,
238.91575432356254,85037,547,685,13734,
238.9159701286156,85037,547,684,13735,
238.9169356195277,85036,548,684,13735,
238.9203017440124,85036,547,685,13735,
238.92158617779455,85036,546,686,13735,
238.92173267854255,85035,547,686,13735,
238.9224411560751,85034,548,686,13735,
238.9330841098892,85033,549,686,13735,
238.9342100773717,85033,549,685,13736,
238.93477706090053,85033,548,686,13736,
238.94000838614818,85033,548,685,13737,
238.95443580955234,85033,547,686,13737,
238.96083155531377,85033,546,687,13737,
238.96226818803024,85032,547,687,13737,
238.96628051420882,85032,546,688,13737,
238.96929439875376,85032,545,689,13737,
238.98239284867208,85031,546,689,13737,
238.98383401087708,85030,547,689,13737,
238.9838344111603,85030,546,690,13737,
238.98488854662432,85030,546,689,13738,
238.98545087924052,85030,546,688,13739,
238.9871885103248,85030,546,687,13740,
238.9881495533917,85030,545,688,13740,
238.99712752583662,85030,545,687,13741,
238.99844493069529,85029,546,687,13741,
238.99980586122408,85029,546,686,13742,
239.00372168751784,85028,547,686,13742,
239.00994463335067,85027,548,686,13742,
239.01560503143946,85027,547,687,13742,
239.01691449966592,85027,546,688,13742,
239.0174465643482,85027,546,687,13743,
239.01825899516638,85027,546,686,13744,
239.02634445183577,85027,546,685,13745,
239.02796795542827,85027,545,686,13745,
239.03129880733496,85026,546,686,13745,
239.03638805638397,85026,546,685,13746,
239.04034278778036,85026,545,686,13746,
239.04127899407877,85026,544,687,13746,
239.04247872339224,85026,543,688,13746,
239.04285375558393,85025,544,688,13746,
239.042915313756,85024,545,688,13746,
239.0474773410681,85024,544,689,13746,
239.04876635299928,85024,543,690,13746,
239.05336395592744,85024,543,689,13747,
239.05762931884138,85024,542,690,13747,
239.05775750986777,85023,543,690,13747,
239.05789476300046,85022,544,690,13747,
239.05832485560154,85022,544,689,13748,
239.0657931601305,85022,543,690,13748,
239.06908096808792,85021,544,690,13748,
239.07255586680222,85021,543,691,13748,
239.07891136059158,85020,544,691,13748,
239.08466869844924,85020,543,692,13748,
239.08487554155124,85019,544,692,13748,
239.08854688634256,85018,545,692,13748,
239.09082151687565,85017,546,692,13748,
239.09343951084992,85016,547,692,13748,
239.09734072130337,85015,548,692,13748,
239.10003516286204,85015,547,693,13748,
239.10475315173142,85014,548,693,13748,
239.10979038176555,85014,547,694,13748,
239.11016708858807,85014,546,695,13748,
239.113313988589,85013,547,695,13748,
239.11621405748303,85013,546,696,13748,
239.12707542608078,85013,546,695,13749,
239.12961040115678,85013,545,696,13749,
239.12961528174827,85013,544,697,13749,
239.1328242324376,85013,543,698,13749,
239.133365034765,85013,543,697,13750,
239.13354638313007,85013,542,698,13750,
239.1341775367618,85012,543,698,13750,
239.13491398166602,85012,543,697,13751,
239.1361379058588,85011,544,697,13751,
239.1373385325469,85011,543,698,13751,
239.14307916306018,85010,544,698,13751,
239.14385659506044,85010,543,699,13751,
239.14805072391897,85010,543,698,13752,
239.1564186488917,85009,544,698,13752,
239.16065459408372,85009,543,699,13752,
239.16329060612196,85009,542,700,13752,
239.1686069909889,85008,543,700,13752,
239.168859509188,85008,543,699,13753,
239.17268973130726,85008,543,698,13754,
239.173815808105,85007,544,698,13754,
239.17576074903667,85006,545,698,13754,
239.17623978958883,85005,546,698,13754,
239.17876803214378,85004,547,698,13754,
239.18530375358185,85003,548,698,13754,
239.18561887244147,85002,549,698,13754,
239.1860693589619,85002,548,699,13754,
239.18666907219568,85001,549,699,13754,
239.19327912732751,85001,548,700,13754,
239.19513441336215,85001,548,699,13755,
239.19616724834853,85001,547,700,13755,
239.2069367434016,85000,548,700,13755,
239.20865245440342,85000,547,701,13755,
239.2111284941933,84999,548,701,13755,
239.212976644403,84999,547,702,13755,
239.21324808827669,84999,546,703,13755,
239.2152771925553,84999,546,702,13756,
239.21603223939817,84999,545,703,13756,
239.2247951734296,84998,546,703,13756,
239.2274374239973,84998,546,702,13757,
239.2350056136087,84998,545,703,13757,
239.23679592919206,84997,546,703,13757,
239.23745513285002,84997,546,702,13758,
239.24459592329876,84997,546,701,13759,
239.24525458777853,84997,545,702,13759,
239.25053692472102,84997,544,703,13759,
239.25902862420477,84996,545,703,13759,
239.2605735938829,84996,545,702,13760,
239.2644054757794,84996,544,703,13760,
239.26484147310035,84995,545,703,13760,
239.2664953614187,84995,545,702,13761,
239.26966559263582,84995,544,703,13761,
239.27054014209776,84994,545,703,13761,
239.27131022588134,84993,546,703,13761,
239.27194937514287,84993,546,702,13762,
239.2744934087438,84993,546,701,13763,
239.27543510621288,84993,545,702,13763,
239.27675800804312,84993,544,703,13763,
239.27978249555997,84992,545,703,13763,
239.28623859493337,84992,544,704,13763,
239.2914800448651,84991,545,704,13763,
239.29261780047017,84991,544,705,13763,
239.29808554706136,84991,544,704,13764,
239.30273948121933,84990,545,704,13764,
239.31438024777736,84990,544,705,13764,
239.31618976324236,84990,543,706,13764,
239.317087063142,84990,542,707,13764,
239.32067495740495,84990,541,708,13764,
239.3261445884012,84990,541,707,13765,
239.32707594501483,84990,541,706,13766,
239.32956777947763,84990,541,705,13767,
239.3300557588706,84990,541,704,13768,
239.33606608384846,84989,542,704,13768,
239.3375425966685,84989,542,703,13769,
239.33847460984515,84988,543,703,13769,
239.34281538054427,84988,543,702,13770,
239.34532078721102,84988,542,703,13770,
239.34906476112914,84987,543,703,13770,
239.34954932721251,84986,544,703,13770,
239.3496611128659,84986,543,704,13770,
239.35079235129612,84986,543,703,13771,
239.35770889273684,84986,543,702,13772,
239.36081699221776,84986,542,703,13772,
239.365289860323,84986,542,702,13773,
239.36669587123419,84985,543,702,13773,
239.36758142154574,84985,543,701,13774,
239.37587459935668,84985,543,700,13775,
239.37612997918322,84985,543,699,13776,
239.37654236862912,84985,543,698,13777,
239.3823697004531,84985,542,699,13777,
239.38592976781695,84984,543,699,13777,
239.39015899199543,84983,544,699,13777,
239.39173350204868,84983,543,700,13777,
239.39495386263684,84982,544,700,13777,
239.40028971993024,84982,543,701,13777,
239.4022953087965,84981,544,701,13777,
239.40540867345914,84980,545,701,13777,
239.40639325947447,84980,544,702,13777,
239.40921564058345,84980,544,701,13778,
239.40970260041215,84980,543,702,13778,
239.40973723587797,84979,544,702,13778,
239.4098875085341,84979,544,701,13779,
239.4153900107204,84979,544,700,13780,
239.4182705498009,84979,543,701,13780,
239.4249903201647,84979,542,702,13780,
239.42546993549172,84979,541,703,13780,
239.42762776259394,84978,542,703,13780,
239.42860400338077,84978,541,704,13780,
239.43053096542346,84978,541,703,13781,
239.43113034957173,84978,540,704,13781,
239.4323318920104,84978,539,705,13781,
239.4328706294016,84977,540,705,13781,
239.4365643370672,84977,539,706,13781,
239.43739443697186,84977,538,707,13781,
239.4374782570966,84976,539,707,13781,
239.43884104987214,84976,539,706,13782,
239.44227013919894,84976,539,705,13783,
239.44860550171475,84976,538,706,13783,
239.45000094809546,84976,537,707,13783,
239.45158430936198,84975,538,707,13783,
239.4623089845714,84975,537,708,13783,
239.46337139985235,84975,536,709,13783,
239.46344292019887,84975,535,710,13783,
239.4634799190356,84975,535,709,13784,
239.46619894966312,84974,536,709,13784,
239.47157105378457,84973,537,709,13784,
239.4719401523154,84973,537,708,13785,
239.47268646555952,84973,536,709,13785,
239.47964159268946,84972,537,709,13785,
239.4834595838116,84972,537,708,13786,
239.48606422914773,84972,537,707,13787,
239.4877317236818,84972,536,708,13787,
239.48965061773126,84972,536,707,13788,
239.49056316449324,84972,535,708,13788,
239.49541241106584,84972,535,707,13789,
239.5012821451537,84972,535,706,13790,
239.50310656207074,84972,534,707,13790,
239.51958119063156,84971,535,707,13790,
239.52485540665833,84970,536,707,13790,
239.53284822663716,84970,536,706,13791,
239.53305647886725,84969,537,706,13791,
239.53435626969218,84969,536,707,13791,
239.5345166638462,84968,537,707,13791,
239.53629826058534,84967,538,707,13791,
239.53688064224417,84967,537,708,13791,
239.5436345254432,84966,538,708,13791,
239.54432245072144,84965,539,708,13791,
239.54454091325286,84965,538,709,13791,
239.54576618326547,84964,539,709,13791,
239.54673004158997,84964,538,710,13791,
239.54886763177169,84964,537,711,13791,
239.54929249328407,84964,537,710,13792,
239.54930876578274,84963,538,710,13792,
239.55691509341798,84962,539,710,13792,
239.5573890492853,84962,539,709,13793,
239.55763729071646,84962,538,710,13793,
239.56197077574254,84961,539,710,13793,
239.5679146540002,84961,539,709,13794,
239.56996888572996,84960,540,709,13794,
239.57716152388986,84960,540,708,13795,
239.57809610230703,84960,539,709,13795,
239.5880128599367,84960,539,708,13796,
239.59043666229758,84960,538,709,13796,
239.59243517351246,84959,539,709,13796,
239.60198883323415,84958,540,709,13796,
239.60235350044337,84957,541,709,13796,
239.604254675489,84957,540,710,13796,
239.6049018767378,84956,541,710,13796,
239.60499907066261,84956,540,711,13796,
239.60560532775378,84956,540,710,13797,
239.6107104787896,84956,540,709,13798,
239.61165085371718,84956,540,708,13799,
239.61368538413382,84956,540,707,13800,
239.6147271531248,84956,540,706,13801,
239.6167117524709,84955,541,706,13801,
239.61698808199168,84954,542,706,13801,
239.6283065564741,84953,543,706,13801,
239.62999245100457,84952,544,706,13801,
239.63140376943682,84952,543,707,13801,
239.6323553045638,84952,543,706,13802,
239.63837101116894,84951,544,706,13802,
239.64190949908854,84951,543,707,13802,
239.64207221694227,84951,543,706,13803,
239.6456202321176,84951,542,707,13803,
239.64894800767695,84951,541,708,13803,
239.65169624941686,84951,540,709,13803,
239.65271075540667,84951,539,710,13803,
239.65354368120174,84951,538,711,13803,
239.65438124178453,84951,537,712,13803,
239.6544034036178,84950,538,712,13803,
239.66828199082408,84950,537,713,13803,
239.67172643466137,84949,538,713,13803,
239.67366429752326,84949,538,712,13804,
239.6740467260314,84948,539,712,13804,
239.6754542481669,84948,538,713,13804,
239.6757740204338,84947,539,713,13804,
239.67735880847414,84947,538,714,13804,
239.6812346623947,84946,539,714,13804,
239.68233741218216,84946,539,713,13805,
239.6824960486843,84945,540,713,13805,
239.6849461956722,84945,539,714,13805,
239.68557426789047,84945,538,715,13805,
239.68891777164035,84945,537,716,13805,
239.69128117563335,84944,538,716,13805,
239.69165373717306,84944,537,717,13805,
239.70431701196756,84944,536,718,13805,
239.7288456091961,84943,537,718,13805,
239.72933322208684,84942,538,718,13805,
239.73367751919602,84942,537,719,13805,
239.73582412955366,84942,536,720,13805,
239.7395745951391,84942,535,721,13805,
239.73976773226536,84941,536,721,13805,
239.7425532480563,84940,537,721,13805,
239.74405580348716,84939,538,721,13805,
239.75268113996574,84939,537,722,13805,
239.75316443264796,84939,537,721,13806,
239.76017275889032,84939,537,720,13807,
239.76021349255808,84939,536,721,13807,
239.76162305573806,84939,535,722,13807,
239.76184982195076,84939,535,721,13808,
239.7662045939058,84939,534,722,13808,
239.76792770910285,84939,534,721,13809,
239.7701667053866,84938,535,721,13809,
239.77662527965373,84938,534,722,13809,
239.77814620020678,84938,534,721,13810,
239.78032250091312,84938,533,722,13810,
239.78048086628968,84938,532,723,13810,
239.78500818526928,84938,532,722,13811,
239.78524752067574,84938,532,721,13812,
239.7855883372545,84937,533,721,13812,
239.78638136557163,84936,534,721,13812,
239.78710466008505,84935,535,721,13812,
239.78730058473195,84934,536,721,13812,
239.78764267206185,84934,535,722,13812,
239.78831909021187,84933,536,722,13812,
239.79148060136362,84933,535,723,13812,
239.79353785776686,84932,536,723,13812,
239.794688841812,84932,535,724,13812,
239.79503693844387,84932,535,723,13813,
239.79607997607496,84932,535,722,13814,
239.7977538010189,84932,534,723,13814,
239.79932740541835,84931,535,723,13814,
239.80139294037818,84931,534,724,13814,
239.80542531376204,84930,535,724,13814,
239.81648538002813,84930,534,725,13814,
239.81881992136454,84930,533,726,13814,
239.8198615715358,84930,532,727,13814,
239.82338548274703,84930,532,726,13815,
239.82796015541274,84929,533,726,13815,
239.8354453542109,84928,534,726,13815,
239.83759059283457,84928,533,727,13815,
239.8389098926406,84928,533,726,13816,
239.85530197773443,84927,534,726,13816,
239.8586969470163,84926,535,726,13816,
239.8594732515505,84926,535,725,13817,
239.8647138288304,84925,536,725,13817,
239.86618864973534,84924,537,725,13817,
239.866475531869,84923,538,725,13817,
239.87033489556944,84923,537,726,13817,
239.87248910500008,84923,537,725,13818,
239.88221913001104,84922,538,725,13818,
239.88460614256257,84922,537,726,13818,
239.885721655417,84921,538,726,13818,
239.8882911648161,84921,538,725,13819,
239.8924227136005,84920,539,725,13819,
239.89447285432811,84920,538,726,13819,
239.89451194141503,84920,538,725,13820,
239.89961673215086,84920,537,726,13820,
239.90243261442217,84920,536,727,13820,
239.9043168009456,84919,537,727,13820,
239.9115058373801,84919,536,728,13820,
239.91346125263266,84918,537,728,13820,
239.91495003356047,84918,536,729,13820,
239.91799923324993,84918,535,730,13820,
239.92696917698493,84917,536,730,13820,
239.9336236074321,84916,537,730,13820,
239.9338950636852,84916,536,731,13820,
239.93403424795113,84916,536,730,13821,
239.9346058877335,84915,537,730,13821,
239.9356746884304,84914,538,730,13821,
239.94143394263264,84913,539,730,13821,
239.94230642544602,84913,539,729,13822,
239.95102308804707,84913,539,728,13823,
239.95105332686097,84912,540,728,13823,
239.95256346759336,84912,539,729,13823,
239.95308847903638,84912,538,730,13823,
239.95365177193372,84912,538,729,13824,
239.96185976700272,84912,537,730,13824,
239.97303653277288,84912,536,731,13824,
239.97453962939542,84912,535,732,13824,
239.97763855014222,84911,536,732,13824,
239.98175410987358,84911,535,733,13824,
239.9839708323305,84910,536,733,13824,
239.9883460096927,84910,536,732,13825,
239.98948957197703,84910,535,733,13825,
239.98950534027824,84910,534,734,13825,
239.9914768327905,84909,535,734,13825,
239.99546745609337,84908,536,734,13825,
239.9990213116933,84907,537,734,13825,
240.00619177402683,84907,536,735,13825,
240.006352602057,84907,535,736,13825,
240.00755045532236,84907,535,735,13826,
240.00998976940062,84907,534,736,13826,
240.01424951533073,84906,535,736,13826,
240.0164259526543,84905,536,736,13826,
240.02314074279576,84905,535,737,13826,
240.02348742337162,84904,536,737,13826,
240.0275083750057,84903,537,737,13826,
240.02941956985617,84902,538,737,13826,
240.02997325780274,84902,538,736,13827,
240.03149562304804,84901,539,736,13827,
240.03210336075995,84901,538,737,13827,
240.03252185289185,84901,538,736,13828,
240.03428411212644,84900,539,736,13828,
240.0362338383847,84899,540,736,13828,
240.03626190703835,84898,541,736,13828,
240.0366395822058,84897,542,736,13828,
240.0399716204419,84896,543,736,13828,
240.04296315250096,84896,543,735,13829,
240.0512579513529,84896,542,736,13829,
240.0536062855475,84896,541,737,13829,
240.05439050932083,84895,542,737,13829,
240.05439480401947,84894,543,737,13829,
240.0598371015543,84894,543,736,13830,
240.06829377463993,84894,543,735,13831,
240.07569577653302,84894,542,736,13831,
240.0763536975773,84894,541,737,13831,
240.07698945580742,84893,542,737,13831,
240.07730620390925,84893,541,738,13831,
240.0787370210616,84893,540,739,13831,
240.0909594357217,84892,541,739,13831,
240.09821522297645,84891,542,739,13831,
240.09899534844553,84890,543,739,13831,
240.10428141909966,84890,542,740,13831,
240.10608447158438,84889,543,740,13831,
240.10938688928763,84888,544,740,13831,
240.11071610148122,84888,544,739,13832,
240.11996916988468,84888,543,740,13832,
240.12616028431387,84888,543,739,13833,
240.13665504207205,84887,544,739,13833,
240.14140412036548,84887,543,740,13833,
240.14303913962388,84886,544,740,13833,
240.14484428917314,84885,545,740,13833,
240.1502035758525,84884,546,740,13833,
240.1533830745925,84884,545,741,13833,
240.1578643143646,84883,546,741,13833,
240.16142053942534,84882,547,741,13833,
240.16381375129322,84882,546,742,13833,
240.16639069206144,84881,547,742,13833,
240.16817977742616,84881,547,741,13834,
240.1754718881145,84881,546,742,13834,
240.1758162699984,84881,545,743,13834,
240.1802336342422,84881,545,742,13835,
240.1864661986016,84881,545,741,13836,
240.18667279926402,84880,546,741,13836,
240.18871599814867,84879,547,741,13836,
240.19108979170156,84878,548,741,13836,
240.20445882495565,84877,549,741,13836,
240.20669787345736,84876,550,741,13836,
240.21020945350622,84876,549,742,13836,
240.21024973139788,84875,550,742,13836,
240.2142500705115,84874,551,742,13836,
240.21467756889115,84873,552,742,13836,
240.21604439294427,84873,552,741,13837,
240.21609334333385,84873,551,742,13837,
240.21648758400792,84873,550,743,13837,
240.2239814482794,84873,550,742,13838,
240.22402230332668,84873,550,741,13839,
240.22636659196257,84872,551,741,13839,
240.22760083723907,84872,550,742,13839,
240.2380440477124,84871,551,742,13839,
240.23823411048383,84871,550,743,13839,
240.24400507707549,84871,550,742,13840,
240.2447614847004,84871,549,743,13840,
240.24521209719657,84871,548,744,13840,
240.2488043937966,84870,549,744,13840,
240.25416276653323,84870,548,745,13840,
240.25824318549707,84870,547,746,13840,
240.2599900976012,84869,548,746,13840,
240.26170070644213,84869,548,745,13841,
240.26531076021428,84868,549,745,13841,
240.2684642657399,84868,549,744,13842,
240.26851947843693,84868,549,743,13843,
240.27102654508172,84868,549,742,13844,
240.272490757382,84868,548,743,13844,
240.2784651598925,84867,549,743,13844,
240.28053323061758,84866,550,743,13844,
240.28065210677883,84866,550,742,13845,
240.28096807022698,84866,549,743,13845,
240.29237576110063,84865,550,743,13845,
240.30031668367334,84865,549,744,13845,
240.30334132545448,84864,550,744,13845,
240.30687021769378,84863,551,744,13845,
240.31597058770174,84863,551,743,13846,
240.3222979409596,84863,551,742,13847,
240.32534277208103,84863,550,743,13847,
240.3257843639265,84862,551,743,13847,
240.33073828093939,84862,551,742,13848,
240.3315578714531,84862,551,741,13849,
240.34113652156697,84862,550,742,13849,
240.34170294147776,84862,550,741,13850,
240.34240789944258,84862,550,740,13851,
240.34243204987376,84862,549,741,13851,
240.34402405120102,84861,550,741,13851,
240.34585979796998,84860,551,741,13851,
240.34744518259316,84859,552,741,13851,
240.3511828207536,84858,553,741,13851,
240.35144030774228,84858,552,742,13851,
240.35230045241954,84857,553,742,13851,
240.35288391558507,84857,553,741,13852,
240.35547568617912,84856,554,741,13852,
240.35654265368058,84856,553,742,13852,
240.357027012554,84855,554,742,13852,
240.35934854913975,84855,553,743,13852,
240.3616452337063,84855,552,744,13852,
240.36296709817935,84855,552,743,13853,
240.36518913062483,84854,553,743,13853,
240.36734188326838,84853,554,743,13853,
240.36741845613298,84853,554,742,13854,
240.3697760349704,84852,555,742,13854,
240.3739650816394,84852,555,741,13855,
240.3747971677291,84852,554,742,13855,
240.37571774663954,84852,553,743,13855,
240.37734090463994,84851,554,743,13855,
240.37908755663662,84851,554,742,13856,
240.3807699384587,84851,554,741,13857,
240.38750240969512,84850,555,741,13857,
240.39189242839547,84850,554,742,13857,
240.39285816543702,84850,554,741,13858,
240.40146126239117,84849,555,741,13858,
240.40360861809347,84849,555,740,13859,
240.41118527816062,84849,555,739,13860,
240.41252645433354,84848,556,739,13860,
240.4137920216564,84847,557,739,13860,
240.42166948733018,84846,558,739,13860,
240.42172494269343,84846,558,738,13861,
240.42718248461918,84845,559,738,13861,
240.42754449435608,84845,559,737,13862,
240.4277550106141,84845,558,738,13862,
240.4327045548631,84845,557,739,13862,
240.43297469639597,84844,558,739,13862,
240.43404340874278,84843,559,739,13862,
240.4342055372082,84842,560,739,13862,
240.4368394727515,84842,559,740,13862,
240.4373338868817,84842,558,741,13862,
240.43740363028198,84842,557,742,13862,
240.4425593736031,84842,556,743,13862,
240.44933301231075,84841,557,743,13862,
240.45514709212608,84841,557,742,13863,
240.4610930683975,84841,557,741,13864,
240.46284756790845,84841,557,740,13865,
240.46591157303158,84841,556,741,13865,
240.47134984011905,84841,555,742,13865,
240.47418443001203,84840,556,742,13865,
240.47690764423297,84840,555,743,13865,
240.47977578493337,84840,555,742,13866,
240.4817416975194,84839,556,742,13866,
240.48379892482117,84838,557,742,13866,
240.4855322247773,84838,557,741,13867,
240.4954232635645,84838,557,740,13868,
240.49646521359296,84837,558,740,13868,
240.49787113392264,84837,558,739,13869,
240.5043671268176,84837,558,738,13870,
240.50543422588055,84836,559,738,13870,
240.50602045845108,84836,559,737,13871,
240.50635433207643,84836,559,736,13872,
240.5107979508235,84835,560,736,13872,
240.51435357232864,84835,559,737,13872,
240.5176572086021,84834,560,737,13872,
240.5182624176823,84834,559,738,13872,
240.51831623649414,84834,559,737,13873,
240.52494471727732,84834,559,736,13874,
240.529570767497,84833,560,736,13874,
240.5343938618422,84833,559,737,13874,
240.5443072403573,84832,560,737,13874,
240.54448521639432,84832,559,738,13874,
240.54772291488126,84831,560,738,13874,
240.55193057070016,84831,559,739,13874,
240.55319011551384,84831,559,738,13875,
240.55388071015273,84831,558,739,13875,
240.56057986195552,84830,559,739,13875,
240.56188481564513,84830,559,738,13876,
240.56208048440323,84829,560,738,13876,
240.56249796229181,84829,560,737,13877,
240.56350486125396,84828,561,737,13877,
240.56376960177747,84828,561,736,13878,
240.5642646576958,84828,561,735,13879,
240.56597203244567,84827,562,735,13879,
240.56836448681096,84826,563,735,13879,
240.5704179418066,84825,564,735,13879,
240.57547855976986,84824,565,735,13879,
240.57664202376841,84823,566,735,13879,
240.58154169041256,84822,567,735,13879,
240.59543310077626,84822,566,736,13879,
240.59669857746326,84822,565,737,13879,
240.59966922807604,84822,565,736,13880,
240.60085988418922,84821,566,736,13880,
240.60147374254512,84821,566,735,13881,
240.60248269257977,84820,567,735,13881,
240.6046817723917,84819,568,735,13881,
240.6087671658726,84818,569,735,13881,
240.61946960985253,84817,570,735,13881,
240.63028563926548,84816,571,735,13881,
240.64030176009385,84816,571,734,13882,
240.6447564592279,84816,571,733,13883,
240.64572452384158,84815,572,733,13883,
240.6459399898843,84814,573,733,13883,
240.6474050919485,84814,572,734,13883,
240.64875984838056,84814,571,735,13883,
240.64984019766916,84814,570,736,13883,
240.6559460463615,84814,569,737,13883,
240.6563369857235,84813,570,737,13883,
240.66166189680857,84813,570,736,13884,
240.66351447967847,84813,570,735,13885,
240.66655641633972,84813,569,736,13885,
240.68311721194596,84812,570,736,13885,
240.68664077619275,84811,571,736,13885,
240.6953902607744,84810,572,736,13885,
240.69682886647524,84809,573,736,13885,
240.69822703140642,84808,574,736,13885,
240.70425315268471,84808,574,735,13886,
240.70879721951167,84807,575,735,13886,
240.71418985160193,84807,575,734,13887,
240.7146799031387,84807,574,735,13887,
240.71722089552142,84807,573,736,13887,
240.7193076747038,84806,574,736,13887,
240.71962776714568,84806,573,737,13887,
240.72141910167716,84806,572,738,13887,
240.72212012635393,84805,573,738,13887,
240.7264959605141,84805,573,737,13888,
240.73035476226823,84804,574,737,13888,
240.73558938078446,84803,575,737,13888,
240.73767540470757,84803,574,738,13888,
240.73791953468515,84802,575,738,13888,
240.73920348087583,84802,574,739,13888,
240.74155695390905,84802,574,738,13889,
240.7431850322911,84802,573,739,13889,
240.74362133494319,84802,572,740,13889,
240.74808078996872,84802,571,741,13889,
240.75157944533962,84802,571,740,13890,
240.75943859710617,84802,570,741,13890,
240.76187942690763,84801,571,741,13890,
240.76258851199228,84801,570,742,13890,
240.76272991718946,84801,569,743,13890,
240.77150738035428,84801,569,742,13891,
240.7716130070493,84800,570,742,13891,
240.77415053741407,84800,569,743,13891,
240.77426641734422,84799,570,743,13891,
240.77453064025397,84799,569,744,13891,
240.78010781737368,84798,570,744,13891,
240.78787964056724,84798,569,745,13891,
240.78823300160698,84798,568,746,13891,
240.7907840433119,84798,568,745,13892,
240.79389737436895,84798,568,744,13893,
240.797184038805,84797,569,744,13893,
240.79914816030092,84796,570,744,13893,
240.79972605009598,84796,570,743,13894,
240.80091781584343,84796,570,742,13895,
240.80492742571596,84796,570,741,13896,
240.81382334375337,84796,569,742,13896,
240.82473491812596,84796,568,743,13896,
240.82494104884842,84795,569,743,13896,
240.82494104884842,84795,569,743,13896,
240.82778887717535,84795,569,742,13897,
240.83289463998844,84794,570,742,13897,
240.83522426185027,84794,569,743,13897,
240.83728076724765,84793,570,743,13897,
240.84522662624937,84792,571,743,13897,
240.84725635801928,84792,570,744,13897,
240.85095679652486,84792,570,743,13898,
240.8572803666936,84792,569,744,13898,
240.85976630192965,84792,568,745,13898,
240.86381432949054,84791,569,745,13898,
240.87012416965874,84790,570,745,13898,
240.87524757063193,84790,570,744,13899,
240.87695289784938,84790,570,743,13900,
240.8779065088719,84790,569,744,13900,
240.88050937122782,84789,570,744,13900,
240.88812946682742,84789,570,743,13901,
240.89713392920243,84788,571,743,13901,
240.89853126637607,84788,571,742,13902,
240.89881161379492,84787,572,742,13902,
240.90763483905573,84787,571,743,13902,
240.90839962580307,84787,571,742,13903,
240.91089201598749,84787,570,743,13903,
240.91498218040311,84787,570,742,13904,
240.91638452563103,84787,569,743,13904,
240.91733365246435,84787,569,742,13905,
240.92217860550565,84787,568,743,13905,
240.9302365645395,84787,568,742,13906,
240.93923832880006,84786,569,742,13906,
240.9434482953971,84785,570,742,13906,
240.94456738958448,84785,569,743,13906,
240.94706242832842,84784,570,743,13906,
240.95062356965377,84783,571,743,13906,
240.9508342937143,84783,570,744,13906,
240.95282723908517,84783,569,745,13906,
240.95992575523596,84783,568,746,13906,
240.96068301991588,84783,568,745,13907,
240.9609151663306,84782,569,745,13907,
240.96760190000484,84782,568,746,13907,
240.9684864539444,84782,568,745,13908,
240.97342698174904,84781,569,745,13908,
240.9824536695303,84780,570,745,13908,
240.98528077280855,84779,571,745,13908,
240.99995538762136,84779,570,746,13908,
241.0001737514228,84779,570,745,13909,
241.00171849056645,84779,569,746,13909,
241.009396594991,84779,569,745,13910,
241.00955371864114,84779,569,744,13911,
241.0136721582847,84779,569,743,13912,
241.01476199264243,84779,568,744,13912,
241.02099819050872,84778,569,744,13912,
241.0214786755812,84778,569,743,13913,
241.02335038687707,84777,570,743,13913,
241.02700990674128,84776,571,743,13913,
241.02884433833066,84776,571,742,13914,
241.03177559908718,84776,570,743,13914,
241.03610737170297,84775,571,743,13914,
241.0375539944853,84775,571,742,13915,
241.0407730230975,84774,572,742,13915,
241.04116682172352,84774,572,741,13916,
241.04264435416025,84773,573,741,13916,
241.04538187475512,84773,573,740,13917,
241.04786830742873,84772,574,740,13917,
241.04938909553775,84772,574,739,13918,
241.0494628925175,84771,575,739,13918,
241.05667925804119,84771,574,740,13918,
241.06264694553428,84771,573,741,13918,
241.0633805169645,84771,573,740,13919,
241.0633977882482,84771,572,741,13919,
241.06385641735056,84771,572,740,13920,
241.0692858813829,84770,573,740,13920,
241.07498946748944,84769,574,740,13920,
241.075637331834,84768,575,740,13920,
241.07623941712174,84767,576,740,13920,
241.08205147379525,84767,575,741,13920,
241.08525323700775,84767,574,742,13920,
241.08748699318176,84767,574,741,13921,
241.08868991250532,84767,573,742,13921,
241.10096997437054,84767,573,741,13922,
241.10131758740962,84766,574,741,13922,
241.10153227986123,84765,575,741,13922,
241.1025140565217,84765,575,740,13923,
241.10355115052192,84764,576,740,13923,
241.10394166898485,84763,577,740,13923,
241.1040525146707,84762,578,740,13923,
241.10454577470753,84762,577,741,13923,
241.10489032798733,84762,576,742,13923,
241.10917907638287,84762,575,743,13923,
241.11264228080057,84761,576,743,13923,
241.11266242206528,84761,575,744,13923,
241.11310745970476,84761,574,745,13923,
241.1146556306439,84760,575,745,13923,
241.11877995973884,84760,574,746,13923,
241.12302674208848,84760,573,747,13923,
241.12575578471345,84760,573,746,13924,
241.12677758093514,84760,573,745,13925,
241.1290944190631,84759,574,745,13925,
241.13349497396547,84758,575,745,13925,
241.1348194613123,84758,574,746,13925,
241.13965666613032,84758,574,745,13926,
241.144168574909,84758,573,746,13926,
241.14584862364688,84758,572,747,13926,
241.1490773981445,84757,573,747,13926,
241.1495592729212,84756,574,747,13926,
241.1497189459948,84756,574,746,13927,
241.150614574904,84756,573,747,13927,
241.15086649159605,84755,574,747,13927,
241.15130031778116,84754,575,747,13927,
241.15324564819275,84753,576,747,13927,
241.15708763391424,84752,577,747,13927,
241.16078534969105,84751,578,747,13927,
241.16585432264463,84751,578,746,13928,
241.16687390574856,84751,577,747,13928,
241.17161245197596,84750,578,747,13928,
241.17354602818517,84750,577,748,13928,
241.18408275003196,84750,576,749,13928,
241.186443205714,84750,575,750,13928,
241.1867738878863,84750,574,751,13928,
241.18758505886456,84750,574,750,13929,
241.18993107804295,84750,574,749,13930,
241.1902938948208,84750,574,748,13931,
241.19042966634822,84750,573,749,13931,
241.20241236578826,84750,572,750,13931,
241.20330356434084,84749,573,750,13931,
241.20496336981972,84748,574,750,13931,
241.21135730157937,84748,574,749,13932,
241.2113888400567,84748,573,750,13932,
241.21232934319806,84748,573,749,13933,
241.2126971148168,84748,572,750,13933,
241.21336974463324,84747,573,750,13933,
241.21678531105357,84746,574,750,13933,
241.2189857593393,84746,574,749,13934,
241.22197935420894,84745,575,749,13934,
241.22330400515796,84745,575,748,13935,
241.23561394515104,84745,575,747,13936,
241.23967992818416,84745,574,748,13936,
241.24323267063266,84744,575,748,13936,
241.25008908757138,84743,576,748,13936,
241.25138040373386,84742,577,748,13936,
241.25212089585506,84742,577,747,13937,
241.25469803632603,84742,576,748,13937,
241.25635327567775,84741,577,748,13937,
241.25784515690887,84741,576,749,13937,
241.2578503974634,84741,576,748,13938,
241.26451156002267,84741,575,749,13938,
241.26512542590527,84740,576,749,13938,
241.26870012038066,84740,575,750,13938,
241.26967655439978,84740,574,751,13938,
241.27116989443562,84740,574,750,13939,
241.27203006269428,84739,575,750,13939,
241.2734748823999,84739,574,751,13939,
241.27613985417057,84739,573,752,13939,
241.28279925535278,84738,574,752,13939,
241.28491556232834,84737,575,752,13939,
241.29183755267988,84737,574,753,13939,
241.2966073583916,84737,573,754,13939,
241.29808085563724,84737,572,755,13939,
241.30048577336515,84737,572,754,13940,
241.30175570548718,84736,573,754,13940,
241.30323363487173,84735,574,754,13940,
241.3051273491441,84735,574,753,13941,
241.3115772759543,84735,573,754,13941,
241.31195511934163,84735,573,753,13942,
241.31425639928068,84734,574,753,13942,
241.31479143229888,84734,574,752,13943,
241.31757946309722,84734,574,751,13944,
241.33081405911364,84733,575,751,13944,
241.3343258128314,84733,575,750,13945,
241.33665904469166,84732,576,750,13945,
241.3380640544212,84732,575,751,13945,
241.33963201471428,84732,574,752,13945,
241.34206304997855,84732,573,753,13945,
241.35019353083024,84732,573,752,13946,
241.35378023637008,84731,574,752,13946,
241.3545725155371,84731,574,751,13947,
241.36104034398892,84731,574,750,13948,
241.36104728410896,84730,575,750,13948,
241.36364114681217,84730,574,751,13948,
241.36456756328244,84729,575,751,13948,
241.36886981239732,84729,574,752,13948,
241.36887330184265,84729,573,753,13948,
241.37448210404958,84728,574,753,13948,
241.37489420966997,84728,573,754,13948,
241.38354393070367,84728,572,755,13948,
241.38440601628332,84728,571,756,13948,
241.38529296237047,84727,572,756,13948,
241.38699861167495,84727,571,757,13948,
241.39082747035496,84726,572,757,13948,
241.39086840548927,84726,571,758,13948,
241.39195388729974,84725,572,758,13948,
241.3962537537311,84724,573,758,13948,
241.39713535279387,84723,574,758,13948,
241.39783438718027,84723,573,759,13948,
241.40120533115862,84722,574,759,13948,
241.4026920558687,84721,575,759,13948,
241.41276334939437,84720,576,759,13948,
241.4133800203374,84719,577,759,13948,
241.41339946399313,84719,577,758,13949,
241.4181602711542,84718,578,758,13949,
241.42012739441336,84718,577,759,13949,
241.42823907148818,84717,578,759,13949,
241.4318522408581,84717,578,758,13950,
241.4349478957919,84717,578,757,13951,
241.43578574021274,84716,579,757,13951,
241.44044389562396,84715,580,757,13951,
241.44136976777722,84715,580,756,13952,
241.45034040898548,84715,579,757,13952,
241.45265192310168,84715,578,758,13952,
241.45268399104984,84714,579,758,13952,
241.4537153542414,84713,580,758,13952,
241.45626951534308,84713,579,759,13952,
241.45955417485035,84713,578,760,13952,
241.4627904658547,84712,579,760,13952,
241.46962332637395,84711,580,760,13952,
241.47082000049795,84711,580,759,13953,
241.4710323649946,84711,580,758,13954,
241.47165214437115,84711,579,759,13954,
241.47537755910082,84710,580,759,13954,
241.4757672966046,84709,581,759,13954,
241.47963341076644,84708,582,759,13954,
241.48982592305043,84708,581,760,13954,
241.49245443572542,84708,581,759,13955,
241.49329590666753,84707,582,759,13955,
241.49413146834956,84706,583,759,13955,
241.50563030185094,84705,584,759,13955,
241.50792798424095,84704,585,759,13955,
241.50892384432208,84704,584,760,13955,
241.50937327113957,84704,583,761,13955,
241.51080942280353,84704,582,762,13955,
241.51133850226003,84704,582,761,13956,
241.51339772873337,84703,583,761,13956,
241.51871843010744,84702,584,761,13956,
241.5208359858683,84701,585,761,13956,
241.52351975899649,84701,585,760,13957,
241.52749394486574,84700,586,760,13957,
241.53028243400834,84700,586,759,13958,
241.5331581946176,84700,586,758,13959,
241.5356652744563,84699,587,758,13959,
241.53724555033693,84698,588,758,13959,
241.53937691643404,84697,589,758,13959,
241.54318073923233,84696,590,758,13959,
241.54581561217728,84696,589,759,13959,
241.5471692254098,84696,589,758,13960,
241.55017237502534,84695,590,758,13960,
241.55160045222078,84695,590,757,13961,
241.55267259325066,84695,589,758,13961,
241.55320220843677,84695,588,759,13961,
241.55522748663822,84695,587,760,13961,
241.5584375816887,84694,588,760,13961,
241.56430148532027,84694,588,759,13962,
241.5652702200806,84694,587,760,13962,
241.5684051661133,84694,586,761,13962,
241.5686195990574,84694,586,760,13963,
241.576085329345,84694,586,759,13964,
241.57745178513204,84694,586,758,13965,
241.5830230530161,84693,587,758,13965,
241.58430994907278,84693,587,757,13966,
241.58520588454144,84693,587,756,13967,
241.58665060689108,84692,588,756,13967,
241.5895389779868,84691,589,756,13967,
241.59489294222647,84690,590,756,13967,
241.59610869672167,84689,591,756,13967,
241.60157366145572,84688,592,756,13967,
241.61006724381693,84688,591,757,13967,
241.61083548078915,84687,592,757,13967,
241.61639882399956,84687,591,758,13967,
241.61716835863285,84687,591,757,13968,
241.61765345107858,84687,590,758,13968,
241.61908262441142,84687,590,757,13969,
241.61953663362382,84686,591,757,13969,
241.62075832240424,84685,592,757,13969,
241.6222689348253,84685,592,756,13970,
241.62332003073692,84685,591,757,13970,
241.62390511765918,84685,591,756,13971,
241.63433578101692,84684,592,756,13971,
241.6343782638634,84683,593,756,13971,
241.64720655262096,84682,594,756,13971,
241.6483042138177,84681,595,756,13971,
241.6488395788309,84681,595,755,13972,
241.65029850479277,84680,596,755,13972,
241.65343653777444,84680,596,754,13973,
241.65400796026034,84679,597,754,13973,
241.6569955940666,84678,598,754,13973,
241.66294127829963,84678,597,755,13973,
241.6692674457101,84678,596,756,13973,
241.6707044006099,84677,597,756,13973,
241.67096882851055,84677,597,755,13974,
241.67348310325022,84677,597,754,13975,
241.67466748053533,84677,596,755,13975,
241.6749029257127,84676,597,755,13975,
241.68003062259686,84676,597,754,13976,
241.68422181424137,84676,597,753,13977,
241.6873349939015,84676,597,752,13978,
241.69457597260867,84676,597,751,13979,
241.69556638940415,84676,597,750,13980,
241.69600300764216,84676,597,749,13981,
241.70053030304152,84676,597,748,13982,
241.70255265378043,84675,598,748,13982,
241.7025846497253,84675,597,749,13982,
241.70276504170218,84675,596,750,13982,
241.7031218061299,84674,597,750,13982,
241.70440488071694,84674,596,751,13982,
241.7066892098303,84674,595,752,13982,
241.7084371177376,84673,596,752,13982,
241.70887737706076,84673,595,753,13982,
241.7136156082658,84673,594,754,13982,
241.7162588441852,84673,594,753,13983,
241.7186225493496,84672,595,753,13983,
241.7202742033112,84672,595,752,13984,
241.72412602813137,84672,594,753,13984,
241.72722648736365,84671,595,753,13984,
241.72758847567317,84671,594,754,13984,
241.73071907310998,84670,595,754,13984,
241.73836067294562,84669,596,754,13984,
241.73984738592986,84669,595,755,13984,
241.74521500251456,84669,594,756,13984,
241.7456912268687,84669,594,755,13985,
241.74688878048303,84669,593,756,13985,
241.74903859561374,84669,593,755,13986,
241.75742412074297,84669,593,754,13987,
241.76571069180835,84668,594,754,13987,
241.76824956950787,84667,595,754,13987,
241.77468120199694,84666,596,754,13987,
241.7778359020334,84665,597,754,13987,
241.7780169285289,84665,597,753,13988,
241.78316716311758,84665,596,754,13988,
241.7915305616279,84665,595,755,13988,
241.7943579442161,84665,594,756,13988,
241.7963949133877,84665,594,755,13989,
241.80013659412694,84664,595,755,13989,
241.80621639906002,84664,595,754,13990,
241.8070772380716,84664,594,755,13990,
241.81096844005384,84664,593,756,13990,
241.81450679776216,84664,593,755,13991,
241.81478923944377,84663,594,755,13991,
241.81723798407822,84663,594,754,13992,
241.81925586344727,84662,595,754,13992,
241.81992310466572,84661,596,754,13992,
241.8255531893865,84661,596,753,13993,
241.82685315414426,84660,597,753,13993,
241.8270792981868,84659,598,753,13993,
241.828544227635,84659,598,752,13994,
241.8335183351118,84659,597,753,13994,
241.83582484135937,84659,597,752,13995,
241.843140689184,84659,596,753,13995,
241.84344191417944,84658,597,753,13995,
241.84602885878664,84658,596,754,13995,
241.85064731977178,84658,595,755,13995,
241.85763218212935,84658,594,756,13995,
241.86285222278275,84658,593,757,13995,
241.86518367574422,84658,592,758,13995,
241.86955379088042,84658,592,757,13996,
241.8703612491927,84657,593,757,13996,
241.87353023831164,84656,594,757,13996,
241.87908945367428,84656,594,756,13997,
241.8890845089605,84656,593,757,13997,
241.8903420983213,84656,593,756,13998,
241.89263846010073,84655,594,756,13998,
241.8959390201934,84655,594,755,13999,
241.90578018954616,84655,593,756,13999,
241.907600663746,84655,593,755,14000,
241.90981344301113,84655,592,756,14000,
241.91099064722098,84655,592,755,14001,
241.91178676807604,84655,591,756,14001,
241.91543171368835,84654,592,756,14001,
241.9165524868252,84653,593,756,14001,
241.91667448452668,84653,592,757,14001,
241.91678154681065,84653,591,758,14001,
241.92368939876127,84652,592,758,14001,
241.92814607758675,84652,592,757,14002,
241.93225691614907,84651,593,757,14002,
241.93757758458568,84651,592,758,14002,
241.93843714099063,84651,591,759,14002,
241.93959301299216,84651,591,758,14003,
241.94686850146581,84650,592,758,14003,
241.9469442236614,84650,591,759,14003,
241.94907529415312,84650,591,758,14004,
241.9494705544399,84650,590,759,14004,
241.95307198949027,84650,590,758,14005,
241.9586998634312,84650,589,759,14005,
241.96608425140172,84649,590,759,14005,
241.96792176626985,84649,590,758,14006,
241.97031956837773,84649,590,757,14007,
241.97191230550234,84649,589,758,14007,
241.97310882396687,84648,590,758,14007,
241.9767993168611,84647,591,758,14007,
241.98149943342742,84646,592,758,14007,
241.98706971986653,84645,593,758,14007,
241.98911250615984,84644,594,758,14007,
241.99119449991,84644,593,759,14007,
241.99333281994774,84643,594,759,14007,
241.99361191780994,84642,595,759,14007,
241.9945345734329,84641,596,759,14007,
242.00120940886632,84641,596,758,14008,
242.00406431369376,84640,597,758,14008,
242.0059743619558,84639,598,758,14008,
242.0096719291562,84639,598,757,14009,
242.01012404036993,84638,599,757,14009,
242.01263104252754,84638,598,758,14009,
242.01263755197323,84637,599,758,14009,
242.0131588080355,84636,600,758,14009,
242.01359243527213,84635,601,758,14009,
242.02483128182823,84634,602,758,14009,
242.0250928859797,84634,601,759,14009,
242.0291661408977,84634,601,758,14010,
242.0339965177973,84634,600,759,14010,
242.03541905390912,84634,600,758,14011,
242.03676957629506,84634,599,759,14011,
242.0372890080035,84634,598,760,14011,
242.03841207262985,84633,599,760,14011,
242.04140461788973,84632,600,760,14011,
242.04282417619723,84632,600,759,14012,
242.05279058488452,84631,601,759,14012,
242.0542166071786,84631,600,760,14012,
242.0550526963823,84631,600,759,14013,
242.05956938108346,84631,600,758,14014,
242.0598072434561,84631,600,757,14015,
242.063056497249,84631,599,758,14015,
242.06884243847202,84631,598,759,14015,
242.06887883441465,84631,597,760,14015,
242.07152308201933,84631,597,759,14016,
242.07321696009257,84631,597,758,14017,
242.0732351981624,84631,597,757,14018,
242.0768396404519,84631,597,756,14019,
242.07761871131004,84631,596,757,14019,
242.08424254429082,84631,596,756,14020,
242.08782417745954,84630,597,756,14020,
242.0904767633506,84630,596,757,14020,
242.09073639565582,84630,596,756,14021,
242.0911586199583,84630,596,755,14022,
242.09337722112318,84629,597,755,14022,
242.10007999121416,84629,596,756,14022,
242.10689916263368,84628,597,756,14022,
242.1140982014531,84628,597,755,14023,
242.1185820495607,84627,598,755,14023,
242.1246318473895,84627,598,754,14024,
242.1248266110698,84627,597,755,14024,
242.1361051036207,84627,596,756,14024,
242.13661225090658,84627,595,757,14024,
242.14890460225766,84627,595,756,14025,
242.1504951074332,84627,594,757,14025,
242.1526287201872,84626,595,757,14025,
242.15292509756148,84626,594,758,14025,
242.15368243103808,84626,594,757,14026,
242.15425994446323,84626,594,756,14027,
242.15491521698334,84626,593,757,14027,
242.15664983601565,84626,592,758,14027,
242.1619112076303,84625,593,758,14027,
242.16361752879192,84624,594,758,14027,
242.16428663266313,84624,594,757,14028,
242.16604760285006,84624,593,758,14028,
242.16726384514507,84623,594,758,14028,
242.16806463168427,84623,594,757,14029,
242.17792036312372,84623,593,758,14029,
242.18198937467082,84623,593,757,14030,
242.1860241536277,84622,594,757,14030,
242.18647927160467,84621,595,757,14030,
242.18851031089798,84620,596,757,14030,
242.192447979925,84619,597,757,14030,
242.1974578787114,84619,596,758,14030,
242.20016498819578,84619,596,757,14031,
242.2014631000576,84619,595,758,14031,
242.20461784410517,84619,595,757,14032,
242.21179732097434,84618,596,757,14032,
242.21328462562218,84618,596,756,14033,
242.21815480869512,84618,595,757,14033,
242.22151456471002,84618,595,756,14034,
242.22283431136938,84618,594,757,14034,
242.22517032830643,84617,595,757,14034,
242.2275795534373,84617,595,756,14035,
242.23251015718515,84616,596,756,14035,
242.23589093969213,84616,596,755,14036,
242.23642724936136,84615,597,755,14036,
242.23778101037058,84615,597,754,14037,
242.24453974884597,84615,597,753,14038,
242.24499783377078,84614,598,753,14038,
242.24855952533156,84613,599,753,14038,
242.25298794452254,84612,600,753,14038,
242.25368943552735,84611,601,753,14038,
242.2542001279327,84610,602,753,14038,
242.25759815904436,84609,603,753,14038,
242.25894021169006,84608,604,753,14038,
242.2641763691992,84608,604,752,14039,
242.26972088343985,84607,605,752,14039,
242.27001284998627,84607,605,751,14040,
242.27219162656,84607,605,750,14041,
242.27263386522677,84607,605,749,14042,
242.27321615814685,84607,605,748,14043,
242.27372212281816,84607,605,747,14044,
242.28281550626775,84607,605,746,14045,
242.2848798478336,84607,604,747,14045,
242.28557459380536,84607,603,748,14045,
242.28721483969906,84607,603,747,14046,
242.29037260986811,84607,602,748,14046,
242.29276631309259,84607,602,747,14047,
242.3025838698788,84606,603,747,14047,
242.30986840997252,84605,604,747,14047,
242.30999712338195,84604,605,747,14047,
242.31419327948373,84604,604,748,14047,
242.3164924741461,84604,603,749,14047,
242.31789147394383,84604,602,750,14047,
242.32204603682453,84604,601,751,14047,
242.3220973221119,84604,600,752,14047,
242.3225356453799,84604,599,753,14047,
242.32288753232584,84604,598,754,14047,
242.32921776238783,84603,599,754,14047,
242.32980252094166,84603,599,753,14048,
242.32987167577681,84603,599,752,14049,
242.33148627617328,84603,598,753,14049,
242.3328597024335,84603,597,754,14049,
242.33492597607702,84602,598,754,14049,
242.33674206899917,84602,597,755,14049,
242.33724822423537,84602,597,754,14050,
242.33879908784115,84601,598,754,14050,
242.34280681450724,84601,597,755,14050,
242.34411844717783,84600,598,755,14050,
242.34546219881565,84600,597,756,14050,
242.354913906002,84600,596,757,14050,
242.363019512837,84600,595,758,14050,
242.3664734737059,84600,594,759,14050,
242.37266885403093,84599,595,759,14050,
242.37905060533942,84599,594,760,14050,
242.37909941623437,84599,593,761,14050,
242.38164886617002,84599,593,760,14051,
242.38868882652514,84599,592,761,14051,
242.3908568587549,84598,593,761,14051,
242.39216382914356,84598,593,760,14052,
242.39475601737698,84598,593,759,14053,
242.39969006485177,84598,593,758,14054,
242.40531889824877,84597,594,758,14054,
242.40581233835175,84596,595,758,14054,
242.42021652875914,84596,594,759,14054,
242.42280856806389,84596,594,758,14055,
242.4244521410503,84595,595,758,14055,
242.42813062531664,84595,594,759,14055,
242.4284321135881,84595,593,760,14055,
242.43116938694476,84594,594,760,14055,
242.43304800827582,84593,595,760,14055,
242.4351758338692,84593,595,759,14056,
242.43636789635158,84592,596,759,14056,
242.43939488603417,84591,597,759,14056,
242.45111254143947,84590,598,759,14056,
242.45335882289842,84590,598,758,14057,
242.4547975269396,84590,597,759,14057,
242.46216486277862,84589,598,759,14057,
242.46259071348396,84589,598,758,14058,
242.46402966384503,84589,598,757,14059,
242.4658778157101,84588,599,757,14059,
242.46672031856724,84587,600,757,14059,
242.47152354837843,84586,601,757,14059,
242.47326289605834,84586,600,758,14059,
242.48088780085558,84585,601,758,14059,
242.48277389911667,84584,602,758,14059,
242.49519373917113,84584,602,757,14060,
242.49802191540448,84584,602,756,14061,
242.49932539761295,84584,602,755,14062,
242.50864258902732,84583,603,755,14062,
242.50890661574442,84583,602,756,14062,
242.51196934933907,84582,603,756,14062,
242.51354551291627,84582,602,757,14062,
242.51526933234004,84581,603,757,14062,
242.51618554418198,84581,602,758,14062,
242.51736497505013,84581,601,759,14062,
242.5228470678168,84581,600,760,14062,
242.52387951266334,84581,599,761,14062,
242.53665263321102,84581,599,760,14063,
242.53744194657094,84581,598,761,14063,
242.53759160571963,84581,598,760,14064,
242.5389708098738,84580,599,760,14064,
242.5399566700996,84580,598,761,14064,
242.54232504503943,84579,599,761,14064,
242.54354242672068,84578,600,761,14064,
242.54913258210271,84578,599,762,14064,
242.55263630961738,84578,599,761,14065,
242.5534348158093,84578,598,762,14065,
242.55410329318937,84578,598,761,14066,
242.55707716553428,84578,598,760,14067,
242.55733317495978,84577,599,760,14067,
242.56273667056098,84577,598,761,14067,
242.57337028692396,84576,599,761,14067,
242.5750066060711,84576,599,760,14068,
242.57843030503417,84576,598,761,14068,
242.5808229313099,84575,599,761,14068,
242.58120765990296,84574,600,761,14068,
242.58360465959458,84573,601,761,14068,
242.58378643272496,84572,602,761,14068,
242.59851632983606,84572,602,760,14069,
242.6024249512859,84572,601,761,14069,
242.6044597516887,84572,600,762,14069,
242.6046463836829,84571,601,762,14069,
242.6060120530671,84571,600,763,14069,
242.60645873388427,84570,601,763,14069,
242.6096243350393,84569,602,763,14069,
242.60964605177165,84569,601,764,14069,
242.61883593704314,84568,602,764,14069,
242.621787247453,84568,602,763,14070,
242.62181706779248,84568,602,762,14071,
242.62498386853574,84568,602,761,14072,
242.62738926228823,84568,602,760,14073,
242.62806647470467,84567,603,760,14073,
242.62969589988086,84567,603,759,14074,
242.6305810796643,84566,604,759,14074,
242.63086935404542,84566,603,760,14074,
242.63183473208804,84566,602,761,14074,
242.63268932070284,84565,603,761,14074,
242.6367049741145,84565,602,762,14074,
242.63856827525314,84565,601,763,14074,
242.6418346520323,84565,600,764,14074,
242.64226101880095,84564,601,764,14074,
242.6440730483062,84564,601,763,14075,
242.66277006506203,84564,600,764,14075,
242.66293245338747,84564,600,763,14076,
242.66377627581804,84563,601,763,14076,
242.66413602111925,84562,602,763,14076,
242.66586274103696,84562,601,764,14076,
242.66609838613144,84561,602,764,14076,
242.6844610331259,84561,601,765,14076,
242.68503414881576,84560,602,765,14076,
242.6935159118195,84560,602,764,14077,
242.69382974155454,84559,603,764,14077,
242.6988362809512,84558,604,764,14077,
242.69940069120253,84557,605,764,14077,
242.7011487981056,84557,604,765,14077,
242.70217772112312,84556,605,765,14077,
242.70377482747958,84555,606,765,14077,
242.70613296782264,84554,607,765,14077,
242.70685777403534,84554,607,764,14078,
242.70843600514962,84554,607,763,14079,
242.71011334945004,84554,607,762,14080,
242.71536885540758,84553,608,762,14080,
242.71554982603982,84553,607,763,14080,
242.71673158277844,84552,608,763,14080,
242.71855979174228,84552,608,762,14081,
242.7211617746868,84552,608,761,14082,
242.7217149172526,84551,609,761,14082,
242.725595530441,84550,610,761,14082,
242.72981694721025,84549,611,761,14082,
242.7365482241528,84548,612,761,14082,
242.7380288060283,84548,611,762,14082,
242.74611535321088,84548,611,761,14083,
242.74677067518223,84548,611,760,14084,
242.7528696473776,84547,612,760,14084,
242.75321759254098,84547,611,761,14084,
242.75380129418434,84547,610,762,14084,
242.7555546181765,84547,609,763,14084,
242.75998340372138,84547,608,764,14084,
242.762213553486,84546,609,764,14084,
242.76326224815594,84545,610,764,14084,
242.76526429343306,84545,610,763,14085,
242.7655485948836,84545,610,762,14086,
242.77216243127145,84545,609,763,14086,
242.77534513499705,84545,608,764,14086,
242.77681790645582,84545,608,763,14087,
242.7783912920804,84545,607,764,14087,
242.778681879141,84545,606,765,14087,
242.78260246859475,84545,605,766,14087,
242.78361196975843,84544,606,766,14087,
242.78445982872847,84544,606,765,14088,
242.78548814191006,84544,606,764,14089,
242.78872516044007,84543,607,764,14089,
242.79033289576628,84543,607,763,14090,
242.796054089499,84542,608,763,14090,
242.7962070478776,84542,608,762,14091,
242.79647724144252,84542,607,763,14091,
242.80084705817285,84542,606,764,14091,
242.81147996067716,84542,606,763,14092,
242.81654483382627,84542,605,764,14092,
242.81660469749147,84542,604,765,14092,
242.81859947937045,84541,605,765,14092,
242.82375067593267,84540,606,765,14092,
242.82735505282903,84540,605,766,14092,
242.8278687545876,84540,605,765,14093,
242.82823061230494,84540,604,766,14093,
242.83374247315754,84540,604,765,14094,
242.83882178701322,84540,604,764,14095,
242.84331048726418,84540,603,765,14095,
242.85206622816787,84540,602,766,14095,
242.8531286459618,84540,601,767,14095,
242.85879643798734,84539,602,767,14095,
242.8619425050976,84539,602,766,14096,
242.8633182967333,84539,602,765,14097,
242.86487016374207,84538,603,765,14097,
242.87582922644538,84538,602,766,14097,
242.87718220547413,84538,601,767,14097,
242.88028156524845,84538,601,766,14098,
242.88080902325999,84538,601,765,14099,
242.88216003310356,84538,600,766,14099,
242.88540836765333,84538,599,767,14099,
242.89074692874252,84538,599,766,14100,
242.89678093424163,84537,600,766,14100,
242.90174452279953,84537,599,767,14100,
242.9030352309828,84537,599,766,14101,
242.90560944347723,84537,598,767,14101,
242.90615172576548,84536,599,767,14101,
242.90644330219243,84536,598,768,14101,
242.90749805899017,84536,598,767,14102,
242.91425699064288,84536,597,768,14102,
242.91651020056932,84536,597,767,14103,
242.919794319398,84536,596,768,14103,
242.92239621959664,84536,596,767,14104,
242.92427985739516,84535,597,767,14104,
242.93296511270427,84535,596,768,14104,
242.9336055542043,84534,597,768,14104,
242.93854640321123,84534,596,769,14104,
242.9410604621828,84533,597,769,14104,
242.9440167619134,84532,598,769,14104,
242.94456858611355,84531,599,769,14104,
242.94537983297738,84531,599,768,14105,
242.9462902531964,84530,600,768,14105,
242.94984787814286,84529,601,768,14105,
242.95007496623208,84529,600,769,14105,
242.95502343448027,84528,601,769,14105,
242.9570991622642,84528,600,770,14105,
242.96009546681026,84527,601,770,14105,
242.96808398564772,84527,601,769,14106,
242.97269552612744,84526,602,769,14106,
242.97717302701636,84526,601,770,14106,
242.9784891303353,84526,600,771,14106,
242.97885075834967,84526,599,772,14106,
242.9792120485722,84526,599,771,14107,
242.9823359817553,84526,599,770,14108,
242.98269307426196,84525,600,770,14108,
242.98533068734628,84525,600,769,14109,
242.98666435542324,84525,600,768,14110,
242.9875046439611,84524,601,768,14110,
242.99031854225908,84523,602,768,14110,
242.9941378281043,84523,602,767,14111,
242.99751749416842,84523,602,766,14112,
243.00236906978347,84523,602,765,14113,
243.0046831246211,84522,603,765,14113,
243.00784152427244,84522,602,766,14113,
243.00976908721276,84522,602,765,14114,
243.01344712494426,84522,602,764,14115,
243.01715859385152,84522,601,765,14115,
243.01731029212132,84521,602,765,14115,
243.01963006641327,84521,601,766,14115,
243.02004302265655,84521,601,765,14116,
243.02800703345792,84520,602,765,14116,
243.03508747071237,84520,602,764,14117,
243.04246402303497,84520,601,765,14117,
243.0431545977663,84519,602,765,14117,
243.04597092716435,84518,603,765,14117,
243.05120125455883,84518,602,766,14117,
243.05425270413193,84518,601,767,14117,
243.0570765185294,84518,601,766,14118,
243.06486341785154,84517,602,766,14118,
243.06729036875367,84517,602,765,14119,
243.0694192143332,84516,603,765,14119,
243.07032897612558,84515,604,765,14119,
243.0726498315118,84515,603,766,14119,
243.07650414727686,84515,602,767,14119,
243.07807756990084,84515,601,768,14119,
243.07976251616245,84515,601,767,14120,
243.08173499088218,84514,602,767,14120,
243.0830941428052,84513,603,767,14120,
243.0867951411047,84512,604,767,14120,
243.08941533206,84512,604,766,14121,
243.09465614435308,84512,604,765,14122,
243.0973357670248,84512,603,766,14122,
243.11798757794986,84512,602,767,14122,
243.1202183118422,84512,601,768,14122,
243.12369057456195,84512,600,769,14122,
243.1242689353119,84512,600,768,14123,
243.12670359778033,84512,599,769,14123,
243.12773858835456,84511,600,769,14123,
243.13715954489157,84511,599,770,14123,
243.14110144065776,84511,599,769,14124,
243.1422737865182,84511,599,768,14125,
243.14616839181613,84510,600,768,14125,
243.14649143859936,84509,601,768,14125,
243.14809020660607,84509,600,769,14125,
243.15554240619701,84509,599,770,14125,
243.16076318394298,84508,600,770,14125,
243.17195018940083,84508,600,769,14126,
243.1726070838078,84508,600,768,14127,
243.1773526856292,84507,601,768,14127,
243.17942629980485,84506,602,768,14127,
243.18247162300406,84505,603,768,14127,
243.18340966279393,84505,602,769,14127,
243.1854716820329,84504,603,769,14127,
243.18793146795673,84504,602,770,14127,
243.1942377206375,84503,603,770,14127,
243.1952736449392,84503,602,771,14127,
243.20848391418733,84503,602,770,14128,
243.20970018559188,84502,603,770,14128,
243.21159475750756,84502,602,771,14128,
243.21306629076497,84502,601,772,14128,
243.21445735999708,84502,601,771,14129,
243.21987293220838,84501,602,771,14129,
243.21991464635767,84500,603,771,14129,
243.22058706940425,84500,602,772,14129,
243.22134253966252,84500,601,773,14129,
243.22332213265238,84500,600,774,14129,
243.22348750694596,84499,601,774,14129,
243.22421795971812,84499,601,773,14130,
243.2253331812744,84499,600,774,14130,
243.2279633281407,84499,599,775,14130,
243.22997288847458,84499,599,774,14131,
243.23108521586303,84499,598,775,14131,
243.23523260881615,84498,599,775,14131,
243.2368166399611,84498,599,774,14132,
243.23775339637893,84497,600,774,14132,
243.2392678517486,84497,600,773,14133,
243.23946699372578,84497,599,774,14133,
243.24038816386985,84497,598,775,14133,
243.24699570786083,84496,599,775,14133,
243.25591640014284,84496,598,776,14133,
243.2567955046496,84496,597,777,14133,
243.26058019545766,84495,598,777,14133,
243.26111762877747,84494,599,777,14133,
243.27047282576717,84494,599,776,14134,
243.2710734920819,84493,600,776,14134,
243.27487488199267,84492,601,776,14134,
243.27567245905104,84491,602,776,14134,
243.28109119420222,84491,601,777,14134,
243.28237397303928,84491,600,778,14134,
243.29139968540863,84491,599,779,14134,
243.30478562831527,84491,598,780,14134,
243.3122297338752,84491,598,779,14135,
243.31521151413898,84491,598,778,14136,
243.31670051842715,84490,599,778,14136,
243.31865173626727,84489,600,778,14136,
243.32293647062417,84488,601,778,14136,
243.32376067139995,84488,601,777,14137,
243.32632717595223,84488,600,778,14137,
243.32676659226402,84487,601,778,14137,
243.330620467398,84487,600,779,14137,
243.3369410450622,84486,601,779,14137,
243.33752537631608,84485,602,779,14137,
243.3433248016144,84484,603,779,14137,
243.3476964843002,84483,604,779,14137,
243.3490998305518,84482,605,779,14137,
243.35051153824466,84482,604,780,14137,
243.35289945420095,84482,604,779,14138,
243.35648292909758,84481,605,779,14138,
243.3569987256477,84480,606,779,14138,
243.35845140755723,84480,605,780,14138,
243.375073405857,84480,605,779,14139,
243.37818198797098,84480,605,778,14140,
243.37989347246187,84480,605,777,14141,
243.38408130526972,84479,606,777,14141,
243.38904917214822,84478,607,777,14141,
243.39282116589965,84478,606,778,14141,
243.39300170021983,84477,607,778,14141,
243.3976955042225,84476,608,778,14141,
243.39952269704898,84476,607,779,14141,
243.40225365818216,84476,607,778,14142,
243.40573796435157,84476,607,777,14143,
243.40615356305972,84476,607,776,14144,
243.40728182622368,84476,606,777,14144,
243.40974363640296,84476,606,776,14145,
243.41028760595376,84476,606,775,14146,
243.41601522005803,84476,606,774,14147,
243.42118220611417,84475,607,774,14147,
243.42574974396655,84474,608,774,14147,
243.43292865497713,84474,607,775,14147,
243.43399530865878,84473,608,775,14147,
243.43508742963564,84472,609,775,14147,
243.4414148927973,84471,610,775,14147,
243.44429338125354,84470,611,775,14147,
243.44594191889456,84470,610,776,14147,
243.44841470824042,84469,611,776,14147,
243.45022272756637,84469,610,777,14147,
243.45328837781963,84469,610,776,14148,
243.45511580675327,84469,609,777,14148,
243.4607308882558,84468,610,777,14148,
243.4642372846428,84467,611,777,14148,
243.4657673774447,84466,612,777,14148,
243.4663855575581,84466,611,778,14148,
243.4676291369424,84465,612,778,14148,
243.4677614339513,84464,613,778,14148,
243.4742801915015,84464,613,777,14149,
243.4751247524075,84464,613,776,14150,
243.4756760451573,84463,614,776,14150,
243.47595221909987,84463,613,777,14150,
243.4817285848256,84462,614,777,14150,
243.4851518734851,84462,613,778,14150,
243.4870194999329,84462,613,777,14151,
243.48941209013722,84462,612,778,14151,
243.49099937581133,84462,612,777,14152,
243.49143061742288,84461,613,777,14152,
243.49267666897364,84461,612,778,14152,
243.49338783594027,84460,613,778,14152,
243.50088943229431,84460,613,777,14153,
243.50186490337873,84460,612,778,14153,
243.50511133005068,84459,613,778,14153,
243.50883167925204,84458,614,778,14153,
243.50968169784272,84458,614,777,14154,
243.5111032405681,84457,615,777,14154,
243.51206120300733,84456,616,777,14154,
243.51246289537056,84456,616,776,14155,
243.5149419873427,84456,616,775,14156,
243.5149861469436,84456,616,774,14157,
243.51505579366207,84456,615,775,14157,
243.51760599917327,84455,616,775,14157,
243.5271473631697,84455,616,774,14158,
243.53025902451944,84455,615,775,14158,
243.5347084244044,84455,615,774,14159,
243.53726158100685,84455,615,773,14160,
243.53868041606114,84454,616,773,14160,
243.54003513956934,84454,616,772,14161,
243.54494452969197,84454,615,773,14161,
243.55549696329552,84453,616,773,14161,
243.5627073812843,84452,617,773,14161,
243.56532076118378,84452,617,772,14162,
243.56613524568488,84452,616,773,14162,
243.57175582119172,84452,615,774,14162,
243.57958407271465,84451,616,774,14162,
243.57960406359848,84451,615,775,14162,
243.58525623369624,84450,616,775,14162,
243.58592766884917,84449,617,775,14162,
243.58732765055333,84448,618,775,14162,
243.5887373799471,84447,619,775,14162,
243.59041312343223,84446,620,775,14162,
243.60011663412203,84446,619,776,14162,
243.6025952017142,84446,619,775,14163,
243.602875298079,84446,619,774,14164,
243.60305322827352,84446,618,775,14164,
243.6038075841557,84446,618,774,14165,
243.60629604485152,84446,618,773,14166,
243.611699197595,84446,618,772,14167,
243.61397541435315,84445,619,772,14167,
243.61790369106012,84445,618,773,14167,
243.62460173136827,84445,617,774,14167,
243.62566328064509,84445,617,773,14168,
243.62635185100694,84444,618,773,14168,
243.62755704210846,84443,619,773,14168,
243.62768459742765,84443,619,772,14169,
243.62773543023766,84442,620,772,14169,
243.6277905886332,84442,619,773,14169,
243.6285840732836,84442,618,774,14169,
243.628949161878,84441,619,774,14169,
243.63662189917645,84440,620,774,14169,
243.64351739113562,84440,619,775,14169,
243.64605235664848,84440,618,776,14169,
243.65198315223435,84440,618,775,14170,
243.65474132318886,84439,619,775,14170,
243.65535207539253,84438,620,775,14170,
243.65550777278844,84438,620,774,14171,
243.65692531691855,84437,621,774,14171,
243.65743233783928,84437,621,773,14172,
243.66187239920671,84436,622,773,14172,
243.66699150922614,84435,623,773,14172,
243.6673907433658,84435,623,772,14173,
243.6675447608425,84434,624,772,14173,
243.66772796902265,84434,623,773,14173,
243.6686899105417,84433,624,773,14173,
243.67974941915477,84433,624,772,14174,
243.68111156230657,84432,625,772,14174,
243.68642427462294,84432,624,773,14174,
243.69491290906927,84432,623,774,14174,
243.69840528076384,84432,622,775,14174,
243.70001216411464,84432,622,774,14175,
243.7049716094007,84432,621,775,14175,
243.71408783073423,84432,621,774,14176,
243.71469516051548,84432,620,775,14176,
243.7159513997182,84431,621,775,14176,
243.71788855447568,84431,621,774,14177,
243.72327288136776,84431,621,773,14178,
243.72962429467051,84431,621,772,14179,
243.73199052917514,84431,620,773,14179,
243.73657434755424,84431,620,772,14180,
243.73735166793787,84431,619,773,14180,
243.73797944109523,84431,618,774,14180,
243.73872722565207,84430,619,774,14180,
243.73922604316647,84430,618,775,14180,
243.74357056686978,84430,618,774,14181,
243.74534799987657,84430,618,773,14182,
243.74649003754118,84429,619,773,14182,
243.74904506934243,84428,620,773,14182,
243.74906713765756,84428,619,774,14182,
243.76471495039095,84428,619,773,14183,
243.76475742713376,84428,618,774,14183,
243.76686910341837,84428,617,775,14183,
243.7723349771696,84427,618,775,14183,
243.77335985147798,84426,619,775,14183,
243.77405160821186,84426,619,774,14184,
243.77671373840388,84426,618,775,14184,
243.785217732579,84425,619,775,14184,
243.7874793105561,84425,618,776,14184,
243.79213608384882,84425,617,777,14184,
243.79250848963886,84425,617,776,14185,
243.79698648027676,84425,616,777,14185,
243.79787643981095,84424,617,777,14185,
243.79842728613437,84424,617,776,14186,
243.7984753075106,84424,616,777,14186,
243.79906256545638,84423,617,777,14186,
243.80331026312172,84422,618,777,14186,
243.80478753856363,84422,618,776,14187,
243.80538378693439,84422,617,777,14187,
243.80899046171731,84422,616,778,14187,
243.80977902081693,84422,616,777,14188,
243.8159663254148,84422,616,776,14189,
243.81677411136812,84421,617,776,14189,
243.82234865443849,84421,616,777,14189,
243.82237301457013,84421,615,778,14189,
243.82517228000896,84421,614,779,14189,
243.8258576460133,84421,613,780,14189,
243.8260493820369,84421,612,781,14189,
243.83709229449624,84421,612,780,14190,
243.83923923698515,84420,613,780,14190,
243.84095617757305,84419,614,780,14190,
243.84365645863636,84418,615,780,14190,
243.8443226248909,84417,616,780,14190,
243.85268898148647,84416,617,780,14190,
243.85665075607713,84416,616,781,14190,
243.86428758896963,84416,615,782,14190,
243.8660163082791,84416,614,783,14190,
243.86955341331299,84415,615,783,14190,
243.87056420923025,84414,616,783,14190,
243.87484138712028,84413,617,783,14190,
243.87862531543396,84413,617,782,14191,
243.88060956566585,84412,618,782,14191,
243.8827644111902,84411,619,782,14191,
243.88349536797205,84411,618,783,14191,
243.88689065191733,84411,618,782,14192,
243.8892426625883,84411,618,781,14193,
243.89212916007685,84411,618,780,14194,
243.89253494304896,84410,619,780,14194,
243.8952671635484,84409,620,780,14194,
243.8983130183798,84409,620,779,14195,
243.89844122431265,84409,620,778,14196,
243.89868506222294,84408,621,778,14196,
243.90236212071838,84407,622,778,14196,
243.90247414724968,84407,622,777,14197,
243.91067450116847,84406,623,777,14197,
243.91547134802872,84406,622,778,14197,
243.91634514199748,84405,623,778,14197,
243.92404767409258,84405,622,779,14197,
243.93314743258432,84404,623,779,14197,
243.93743115059075,84404,623,778,14198,
243.9414371142394,84404,623,777,14199,
243.94486408349508,84403,624,777,14199,
243.94815601014832,84403,624,776,14200,
243.94938684032374,84402,625,776,14200,
243.9505719398871,84401,626,776,14200,
243.9539001684866,84401,625,777,14200,
243.95586839215116,84401,624,778,14200,
243.95900648520092,84400,625,778,14200,
243.96029266703596,84399,626,778,14200,
243.96180286267142,84399,626,777,14201,
243.96268511837852,84399,626,776,14202,
243.96492860787393,84398,627,776,14202,
243.96856583865207,84397,628,776,14202,
243.9691707904168,84397,628,775,14203,
243.9750447225377,84397,627,776,14203,
243.99454234006123,84397,626,777,14203,
243.99471670406268,84397,625,778,14203,
243.99528350011207,84396,626,778,14203,
243.99584386316332,84396,626,777,14204,
243.99733419225615,84396,625,778,14204,
244.00992592903475,84396,625,777,14205,
244.01392463209496,84395,626,777,14205,
244.01401464722153,84395,625,778,14205,
244.01756349223882,84394,626,778,14205,
244.01974192638787,84393,627,778,14205,
244.0242806292368,84393,626,779,14205,
244.0265589278878,84393,626,778,14206,
244.0377801124947,84393,625,779,14206,
244.0411478578107,84393,625,778,14207,
244.04204613575803,84393,624,779,14207,
244.0436804808904,84393,623,780,14207,
244.045836014589,84393,623,779,14208,
244.04598765803695,84393,622,780,14208,
244.04602502331244,84393,622,779,14209,
244.0466636390003,84392,623,779,14209,
244.0468760029722,84392,623,778,14210,
244.04701352635152,84392,622,779,14210,
244.04776774166564,84392,621,780,14210,
244.04837907491745,84392,621,779,14211,
244.05164624304862,84392,620,780,14211,
244.05721041402222,84391,621,780,14211,
244.06228747778314,84391,621,779,14212,
244.06533072343092,84391,620,780,14212,
244.0696760346056,84391,619,781,14212,
244.07126527251108,84391,619,780,14213,
244.07569209561555,84391,618,781,14213,
244.07618287142648,84391,618,780,14214,
244.0773363321762,84390,619,780,14214,
244.08060889799157,84389,620,780,14214,
244.08261727992243,84388,621,780,14214,
244.08409389323995,84388,620,781,14214,
244.08657478343403,84387,621,781,14214,
244.09372254962102,84386,622,781,14214,
244.09430993917007,84385,623,781,14214,
244.09466393719143,84385,623,780,14215,
244.09889501398249,84385,623,779,14216,
244.0990986478445,84385,623,778,14217,
244.1137048804119,84384,624,778,14217,
244.1229446943638,84383,625,778,14217,
244.12317233833178,84383,625,777,14218,
244.12986727741767,84382,626,777,14218,
244.1311064158887,84381,627,777,14218,
244.13254098764634,84380,628,777,14218,
244.1440512636137,84380,628,776,14219,
244.14796218208815,84380,627,777,14219,
244.15141680832198,84379,628,777,14219,
244.1524078821066,84378,629,777,14219,
244.15393528196296,84377,630,777,14219,
244.154067038744,84377,630,776,14220,
244.1604598219002,84377,629,777,14220,
244.1613429211111,84377,628,778,14220,
244.1620056703374,84377,627,779,14220,
244.16256193588904,84377,627,778,14221,
244.18459852160896,84377,627,777,14222,
244.18983690065812,84377,626,778,14222,
244.19205449020345,84376,627,778,14222,
244.1927177351189,84376,627,777,14223,
244.20153616059034,84376,626,778,14223,
244.2019799176821,84375,627,778,14223,
244.20371532268248,84375,627,777,14224,
244.20773330547837,84375,626,778,14224,
244.20786245820605,84374,627,778,14224,
244.20959936074092,84374,627,777,14225,
244.2099689697399,84373,628,777,14225,
244.21094597915143,84372,629,777,14225,
244.21409927548262,84371,630,777,14225,
244.21600685631057,84371,629,778,14225,
244.21813341128058,84371,628,779,14225,
244.2191245034064,84370,629,779,14225,
244.2198607399022,84370,628,780,14225,
244.22075939136832,84370,627,781,14225,
244.22077578905646,84370,627,780,14226,
244.2215639942675,84370,627,779,14227,
244.22185879752416,84370,626,780,14227,
244.22231445749205,84370,625,781,14227,
244.2230117364645,84369,626,781,14227,
244.22472331209906,84368,627,781,14227,
244.23077391204717,84368,627,780,14228,
244.23446766752335,84368,626,781,14228,
244.23523554198607,84368,626,780,14229,
244.23650640785664,84368,625,781,14229,
244.24221483714354,84367,626,781,14229,
244.24318669123267,84367,625,782,14229,
244.24370455198473,84366,626,782,14229,
244.24398917028597,84365,627,782,14229,
244.24756034115413,84365,627,781,14230,
244.24943316534922,84365,626,782,14230,
244.25295871420514,84365,625,783,14230,
244.25827894082025,84365,624,784,14230,
244.25909473954968,84364,625,784,14230,
244.26280678751246,84364,624,785,14230,
244.26392415674067,84363,625,785,14230,
244.26667825796068,84363,624,786,14230,
244.26988190013356,84363,623,787,14230,
244.270812146408,84363,623,786,14231,
244.27256353951157,84363,622,787,14231,
244.27692001404205,84362,623,787,14231,
244.28207612940136,84362,622,788,14231,
244.28479588795582,84361,623,788,14231,
244.28504914321056,84360,624,788,14231,
244.28529740200736,84359,625,788,14231,
244.28739761128304,84359,624,789,14231,
244.2914370683873,84358,625,789,14231,
244.29430676018922,84358,625,788,14232,
244.29463714740976,84358,624,789,14232,
244.29734616082294,84358,624,788,14233,
244.29856547589605,84358,623,789,14233,
244.29919007894716,84358,623,788,14234,
244.30418535301857,84357,624,788,14234,
244.30608597568715,84357,624,787,14235,
244.30641171253595,84356,625,787,14235,
244.30990482221563,84356,625,786,14236,
244.3101026514603,84356,624,787,14236,
244.31349394336996,84355,625,787,14236,
244.3145245387728,84354,626,787,14236,
244.3171786416056,84353,627,787,14236,
244.32181447960724,84353,626,788,14236,
244.3240071708396,84353,625,789,14236,
244.3242124558197,84353,624,790,14236,
244.32845630727581,84353,624,789,14237,
244.32918421048754,84352,625,789,14237,
244.33218929098942,84351,626,789,14237,
244.3327895111983,84351,626,788,14238,
244.3343812437288,84351,625,789,14238,
244.3381486755049,84351,625,788,14239,
244.3411723680643,84351,625,787,14240,
244.34649121176722,84350,626,787,14240,
244.3493083017292,84350,626,786,14241,
244.3493423017684,84350,626,785,14242,
244.3497852087426,84349,627,785,14242,
244.34987332743702,84348,628,785,14242,
244.35138707839292,84348,628,784,14243,
244.35386099083058,84347,629,784,14243,
244.35515976631055,84347,628,785,14243,
244.3570309313765,84347,627,786,14243,
244.35917469421636,84346,628,786,14243,
244.3592229231004,84346,628,785,14244,
244.3639552836927,84346,628,784,14245,
244.37228047226168,84346,628,783,14246,
244.37744186830508,84345,629,783,14246,
244.37939074794258,84344,630,783,14246,
244.38104491795872,84344,629,784,14246,
244.3849393980638,84343,630,784,14246,
244.38780762302886,84343,629,785,14246,
244.3879219211679,84343,629,784,14247,
244.38888529367668,84343,629,783,14248,
244.39163780826337,84342,630,783,14248,
244.39334958285667,84342,630,782,14249,
244.39469495772457,84342,630,781,14250,
244.39961991091508,84341,631,781,14250,
244.40197111621976,84340,632,781,14250,
244.4107202949512,84340,632,780,14251,
244.41194196577285,84339,633,780,14251,
244.4147896508581,84339,633,779,14252,
244.4160450757808,84339,632,780,14252,
244.4177194648565,84338,633,780,14252,
244.42642165155686,84337,634,780,14252,
244.429078557741,84336,635,780,14252,
244.42918817092277,84336,635,779,14253,
244.43042193869894,84335,636,779,14253,
244.43060445187842,84335,635,780,14253,
244.43936161096647,84335,634,781,14253,
244.43938645738717,84334,635,781,14253,
244.44078678581357,84333,636,781,14253,
244.4478370917952,84332,637,781,14253,
244.45553470812692,84332,636,782,14253,
244.46318404635036,84332,636,781,14254,
244.46608970784007,84332,636,780,14255,
244.4683643618593,84332,636,779,14256,
244.48441982419405,84331,637,779,14256,
244.48630247438535,84330,638,779,14256,
244.48743258066065,84330,637,780,14256,
244.48760003019254,84329,638,780,14256,
244.48770292739462,84329,638,779,14257,
244.48861694725605,84329,638,778,14258,
244.491706792924,84329,638,777,14259,
244.49316869546615,84329,638,776,14260,
244.49773014974681,84329,637,777,14260,
244.49864744410118,84328,638,777,14260,
244.49933490675033,84328,638,776,14261,
244.49986154272815,84327,639,776,14261,
244.50271919990092,84327,639,775,14262,
244.50563088611784,84327,638,776,14262,
244.51228251368826,84327,637,777,14262,
244.5140661240832,84327,636,778,14262,
244.5228038772222,84326,637,778,14262,
244.5245622313037,84325,638,778,14262,
244.531748515557,84325,637,779,14262,
244.53368959141687,84325,637,778,14263,
244.533838109608,84325,636,779,14263,
244.5340474513171,84325,636,778,14264,
244.53432182808754,84325,635,779,14264,
244.53470494700986,84325,634,780,14264,
244.5367211282077,84324,635,780,14264,
244.5414528099256,84324,634,781,14264,
244.54465571825224,84323,635,781,14264,
244.5456723078828,84322,636,781,14264,
244.54644102824048,84322,636,780,14265,
244.54828493365682,84322,636,779,14266,
244.54924366438686,84322,635,780,14266,
244.5499133429066,84322,635,779,14267,
244.55171503097964,84321,636,779,14267,
244.55171784706477,84320,637,779,14267,
244.55409134001863,84319,638,779,14267,
244.56378879706128,84319,637,780,14267,
244.56445689438655,84318,638,780,14267,
244.56499469381845,84318,637,781,14267,
244.56525796656263,84318,636,782,14267,
244.5665357610535,84318,635,783,14267,
244.56844576155754,84317,636,783,14267,
244.57160037292292,84316,637,783,14267,
244.57167481732225,84316,636,784,14267,
244.5751954093936,84315,637,784,14267,
244.57821884167086,84315,636,785,14267,
244.58254661671774,84315,636,784,14268,
244.58272070857328,84315,635,785,14268,
244.58376375772318,84314,636,785,14268,
244.5840995165011,84314,636,784,14269,
244.59114815654712,84314,636,783,14270,
244.59174923809792,84313,637,783,14270,
244.5940317240279,84312,638,783,14270,
244.59663206428556,84311,639,783,14270,
244.5993673211097,84310,640,783,14270,
244.60268121211982,84310,639,784,14270,
244.6061603272963,84309,640,784,14270,
244.62503088566854,84309,640,783,14271,
244.62782808039628,84308,641,783,14271,
244.63434620081242,84307,642,783,14271,
244.63446614902972,84306,643,783,14271,
244.6344987001939,84305,644,783,14271,
244.63496501579195,84305,644,782,14272,
244.63797787295377,84304,645,782,14272,
244.64934246059534,84304,644,783,14272,
244.6504145957648,84304,643,784,14272,
244.65168582597465,84304,642,785,14272,
244.65962079538684,84304,641,786,14272,
244.6626842113938,84304,641,785,14273,
244.67552389777236,84303,642,785,14273,
244.6781801263283,84303,641,786,14273,
244.6782192406303,84303,641,785,14274,
244.67998968434935,84302,642,785,14274,
244.68247151025122,84301,643,785,14274,
244.68424031862992,84301,643,784,14275,
244.68445978706328,84300,644,784,14275,
244.68504480149952,84300,644,783,14276,
244.68686517814203,84300,643,784,14276,
244.68710110211273,84300,642,785,14276,
244.6887420919386,84299,643,785,14276,
244.69430577649376,84299,643,784,14277,
244.70405917831133,84299,643,783,14278,
244.7051113979212,84298,644,783,14278,
244.7172397991011,84297,645,783,14278,
244.7242460545483,84297,645,782,14279,
244.72911113710452,84297,645,781,14280,
244.7295742372107,84297,644,782,14280,
244.73314659767806,84297,643,783,14280,
244.7339127919435,84296,644,783,14280,
244.7340105464032,84295,645,783,14280,
244.73404399842264,84295,644,784,14280,
244.73498380452486,84295,643,785,14280,
244.7363004208031,84294,644,785,14280,
244.73770699360827,84294,643,786,14280,
244.74262408100103,84294,642,787,14280,
244.74621258327696,84293,643,787,14280,
244.74640850927557,84293,643,786,14281,
244.75618410456565,84293,643,785,14282,
244.75651898172833,84292,644,785,14282,
244.76008006196477,84292,643,786,14282,
244.7612890786391,84291,644,786,14282,
244.76228551188495,84290,645,786,14282,
244.76277380458512,84289,646,786,14282,
244.7723254844134,84289,646,785,14283,
244.77665388521993,84289,646,784,14284,
244.77672214526282,84288,647,784,14284,
244.77893828094,84287,648,784,14284,
244.77943151407467,84287,647,785,14284,
244.78422013638175,84287,646,786,14284,
244.78683546177814,84286,647,786,14284,
244.78759631095903,84286,646,787,14284,
244.78885221002733,84285,647,787,14284,
244.79230229421256,84285,646,788,14284,
244.79319006313335,84285,646,787,14285,
244.79448236009554,84284,647,787,14285,
244.7983736038956,84284,647,786,14286,
244.80149016418312,84284,647,785,14287,
244.80241018667817,84284,646,786,14287,
244.8035795111703,84284,645,787,14287,
244.80490942712348,84283,646,787,14287,
244.8054680060246,84283,645,788,14287,
244.80636520368122,84282,646,788,14287,
244.80675125330234,84281,647,788,14287,
244.80715160058224,84280,648,788,14287,
244.80732243880024,84279,649,788,14287,
244.81118218560047,84279,648,789,14287,
244.82174173349915,84279,648,788,14288,
244.8223124387604,84279,647,789,14288,
244.82318083643793,84278,648,789,14288,
244.82543389406587,84278,647,790,14288,
244.82585869303793,84277,648,790,14288,
244.8271770995592,84277,647,791,14288,
244.8272886952255,84277,647,790,14289,
244.82742935838243,84276,648,790,14289,
244.82810128717642,84275,649,790,14289,
244.83453674935868,84275,648,791,14289,
244.83777415198244,84275,647,792,14289,
244.83791292355878,84274,648,792,14289,
244.83881740897178,84274,648,791,14290,
244.83989213727585,84273,649,791,14290,
244.84851318510457,84273,648,792,14290,
244.85271267864206,84273,647,793,14290,
244.85648390291493,84273,646,794,14290,
244.86237921900118,84273,645,795,14290,
244.86399970312235,84272,646,795,14290,
244.864145594517,84271,647,795,14290,
244.86611206391177,84270,648,795,14290,
244.86643463572202,84270,647,796,14290,
244.86693705830714,84270,646,797,14290,
244.86747160607183,84269,647,797,14290,
244.8675541900312,84269,647,796,14291,
244.88034835684854,84268,648,796,14291,
244.88088005990252,84268,648,795,14292,
244.88214587774192,84267,649,795,14292,
244.88521784829348,84266,650,795,14292,
244.89298702997894,84266,649,796,14292,
244.896610788871,84266,649,795,14293,
244.89852957984985,84266,649,794,14294,
244.9022097235858,84266,648,795,14294,
244.90391331279204,84266,648,794,14295,
244.9077102560002,84266,647,795,14295,
244.90953389073601,84266,647,794,14296,
244.90974436089544,84266,647,793,14297,
244.91259304481235,84266,646,794,14297,
244.91629745838912,84265,647,794,14297,
244.91981656074805,84265,647,793,14298,
244.9261938567064,84265,647,792,14299,
244.93344979945925,84265,646,793,14299,
244.93540929636018,84265,646,792,14300,
244.94779379097696,84265,645,793,14300,
244.94988461528433,84264,646,793,14300,
244.96351576289138,84263,647,793,14300,
244.96386244976765,84263,646,794,14300,
244.96527730763157,84262,647,794,14300,
244.96986685856962,84262,647,793,14301,
244.97369228712546,84262,646,794,14301,
244.97488189842647,84262,646,793,14302,
244.97512743418855,84262,646,792,14303,
244.97768433305785,84262,645,793,14303,
244.9798308271819,84262,644,794,14303,
244.98244139359784,84262,643,795,14303,
244.98249424968063,84262,642,796,14303,
244.98784741880542,84262,641,797,14303,
244.98923558869842,84262,641,796,14304,
244.99364897193522,84262,640,797,14304,
244.99705315337192,84262,639,798,14304,
244.99759691423046,84261,640,798,14304,
244.999197874385,84261,639,799,14304,
245.00043234173475,84260,640,799,14304,
245.00149342482504,84260,640,798,14305,
245.0034820075537,84260,640,797,14306,
245.00452542562746,84260,639,798,14306,
245.00564661770002,84259,640,798,14306,
245.00631199058083,84259,639,799,14306,
245.00753322484408,84258,640,799,14306,
245.00966189251722,84258,639,800,14306,
245.01587848022942,84257,640,800,14306,
245.0159470463145,84257,639,801,14306,
245.0165850799205,84257,639,800,14307,
245.02392842935467,84257,638,801,14307,
245.02921465283933,84257,638,800,14308,
245.03157380200892,84257,637,801,14308,
245.03529960157442,84256,638,801,14308,
245.03676826389193,84256,637,802,14308,
245.0449978152191,84256,636,803,14308,
245.0459575651385,84256,635,804,14308,
245.04654237100428,84255,636,804,14308,
245.04706473870928,84254,637,804,14308,
245.0503174743086,84253,638,804,14308,
245.0519164084636,84253,637,805,14308,
245.05862357903453,84253,636,806,14308,
245.06091654071838,84253,635,807,14308,
245.07441099701765,84253,635,806,14309,
245.07880000098044,84253,634,807,14309,
245.0794496164175,84252,635,807,14309,
245.0870505202825,84252,634,808,14309,
245.0871699627631,84252,634,807,14310,
245.08753652860443,84252,633,808,14310,
245.10220270385707,84252,633,807,14311,
245.1023695631895,84252,632,808,14311,
245.1026403930262,84251,633,808,14311,
245.10589388002225,84251,632,809,14311,
245.11297691031774,84251,631,810,14311,
245.11346253235337,84250,632,810,14311,
245.1167509033619,84249,633,810,14311,
245.1175250277864,84248,634,810,14311,
245.11803154428452,84248,634,809,14312,
245.12131535760983,84248,633,810,14312,
245.12454074634167,84248,632,811,14312,
245.12624796525557,84248,631,812,14312,
245.12860778034258,84248,631,811,14313,
245.1348916596014,84247,632,811,14313,
245.13564775480262,84246,633,811,14313,
245.13645808168826,84245,634,811,14313,
245.14316789235068,84245,633,812,14313,
245.14666655087944,84245,632,813,14313,
245.1474399181013,84244,633,813,14313,
245.15482407035685,84244,633,812,14314,
245.15549319226545,84244,633,811,14315,
245.158844027051,84243,634,811,14315,
245.15988760655475,84243,634,810,14316,
245.16032575221686,84243,634,809,14317,
245.16081869644344,84242,635,809,14317,
245.16449801346258,84241,636,809,14317,
245.16532919935239,84241,635,810,14317,
245.16563928373694,84241,634,811,14317,
245.16730576509775,84241,634,810,14318,
245.17195395239733,84241,633,811,14318,
245.17199591152857,84240,634,811,14318,
245.1726391157861,84239,635,811,14318,
245.17431654152315,84239,635,810,14319,
245.17563859130652,84239,634,811,14319,
245.17786289744274,84238,635,811,14319,
245.17964259219463,84238,634,812,14319,
245.18068213504412,84238,634,811,14320,
245.18993261352728,84238,634,810,14321,
245.19188469276222,84237,635,810,14321,
245.1920809585144,84237,635,809,14322,
245.19411348419155,84236,636,809,14322,
245.200272919511,84236,635,810,14322,
245.2016458859685,84236,635,809,14323,
245.20617412523978,84235,636,809,14323,
245.20673635655905,84235,635,810,14323,
245.2070107723518,84235,635,809,14324,
245.2095290568331,84234,636,809,14324,
245.21010379451917,84234,636,808,14325,
245.21032220024705,84233,637,808,14325,
245.21139339230177,84232,638,808,14325,
245.21463038292413,84232,637,809,14325,
245.215265678183,84231,638,809,14325,
245.21532716768257,84230,639,809,14325,
245.21581069130434,84229,640,809,14325,
245.21731366873905,84228,641,809,14325,
245.21732476173565,84228,641,808,14326,
245.22452312565215,84228,641,807,14327,
245.22484103282756,84227,642,807,14327,
245.2265990649779,84226,643,807,14327,
245.22725347455074,84226,642,808,14327,
245.2278464180921,84226,642,807,14328,
245.22790268060936,84225,643,807,14328,
245.23136076213464,84224,644,807,14328,
245.2333639909837,84224,644,806,14329,
245.23547657219643,84224,643,807,14329,
245.2520628089842,84224,642,808,14329,
245.2525943948629,84224,641,809,14329,
245.25297793514363,84223,642,809,14329,
245.25880177030282,84222,643,809,14329,
245.26543612991406,84222,643,808,14330,
245.26784037340323,84222,643,807,14331,
245.2696837695822,84221,644,807,14331,
245.2734024050205,84221,643,808,14331,
245.27730473741704,84221,643,807,14332,
245.27742528640366,84221,643,806,14333,
245.28015896016032,84220,644,806,14333,
245.28095767731605,84219,645,806,14333,
245.28100843158077,84218,646,806,14333,
245.28233319988874,84218,645,807,14333,
245.28895990782374,84217,646,807,14333,
245.29075101335994,84217,646,806,14334,
245.29122491424667,84217,645,807,14334,
245.2930107161969,84217,645,806,14335,
245.29428698502767,84216,646,806,14335,
245.30456915608465,84215,647,806,14335,
245.30842244666118,84215,646,807,14335,
245.30945199173453,84215,645,808,14335,
245.31231537012974,84215,644,809,14335,
245.31349748114775,84215,643,810,14335,
245.3185252062997,84214,644,810,14335,
245.3189419277688,84214,643,811,14335,
245.3263778431221,84214,643,810,14336,
245.3277955656609,84214,643,809,14337,
245.32815107014991,84214,643,808,14338,
245.32869404400543,84214,642,809,14338,
245.3471397749898,84214,641,810,14338,
245.3492653645233,84214,641,809,14339,
245.35794857274044,84214,641,808,14340,
245.3586076181233,84213,642,808,14340,
245.36553710955596,84212,643,808,14340,
245.36843468125178,84212,642,809,14340,
245.36974619928668,84211,643,809,14340,
245.3783913760075,84211,642,810,14340,
245.3796610779474,84210,643,810,14340,
245.37966338146936,84209,644,810,14340,
245.38046082688308,84208,645,810,14340,
245.3818885729959,84208,644,811,14340,
245.3828122860026,84208,644,810,14341,
245.38295820886623,84208,643,811,14341,
245.39115611316598,84208,642,812,14341,
245.4008421895152,84207,643,812,14341,
245.40161143696827,84207,642,813,14341,
245.4051201811002,84206,643,813,14341,
245.40831575232718,84206,643,812,14342,
245.40927926872078,84206,642,813,14342,
245.41306854051143,84205,643,813,14342,
245.42440726287435,84204,644,813,14342,
245.42463173472078,84204,643,814,14342,
245.4269309490742,84204,642,815,14342,
245.42911328937177,84203,643,815,14342,
245.43306337997888,84203,642,816,14342,
245.43403601815416,84203,641,817,14342,
245.4377686014931,84203,640,818,14342,
245.4459321741307,84202,641,818,14342,
245.4471873769894,84202,641,817,14343,
245.4508946105755,84202,641,816,14344,
245.45198505087984,84201,642,816,14344,
245.453328208776,84200,643,816,14344,
245.45438612891292,84199,644,816,14344,
245.45775835178873,84199,643,817,14344,
245.46163798662573,84199,642,818,14344,
245.4632983511135,84198,643,818,14344,
245.46420701361927,84198,643,817,14345,
245.46944679349096,84197,644,817,14345,
245.47140807475975,84197,644,816,14346,
245.47247413530678,84197,644,815,14347,
245.4732676069332,84197,644,814,14348,
245.47977347271907,84196,645,814,14348,
245.48355495526118,84196,645,813,14349,
245.49086732626563,84195,646,813,14349,
245.49358013731995,84194,647,813,14349,
245.49730384610885,84193,648,813,14349,
245.49742506829494,84193,647,814,14349,
245.50742101727514,84193,646,815,14349,
245.50756741721148,84193,645,816,14349,
245.513738819877,84192,646,816,14349,
245.5143056250069,84192,645,817,14349,
245.51473702801826,84191,646,817,14349,
245.51826141422947,84191,646,816,14350,
245.5207894868869,84191,646,815,14351,
245.52093890528496,84191,646,814,14352,
245.52379270218051,84190,647,814,14352,
245.5243599701601,84190,647,813,14353,
245.52471163714708,84190,646,814,14353,
245.53133591104844,84190,646,813,14354,
245.5326311835367,84190,646,812,14355,
245.53412572172812,84189,647,812,14355,
245.5368187440186,84189,646,813,14355,
245.5413444960299,84189,645,814,14355,
245.543053517974,84189,644,815,14355,
245.54365117705711,84188,645,815,14355,
245.54684310872662,84188,644,816,14355,
245.5479378748793,84188,643,817,14355,
245.5489225827399,84187,644,817,14355,
245.5504290516777,84187,643,818,14355,
245.55084773565608,84186,644,818,14355,
245.55364645643036,84185,645,818,14355,
245.5537713768616,84185,644,819,14355,
245.5540543223323,84185,643,820,14355,
245.55575972851256,84185,642,821,14355,
245.55636802388685,84185,641,822,14355,
245.5573906986216,84184,642,822,14355,
245.56012676189698,84184,642,821,14356,
245.5635030565846,84184,641,822,14356,
245.56430192636907,84184,640,823,14356,
245.5675714795982,84183,641,823,14356,
245.5728555246884,84183,641,822,14357,
245.57375134735335,84183,641,821,14358,
245.57410695524425,84183,640,822,14358,
245.5782362289061,84183,640,821,14359,
245.58212115514573,84183,639,822,14359,
245.58229967408943,84182,640,822,14359,
245.5827246972389,84182,640,821,14360,
245.5848765402256,84181,641,821,14360,
245.5857840830272,84181,640,822,14360,
245.58655573893967,84180,641,822,14360,
245.5925802071948,84180,641,821,14361,
245.59762504410327,84179,642,821,14361,
245.5977865419095,84178,643,821,14361,
245.6027094727366,84178,642,822,14361,
245.60810470936323,84178,642,821,14362,
245.60915585250078,84178,642,820,14363,
245.6100508330855,84178,641,821,14363,
245.6104217436667,84177,642,821,14363,
245.6104633502247,84177,642,820,14364,
245.61090986804666,84177,642,819,14365,
245.61122122473697,84177,641,820,14365,
245.6118679677656,84177,641,819,14366,
245.61542082566763,84177,640,820,14366,
245.6208940497818,84177,640,819,14367,
245.62405182347672,84177,640,818,14368,
245.62639535498465,84177,640,817,14369,
245.62861762397026,84177,639,818,14369,
245.63365455298592,84176,640,818,14369,
245.6349662685875,84175,641,818,14369,
245.63816198792216,84175,640,819,14369,
245.63827348850197,84175,640,818,14370,
245.63911275783906,84175,639,819,14370,
245.63938867168315,84174,640,819,14370,
245.64290217211897,84173,641,819,14370,
245.64349129707077,84173,640,820,14370,
245.64580773557998,84173,639,821,14370,
245.64589509361184,84172,640,821,14370,
245.65269685681312,84171,641,821,14370,
245.6556259415685,84171,641,820,14371,
245.65803575628266,84170,642,820,14371,
245.66118871942513,84169,643,820,14371,
245.6650547472446,84169,643,819,14372,
245.6674555134324,84168,644,819,14372,
245.6726591496063,84168,644,818,14373,
245.6764443949584,84167,645,818,14373,
245.67982382762895,84166,646,818,14373,
245.68158210286217,84166,646,817,14374,
245.68722667926588,84166,645,818,14374,
245.68891995815406,84166,644,819,14374,
245.68919629229927,84166,644,818,14375,
245.69151457660269,84166,643,819,14375,
245.6928059440883,84166,642,820,14375,
245.6930751379739,84166,641,821,14375,
245.69321875367623,84165,642,821,14375,
245.69346204010273,84165,641,822,14375,
245.6949588129693,84165,641,821,14376,
245.69650910896416,84165,640,822,14376,
245.69863625715598,84165,639,823,14376,
245.70163641594377,84165,639,822,14377,
245.70284107752425,84165,638,823,14377,
245.70611489416962,84164,639,823,14377,
245.70890003784643,84164,638,824,14377,
245.71244720088015,84164,637,825,14377,
245.71635173309699,84164,636,826,14377,
245.7166619957087,84163,637,826,14377,
245.71710143193994,84162,638,826,14377,
245.7199489180378,84161,639,826,14377,
245.72110240710606,84161,638,827,14377,
245.7218073753276,84161,637,828,14377,
245.73123098889945,84161,636,829,14377,
245.73921205160426,84160,637,829,14377,
245.74025015434466,84159,638,829,14377,
245.74030804382804,84159,638,828,14378,
245.74189339398976,84159,637,829,14378,
245.75105657204494,84159,637,828,14379,
245.7514879236765,84159,636,829,14379,
245.75172658638442,84158,637,829,14379,
245.75960290255082,84157,638,829,14379,
245.76037638379026,84156,639,829,14379,
245.76108786631178,84156,638,830,14379,
245.76306628761185,84156,637,831,14379,
245.76786123674376,84156,637,830,14380,
245.76994094756577,84156,637,829,14381,
245.77149655646232,84155,638,829,14381,
245.772674657401,84154,639,829,14381,
245.77464566271027,84153,640,829,14381,
245.7774172827806,84153,640,828,14382,
245.7782378964581,84153,639,829,14382,
245.7800322262158,84153,638,830,14382,
245.78263224935137,84153,638,829,14383,
245.78414500836595,84153,637,830,14383,
245.7900807560259,84152,638,830,14383,
245.79761747841823,84152,637,831,14383,
245.79834919586688,84152,636,832,14383,
245.80087165156726,84151,637,832,14383,
245.8014136548699,84150,638,832,14383,
245.80332393115955,84150,637,833,14383,
245.80528465856958,84149,638,833,14383,
245.806096288764,84149,637,834,14383,
245.80957048072923,84148,638,834,14383,
245.81071741304308,84147,639,834,14383,
245.812708881409,84146,640,834,14383,
245.81836271131922,84145,641,834,14383,
245.82830998231563,84145,640,835,14383,
245.8286117113429,84145,639,836,14383,
245.83219260665481,84144,640,836,14383,
245.83296206937308,84144,640,835,14384,
245.83526584643084,84144,640,834,14385,
245.83952803423838,84144,640,833,14386,
245.84008535732372,84144,640,832,14387,
245.84047994086185,84144,639,833,14387,
245.84253746590844,84144,638,834,14387,
245.845611217845,84144,637,835,14387,
245.84624089231372,84143,638,835,14387,
245.84636873637868,84143,637,836,14387,
245.8504092692369,84143,637,835,14388,
245.85216989495555,84143,636,836,14388,
245.85288261866384,84143,635,837,14388,
245.8544355387731,84142,636,837,14388,
245.8547961751903,84142,635,838,14388,
245.85494820654037,84142,635,837,14389,
245.85591243327806,84141,636,837,14389,
245.85858857609122,84141,635,838,14389,
245.86012624985523,84141,635,837,14390,
245.86401789382398,84141,634,838,14390,
245.86637352488216,84140,635,838,14390,
245.8670900149739,84140,634,839,14390,
245.86730175543656,84140,633,840,14390,
245.87259387183568,84139,634,840,14390,
245.88669773907077,84139,634,839,14391,
245.88717543562288,84138,635,839,14391,
245.8977236715624,84137,636,839,14391,
245.9020641397765,84136,637,839,14391,
245.90238687431383,84136,636,840,14391,
245.90448643080208,84135,637,840,14391,
245.90614665161866,84134,638,840,14391,
245.907643966403,84134,637,841,14391,
245.91449625930065,84134,636,842,14391,
245.92235064389325,84133,637,842,14391,
245.92305715363494,84132,638,842,14391,
245.92736410107975,84131,639,842,14391,
245.9292814455625,84131,638,843,14391,
245.92966683931022,84131,638,842,14392,
245.92972363264158,84131,638,841,14393,
245.9320070985268,84131,637,842,14393,
245.9367988438435,84130,638,842,14393,
245.93737303125334,84129,639,842,14393,
245.9403370516077,84129,638,843,14393,
245.94292085770508,84129,637,844,14393,
245.943006841919,84129,637,843,14394,
245.94880949121554,84129,637,842,14395,
245.95862365476628,84129,636,843,14395,
245.95948436887994,84129,635,844,14395,
245.96017303556766,84129,635,843,14396,
245.9623533331398,84128,636,843,14396,
245.96437005915823,84128,635,844,14396,
245.96544542352584,84127,636,844,14396,
245.96585662570197,84126,637,844,14396,
245.9660925351064,84125,638,844,14396,
245.96823857054883,84125,638,843,14397,
245.96993843811794,84125,638,842,14398,
245.9710603246136,84125,638,841,14399,
245.97781349710903,84125,638,840,14400,
245.97851649410012,84125,638,839,14401,
245.9801589357686,84125,638,838,14402,
245.9805893610192,84124,639,838,14402,
245.98223327711528,84124,639,837,14403,
245.9823963068086,84124,639,836,14404,
245.98289037559908,84123,640,836,14404,
245.98350693072243,84123,639,837,14404,
245.99046268567497,84123,638,838,14404,
245.993178422288,84123,638,837,14405,
245.99612207024728,84123,637,838,14405,
245.99627041364394,84123,636,839,14405,
245.9990273617712,84123,635,840,14405,
246.0016665132747,84123,635,839,14406,
246.00186411227926,84122,636,839,14406,
246.00915196663902,84122,636,838,14407,
246.01493909726622,84122,635,839,14407,
246.0205233481256,84121,636,839,14407,
246.02305606678075,84121,635,840,14407,
246.0313091197365,84121,635,839,14408,
246.03169429531465,84120,636,839,14408,
246.0324576634045,84120,635,840,14408,
246.03691327265665,84120,634,841,14408,
246.03907511704148,84119,635,841,14408,
246.0429617706646,84118,636,841,14408,
246.04301684866368,84118,635,842,14408,
246.04364897646963,84118,635,841,14409,
246.0437572174796,84117,636,841,14409,
246.0441965018344,84117,635,842,14409,
246.04532549558908,84117,635,841,14410,
246.04576466647876,84116,636,841,14410,
246.0500991551984,84116,635,842,14410,
246.05564698937792,84116,634,843,14410,
246.05651260376203,84116,634,842,14411,
246.05740428976517,84116,633,843,14411,
246.0597130063528,84116,633,842,14412,
246.06141961440986,84115,634,842,14412,
246.0646746176008,84114,635,842,14412,
246.06816064840316,84114,635,841,14413,
246.07252776021747,84113,636,841,14413,
246.07501603535172,84112,637,841,14413,
246.0772951568742,84112,637,840,14414,
246.077537882817,84112,636,841,14414,
246.07779443364683,84112,636,840,14415,
246.08234054718693,84112,635,841,14415,
246.08607803614106,84112,635,840,14416,
246.08856479579399,84111,636,840,14416,
246.09306598688315,84111,635,841,14416,
246.09637131066785,84111,634,842,14416,
246.0966423870888,84111,634,841,14417,
246.1008024066761,84110,635,841,14417,
246.1066658206224,84109,636,841,14417,
246.1077457754773,84109,636,840,14418,
246.10911333727023,84108,637,840,14418,
246.1102345042825,84108,637,839,14419,
246.11229493832076,84108,637,838,14420,
246.11339706019956,84108,636,839,14420,
246.12317828445705,84108,636,838,14421,
246.125575632707,84108,635,839,14421,
246.1298503501558,84108,635,838,14422,
246.13036835389778,84108,635,837,14423,
246.13502622966294,84108,635,836,14424,
246.13708040928992,84107,636,836,14424,
246.14264011839964,84107,635,837,14424,
246.1432314857021,84107,635,836,14425,
246.1442201879735,84107,634,837,14425,
246.14443308817144,84107,634,836,14426,
246.14515968948302,84106,635,836,14426,
246.14702770752493,84106,634,837,14426,
246.14716720167834,84105,635,837,14426,
246.1505356321163,84105,635,836,14427,
246.15088873560674,84104,636,836,14427,
246.15334604637084,84104,636,835,14428,
246.15538610308326,84103,637,835,14428,
246.16093399493096,84102,638,835,14428,
246.16758026696903,84102,637,836,14428,
246.17428914980627,84102,636,837,14428,
246.17625672190047,84102,636,836,14429,
246.178751876898,84102,635,837,14429,
246.1830673366981,84102,635,836,14430,
246.18721909679363,84101,636,836,14430,
246.19182358651736,84101,635,837,14430,
246.19402169341188,84100,636,837,14430,
246.19823501146612,84100,635,838,14430,
246.19985376112768,84099,636,838,14430,
246.20082075434672,84099,636,837,14431,
246.20176290638682,84098,637,837,14431,
246.20853353668093,84098,636,838,14431,
246.20856905117293,84098,635,839,14431,
246.20933936197804,84098,635,838,14432,
246.21083077560726,84097,636,838,14432,
246.2122660658183,84097,635,839,14432,
246.2145965110728,84096,636,839,14432,
246.21620744233226,84096,636,838,14433,
246.21834091875394,84096,636,837,14434,
246.2203515747831,84096,635,838,14434,
246.22042939702445,84096,634,839,14434,
246.22278431962525,84095,635,839,14434,
246.2275836511435,84095,635,838,14435,
246.23207955125213,84095,635,837,14436,
246.23604444080928,84095,634,838,14436,
246.23702672349083,84095,633,839,14436,
246.24109591092517,84094,634,839,14436,
246.24193254442932,84094,634,838,14437,
246.2453724365694,84093,635,838,14437,
246.24865456813197,84093,635,837,14438,
246.24895569656456,84092,636,837,14438,
246.2504536307378,84091,637,837,14438,
246.25722192927472,84091,637,836,14439,
246.2684093895068,84091,637,835,14440,
246.27015151678106,84090,638,835,14440,
246.27092341323151,84089,639,835,14440,
246.2715598614141,84089,639,834,14441,
246.27671187472575,84089,638,835,14441,
246.28214822283604,84088,639,835,14441,
246.2840600371571,84087,640,835,14441,
246.28712278694573,84086,641,835,14441,
246.28836262359752,84085,642,835,14441,
246.2926344435247,84085,641,836,14441,
246.2935027260947,84084,642,836,14441,
246.2954881024992,84083,643,836,14441,
246.29560148987736,84082,644,836,14441,
246.29685570854093,84082,643,837,14441,
246.30961426008787,84081,644,837,14441,
246.31177655246063,84081,643,838,14441,
246.31339612322367,84080,644,838,14441,
246.3145742981824,84080,643,839,14441,
246.31671117127408,84079,644,839,14441,
246.3174223387321,84079,644,838,14442,
246.3182146083962,84079,644,837,14443,
246.32049019452967,84079,644,836,14444,
246.32090273450518,84079,644,835,14445,
246.32489859190136,84079,644,834,14446,
246.32716081255677,84079,643,835,14446,
246.32988647752782,84078,644,835,14446,
246.33019963907938,84077,645,835,14446,
246.33100969070276,84077,645,834,14447,
246.33114880834734,84076,646,834,14447,
246.3345639303988,84075,647,834,14447,
246.33948460858414,84075,646,835,14447,
246.3415942539201,84074,647,835,14447,
246.3427589939972,84073,648,835,14447,
246.34614107678235,84072,649,835,14447,
246.35071276967557,84071,650,835,14447,
246.35099177499325,84070,651,835,14447,
246.35872007043528,84069,652,835,14447,
246.35963734383623,84069,651,836,14447,
246.36028265611264,84069,651,835,14448,
246.36186809271695,84069,651,834,14449,
246.36571836565545,84069,650,835,14449,
246.3730981989525,84069,649,836,14449,
246.37605577364448,84069,648,837,14449,
246.3806163000997,84069,648,836,14450,
246.38504942267403,84069,647,837,14450,
246.38535111559221,84069,647,836,14451,
246.38920269671704,84068,648,836,14451,
246.39389001973694,84067,649,836,14451,
246.39587252467985,84067,648,837,14451,
246.39822569623902,84066,649,837,14451,
246.3990748891562,84066,648,838,14451,
246.4020695968887,84066,648,837,14452,
246.40219985954252,84066,647,838,14452,
246.40321229977656,84066,646,839,14452,
246.40495041696016,84066,645,840,14452,
246.40741454213207,84066,645,839,14453,
246.4091232420278,84066,645,838,14454,
246.40921872278625,84065,646,838,14454,
246.41238423879173,84065,646,837,14455,
246.41258466445473,84065,645,838,14455,
246.41440511122494,84065,645,837,14456,
246.41482249262987,84064,646,837,14456,
246.41602858571804,84063,647,837,14456,
246.4161037702161,84062,648,837,14456,
246.41983041984273,84062,648,836,14457,
246.42072490810426,84062,647,837,14457,
246.42172463808495,84062,646,838,14457,
246.42256012748882,84062,645,839,14457,
246.42364689021434,84062,645,838,14458,
246.4243885966066,84062,645,837,14459,
246.42505314565312,84061,646,837,14459,
246.4261098563863,84060,647,837,14459,
246.42692541557477,84060,647,836,14460,
246.42774417042492,84060,647,835,14461,
246.43042935252174,84059,648,835,14461,
246.4443318955361,84059,647,836,14461,
246.44480502166894,84059,646,837,14461,
246.44950512958437,84059,646,836,14462,
246.4495261170448,84059,646,835,14463,
246.45807325949554,84058,647,835,14463,
246.46313670972748,84057,648,835,14463,
246.47254279986237,84057,647,836,14463,
246.4753385764375,84056,648,836,14463,
246.47739067006464,84056,648,835,14464,
246.479988579844,84056,648,834,14465,
246.48438365598074,84055,649,834,14465,
246.48771856117278,84055,649,833,14466,
246.4893846963788,84055,648,834,14466,
246.49061883929696,84055,647,835,14466,
246.4919780354352,84055,646,836,14466,
246.49659595761403,84054,647,836,14466,
246.49861322873554,84054,647,835,14467,
246.5016826740912,84054,646,836,14467,
246.50377801031968,84053,647,836,14467,
246.50513417427626,84053,647,835,14468,
246.5066416540368,84053,646,836,14468,
246.5069516802181,84052,647,836,14468,
246.51317957475544,84051,648,836,14468,
246.51426522042195,84051,647,837,14468,
246.51461430631502,84050,648,837,14468,
246.52093206900685,84049,649,837,14468,
246.5320574832099,84049,649,836,14469,
246.53410677349015,84049,648,837,14469,
246.54065122157516,84049,647,838,14469,
246.54151905287677,84048,648,838,14469,
246.54642774854443,84048,647,839,14469,
246.54829606629045,84048,646,840,14469,
246.54844020374753,84048,645,841,14469,
246.548659163319,84048,644,842,14469,
246.5506227331322,84048,644,841,14470,
246.55115052920985,84048,644,840,14471,
246.55185311096915,84048,644,839,14472,
246.5538574500256,84048,643,840,14472,
246.55530064535466,84048,643,839,14473,
246.5565740448124,84048,643,838,14474,
246.55679982637076,84048,642,839,14474,
246.55695730629856,84048,641,840,14474,
246.56105611507815,84048,640,841,14474,
246.5631376035208,84048,639,842,14474,
246.56732520421826,84047,640,842,14474,
246.56778238773938,84047,639,843,14474,
246.56861230509247,84046,640,843,14474,
246.57000881035557,84046,640,842,14475,
246.57468934256198,84045,641,842,14475,
246.58031901754975,84045,641,841,14476,
246.58143853117744,84045,641,840,14477,
246.5822584762334,84045,640,841,14477,
246.58264221279126,84044,641,841,14477,
246.58295755127003,84043,642,841,14477,
246.58388996178113,84042,643,841,14477,
246.5853530284213,84042,643,840,14478,
246.5882511327114,84042,643,839,14479,
246.59306633883438,84042,643,838,14480,
246.59396782040608,84042,643,837,14481,
246.5947174598806,84041,644,837,14481,
246.59499164969236,84041,643,838,14481,
246.59801325848863,84040,644,838,14481,
246.59968740327338,84040,643,839,14481,
246.59987623258337,84040,643,838,14482,
246.60404153549132,84039,644,838,14482,
246.60473882357977,84038,645,838,14482,
246.60475463667788,84038,645,837,14483,
246.6054977531901,84037,646,837,14483,
246.60787301745117,84036,647,837,14483,
246.60886003170654,84036,647,836,14484,
246.60886649942643,84035,648,836,14484,
246.61103715030603,84034,649,836,14484,
246.61126980696443,84034,648,837,14484,
246.61388583791273,84034,648,836,14485,
246.6145589699824,84033,649,836,14485,
246.61914087471501,84033,648,837,14485,
246.62178476046736,84032,649,837,14485,
246.62398210477036,84031,650,837,14485,
246.6247856239995,84031,650,836,14486,
246.62508568560048,84030,651,836,14486,
246.628295517722,84030,651,835,14487,
246.62888874984895,84029,652,835,14487,
246.62953763319942,84029,651,836,14487,
246.62988964108968,84028,652,836,14487,
246.6304545589898,84028,651,837,14487,
246.63179941095237,84028,650,838,14487,
246.63573460649914,84028,650,837,14488,
246.63711410432532,84028,650,836,14489,
246.63967090436003,84028,649,837,14489,
246.64238710468837,84028,648,838,14489,
246.6491745043496,84028,648,837,14490,
246.64976589809044,84028,647,838,14490,
246.65228047352784,84028,646,839,14490,
246.65299390787098,84027,647,839,14490,
246.6537969560028,84026,648,839,14490,
246.6638154594312,84025,649,839,14490,
246.6638843627627,84025,649,838,14491,
246.66451507065767,84025,649,837,14492,
246.66795465546707,84024,650,837,14492,
246.67356513828017,84023,651,837,14492,
246.67423312257492,84023,651,836,14493,
246.6764559670504,84023,650,837,14493,
246.68202111170345,84023,650,836,14494,
246.68215476456822,84022,651,836,14494,
246.6823617363156,84021,652,836,14494,
246.68523940714354,84020,653,836,14494,
246.68613224184975,84020,653,835,14495,
246.68949889983833,84019,654,835,14495,
246.69423797785535,84019,653,836,14495,
246.6949183369013,84019,653,835,14496,
246.6967608987535,84019,652,836,14496,
246.6999312091323,84019,651,837,14496,
246.70067876231556,84018,652,837,14496,
246.70211151909857,84018,652,836,14497,
246.70252669018174,84018,651,837,14497,
246.705416452091,84018,651,836,14498,
246.70561632946706,84017,652,836,14498,
246.7067936004853,84017,651,837,14498,
246.70987776957773,84017,651,836,14499,
246.7129782301375,84016,652,836,14499,
246.71349354956166,84016,652,835,14500,
246.71792349025688,84016,651,836,14500,
246.71893812855598,84016,650,837,14500,
246.72378590377306,84016,649,838,14500,
246.72966036436054,84016,648,839,14500,
246.73177301147675,84016,647,840,14500,
246.73455614259615,84015,648,840,14500,
246.73667021483692,84015,647,841,14500,
246.73986992567094,84014,648,841,14500,
246.7474512049851,84013,649,841,14500,
246.75216120042202,84012,650,841,14500,
246.75224774497985,84012,649,842,14500,
246.75412700452148,84012,648,843,14500,
246.75749074233323,84012,647,844,14500,
246.7604147040918,84012,646,845,14500,
246.77008616411896,84011,647,845,14500,
246.77114291683228,84011,647,844,14501,
246.7718474559667,84010,648,844,14501,
246.7724379349169,84009,649,844,14501,
246.7736385608786,84009,649,843,14502,
246.77410915183225,84008,650,843,14502,
246.77500967729148,84008,650,842,14503,
246.77709142765187,84008,650,841,14504,
246.78008739685885,84008,649,842,14504,
246.78021581447612,84008,648,843,14504,
246.78232819766583,84008,648,842,14505,
246.78668041553894,84008,647,843,14505,
246.78684224506156,84008,646,844,14505,
246.7892207552302,84008,645,845,14505,
246.79112447026404,84008,644,846,14505,
246.7942758551592,84007,645,846,14505,
246.79831438863917,84006,646,846,14505,
246.79924775735395,84006,646,845,14506,
246.79943746358464,84006,645,846,14506,
246.80573339675342,84005,646,846,14506,
246.80619835076067,84005,645,847,14506,
246.80961799631297,84005,644,848,14506,
246.81117009559415,84005,644,847,14507,
246.81226300478016,84005,644,846,14508,
246.8168354431094,84005,643,847,14508,
246.81908279904988,84004,644,847,14508,
246.8193671098019,84004,643,848,14508,
246.8247998634364,84004,642,849,14508,
246.82600137761833,84004,642,848,14509,
246.83418710620938,84004,642,847,14510,
246.8350156901179,84004,641,848,14510,
246.83703516183158,84004,640,849,14510,
246.8379577878227,84003,641,849,14510,
246.84125287507382,84002,642,849,14510,
246.84306854895476,84002,641,850,14510,
246.84383056934098,84001,642,850,14510,
246.8465080361717,84001,642,849,14511,
246.8489099345736,84001,642,848,14512,
246.84953867984473,84001,641,849,14512,
246.8497098573484,84000,642,849,14512,
246.84983609587442,83999,643,849,14512,
246.85013132783232,83998,644,849,14512,
246.85521162442714,83998,644,848,14513,
246.85754978405305,83998,643,849,14513,
246.86378046060446,83998,643,848,14514,
246.86442988031138,83997,644,848,14514,
246.86957948690068,83996,645,848,14514,
246.86974394390072,83996,645,847,14515,
246.87035309481922,83996,644,848,14515,
246.87090704226483,83996,643,849,14515,
246.87175532565143,83996,643,848,14516,
246.87175877001877,83996,642,849,14516,
246.8741107586384,83996,642,848,14517,
246.87909723455874,83995,643,848,14517,
246.88355558143505,83995,642,849,14517,
246.88392614171593,83995,642,848,14518,
246.88485021005295,83995,641,849,14518,
246.88741788800195,83995,641,848,14519,
246.89081679940617,83994,642,848,14519,
246.89181432613287,83993,643,848,14519,
246.89425155802843,83993,643,847,14520,
246.89582983045375,83992,644,847,14520,
246.9019709856609,83992,644,846,14521,
246.90341677587193,83992,643,847,14521,
246.90533622011307,83992,642,848,14521,
246.90629492259743,83992,642,847,14522,
246.90811772983187,83992,641,848,14522,
246.90968961647349,83992,640,849,14522,
246.90970998816982,83992,639,850,14522,
246.90983528713065,83992,638,851,14522,
246.91006211425335,83992,638,850,14523,
246.9100746000332,83992,637,851,14523,
246.91445142339072,83992,636,852,14523,
246.91609839248716,83992,636,851,14524,
246.91647592601657,83991,637,851,14524,
246.92105568815964,83991,637,850,14525,
246.92329240920688,83991,637,849,14526,
246.92457751359743,83991,637,848,14527,
246.92508047345194,83990,638,848,14527,
246.92523262688852,83989,639,848,14527,
246.92528863746148,83989,638,849,14527,
246.92740442986266,83989,637,850,14527,
246.93416359860117,83989,637,849,14528,
246.9401369539892,83988,638,849,14528,
246.94149383278582,83987,639,849,14528,
246.94369553038666,83986,640,849,14528,
246.94399735822103,83985,641,849,14528,
246.94659109060942,83984,642,849,14528,
246.94669207180135,83984,641,850,14528,
246.95232931208605,83984,640,851,14528,
246.95499024110956,83984,640,850,14529,
246.9550244761153,83984,639,851,14529,
246.95612967644405,83983,640,851,14529,
246.95822982524243,83983,640,850,14530,
246.95887637442743,83983,639,851,14530,
246.96139621121645,83982,640,851,14530,
246.96341288877315,83981,641,851,14530,
246.96542077673087,83980,642,851,14530,
246.97105254831897,83980,641,852,14530,
246.97795907352034,83980,641,851,14531,
246.9888545456873,83980,641,850,14532,
246.99235322984552,83979,642,850,14532,
246.9934856928373,83978,643,850,14532,
246.9966831365711,83978,643,849,14533,
247.0048109029627,83977,644,849,14533,
247.00963957417443,83977,644,848,14534,
247.01378172647256,83977,644,847,14535,
247.01464105149915,83977,644,846,14536,
247.01776708485593,83977,644,845,14537,
247.03138064283243,83977,643,846,14537,
247.0337638304469,83977,643,845,14538,
247.03393856627204,83976,644,845,14538,
247.03476219387474,83975,645,845,14538,
247.03612004919938,83974,646,845,14538,
247.0389120166449,83973,647,845,14538,
247.03916118457988,83972,648,845,14538,
247.04166957645273,83972,647,846,14538,
247.05842929488676,83972,647,845,14539,
247.06158223564879,83971,648,845,14539,
247.06491348193043,83970,649,845,14539,
247.06511758656183,83970,648,846,14539,
247.06629491155803,83970,647,847,14539,
247.06672967281983,83970,646,848,14539,
247.0700580029054,83970,645,849,14539,
247.08090957456926,83969,646,849,14539,
247.08449442700177,83969,646,848,14540,
247.084553896704,83968,647,848,14540,
247.0890408466341,83968,646,849,14540,
247.09040350662306,83968,646,848,14541,
247.09306170760792,83967,647,848,14541,
247.09449522375417,83967,646,849,14541,
247.09550080822683,83967,646,848,14542,
247.10304672469363,83967,645,849,14542,
247.10406805657098,83967,644,850,14542,
247.1084341805168,83967,643,851,14542,
247.11451665312342,83967,643,850,14543,
247.11664869925153,83967,643,849,14544,
247.11686273950912,83967,643,848,14545,
247.11848486271606,83967,643,847,14546,
247.12083673019404,83967,643,846,14547,
247.12186732457448,83966,644,846,14547,
247.12384997998893,83966,643,847,14547,
247.1249361821566,83965,644,847,14547,
247.12617583297768,83964,645,847,14547,
247.12927444095155,83963,646,847,14547,
247.13392714237517,83963,646,846,14548,
247.13502687927945,83963,646,845,14549,
247.13581296891178,83962,647,845,14549,
247.13659807232904,83962,646,846,14549,
247.13898700581024,83962,646,845,14550,
247.14023153213606,83961,647,845,14550,
247.14057937312958,83960,648,845,14550,
247.15059991176935,83959,649,845,14550,
247.15069035741996,83958,650,845,14550,
247.15088583985872,83958,649,846,14550,
247.15521406747035,83958,649,845,14551,
247.16234854443448,83958,649,844,14552,
247.16418236455732,83958,649,843,14553,
247.16461661483322,83957,650,843,14553,
247.16605600378165,83956,651,843,14553,
247.1718036626632,83956,650,844,14553,
247.17269286993962,83956,650,843,14554,
247.17544395152876,83956,649,844,14554,
247.1765570922822,83955,650,844,14554,
247.17712868821948,83955,650,843,14555,
247.17963588520936,83955,649,844,14555,
247.18021237626664,83955,649,843,14556,
247.1830030614163,83955,648,844,14556,
247.18471161338883,83954,649,844,14556,
247.18551614436007,83953,650,844,14556,
247.18592056082858,83953,649,845,14556,
247.19201164755523,83953,648,846,14556,
247.19392969128072,83953,647,847,14556,
247.19676215629275,83952,648,847,14556,
247.1974674838582,83952,648,846,14557,
247.1987018914992,83952,647,847,14557,
247.20323582283913,83951,648,847,14557,
247.2146361054987,83950,649,847,14557,
247.2155807045287,83949,650,847,14557,
247.2160905262015,83949,650,846,14558,
247.22123405360162,83948,651,846,14558,
247.22948877559654,83948,650,847,14558,
247.22961653351246,83948,650,846,14559,
247.23147705483265,83948,650,845,14560,
247.23825925428264,83948,649,846,14560,
247.240029869871,83947,650,846,14560,
247.24055539528845,83946,651,846,14560,
247.24867838947287,83945,652,846,14560,
247.2489887545403,83945,652,845,14561,
247.24906873970056,83944,653,845,14561,
247.24924637880827,83943,654,845,14561,
247.25494504919203,83942,655,845,14561,
247.2556320462321,83942,654,846,14561,
247.25650812457005,83942,653,847,14561,
247.2625322919916,83941,654,847,14561,
247.26311568163817,83941,653,848,14561,
247.2635378048756,83941,653,847,14562,
247.26477419198886,83941,653,846,14563,
247.2661109871846,83941,652,847,14563,
247.2689000263704,83941,651,848,14563,
247.27055600182445,83941,650,849,14563,
247.2721970548832,83940,651,849,14563,
247.27231024362501,83940,651,848,14564,
247.27618981566928,83939,652,848,14564,
247.28288299927868,83939,652,847,14565,
247.2860891911152,83939,651,848,14565,
247.29187841415398,83939,651,847,14566,
247.29194385555488,83939,650,848,14566,
247.29417873204443,83938,651,848,14566,
247.295930809586,83938,651,847,14567,
247.3016159408818,83938,651,846,14568,
247.3039936671589,83938,650,847,14568,
247.30512884609377,83938,650,846,14569,
247.31005134119334,83938,649,847,14569,
247.31072756205634,83937,650,847,14569,
247.31449605427864,83936,651,847,14569,
247.31601799183716,83936,650,848,14569,
247.32044673879903,83936,650,847,14570,
247.3231980705931,83936,650,846,14571,
247.3237913013326,83935,651,846,14571,
247.32757119481474,83935,650,847,14571,
247.33128155994876,83934,651,847,14571,
247.33213851698176,83934,651,846,14572,
247.33251023377653,83934,650,847,14572,
247.33382547512292,83934,649,848,14572,
247.33384719963973,83934,648,849,14572,
247.33424092419585,83934,647,850,14572,
247.33465223819655,83934,647,849,14573,
247.33467506569764,83933,648,849,14573,
247.33470255954435,83933,647,850,14573,
247.3384885976922,83933,647,849,14574,
247.34105855825132,83933,647,848,14575,
247.3445422848298,83933,646,849,14575,
247.35346750658235,83932,647,849,14575,
247.35750411687633,83931,648,849,14575,
247.36023237993143,83931,648,848,14576,
247.36176239638002,83930,649,848,14576,
247.3626990471453,83930,649,847,14577,
247.36328107749588,83930,648,848,14577,
247.3636825514849,83929,649,848,14577,
247.36372699029155,83929,648,849,14577,
247.36681909708932,83929,647,850,14577,
247.37111855801209,83928,648,850,14577,
247.37957772104411,83928,648,849,14578,
247.37989203752295,83927,649,849,14578,
247.3886690782769,83927,648,850,14578,
247.39116524268837,83927,648,849,14579,
247.3918591168938,83926,649,849,14579,
247.3928102577328,83926,649,848,14580,
247.39342235308686,83926,648,849,14580,
247.39686314285842,83926,648,848,14581,
247.40569963489,83925,649,848,14581,
247.4070294765558,83925,648,849,14581,
247.4091586524676,83925,647,850,14581,
247.41034370267357,83925,646,851,14581,
247.41056037245386,83925,646,850,14582,
247.41121961418827,83924,647,850,14582,
247.41193511861482,83923,648,850,14582,
247.41210030342447,83923,647,851,14582,
247.41716997727082,83923,647,850,14583,
247.41860230358523,83923,647,849,14584,
247.42010287980096,83923,646,850,14584,
247.42133181435207,83923,645,851,14584,
247.42152579771104,83922,646,851,14584,
247.42943531204537,83922,646,850,14585,
247.43484948225856,83921,647,850,14585,
247.4368454697188,83920,648,850,14585,
247.4376909586329,83920,648,849,14586,
247.43807772720774,83919,649,849,14586,
247.44515793878875,83919,648,850,14586,
247.4515891697343,83918,649,850,14586,
247.45497147342377,83917,650,850,14586,
247.45558775969286,83916,651,850,14586,
247.4694741203692,83916,651,849,14587,
247.47633393564826,83915,652,849,14587,
247.47640219252017,83914,653,849,14587,
247.47665341735004,83914,653,848,14588,
247.47743181195526,83914,652,849,14588,
247.47845897114877,83914,651,850,14588,
247.4786026511025,83913,652,850,14588,
247.48049425529013,83913,651,851,14588,
247.48417948621676,83912,652,851,14588,
247.4853955010354,83911,653,851,14588,
247.48765549000393,83910,654,851,14588,
247.49270041305232,83909,655,851,14588,
247.49505770936076,83909,654,852,14588,
247.49605047334154,83909,653,853,14588,
247.5017015949342,83908,654,853,14588,
247.50257896944044,83907,655,853,14588,
247.50491691952624,83907,654,854,14588,
247.5053393402157,83907,653,855,14588,
247.50594901733123,83906,654,855,14588,
247.5074802521502,83906,654,854,14589,
247.50752824338034,83906,654,853,14590,
247.50785474321597,83906,653,854,14590,
247.50913269921986,83906,652,855,14590,
247.51360253221765,83906,651,856,14590,
247.51414017658234,83906,651,855,14591,
247.51508721576752,83905,652,855,14591,
247.52322924305875,83905,652,854,14592,
247.5265184458185,83905,651,855,14592,
247.53807008899085,83904,652,855,14592,
247.53958113012945,83904,652,854,14593,
247.5419353976324,83903,653,854,14593,
247.5453657350478,83902,654,854,14593,
247.54608889527154,83901,655,854,14593,
247.54628393778577,83901,655,853,14594,
247.54637705529913,83901,654,854,14594,
247.54760979009302,83901,654,853,14595,
247.5573008328265,83900,655,853,14595,
247.55841569300205,83900,655,852,14596,
247.56370831863006,83900,655,851,14597,
247.5686902013138,83899,656,851,14597,
247.572786698102,83899,656,850,14598,
247.57559888867135,83899,656,849,14599,
247.5762482523114,83898,657,849,14599,
247.57711204774043,83898,656,850,14599,
247.57719266500476,83897,657,850,14599,
247.5787616391514,83896,658,850,14599,
247.57955313710653,83895,659,850,14599,
247.58445833860594,83894,660,850,14599,
247.58548548058204,83893,661,850,14599,
247.5885803672408,83893,660,851,14599,
247.58931254110894,83893,659,852,14599,
247.5894673973341,83893,658,853,14599,
247.5901142613543,83892,659,853,14599,
247.59024290450856,83891,660,853,14599,
247.59127104605432,83891,660,852,14600,
247.59360087319914,83891,660,851,14601,
247.59489247304975,83891,660,850,14602,
247.59988315808968,83891,659,851,14602,
247.60174588226684,83890,660,851,14602,
247.60238989823176,83890,660,850,14603,
247.6053440281299,83890,660,849,14604,
247.60750976098296,83889,661,849,14604,
247.6095967387296,83889,660,850,14604,
247.6147143595002,83889,660,849,14605,
247.61507134971814,83889,660,848,14606,
247.61598444953404,83888,661,848,14606,
247.61664903580365,83888,661,847,14607,
247.61882266104647,83887,662,847,14607,
247.61961184094423,83887,661,848,14607,
247.62107041781562,83887,660,849,14607,
247.62802028616417,83887,659,850,14607,
247.6344743007046,83887,658,851,14607,
247.63557724085277,83887,657,852,14607,
247.63921444607377,83887,657,851,14608,
247.6422735019246,83887,657,850,14609,
247.64860365312245,83886,658,850,14609,
247.64893294107912,83886,658,849,14610,
247.654336641125,83886,657,850,14610,
247.66290491208053,83886,656,851,14610,
247.66707753641555,83886,656,850,14611,
247.6697281717713,83886,655,851,14611,
247.6723810722375,83885,656,851,14611,
247.67631630838693,83885,655,852,14611,
247.6773973031516,83885,654,853,14611,
247.68018811107373,83885,653,854,14611,
247.68026476245808,83885,652,855,14611,
247.68174873030136,83885,651,856,14611,
247.68433308416468,83884,652,856,14611,
247.68850987131117,83884,651,857,14611,
247.69102997869243,83883,652,857,14611,
247.694919341172,83883,652,856,14612,
247.6963989079959,83883,651,857,14612,
247.69756370651925,83883,650,858,14612,
247.6978301263353,83883,649,859,14612,
247.70164623901158,83882,650,859,14612,
247.70374805378552,83882,650,858,14613,
247.70439000550135,83882,649,859,14613,
247.7070992513911,83881,650,859,14613,
247.71019195738467,83881,649,860,14613,
247.7106341424025,83880,650,860,14613,
247.71115605247118,83880,650,859,14614,
247.71430817740386,83880,650,858,14615,
247.7143937233744,83880,650,857,14616,
247.71497952015824,83880,649,858,14616,
247.72044002209506,83879,650,858,14616,
247.72243555961361,83878,651,858,14616,
247.7253496368871,83878,650,859,14616,
247.72940990962513,83878,649,860,14616,
247.73338703372062,83878,648,861,14616,
247.7334208770116,83878,647,862,14616,
247.7347720695431,83877,648,862,14616,
247.73775712419467,83877,647,863,14616,
247.73993552591665,83877,647,862,14617,
247.7418488653433,83877,646,863,14617,
247.74210024340448,83876,647,863,14617,
247.74310010092657,83875,648,863,14617,
247.74890569899586,83875,648,862,14618,
247.75508753873754,83875,647,863,14618,
247.75587792678104,83875,646,864,14618,
247.76318381905185,83875,646,863,14619,
247.7694021843176,83874,647,863,14619,
247.77059711487732,83874,647,862,14620,
247.77108623058717,83874,647,861,14621,
247.77112667361192,83873,648,861,14621,
247.7717799804157,83873,647,862,14621,
247.77415213420494,83872,648,862,14621,
247.7753350640971,83872,647,863,14621,
247.77670962288215,83871,648,863,14621,
247.77901912194832,83871,647,864,14621,
247.77909491379896,83871,647,863,14622,
247.7793770030145,83871,646,864,14622,
247.78281273476148,83871,645,865,14622,
247.7854306127282,83871,644,866,14622,
247.78787910259535,83871,644,865,14623,
247.7879739885041,83871,644,864,14624,
247.79127599569483,83870,645,864,14624,
247.7915780590644,83870,644,865,14624,
247.7923592260978,83870,644,864,14625,
247.7942178686616,83869,645,864,14625,
247.79505946547357,83869,644,865,14625,
247.79619694105313,83869,643,866,14625,
247.79665222299408,83869,642,867,14625,
247.796702814193,83869,642,866,14626,
247.79949892686685,83869,641,867,14626,
247.79950622526397,83869,641,866,14627,
247.8016226356469,83869,640,867,14627,
247.80188536674606,83868,641,867,14627,
247.80478287605277,83867,642,867,14627,
247.8076591975165,83866,643,867,14627,
247.80825851653827,83866,642,868,14627,
247.80828027442186,83865,643,868,14627,
247.81068607646662,83865,642,869,14627,
247.8111290131303,83864,643,869,14627,
247.81181181516624,83864,643,868,14628,
247.812519643866,83864,643,867,14629,
247.81434210468842,83863,644,867,14629,
247.8145581052048,83862,645,867,14629,
247.81558555074994,83861,646,867,14629,
247.81645600522145,83860,647,867,14629,
247.82026018288062,83860,646,868,14629,
247.82104344100773,83860,645,869,14629,
247.82167750804868,83860,644,870,14629,
247.82309605850355,83859,645,870,14629,
247.8281263493808,83859,645,869,14630,
247.82931792856382,83859,645,868,14631,
247.82944903145443,83859,645,867,14632,
247.83045492486923,83859,645,866,14633,
247.83480981575855,83859,644,867,14633,
247.83568901369256,83859,644,866,14634,
247.8357370260409,83858,645,866,14634,
247.83957306759024,83858,644,867,14634,
247.83967472261787,83858,644,866,14635,
247.83987419052116,83858,643,867,14635,
247.84118318939602,83857,644,867,14635,
247.84171900247014,83857,644,866,14636,
247.84341094816273,83857,643,867,14636,
247.84518549746164,83857,643,866,14637,
247.85289462149169,83857,643,865,14638,
247.85914309108213,83857,643,864,14639,
247.86012487332073,83857,642,865,14639,
247.86151354761898,83857,642,864,14640,
247.8626224331012,83857,642,863,14641,
247.86265788899837,83857,642,862,14642,
247.8682730231229,83857,642,861,14643,
247.8685088915818,83857,641,862,14643,
247.86961846246226,83857,640,863,14643,
247.8700131489674,83856,641,863,14643,
247.87498370180296,83856,641,862,14644,
247.87830308108485,83855,642,862,14644,
247.88333893057322,83854,643,862,14644,
247.8876240474079,83854,642,863,14644,
247.89033176813444,83853,643,863,14644,
247.8932929341345,83853,642,864,14644,
247.89403339116933,83852,643,864,14644,
247.89622379450316,83852,642,865,14644,
247.9054668540787,83852,642,864,14645,
247.91014123208592,83851,643,864,14645,
247.9127910638582,83851,643,863,14646,
247.91415297548238,83851,642,864,14646,
247.91503770563634,83851,641,865,14646,
247.9159675502383,83851,641,864,14647,
247.92202964588236,83851,641,863,14648,
247.92320704246123,83850,642,863,14648,
247.92623351466494,83849,643,863,14648,
247.9289526898356,83848,644,863,14648,
247.93163876312954,83847,645,863,14648,
247.93335986457765,83846,646,863,14648,
247.9366794545445,83845,647,863,14648,
247.94238048574326,83844,648,863,14648,
247.94267232132503,83844,648,862,14649,
247.94292902248873,83844,648,861,14650,
247.94754062905977,83843,649,861,14650,
247.94998492384644,83843,649,860,14651,
247.95105231038966,83843,649,859,14652,
247.95367131838827,83843,648,860,14652,
247.956001124128,83843,647,861,14652,
247.95620122145084,83843,646,862,14652,
247.95827582327342,83843,645,863,14652,
247.9603578286163,83842,646,863,14652,
247.96260412311784,83841,647,863,14652,
247.96356390144706,83841,646,864,14652,
247.96703116109228,83840,647,864,14652,
247.96713628379484,83839,648,864,14652,
247.96766048116848,83838,649,864,14652,
247.97150381310874,83837,650,864,14652,
247.9722872411645,83837,649,865,14652,
247.97728345272063,83837,648,866,14652,
247.9839180891618,83837,647,867,14652,
247.9840891842686,83836,648,867,14652,
247.98624451420355,83835,649,867,14652,
247.98756535175613,83834,650,867,14652,
247.98788296510727,83833,651,867,14652,
247.9902822807281,83833,650,868,14652,
247.99060959871682,83833,650,867,14653,
248.00252725232463,83832,651,867,14653,
248.00634200554552,83832,650,868,14653,
248.00683343143422,83832,650,867,14654,
248.01217674153145,83832,649,868,14654,
248.0126524480446,83831,650,868,14654,
248.01676946204657,83831,649,869,14654,
248.02360816908666,83830,650,869,14654,
248.02639588487435,83830,649,870,14654,
248.0270293053843,83830,649,869,14655,
248.02989927416027,83829,650,869,14655,
248.0342121290393,83828,651,869,14655,
248.03486499476253,83828,651,868,14656,
248.03923090278704,83827,652,868,14656,
248.03969959150976,83826,653,868,14656,
248.04063113542702,83826,653,867,14657,
248.04195654078737,83826,653,866,14658,
248.04924753412863,83825,654,866,14658,
248.04925070009043,83824,655,866,14658,
248.05014138684174,83824,654,867,14658,
248.05084944737342,83824,653,868,14658,
248.0523598449331,83823,654,868,14658,
248.05411350918004,83822,655,868,14658,
248.0578627853063,83822,655,867,14659,
248.05863596248474,83821,656,867,14659,
248.0600367355924,83820,657,867,14659,
248.06113236710073,83819,658,867,14659,
248.06207002990158,83819,658,866,14660,
248.0635731640995,83819,657,867,14660,
248.06787451319818,83819,657,866,14661,
248.07385899780002,83819,656,867,14661,
248.07740446451547,83819,656,866,14662,
248.07871994880486,83818,657,866,14662,
248.07998218687482,83818,657,865,14663,
248.0817818514606,83817,658,865,14663,
248.09138877010872,83817,657,866,14663,
248.09142103394348,83816,658,866,14663,
248.09264381993725,83816,658,865,14664,
248.0935420571209,83816,657,866,14664,
248.10072914707598,83815,658,866,14664,
248.10188241320614,83814,659,866,14664,
248.1029814904235,83814,659,865,14665,
248.10396161037798,83814,659,864,14666,
248.10628826732375,83813,660,864,14666,
248.10736689946916,83812,661,864,14666,
248.10789556636897,83812,660,865,14666,
248.1085025920986,83812,659,866,14666,
248.11065941606395,83811,660,866,14666,
248.12050002106255,83811,660,865,14667,
248.1237549767218,83811,659,866,14667,
248.12616923158922,83811,659,865,14668,
248.1277759502073,83811,659,864,14669,
248.12936419099037,83811,658,865,14669,
248.13312785829808,83811,658,864,14670,
248.13414399637526,83811,657,865,14670,
248.14050596214048,83810,658,865,14670,
248.1409065242105,83809,659,865,14670,
248.14132536496317,83808,660,865,14670,
248.14202255143982,83808,660,864,14671,
248.1459091684139,83808,660,863,14672,
248.14732563256285,83807,661,863,14672,
248.1551033687201,83806,662,863,14672,
248.15669707252815,83805,663,863,14672,
248.15813327235423,83804,664,863,14672,
248.163001252308,83804,664,862,14673,
248.16336452995967,83803,665,862,14673,
248.16569031124757,83802,666,862,14673,
248.17127367789786,83802,666,861,14674,
248.17160999073243,83802,665,862,14674,
248.17270775143047,83802,665,861,14675,
248.1762761634163,83801,666,861,14675,
248.17891349752716,83801,665,862,14675,
248.1809487515407,83801,664,863,14675,
248.18224053060976,83800,665,863,14675,
248.18822116546286,83799,666,863,14675,
248.18878762519273,83799,665,864,14675,
248.19296319048766,83799,664,865,14675,
248.19664580740232,83799,664,864,14676,
248.19869940518947,83799,664,863,14677,
248.199225046726,83799,663,864,14677,
248.20288413199475,83798,664,864,14677,
248.2059140084753,83798,663,865,14677,
248.21033403504876,83798,662,866,14677,
248.21867993541466,83798,662,865,14678,
248.22094577895075,83798,661,866,14678,
248.22325722204445,83798,660,867,14678,
248.22365852932035,83798,660,866,14679,
248.2245220343407,83797,661,866,14679,
248.22484213966877,83797,661,865,14680,
248.22653044753588,83796,662,865,14680,
248.22785005943604,83796,662,864,14681,
248.22842331775058,83796,661,865,14681,
248.23100125046565,83796,661,864,14682,
248.23343119081431,83796,660,865,14682,
248.2335124809822,83795,661,865,14682,
248.23463211997853,83795,661,864,14683,
248.23729647996407,83795,660,865,14683,
248.23899387781728,83794,661,865,14683,
248.2418333440019,83793,662,865,14683,
248.24294831541886,83793,661,866,14683,
248.24323861198127,83792,662,866,14683,
248.24572478136713,83791,663,866,14683,
248.24640426979175,83790,664,866,14683,
248.25346840581344,83789,665,866,14683,
248.25442438807457,83789,665,865,14684,
248.25543174692905,83789,664,866,14684,
248.2612802935718,83789,663,867,14684,
248.26140294030233,83789,662,868,14684,
248.26420381737694,83789,661,869,14684,
248.26733189047732,83789,660,870,14684,
248.26950727326533,83788,661,870,14684,
248.27315909354743,83788,661,869,14685,
248.27490549747236,83788,660,870,14685,
248.27507914997378,83787,661,870,14685,
248.27963671959367,83786,662,870,14685,
248.2821194937185,83786,662,869,14686,
248.28803446812952,83786,661,870,14686,
248.29103469349724,83786,660,871,14686,
248.2937599047406,83786,660,870,14687,
248.29460530279422,83785,661,870,14687,
248.29764752935773,83784,662,870,14687,
248.29911072765302,83784,662,869,14688,
248.30227020890976,83784,661,870,14688,
248.30468795448587,83783,662,870,14688,
248.30550266295762,83783,662,869,14689,
248.30832547058318,83783,662,868,14690,
248.3088123584756,83782,663,868,14690,
248.30927995652013,83782,662,869,14690,
248.31266970659277,83781,663,869,14690,
248.31619838214007,83781,662,870,14690,
248.31942656561276,83781,662,869,14691,
248.3195361637881,83781,661,870,14691,
248.3196183116084,83781,660,871,14691,
248.32068310370533,83780,661,871,14691,
248.32388973691255,83780,660,872,14691,
248.33057960013699,83779,661,872,14691,
248.33155390123932,83779,660,873,14691,
248.33296812085504,83778,661,873,14691,
248.33413132175014,83777,662,873,14691,
248.33450500836915,83777,661,874,14691,
248.3370843739117,83776,662,874,14691,
248.34051463920883,83775,663,874,14691,
248.34330461104,83774,664,874,14691,
248.34622129688145,83773,665,874,14691,
248.35900827638545,83773,664,875,14691,
248.36013359200513,83773,663,876,14691,
248.36206093284065,83773,662,877,14691,
248.36238292554765,83773,662,876,14692,
248.36841651120585,83773,662,875,14693,
248.37396005961685,83773,661,876,14693,
248.37809306138456,83773,660,877,14693,
248.37939190277888,83773,660,876,14694,
248.38004773100738,83773,660,875,14695,
248.38280951302198,83773,660,874,14696,
248.3842642051266,83772,661,874,14696,
248.3846148836003,83771,662,874,14696,
248.38767948400505,83771,661,875,14696,
248.3906187726575,83771,660,876,14696,
248.392751709798,83771,659,877,14696,
248.39590267643828,83771,659,876,14697,
248.3973815805013,83771,659,875,14698,
248.40682295735286,83771,659,874,14699,
248.40809755664415,83771,658,875,14699,
248.41169897186185,83770,659,875,14699,
248.41648016459519,83769,660,875,14699,
248.41876994731842,83769,660,874,14700,
248.42326879720775,83768,661,874,14700,
248.42925416700663,83768,660,875,14700,
248.43153254808877,83768,659,876,14700,
248.4319487953133,83768,659,875,14701,
248.4350388261385,83768,659,874,14702,
248.4361807991237,83768,658,875,14702,
248.43834486342305,83768,658,874,14703,
248.44180160223172,83768,658,873,14704,
248.44348025528225,83768,658,872,14705,
248.44381939491015,83768,658,871,14706,
248.44582807695215,83767,659,871,14706,
248.4649613789115,83766,660,871,14706,
248.46945401599092,83766,659,872,14706,
248.469942575813,83766,658,873,14706,
248.47250537535095,83766,657,874,14706,
248.48149052585768,83766,656,875,14706,
248.4857148524473,83766,656,874,14707,
248.48612506411857,83766,656,873,14708,
248.48697776802055,83765,657,873,14708,
248.50397640629848,83765,656,874,14708,
248.50944198349887,83765,656,873,14709,
248.51129124329765,83764,657,873,14709,
248.51563518942677,83763,658,873,14709,
248.51722269157847,83763,658,872,14710,
248.521297054763,83763,658,871,14711,
248.52159653350373,83763,658,870,14712,
248.52561140000367,83763,657,871,14712,
248.5275381541977,83763,656,872,14712,
248.52754878171993,83763,655,873,14712,
248.52952013977028,83763,654,874,14712,
248.53184320864293,83762,655,874,14712,
248.5347968823784,83761,656,874,14712,
248.53482416443575,83761,655,875,14712,
248.53673967841195,83760,656,875,14712,
248.5391650872163,83759,657,875,14712,
248.54426539744077,83758,658,875,14712,
248.54592867331917,83758,657,876,14712,
248.55097624428257,83758,657,875,14713,
248.5560940432339,83758,657,874,14714,
248.5583414536312,83758,656,875,14714,
248.5651338261898,83758,655,876,14714,
248.56889858922085,83758,654,877,14714,
248.56912085985,83758,653,878,14714,
248.57090503402577,83757,654,878,14714,
248.5728563813102,83756,655,878,14714,
248.5731625878435,83756,655,877,14715,
248.5742442194402,83755,656,877,14715,
248.57469017269958,83755,656,876,14716,
248.58406534305576,83755,655,877,14716,
248.58515133600744,83755,655,876,14717,
248.58547389712265,83755,655,875,14718,
248.5856599104507,83755,655,874,14719,
248.58755606550164,83755,655,873,14720,
248.5875731706651,83755,654,874,14720,
248.58970311660931,83754,655,874,14720,
248.59953876711046,83753,656,874,14720,
248.6035398843875,83752,657,874,14720,
248.60608268857112,83752,657,873,14721,
248.60671591466672,83752,656,874,14721,
248.6074771343838,83751,657,874,14721,
248.61002691398022,83751,657,873,14722,
248.61117534675805,83751,657,872,14723,
248.6178776404853,83750,658,872,14723,
248.62284710928537,83750,657,873,14723,
248.62675954203013,83750,657,872,14724,
248.62965673010112,83749,658,872,14724,
248.63245845163829,83749,658,871,14725,
248.63560954081723,83748,659,871,14725,
248.63867467410373,83747,660,871,14725,
248.6390037721489,83747,660,870,14726,
248.63916473066115,83747,659,871,14726,
248.6464227350286,83747,659,870,14727,
248.65001477744218,83747,658,871,14727,
248.65622843340148,83747,658,870,14728,
248.66162673985826,83747,657,871,14728,
248.66494103158905,83746,658,871,14728,
248.66604617210368,83745,659,871,14728,
248.66718503613563,83745,659,870,14729,
248.66833919667795,83745,658,871,14729,
248.6691246947738,83744,659,871,14729,
248.66969150985452,83744,659,870,14730,
248.6814202753254,83744,659,869,14731,
248.68573466446418,83744,659,868,14732,
248.68678677030528,83743,660,868,14732,
248.68859558645642,83743,659,869,14732,
248.69639933778336,83742,660,869,14732,
248.69963967316218,83741,661,869,14732,
248.7007327161757,83740,662,869,14732,
248.70454338241836,83739,663,869,14732,
248.7061281761954,83739,663,868,14733,
248.70762839819383,83739,663,867,14734,
248.7130468767405,83739,662,868,14734,
248.71757619293115,83739,662,867,14735,
248.72230013009795,83739,661,868,14735,
248.72542543550873,83738,662,868,14735,
248.72745270105685,83738,662,867,14736,
248.72835543601062,83738,662,866,14737,
248.72939126021316,83737,663,866,14737,
248.7313377133476,83736,664,866,14737,
248.73185778310273,83736,664,865,14738,
248.73558309682218,83735,665,865,14738,
248.73670052560263,83735,665,864,14739,
248.7390070632588,83734,666,864,14739,
248.74176803043085,83734,666,863,14740,
248.74312655014307,83734,666,862,14741,
248.74329405318773,83734,666,861,14742,
248.74714126161516,83734,665,862,14742,
248.7493534780536,83733,666,862,14742,
248.75323701668074,83733,666,861,14743,
248.76739047061238,83733,666,860,14744,
248.76883241491274,83733,666,859,14745,
248.7714120797359,83733,666,858,14746,
248.77162488690962,83733,665,859,14746,
248.77211868254435,83732,666,859,14746,
248.77323754910682,83732,665,860,14746,
248.7739024455717,83731,666,860,14746,
248.7762812774006,83731,665,861,14746,
248.7773163461428,83731,665,860,14747,
248.77742177264258,83731,664,861,14747,
248.7843072947893,83731,664,860,14748,
248.79148580021186,83730,665,860,14748,
248.79239156795833,83730,665,859,14749,
248.79415129370818,83730,664,860,14749,
248.79834457846593,83730,663,861,14749,
248.79929649628826,83730,663,860,14750,
248.8030412210488,83729,664,860,14750,
248.80817914888618,83729,663,861,14750,
248.80991589558826,83729,663,860,14751,
248.81867005624372,83729,662,861,14751,
248.82069254128922,83729,661,862,14751,
248.82139282577393,83728,662,862,14751,
248.82485062417803,83727,663,862,14751,
248.82651590595952,83727,662,863,14751,
248.82906139787076,83727,662,862,14752,
248.8311756892801,83727,661,863,14752,
248.8381047944533,83727,660,864,14752,
248.8384079225762,83726,661,864,14752,
248.84447362233243,83726,660,865,14752,
248.8467036578456,83726,659,866,14752,
248.84919232420384,83726,658,867,14752,
248.84965005745113,83726,657,868,14752,
248.8545178184295,83726,656,869,14752,
248.85641234848117,83726,655,870,14752,
248.8594150005473,83726,655,869,14753,
248.85969599667672,83726,655,868,14754,
248.86137350006737,83725,656,868,14754,
248.86264845174304,83725,655,869,14754,
248.86545174737105,83725,655,868,14755,
248.8661883032079,83725,655,867,14756,
248.86878894951735,83724,656,867,14756,
248.87470554812202,83724,655,868,14756,
248.88321993783444,83724,655,867,14757,
248.88348670192818,83724,654,868,14757,
248.8873396484738,83724,654,867,14758,
248.8901291944881,83723,655,867,14758,
248.89093662176197,83723,654,868,14758,
248.89627280102087,83722,655,868,14758,
248.89742849780407,83721,656,868,14758,
248.897535434411,83720,657,868,14758,
248.89800927023708,83720,656,869,14758,
248.9000615068122,83720,655,870,14758,
248.90086003823984,83720,654,871,14758,
248.9067567897381,83719,655,871,14758,
248.90778142144626,83718,656,871,14758,
248.9130715780967,83717,657,871,14758,
248.91468882190114,83717,657,870,14759,
248.91974626032965,83716,658,870,14759,
248.9221317002445,83716,657,871,14759,
248.9344420149666,83716,657,870,14760,
248.9356655018317,83716,657,869,14761,
248.93919241654305,83715,658,869,14761,
248.9398128921096,83715,657,870,14761,
248.94417350520564,83715,656,871,14761,
248.9478652127231,83715,655,872,14761,
248.952983133285,83715,654,873,14761,
248.95317211687546,83715,653,874,14761,
248.9534585037995,83715,653,873,14762,
248.95600696441562,83714,654,873,14762,
248.95838955152195,83713,655,873,14762,
248.96245297528608,83712,656,873,14762,
248.96276686872199,83712,655,874,14762,
248.96282812869794,83711,656,874,14762,
248.96852687545885,83711,656,873,14763,
248.97145813793776,83711,655,874,14763,
248.97285194053728,83711,655,873,14764,
248.9747147425094,83711,654,874,14764,
248.97726339611964,83711,654,873,14765,
248.97789756705134,83711,653,874,14765,
248.9831712726274,83711,652,875,14765,
248.98374369914973,83710,653,875,14765,
248.9853282709841,83710,653,874,14766,
248.9859834791136,83710,652,875,14766,
248.9870676724447,83709,653,875,14766,
248.99752626001333,83708,654,875,14766,
249.0000253040403,83708,654,874,14767,
249.000729171148,83708,654,873,14768,
249.0059304372277,83707,655,873,14768,
249.00664672507975,83707,654,874,14768,
249.00686761732464,83707,653,875,14768,
249.01070513117165,83706,654,875,14768,
249.01079570915797,83706,653,876,14768,
249.01274957655573,83705,654,876,14768,
249.0147390634769,83705,654,875,14769,
249.0207782547777,83705,653,876,14769,
249.0232685306852,83705,653,875,14770,
249.0242816437133,83705,652,876,14770,
249.02467435375206,83705,651,877,14770,
249.03605766166893,83704,652,877,14770,
249.03715963377664,83704,652,876,14771,
249.0377699159797,83703,653,876,14771,
249.03959498790488,83703,652,877,14771,
249.04303899721853,83703,652,876,14772,
249.04427617864005,83703,651,877,14772,
249.04818407249826,83702,652,877,14772,
249.04902159649248,83701,653,877,14772,
249.05156589819063,83701,653,876,14773,
249.05207092286506,83701,652,877,14773,
249.0592685047716,83700,653,877,14773,
249.06176806253407,83700,652,878,14773,
249.06516544698908,83699,653,878,14773,
249.0682177828265,83699,652,879,14773,
249.0691689249713,83699,651,880,14773,
249.07499356618035,83698,652,880,14773,
249.07803502778003,83698,651,881,14773,
249.08185278197246,83698,650,882,14773,
249.085933561169,83697,651,882,14773,
249.09041855286483,83696,652,882,14773,
249.0909307500346,83696,651,883,14773,
249.09524551476582,83696,651,882,14774,
249.09588237511974,83696,650,883,14774,
249.1041511618663,83695,651,883,14774,
249.11388833473845,83695,651,882,14775,
249.11436083018722,83695,651,881,14776,
249.11522348240578,83694,652,881,14776,
249.11968552907643,83693,653,881,14776,
249.12063363988577,83692,654,881,14776,
249.1221077534721,83691,655,881,14776,
249.12264804734707,83690,656,881,14776,
249.12495156037383,83689,657,881,14776,
249.127698284833,83689,657,880,14777,
249.13491815493532,83689,656,881,14777,
249.13519602947076,83688,657,881,14777,
249.13629084193616,83688,656,882,14777,
249.13739512999894,83687,657,882,14777,
249.13848501300748,83687,656,883,14777,
249.14176355522815,83687,655,884,14777,
249.14762400004395,83687,655,883,14778,
249.14986602236814,83687,655,882,14779,
249.15176178418838,83687,655,881,14780,
249.15341679264444,83687,654,882,14780,
249.1575505015545,83686,655,882,14780,
249.15810223987154,83685,656,882,14780,
249.1677259626285,83685,655,883,14780,
249.16943280082776,83684,656,883,14780,
249.17184218318278,83684,656,882,14781,
249.17304007057862,83684,656,881,14782,
249.1742170502955,83683,657,881,14782,
249.17425194522968,83682,658,881,14782,
249.18244102505406,83682,657,882,14782,
249.18414997273524,83682,657,881,14783,
249.1847356637967,83681,658,881,14783,
249.18585639809254,83681,658,880,14784,
249.1880952350037,83680,659,880,14784,
249.18922217532446,83680,659,879,14785,
249.19331838657806,83680,658,880,14785,
249.1959118682771,83679,659,880,14785,
249.20041058416066,83679,658,881,14785,
249.2040725874646,83679,657,882,14785,
249.2056185780548,83679,657,881,14786,
249.2061282881271,83679,656,882,14786,
249.20792804081097,83678,657,882,14786,
249.20890907951943,83678,657,881,14787,
249.20980895890563,83678,656,882,14787,
249.2120287040953,83678,655,883,14787,
249.21222808787627,83678,655,882,14788,
249.2130603422003,83678,655,881,14789,
249.21857588397762,83678,655,880,14790,
249.2198016244501,83678,654,881,14790,
249.2204804388419,83678,653,882,14790,
249.22086178046172,83678,653,881,14791,
249.22154885285758,83677,654,881,14791,
249.22164009286308,83677,653,882,14791,
249.22320875709897,83676,654,882,14791,
249.22456577427587,83675,655,882,14791,
249.22547275314253,83675,654,883,14791,
249.22835317459302,83674,655,883,14791,
249.23262084189895,83673,656,883,14791,
249.23331229176495,83673,655,884,14791,
249.23385969078927,83673,655,883,14792,
249.23649684186057,83673,655,882,14793,
249.23706262589843,83673,655,881,14794,
249.2401079500896,83673,654,882,14794,
249.24138069346074,83673,654,881,14795,
249.24189032030966,83673,654,880,14796,
249.2442789017526,83673,653,881,14796,
249.24434707308743,83672,654,881,14796,
249.24459299953023,83671,655,881,14796,
249.24465231744625,83671,655,880,14797,
249.24600231088354,83671,655,879,14798,
249.2464012735236,83671,654,880,14798,
249.2499089317183,83670,655,880,14798,
249.25161190415412,83669,656,880,14798,
249.253568712736,83669,655,881,14798,
249.25522256922795,83668,656,881,14798,
249.25676881121382,83667,657,881,14798,
249.25973064113046,83667,656,882,14798,
249.2620441281686,83666,657,882,14798,
249.26359371445582,83666,656,883,14798,
249.26540752814938,83666,655,884,14798,
249.26672891930943,83665,656,884,14798,
249.26802354633372,83665,656,883,14799,
249.2693243851364,83665,656,882,14800,
249.2704958100125,83665,655,883,14800,
249.27200184483223,83665,654,884,14800,
249.27386181088926,83665,654,883,14801,
249.27706092503365,83665,653,884,14801,
249.27757846879263,83665,652,885,14801,
249.2777043078393,83665,652,884,14802,
249.2785282036214,83664,653,884,14802,
249.28159413122876,83663,654,884,14802,
249.2849296306795,83663,654,883,14803,
249.29321033284194,83663,654,882,14804,
249.29429261280444,83663,653,883,14804,
249.2958287143338,83663,652,884,14804,
249.29920374191744,83663,652,883,14805,
249.30160314053845,83663,651,884,14805,
249.30170889210265,83663,650,885,14805,
249.3031590269305,83663,649,886,14805,
249.30340502861225,83663,649,885,14806,
249.3041186211939,83663,648,886,14806,
249.30455532895863,83662,649,886,14806,
249.30681994694456,83661,650,886,14806,
249.30776005534466,83661,649,887,14806,
249.3237972896914,83661,648,888,14806,
249.3272883615887,83660,649,888,14806,
249.33274306487561,83660,649,887,14807,
249.33307582823176,83660,649,886,14808,
249.334708965152,83660,648,887,14808,
249.3365726250643,83660,647,888,14808,
249.34072863211884,83659,648,888,14808,
249.34200801186674,83659,648,887,14809,
249.34428110045062,83659,647,888,14809,
249.34935262642838,83659,647,887,14810,
249.35021339449352,83659,646,888,14810,
249.35401902954854,83658,647,888,14810,
249.3542168117052,83658,647,887,14811,
249.3567595535494,83658,647,886,14812,
249.35773036343997,83658,646,887,14812,
249.35876288952608,83657,647,887,14812,
249.35954119570138,83656,648,887,14812,
249.36084965073834,83655,649,887,14812,
249.3631682852799,83654,650,887,14812,
249.365721266553,83653,651,887,14812,
249.3673628041093,83653,650,888,14812,
249.36793693431835,83653,649,889,14812,
249.3776884627068,83653,648,890,14812,
249.38207694911605,83653,648,889,14813,
249.38361230259252,83652,649,889,14813,
249.3851020547954,83651,650,889,14813,
249.38719884699105,83651,650,888,14814,
249.38880193091762,83650,651,888,14814,
249.38954023600274,83650,651,887,14815,
249.3902425837314,83650,651,886,14816,
249.39031836334334,83650,651,885,14817,
249.39255208747412,83650,650,886,14817,
249.3940448670301,83650,649,887,14817,
249.39621495422108,83650,649,886,14818,
249.3987752405214,83650,649,885,14819,
249.40143759029633,83650,648,886,14819,
249.40399175404144,83650,648,885,14820,
249.40821974454343,83650,648,884,14821,
249.4140950982439,83650,647,885,14821,
249.42084660080948,83650,646,886,14821,
249.42575818704586,83650,646,885,14822,
249.4267297645724,83650,646,884,14823,
249.4280135915133,83649,647,884,14823,
249.42969380772075,83649,646,885,14823,
249.42993722182013,83649,646,884,14824,
249.43059048727835,83648,647,884,14824,
249.43495202513665,83648,647,883,14825,
249.43636543864827,83648,646,884,14825,
249.43736860607203,83648,646,883,14826,
249.4466507583229,83648,646,882,14827,
249.4469661407291,83647,647,882,14827,
249.44722265857044,83647,647,881,14828,
249.44836460306942,83646,648,881,14828,
249.4502122914543,83646,647,882,14828,
249.4601324710101,83646,647,881,14829,
249.46178123178157,83645,648,881,14829,
249.4697118734918,83644,649,881,14829,
249.47098885638854,83644,648,882,14829,
249.47132824198601,83643,649,882,14829,
249.4715230709126,83643,649,881,14830,
249.47286983025953,83642,650,881,14830,
249.47453149270783,83642,650,880,14831,
249.47801693262335,83641,651,880,14831,
249.48735802537917,83640,652,880,14831,
249.491415377635,83639,653,880,14831,
249.4914200255471,83639,652,881,14831,
249.49503614868107,83639,651,882,14831,
249.49692865491807,83638,652,882,14831,
249.49883721078183,83637,653,882,14831,
249.5006278692696,83637,652,883,14831,
249.5027190682089,83636,653,883,14831,
249.5099744797682,83635,654,883,14831,
249.5110100101259,83635,654,882,14832,
249.5127458169685,83634,655,882,14832,
249.51495842259698,83634,655,881,14833,
249.52539587391385,83634,654,882,14833,
249.5257633625591,83634,654,881,14834,
249.52695643952248,83634,654,880,14835,
249.52820742858012,83634,654,879,14836,
249.52830577146594,83633,655,879,14836,
249.5301319258404,83632,656,879,14836,
249.53248644004717,83632,656,878,14837,
249.54368217059346,83632,655,879,14837,
249.54626385879774,83631,656,879,14837,
249.55046896969486,83630,657,879,14837,
249.5505338930323,83630,656,880,14837,
249.5505372750062,83629,657,880,14837,
249.55114437495462,83629,656,881,14837,
249.55441780472225,83629,655,882,14837,
249.55508428203808,83629,655,881,14838,
249.55591396559777,83628,656,881,14838,
249.55618774989628,83628,656,880,14839,
249.5563741499919,83627,657,880,14839,
249.55811630920152,83627,657,879,14840,
249.559796774399,83627,656,880,14840,
249.561001949286,83627,656,879,14841,
249.56192189496332,83627,655,880,14841,
249.56225962058272,83626,656,880,14841,
249.56472758486717,83626,656,879,14842,
249.56862323766592,83626,655,880,14842,
249.56869683451234,83625,656,880,14842,
249.57249618267295,83624,657,880,14842,
249.57423555255068,83624,656,881,14842,
249.5782216598898,83623,657,881,14842,
249.58289467692558,83623,657,880,14843,
249.58380542712922,83623,656,881,14843,
249.5852633132457,83622,657,881,14843,
249.59230846456336,83621,658,881,14843,
249.5940916895423,83621,658,880,14844,
249.59463442164218,83621,657,881,14844,
249.59483780863923,83621,656,882,14844,
249.5987174553245,83621,655,883,14844,
249.59873147117062,83621,655,882,14845,
249.59893257408598,83620,656,882,14845,
249.60085597963123,83619,657,882,14845,
249.60140781214858,83619,656,883,14845,
249.60648905886654,83619,656,882,14846,
249.61309857123067,83619,655,883,14846,
249.61521062099746,83618,656,883,14846,
249.61922068378706,83618,656,882,14847,
249.61940430200787,83618,656,881,14848,
249.62035219122492,83617,657,881,14848,
249.62288162667002,83617,656,882,14848,
249.6235313538092,83617,656,881,14849,
249.62696400784955,83616,657,881,14849,
249.6278599235546,83616,656,882,14849,
249.6308547419953,83616,656,881,14850,
249.63163878300273,83616,656,880,14851,
249.63383031890535,83616,656,879,14852,
249.6392371945295,83616,655,880,14852,
249.64155431433204,83616,654,881,14852,
249.64212762213683,83616,654,880,14853,
249.64253045033257,83615,655,880,14853,
249.64662112595948,83614,656,880,14853,
249.64734155916935,83613,657,880,14853,
249.64954736602084,83613,657,879,14854,
249.65313686661668,83613,657,878,14855,
249.6562089521149,83613,656,879,14855,
249.6586140112072,83613,655,880,14855,
249.65918726662335,83613,655,879,14856,
249.66168970512584,83612,656,879,14856,
249.66545053827588,83612,656,878,14857,
249.67177914217686,83612,655,879,14857,
249.67240504942296,83612,654,880,14857,
249.6728498251765,83612,654,879,14858,
249.67473283353968,83612,653,880,14858,
249.67546434682276,83611,654,880,14858,
249.6812943215965,83610,655,880,14858,
249.681663313137,83609,656,880,14858,
249.68242344896316,83609,656,879,14859,
249.68462702415917,83609,655,880,14859,
249.6947928417807,83608,656,880,14859,
249.69793082108947,83608,656,879,14860,
249.69919342087647,83608,655,880,14860,
249.70154695117049,83607,656,880,14860,
249.70320638441547,83607,656,879,14861,
249.70429965560604,83606,657,879,14861,
249.70430047024826,83606,656,880,14861,
249.71028463468764,83605,657,880,14861,
249.7120711062844,83605,656,881,14861,
249.7142693552943,83604,657,881,14861,
249.7147907138886,83604,656,882,14861,
249.7193134031066,83604,655,883,14861,
249.71984315773418,83604,654,884,14861,
249.7208195747498,83604,654,883,14862,
249.72423971856776,83604,653,884,14862,
249.72523567928246,83603,654,884,14862,
249.7270205986038,83603,654,883,14863,
249.72753082517374,83603,653,884,14863,
249.73312347869125,83603,652,885,14863,
249.7382965629923,83602,653,885,14863,
249.74043715164805,83601,654,885,14863,
249.74296546462816,83600,655,885,14863,
249.74503479671623,83600,655,884,14864,
249.74974937855694,83600,654,885,14864,
249.75709812047793,83599,655,885,14864,
249.7576422880863,83598,656,885,14864,
249.75947581187677,83597,657,885,14864,
249.76620114695538,83596,658,885,14864,
249.76851404958046,83596,658,884,14865,
249.76860341443296,83596,657,885,14865,
249.76981436492036,83596,656,886,14865,
249.77906080768017,83596,655,887,14865,
249.78286893274,83595,656,887,14865,
249.7883597769546,83594,657,887,14865,
249.79121148661923,83594,656,888,14865,
249.79350431154018,83594,656,887,14866,
249.79494155454475,83594,656,886,14867,
249.79539434412084,83593,657,886,14867,
249.80298381860905,83593,657,885,14868,
249.80472956286982,83593,656,886,14868,
249.80478363272204,83593,656,885,14869,
249.80485494278557,83593,656,884,14870,
249.80595855761266,83593,656,883,14871,
249.80957349612433,83593,656,882,14872,
249.81070815445815,83593,655,883,14872,
249.81295068983036,83592,656,883,14872,
249.82186095676025,83591,657,883,14872,
249.82186144895687,83590,658,883,14872,
249.82273716049562,83590,657,884,14872,
249.8238571908047,83590,656,885,14872,
249.8254995193948,83590,656,884,14873,
249.826965024038,83590,655,885,14873,
249.8348641450479,83589,656,885,14873,
249.8410581941997,83589,655,886,14873,
249.84347772434134,83589,654,887,14873,
249.8467485293396,83589,653,888,14873,
249.84699551485843,83588,654,888,14873,
249.85397261850147,83588,654,887,14874,
249.85571621787093,83588,653,888,14874,
249.85587817885101,83588,653,887,14875,
249.85965681158913,83588,653,886,14876,
249.86026325267576,83588,652,887,14876,
249.86181685680103,83588,652,886,14877,
249.86661891979773,83588,652,885,14878,
249.87302625791494,83587,653,885,14878,
249.88674673395087,83586,654,885,14878,
249.8875910666615,83585,655,885,14878,
249.88770530820645,83585,655,884,14879,
249.8944391584634,83585,655,883,14880,
249.89753108706836,83585,654,884,14880,
249.90131383531605,83585,653,885,14880,
249.90224843849717,83585,652,886,14880,
249.90284323495294,83585,651,887,14880,
249.90307463444972,83585,650,888,14880,
249.90527226939537,83584,651,888,14880,
249.90625806693305,83584,650,889,14880,
249.90673357879874,83584,650,888,14881,
249.90865518564826,83583,651,888,14881,
249.90894285323944,83583,651,887,14882,
249.91161065086408,83582,652,887,14882,
249.92143015451495,83581,653,887,14882,
249.92194378186235,83581,653,886,14883,
249.9228532425218,83581,653,885,14884,
249.92350827347843,83581,653,884,14885,
249.92425061451883,83580,654,884,14885,
249.92517826992054,83579,655,884,14885,
249.92709473191314,83579,655,883,14886,
249.93287148022682,83578,656,883,14886,
249.93512066758362,83578,655,884,14886,
249.9386806015118,83577,656,884,14886,
249.9396771407044,83577,656,883,14887,
249.94461582607272,83576,657,883,14887,
249.94656047669665,83576,656,884,14887,
249.95794693901783,83575,657,884,14887,
249.95936173001456,83575,656,885,14887,
249.96020611186384,83575,656,884,14888,
249.96063833507992,83575,656,883,14889,
249.961364759049,83575,655,884,14889,
249.9636154752256,83575,655,883,14890,
249.96833181468583,83575,655,882,14891,
249.9704876829526,83575,654,883,14891,
249.97075399748772,83574,655,883,14891,
249.9715227456397,83574,654,884,14891,
249.9727232635327,83573,655,884,14891,
249.97307924759315,83572,656,884,14891,
249.9749991039532,83572,656,883,14892,
249.97676720874523,83571,657,883,14892,
249.9777900467691,83570,658,883,14892,
249.98116374385398,83570,657,884,14892,
249.98139377746074,83570,656,885,14892,
249.98146358622918,83569,657,885,14892,
249.98155570716764,83569,657,884,14893,
249.9865191591231,83569,656,885,14893,
249.98652584048767,83569,655,886,14893,
249.987704864598,83569,654,887,14893,
249.9878261590236,83569,654,886,14894,
249.98931256758178,83569,653,887,14894,
249.9925641232149,83569,653,886,14895,
249.9961095521466,83568,654,886,14895,
249.99967924140893,83568,653,887,14895,
250.00108026636454,83567,654,887,14895,
250.0044768028912,83567,653,888,14895,
250.0077012796491,83566,654,888,14895,
250.00833779849137,83566,654,887,14896,
250.0109259632845,83566,653,888,14896,
250.01311965651175,83565,654,888,14896,
250.01558077069035,83565,653,889,14896,
250.01664020335173,83565,652,890,14896,
250.01958711706783,83565,651,891,14896,
250.0229640868582,83564,652,891,14896,
250.02364279960867,83563,653,891,14896,
250.02539621853484,83563,653,890,14897,
250.02664698469448,83562,654,890,14897,
250.02773619074262,83561,655,890,14897,
250.03059443399215,83560,656,890,14897,
250.03069220051538,83559,657,890,14897,
250.03295362665529,83559,657,889,14898,
250.0378212390074,83558,658,889,14898,
250.03935088247513,83558,658,888,14899,
250.0404815657209,83557,659,888,14899,
250.041388242636,83557,659,887,14900,
250.04196526034787,83557,659,886,14901,
250.0445750230798,83557,659,885,14902,
250.04595993652734,83557,658,886,14902,
250.04960997573113,83557,657,887,14902,
250.05840189014967,83557,656,888,14902,
250.05942129659317,83556,657,888,14902,
250.06050494568356,83556,657,887,14903,
250.06272132781916,83555,658,887,14903,
250.0634685357114,83554,659,887,14903,
250.06932056945266,83554,658,888,14903,
250.07285787908305,83554,658,887,14904,
250.07700805845496,83553,659,887,14904,
250.07971762207026,83552,660,887,14904,
250.08055016544273,83552,660,886,14905,
250.08386142066408,83551,661,886,14905,
250.08476880961808,83551,661,885,14906,
250.08884258858382,83550,662,885,14906,
250.09221752820213,83549,663,885,14906,
250.09381491247004,83549,663,884,14907,
250.09796885861206,83549,662,885,14907,
250.09823721201462,83549,662,884,14908,
250.09968566553587,83549,662,883,14909,
250.10172859142523,83549,662,882,14910,
250.10281144621317,83549,662,881,14911,
250.10368777082354,83549,662,880,14912,
250.10516869910197,83548,663,880,14912,
250.10623405679252,83548,662,881,14912,
250.10756533024644,83548,662,880,14913,
250.10974316438373,83547,663,880,14913,
250.11463308953213,83547,662,881,14913,
250.1153575354895,83546,663,881,14913,
250.11636473086563,83546,663,880,14914,
250.11785244316212,83546,663,879,14915,
250.12194971271953,83546,662,880,14915,
250.12575100710026,83546,661,881,14915,
250.12819664058478,83546,660,882,14915,
250.12840572352096,83546,659,883,14915,
250.13182034278768,83546,659,882,14916,
250.13193247618787,83546,658,883,14916,
250.13421413784712,83546,657,884,14916,
250.1467009836903,83546,656,885,14916,
250.14793866720498,83546,656,884,14917,
250.14888547387088,83546,656,883,14918,
250.15299577705716,83545,657,883,14918,
250.15953158099026,83545,656,884,14918,
250.161366274478,83545,656,883,14919,
250.16324282223,83545,655,884,14919,
250.1670131764334,83545,654,885,14919,
250.1703145728244,83545,654,884,14920,
250.17151259802688,83545,653,885,14920,
250.17536338411077,83544,654,885,14920,
250.17555079443756,83544,654,884,14921,
250.17611603819648,83544,654,883,14922,
250.1782550016748,83544,654,882,14923,
250.18385874304107,83544,653,883,14923,
250.18431732078875,83544,652,884,14923,
250.1861123104612,83543,653,884,14923,
250.1863197248048,83543,653,883,14924,
250.18706818452418,83543,653,882,14925,
250.1897682533204,83542,654,882,14925,
250.1955018596703,83542,653,883,14925,
250.19836031678938,83541,654,883,14925,
250.20451015227187,83541,654,882,14926,
250.20626021405207,83540,655,882,14926,
250.20870356664597,83539,656,882,14926,
250.21592993660911,83538,657,882,14926,
250.22716577112658,83538,657,881,14927,
250.23334447733893,83538,656,882,14927,
250.23436150582612,83537,657,882,14927,
250.23818027216592,83537,657,881,14928,
250.24002797165582,83536,658,881,14928,
250.2466613379261,83535,659,881,14928,
250.24690609409024,83535,658,882,14928,
250.24807909175584,83534,659,882,14928,
250.25174557784916,83533,660,882,14928,
250.25387739904954,83532,661,882,14928,
250.25543349813006,83532,661,881,14929,
250.25709143973774,83532,660,882,14929,
250.25838516358954,83531,661,882,14929,
250.25904115599002,83530,662,882,14929,
250.26122547457538,83530,661,883,14929,
250.2659347080073,83530,660,884,14929,
250.26671526809716,83530,660,883,14930,
250.26942992898663,83530,660,882,14931,
250.27609276809585,83529,661,882,14931,
250.28156616280341,83528,662,882,14931,
250.2833056084434,83528,661,883,14931,
250.2899904587799,83527,662,883,14931,
250.3028182182066,83527,662,882,14932,
250.30311094532973,83526,663,882,14932,
250.3062933835677,83526,662,883,14932,
250.30889375074187,83526,661,884,14932,
250.31020503869127,83526,660,885,14932,
250.31077728211778,83525,661,885,14932,
250.3114958939354,83525,661,884,14933,
250.31567631911264,83525,661,883,14934,
250.31686959993505,83525,661,882,14935,
250.3183595403844,83524,662,882,14935,
250.31951341593248,83524,662,881,14936,
250.3235466409226,83524,661,882,14936,
250.32358798714915,83523,662,882,14936,
250.32524674995165,83523,662,881,14937,
250.32680485992825,83523,661,882,14937,
250.33413598767575,83522,662,882,14937,
250.3353941133804,83521,663,882,14937,
250.33565695978135,83521,663,881,14938,
250.33917575761038,83521,663,880,14939,
250.34027799278064,83520,664,880,14939,
250.34326822693902,83520,663,881,14939,
250.34593017473568,83520,662,882,14939,
250.3463030300311,83520,662,881,14940,
250.35061849039707,83519,663,881,14940,
250.35067877457095,83519,662,882,14940,
250.3513705950525,83519,661,883,14940,
250.35602733651797,83519,661,882,14941,
250.36084700186566,83518,662,882,14941,
250.3663940283815,83518,661,883,14941,
250.36979079407746,83518,661,882,14942,
250.37143375921943,83517,662,882,14942,
250.37243661591666,83516,663,882,14942,
250.37260906581648,83516,662,883,14942,
250.3738220967019,83516,661,884,14942,
250.37684978967326,83515,662,884,14942,
250.3818786423618,83514,663,884,14942,
250.38279473161134,83514,663,883,14943,
250.38516638590337,83514,662,884,14943,
250.38591922093937,83514,662,883,14944,
250.3879979560795,83514,661,884,14944,
250.40143447924407,83513,662,884,14944,
250.4065630479314,83513,661,885,14944,
250.4073901649833,83512,662,885,14944,
250.4110247604752,83511,663,885,14944,
250.41663450975764,83511,662,886,14944,
250.424217754379,83511,662,885,14945,
250.4256213242931,83510,663,885,14945,
250.42637552822626,83510,662,886,14945,
250.42914445774952,83509,663,886,14945,
250.43281938050163,83508,664,886,14945,
250.43397849062472,83507,665,886,14945,
250.45004067904082,83506,666,886,14945,
250.45271492552632,83505,667,886,14945,
250.45414300756107,83505,666,887,14945,
250.4548199838702,83504,667,887,14945,
250.4556376472903,83503,668,887,14945,
250.4560734900538,83502,669,887,14945,
250.46553520896026,83502,669,886,14946,
250.47090574300572,83502,669,885,14947,
250.47559183238897,83502,669,884,14948,
250.4760004397347,83501,670,884,14948,
250.47906014242733,83501,670,883,14949,
250.4798982510335,83500,671,883,14949,
250.4801299758109,83500,671,882,14950,
250.4829042773874,83500,670,883,14950,
250.4842872480601,83499,671,883,14950,
250.48454408972648,83499,670,884,14950,
250.48694976204644,83498,671,884,14950,
250.48919003431274,83498,670,885,14950,
250.49402319390663,83498,670,884,14951,
250.4974005958356,83497,671,884,14951,
250.50759489601637,83497,670,885,14951,
250.5079913800046,83496,671,885,14951,
250.50830742933886,83495,672,885,14951,
250.51074922711578,83495,671,886,14951,
250.51405544765132,83495,670,887,14951,
250.51703105433972,83494,671,887,14951,
250.52424284971804,83494,670,888,14951,
250.52737860865557,83494,669,889,14951,
250.52935745970225,83493,670,889,14951,
250.53570450002275,83493,669,890,14951,
250.54419755645512,83493,669,889,14952,
250.54554816746787,83493,668,890,14952,
250.54660847327312,83493,667,891,14952,
250.54713502588842,83493,666,892,14952,
250.54733091776944,83493,666,891,14953,
250.5494875094143,83493,665,892,14953,
250.55160451125332,83493,665,891,14954,
250.55280156477804,83493,664,892,14954,
250.55787686081723,83493,664,891,14955,
250.55876670219945,83492,665,891,14955,
250.56656873529337,83491,666,891,14955,
250.56836947995578,83490,667,891,14955,
250.57011753987385,83490,666,892,14955,
250.5724005700755,83490,666,891,14956,
250.57905140015205,83490,665,892,14956,
250.58053374712605,83490,665,891,14957,
250.58130868053235,83490,664,892,14957,
250.5867872373659,83489,665,892,14957,
250.58823208869944,83489,664,893,14957,
250.5894101766403,83489,664,892,14958,
250.59723671206058,83488,665,892,14958,
250.6014236784017,83487,666,892,14958,
250.6026610098497,83487,666,891,14959,
250.60383968966775,83487,665,892,14959,
250.60436971958572,83487,665,891,14960,
250.61259783210576,83487,664,892,14960,
250.6151162608952,83486,665,892,14960,
250.61748444429065,83486,664,893,14960,
250.6225485677075,83485,665,893,14960,
250.6231730153702,83485,664,894,14960,
250.6292049030316,83485,663,895,14960,
250.63162930877985,83485,662,896,14960,
250.6380255726903,83484,663,896,14960,
250.6382936813942,83484,662,897,14960,
250.64144544017464,83483,663,897,14960,
250.6434810009342,83483,663,896,14961,
250.64377206857,83483,663,895,14962,
250.6520614308289,83483,663,894,14963,
250.65338470861784,83482,664,894,14963,
250.65536213695287,83481,665,894,14963,
250.65579946140093,83480,666,894,14963,
250.65697956337104,83480,666,893,14964,
250.65851655381718,83479,667,893,14964,
250.65925210470996,83479,667,892,14965,
250.6613312950167,83478,668,892,14965,
250.6704392146802,83478,667,893,14965,
250.67562190720045,83477,668,893,14965,
250.68073800879486,83477,667,894,14965,
250.68120544301712,83476,668,894,14965,
250.68169992809803,83475,669,894,14965,
250.68211009219098,83475,668,895,14965,
250.68374280037526,83474,669,895,14965,
250.68662789312745,83473,670,895,14965,
250.6892149299809,83473,669,896,14965,
250.68921877917145,83473,669,895,14966,
250.6903343872903,83473,669,894,14967,
250.69096905829045,83472,670,894,14967,
250.69247638292148,83471,671,894,14967,
250.69378024001347,83471,670,895,14967,
250.6977591819455,83471,669,896,14967,
250.69778086980818,83471,669,895,14968,
250.6990839843462,83470,670,895,14968,
250.70156472356246,83470,670,894,14969,
250.7018422656309,83469,671,894,14969,
250.70362878284016,83469,671,893,14970,
250.708337677922,83468,672,893,14970,
250.70903348570042,83468,672,892,14971,
250.7090862627954,83468,671,893,14971,
250.7103041348638,83468,671,892,14972,
250.71364547464142,83467,672,892,14972,
250.71518531729524,83467,672,891,14973,
250.71579288753557,83467,672,890,14974,
250.72216070985417,83466,673,890,14974,
250.72363617095604,83465,674,890,14974,
250.73008398401066,83465,673,891,14974,
250.7396782848675,83465,672,892,14974,
250.7417804630711,83465,671,893,14974,
250.74698491793183,83465,670,894,14974,
250.74895839761854,83464,671,894,14974,
250.75328005799156,83464,670,895,14974,
250.7538527540928,83463,671,895,14974,
250.75657709779276,83463,671,894,14975,
250.75718068448836,83463,670,895,14975,
250.7576216624487,83463,669,896,14975,
250.76064449513314,83463,669,895,14976,
250.7618791512156,83463,668,896,14976,
250.76239200359475,83463,667,897,14976,
250.7633744874863,83463,666,898,14976,
250.76569402461132,83463,666,897,14977,
250.76603613531398,83463,665,898,14977,
250.76658069250442,83463,665,897,14978,
250.7681039006867,83463,664,898,14978,
250.77247881589804,83462,665,898,14978,
250.77435664016113,83462,665,897,14979,
250.77659445743276,83462,664,898,14979,
250.7773969327536,83461,665,898,14979,
250.78085466586677,83461,664,899,14979,
250.78494974659506,83461,663,900,14979,
250.7909093135955,83461,663,899,14980,
250.79271516404614,83460,664,899,14980,
250.79315211642134,83460,664,898,14981,
250.79365242217176,83459,665,898,14981,
250.79514593554765,83458,666,898,14981,
250.79541548503593,83458,665,899,14981,
250.80249923529476,83457,666,899,14981,
250.8040136084373,83457,665,900,14981,
250.8063475136541,83457,665,899,14982,
250.80665274759565,83457,664,900,14982,
250.81217377221222,83457,663,901,14982,
250.8130750991915,83456,664,901,14982,
250.8133981001764,83455,665,901,14982,
250.81395351429603,83455,665,900,14983,
250.8171895267121,83454,666,900,14983,
250.81806888418254,83454,665,901,14983,
250.82834379872546,83454,664,902,14983,
250.8314713639141,83454,663,903,14983,
250.85047677076386,83454,662,904,14983,
250.85093793719687,83454,661,905,14983,
250.8557273496104,83454,660,906,14983,
250.8585677660327,83453,661,906,14983,
250.85968805375128,83453,660,907,14983,
250.86545367148216,83452,661,907,14983,
250.8666842557146,83451,662,907,14983,
250.86922722230744,83451,662,906,14984,
250.87016249643642,83451,662,905,14985,
250.87473707878124,83450,663,905,14985,
250.88039105779123,83450,663,904,14986,
250.88442412774458,83450,663,903,14987,
250.88568501642158,83449,664,903,14987,
250.88593864561392,83448,665,903,14987,
250.8896794722075,83447,666,903,14987,
250.8899056266616,83447,666,902,14988,
250.89026970658702,83447,665,903,14988,
250.89084383523206,83447,664,904,14988,
250.89110739504844,83447,663,905,14988,
250.89135827249785,83447,663,904,14989,
250.8927861904114,83447,662,905,14989,
250.89559456245811,83446,663,905,14989,
250.89615658276733,83446,662,906,14989,
250.89688634897712,83446,661,907,14989,
250.9021599718605,83445,662,907,14989,
250.90421248858675,83444,663,907,14989,
250.9044094738971,83444,662,908,14989,
250.90687511239045,83444,662,907,14990,
250.9107569010386,83444,661,908,14990,
250.91091495958113,83444,661,907,14991,
250.9138207104783,83443,662,907,14991,
250.9154127704276,83442,663,907,14991,
250.91584253524684,83441,664,907,14991,
250.91672275633616,83441,663,908,14991,
250.92055315143097,83441,663,907,14992,
250.9212335244282,83440,664,907,14992,
250.9214558222522,83440,663,908,14992,
250.92279616288474,83440,663,907,14993,
250.92949304825234,83440,662,908,14993,
250.930476421104,83440,662,907,14994,
250.93179285108974,83440,661,908,14994,
250.93582568482765,83440,661,907,14995,
250.93878590310646,83440,660,908,14995,
250.9420852855094,83439,661,908,14995,
250.94275849423377,83439,660,909,14995,
250.94329520519008,83439,659,910,14995,
250.94793304313183,83439,658,911,14995,
250.9529061276262,83439,657,912,14995,
250.95294358087875,83439,656,913,14995,
250.9536687963344,83439,656,912,14996,
250.9567341079022,83438,657,912,14996,
250.9571515633046,83438,657,911,14997,
250.96161252658962,83437,658,911,14997,
250.96453115808941,83436,659,911,14997,
250.96730356346347,83436,658,912,14997,
250.96744220092594,83436,657,913,14997,
250.9676267995249,83436,656,914,14997,
250.96834940169376,83435,657,914,14997,
250.9683945617538,83434,658,914,14997,
250.96842136399417,83433,659,914,14997,
250.97181974350983,83432,660,914,14997,
250.97249865088222,83432,659,915,14997,
250.97343681654,83432,658,916,14997,
250.9745746228605,83431,659,916,14997,
250.97462976474455,83431,658,917,14997,
250.9793516920604,83431,657,918,14997,
250.98040113485203,83431,656,919,14997,
250.9825369399714,83431,655,920,14997,
250.98525304786588,83431,654,921,14997,
250.9889219483024,83431,653,922,14997,
250.98975170979975,83431,653,921,14998,
250.99481356219727,83431,653,920,14999,
250.9975326404391,83431,653,919,15000,
250.9984392116106,83430,654,919,15000,
251.00057517624694,83429,655,919,15000,
251.00486996150545,83428,656,919,15000,
251.00686978514963,83428,655,920,15000,
251.0082110381522,83428,654,921,15000,
251.01210134970276,83427,655,921,15000,
251.01226367617386,83426,656,921,15000,
251.01728640362404,83425,657,921,15000,
251.01768301371615,83425,656,922,15000,
251.0208847099693,83424,657,922,15000,
251.02097541514138,83424,656,923,15000,
251.02171330510805,83423,657,923,15000,
251.02356981942205,83423,656,924,15000,
251.02596505411523,83423,655,925,15000,
251.02610246443942,83423,655,924,15001,
251.02683844378979,83422,656,924,15001,
251.02763992212192,83422,656,923,15002,
251.02845562679207,83421,657,923,15002,
251.02977698684916,83421,656,924,15002,
251.0309393438124,83421,656,923,15003,
251.0483268751608,83421,655,924,15003,
251.04917858873173,83420,656,924,15003,
251.05300680043422,83420,656,923,15004,
251.05372359050676,83419,657,923,15004,
251.05604381230253,83419,656,924,15004,
251.05770776137183,83419,655,925,15004,
251.06001024769492,83419,654,926,15004,
251.0639462151196,83419,654,925,15005,
251.06464568822076,83418,655,925,15005,
251.06610723314554,83417,656,925,15005,
251.06814246210305,83417,656,924,15006,
251.06857675191821,83417,656,923,15007,
251.0686720391075,83416,657,923,15007,
251.0736262762562,83416,656,924,15007,
251.07741367233848,83415,657,924,15007,
251.08052163769878,83415,656,925,15007,
251.08190954963734,83415,656,924,15008,
251.08228698958536,83415,656,923,15009,
251.08457544861412,83415,655,924,15009,
251.0928868054376,83415,654,925,15009,
251.09610682092944,83414,655,925,15009,
251.09776987126787,83413,656,925,15009,
251.09818001589565,83413,655,926,15009,
251.1009702760202,83413,655,925,15010,
251.10712900888626,83412,656,925,15010,
251.10846948199028,83411,657,925,15010,
251.10864095910478,83411,656,926,15010,
251.11062286993382,83411,655,927,15010,
251.1111420996411,83410,656,927,15010,
251.11375679498963,83410,656,926,15011,
251.1149935631771,83409,657,926,15011,
251.11624428174795,83408,658,926,15011,
251.1174472270746,83407,659,926,15011,
251.11798543784698,83407,659,925,15012,
251.1188645433094,83406,660,925,15012,
251.11926699873757,83406,659,926,15012,
251.12005969285383,83405,660,926,15012,
251.1252483099851,83404,661,926,15012,
251.12886179340654,83403,662,926,15012,
251.1295240071528,83402,663,926,15012,
251.13031698989693,83401,664,926,15012,
251.13533769235653,83400,665,926,15012,
251.13772269769458,83399,666,926,15012,
251.14120490216922,83398,667,926,15012,
251.15049652536172,83397,668,926,15012,
251.15075931901902,83396,669,926,15012,
251.1508482311858,83396,668,927,15012,
251.15134452574966,83396,668,926,15013,
251.15432542885296,83395,669,926,15013,
251.15561302485128,83395,669,925,15014,
251.1600508788917,83394,670,925,15014,
251.16222052184548,83393,671,925,15014,
251.16542643784013,83393,671,924,15015,
251.16626206993828,83393,671,923,15016,
251.1675332975135,83392,672,923,15016,
251.16985892229772,83391,673,923,15016,
251.18032581706314,83390,674,923,15016,
251.18165561454643,83390,673,924,15016,
251.18228611634504,83389,674,924,15016,
251.18396006763007,83388,675,924,15016,
251.18427473986316,83387,676,924,15016,
251.18451030908665,83387,675,925,15016,
251.18782723121157,83386,676,925,15016,
251.18875504786914,83385,677,925,15016,
251.19258664012398,83384,678,925,15016,
251.1933617931615,83384,677,926,15016,
251.19442455879738,83384,677,925,15017,
251.19451116458976,83383,678,925,15017,
251.19463208291705,83383,677,926,15017,
251.19770711817287,83382,678,926,15017,
251.19918905799116,83381,679,926,15017,
251.20273009883928,83381,678,927,15017,
251.20639822132983,83380,679,927,15017,
251.2104888602252,83380,679,926,15018,
251.2107357794457,83379,680,926,15018,
251.21093782844412,83378,681,926,15018,
251.21408196260356,83378,681,925,15019,
251.2163938317981,83378,680,926,15019,
251.21659934056746,83378,680,925,15020,
251.21915566264536,83377,681,925,15020,
251.2209846320443,83377,681,924,15021,
251.22682246098347,83377,680,925,15021,
251.22873743167133,83377,680,924,15022,
251.2383287368611,83377,679,925,15022,
251.23899152862555,83377,679,924,15023,
251.23929603072247,83376,680,924,15023,
251.24034126362366,83376,680,923,15024,
251.24306024378245,83376,680,922,15025,
251.24896625974202,83375,681,922,15025,
251.2498441963884,83375,680,923,15025,
251.2523610000657,83374,681,923,15025,
251.25348643389682,83374,681,922,15026,
251.25431591153492,83374,681,921,15027,
251.2599813648444,83373,682,921,15027,
251.2703901802408,83372,683,921,15027,
251.27377282308493,83371,684,921,15027,
251.27539251975168,83371,683,922,15027,
251.2758629980638,83371,683,921,15028,
251.27786886504728,83371,683,920,15029,
251.27875948424796,83371,683,919,15030,
251.2799409895381,83370,684,919,15030,
251.28521591031677,83370,684,918,15031,
251.2856170264563,83370,683,919,15031,
251.30369847722608,83370,683,918,15032,
251.31183756336662,83370,682,919,15032,
251.31607104356587,83370,681,920,15032,
251.31723940500208,83370,681,919,15033,
251.31857184448688,83370,681,918,15034,
251.32550420154618,83370,681,917,15035,
251.32642222212422,83369,682,917,15035,
251.32972355745935,83369,682,916,15036,
251.33060935066047,83369,681,917,15036,
251.33845942438867,83368,682,917,15036,
251.3415964136833,83368,682,916,15037,
251.34256115950797,83368,682,915,15038,
251.34489764564597,83368,681,916,15038,
251.3483960055387,83368,681,915,15039,
251.35067308872408,83368,681,914,15040,
251.3523727199521,83368,680,915,15040,
251.36121834806266,83368,679,916,15040,
251.36341584713034,83368,679,915,15041,
251.36590516936062,83368,679,914,15042,
251.36662335481802,83368,678,915,15042,
251.3693790563252,83368,678,914,15043,
251.37413979398733,83367,679,914,15043,
251.37865481856778,83367,678,915,15043,
251.38400700800216,83367,677,916,15043,
251.3856216141684,83367,677,915,15044,
251.38647302620305,83366,678,915,15044,
251.38672632531353,83366,677,916,15044,
251.38959013747402,83365,678,916,15044,
251.38964944987265,83364,679,916,15044,
251.3926185089073,83364,678,917,15044,
251.3953263561753,83364,677,918,15044,
251.3961396452287,83363,678,918,15044,
251.3976759560325,83363,677,919,15044,
251.39923371478773,83362,678,919,15044,
251.4006735404074,83362,678,918,15045,
251.4021014823989,83362,677,919,15045,
251.4061417565438,83361,678,919,15045,
251.4071911392364,83360,679,919,15045,
251.41087760713626,83359,680,919,15045,
251.41150547502417,83358,681,919,15045,
251.41343384567423,83357,682,919,15045,
251.41951324366406,83357,681,920,15045,
251.42174648919902,83357,680,921,15045,
251.42296234528388,83357,680,920,15046,
251.42895694558,83357,680,919,15047,
251.43369642060318,83357,679,920,15047,
251.4419072018433,83356,680,920,15047,
251.44540323704382,83356,680,919,15048,
251.44883434209885,83356,680,918,15049,
251.45356632196484,83356,679,919,15049,
251.45456825453596,83356,679,918,15050,
251.45468036085717,83356,679,917,15051,
251.46223257779016,83356,679,916,15052,
251.4641337583946,83356,678,917,15052,
251.465949256293,83356,678,916,15053,
251.46611381552015,83355,679,916,15053,
251.46660115836258,83355,679,915,15054,
251.4667259424457,83354,680,915,15054,
251.4682725584343,83353,681,915,15054,
251.47146010209354,83352,682,915,15054,
251.4732388154406,83351,683,915,15054,
251.4743530183822,83351,683,914,15055,
251.47815194588495,83350,684,914,15055,
251.47994470082457,83350,683,915,15055,
251.4805105703334,83350,683,914,15056,
251.48220806400235,83350,682,915,15056,
251.4880836359217,83350,681,916,15056,
251.49074402497763,83349,682,916,15056,
251.4917653365149,83348,683,916,15056,
251.50146817144523,83347,684,916,15056,
251.50240877059485,83347,684,915,15057,
251.50518188235756,83347,684,914,15058,
251.50729101985132,83347,683,915,15058,
251.50777138045493,83346,684,915,15058,
251.51389799202894,83345,685,915,15058,
251.51805064938654,83345,684,916,15058,
251.5212949813419,83345,683,917,15058,
251.5228069130922,83345,682,918,15058,
251.5233219396234,83344,683,918,15058,
251.52520720217152,83344,683,917,15059,
251.52944877424915,83344,682,918,15059,
251.52969495342666,83344,682,917,15060,
251.53090025715153,83344,682,916,15061,
251.53230422328662,83343,683,916,15061,
251.53586458381213,83343,683,915,15062,
251.53639946548236,83343,682,916,15062,
251.53720171342763,83342,683,916,15062,
251.53981484424736,83342,683,915,15063,
251.5418444508063,83342,683,914,15064,
251.5435507645302,83342,683,913,15065,
251.54956542349086,83342,683,912,15066,
251.5547585399788,83342,683,911,15067,
251.5585090441628,83342,683,910,15068,
251.56396954951208,83342,683,909,15069,
251.564882021037,83341,684,909,15069,
251.5737105172425,83341,683,910,15069,
251.579786734205,83341,683,909,15070,
251.58022154027844,83341,682,910,15070,
251.5804248021533,83340,683,910,15070,
251.58063720076734,83340,683,909,15071,
251.58087546759361,83340,682,910,15071,
251.5829814104119,83340,682,909,15072,
251.5866744133755,83340,681,910,15072,
251.59322139057736,83340,681,909,15073,
251.59549943490455,83340,680,910,15073,
251.59664006453934,83340,679,911,15073,
251.60010996311297,83340,679,910,15074,
251.6055843365632,83340,679,909,15075,
251.60771004722838,83339,680,909,15075,
251.60986999362018,83339,679,910,15075,
251.61325993531688,83339,678,911,15075,
251.61500267451203,83339,677,912,15075,
251.61902558620338,83339,676,913,15075,
251.62149097612104,83339,675,914,15075,
251.62444157817652,83338,676,914,15075,
251.62576551744428,83338,675,915,15075,
251.62803689148078,83338,674,916,15075,
251.6288346633072,83337,675,916,15075,
251.6294093187356,83337,675,915,15076,
251.63342876688657,83337,675,914,15077,
251.6340015710398,83336,676,914,15077,
251.63660466428686,83335,677,914,15077,
251.6371278503308,83335,676,915,15077,
251.64122479307036,83335,676,914,15078,
251.64122563915524,83335,675,915,15078,
251.6469511660881,83335,675,914,15079,
251.65107839372217,83335,674,915,15079,
251.65187770886618,83335,674,914,15080,
251.65391030063338,83335,674,913,15081,
251.65680228466795,83335,674,912,15082,
251.66106589435947,83335,673,913,15082,
251.66259428510872,83335,672,914,15082,
251.66845131323888,83335,672,913,15083,
251.67007446006357,83334,673,913,15083,
251.673244315294,83334,672,914,15083,
251.68059378061426,83334,671,915,15083,
251.68803578852956,83334,670,916,15083,
251.68846381021675,83334,670,915,15084,
251.69094744577083,83334,669,916,15084,
251.69202938042343,83334,668,917,15084,
251.69299767902524,83334,667,918,15084,
251.69545571676866,83334,666,919,15084,
251.6964116769909,83334,666,918,15085,
251.7040233683753,83334,665,919,15085,
251.70789337305658,83334,665,918,15086,
251.7088249199249,83333,666,918,15086,
251.70920747019215,83332,667,918,15086,
251.71186835577402,83332,666,919,15086,
251.7122835437039,83331,667,919,15086,
251.71403813197247,83331,666,920,15086,
251.71677467024028,83331,665,921,15086,
251.72129127511172,83330,666,921,15086,
251.72238522951886,83329,667,921,15086,
251.7226429038245,83329,667,920,15087,
251.725743137882,83328,668,920,15087,
251.72960181769895,83328,667,921,15087,
251.7346017204082,83328,666,922,15087,
251.73504577468137,83328,665,923,15087,
251.7408252343126,83328,665,922,15088,
251.7422373555766,83327,666,922,15088,
251.74406839815896,83327,665,923,15088,
251.74462887721563,83326,666,923,15088,
251.74560065082616,83326,665,924,15088,
251.74574035391197,83325,666,924,15088,
251.74702649490496,83325,665,925,15088,
251.74755787993092,83324,666,925,15088,
251.7492029218656,83324,665,926,15088,
251.75352257463192,83324,664,927,15088,
251.75428314554574,83323,665,927,15088,
251.75925669002828,83323,665,926,15089,
251.7620571440081,83322,666,926,15089,
251.76553284190868,83322,665,927,15089,
251.768612393082,83322,664,928,15089,
251.76874730153085,83322,663,929,15089,
251.76953522189552,83322,662,930,15089,
251.77078617918062,83321,663,930,15089,
251.77653636542783,83320,664,930,15089,
251.78023236447757,83320,664,929,15090,
251.78238025233264,83320,663,930,15090,
251.78370847507819,83319,664,930,15090,
251.7927793590981,83319,664,929,15091,
251.79611752756458,83318,665,929,15091,
251.79674458384733,83318,664,930,15091,
251.80133184770492,83318,663,931,15091,
251.80359971028653,83317,664,931,15091,
251.8039012399314,83317,663,932,15091,
251.8043768647798,83317,662,933,15091,
251.80631853741014,83317,662,932,15092,
251.80688694502587,83317,661,933,15092,
251.80849080862157,83316,662,933,15092,
251.80854276832235,83315,663,933,15092,
251.81467776126746,83315,663,932,15093,
251.81957979645992,83315,663,931,15094,
251.8269658788907,83315,662,932,15094,
251.82732273689868,83314,663,932,15094,
251.82844270911355,83313,664,932,15094,
251.8304443493219,83313,663,933,15094,
251.8305227572759,83312,664,933,15094,
251.8311797086178,83312,664,932,15095,
251.83446975071737,83311,665,932,15095,
251.83600854331425,83310,666,932,15095,
251.8371148224631,83310,665,933,15095,
251.83894695094574,83310,664,934,15095,
251.83978618763996,83310,663,935,15095,
251.84144271048146,83310,663,934,15096,
251.84267469565026,83310,662,935,15096,
251.8431501314659,83310,662,934,15097,
251.84479107192033,83310,661,935,15097,
251.85199463113028,83310,660,936,15097,
251.85337990042117,83310,659,937,15097,
251.85370133413377,83310,658,938,15097,
251.8547956625172,83309,659,938,15097,
251.85481857337658,83309,659,937,15098,
251.85693568326917,83309,658,938,15098,
251.85964461183312,83308,659,938,15098,
251.86078607960323,83308,658,939,15098,
251.8633236428085,83308,657,940,15098,
251.86426502618988,83308,656,941,15098,
251.86760953619586,83308,655,942,15098,
251.86798151616796,83308,655,941,15099,
251.87127475882133,83308,655,940,15100,
251.87217596955233,83308,655,939,15101,
251.88600013409777,83307,656,939,15101,
251.8862809081673,83306,657,939,15101,
251.88744030692374,83306,656,940,15101,
251.89448574403866,83305,657,940,15101,
251.8956413870752,83304,658,940,15101,
251.8994712249313,83304,658,939,15102,
251.9018042035741,83303,659,939,15102,
251.91111627122964,83303,658,940,15102,
251.91133358180852,83303,657,941,15102,
251.9167635496701,83303,657,940,15103,
251.91852486799132,83303,656,941,15103,
251.9191902820958,83303,655,942,15103,
251.9208039487363,83302,656,942,15103,
251.92088573847852,83302,655,943,15103,
251.92379311662063,83301,656,943,15103,
251.92494293642065,83300,657,943,15103,
251.92512322284168,83300,656,944,15103,
251.9301431042535,83300,656,943,15104,
251.93057585548488,83299,657,943,15104,
251.93607120790116,83299,656,944,15104,
251.93644330881716,83299,655,945,15104,
251.93694689605863,83299,654,946,15104,
251.9371975464507,83299,654,945,15105,
251.93735044030979,83298,655,945,15105,
251.93964180135322,83297,656,945,15105,
251.94105994103546,83297,656,944,15106,
251.9430811554502,83297,655,945,15106,
251.94464676223055,83297,655,944,15107,
251.94658084061777,83296,656,944,15107,
251.94776907194083,83295,657,944,15107,
251.94909685835367,83295,656,945,15107,
251.9502482978886,83295,655,946,15107,
251.95788820948067,83295,654,947,15107,
251.96117119135644,83295,654,946,15108,
251.9642653229756,83294,655,946,15108,
251.96460773072326,83294,655,945,15109,
251.96531386386692,83294,655,944,15110,
251.96562116697143,83294,655,943,15111,
251.96659896866964,83294,654,944,15111,
251.96740792282534,83293,655,944,15111,
251.96741577549187,83293,655,943,15112,
251.969110547757,83293,654,944,15112,
251.97190438151227,83292,655,944,15112,
251.97284833677344,83292,654,945,15112,
251.972862765178,83291,655,945,15112,
251.97703318216847,83291,655,944,15113,
251.97728195011007,83290,656,944,15113,
251.97898864309727,83290,655,945,15113,
251.98038647428396,83290,655,944,15114,
251.98412248629378,83290,654,945,15114,
252.00256560186304,83289,655,945,15114,
252.00283479057495,83288,656,945,15114,
252.00440883631458,83287,657,945,15114,
252.00489733804872,83287,657,944,15115,
252.00695856866534,83287,656,945,15115,
252.0084184631347,83287,656,944,15116,
252.00910044309487,83287,656,943,15117,
252.013693134091,83287,655,944,15117,
252.01635612584082,83286,656,944,15117,
252.01669328730725,83286,655,945,15117,
252.0189466310461,83285,656,945,15117,
252.02636735823663,83285,655,946,15117,
252.03492463682312,83285,654,947,15117,
252.03610994371596,83284,655,947,15117,
252.03905336867876,83283,656,947,15117,
252.04484866354173,83283,656,946,15118,
252.04625933971244,83283,656,945,15119,
252.0462818624523,83282,657,945,15119,
252.04743862214394,83282,657,944,15120,
252.04911439450865,83282,656,945,15120,
252.0531957921126,83281,657,945,15120,
252.06004887140676,83280,658,945,15120,
252.061844217242,83279,659,945,15120,
252.0631181694144,83279,658,946,15120,
252.06660059290942,83279,657,947,15120,
252.06815379443336,83279,656,948,15120,
252.06918650913497,83279,656,947,15121,
252.07137121198008,83279,656,946,15122,
252.07316267957322,83278,657,946,15122,
252.07415918400358,83278,656,947,15122,
252.07469409451542,83277,657,947,15122,
252.07767204973823,83277,656,948,15122,
252.07808160293226,83277,656,947,15123,
252.08026491883263,83276,657,947,15123,
252.08211004089063,83275,658,947,15123,
252.08338827531,83275,657,948,15123,
252.0836825554157,83275,656,949,15123,
252.08441808338367,83275,655,950,15123,
252.08736589953588,83275,655,949,15124,
252.09144870898777,83275,654,950,15124,
252.09334968862817,83275,654,949,15125,
252.0958701678585,83274,655,949,15125,
252.0978922626634,83274,655,948,15126,
252.10035356225157,83274,655,947,15127,
252.10228939357063,83274,654,948,15127,
252.1088143884863,83273,655,948,15127,
252.11006066450952,83272,656,948,15127,
252.11547053038245,83272,656,947,15128,
252.11634675896235,83272,656,946,15129,
252.11862875046833,83272,655,947,15129,
252.1220401060349,83272,655,946,15130,
252.12607273518574,83272,655,945,15131,
252.12702079580697,83271,656,945,15131,
252.12976446815924,83270,657,945,15131,
252.1298230179825,83270,657,944,15132,
252.1394070174529,83269,658,944,15132,
252.13986511733424,83269,658,943,15133,
252.14140075558382,83269,657,944,15133,
252.14247023579136,83269,656,945,15133,
252.1474477857073,83268,657,945,15133,
252.14946556545107,83268,656,946,15133,
252.15106897732323,83268,655,947,15133,
252.15204142067793,83267,656,947,15133,
252.1586183969738,83266,657,947,15133,
252.1607419027552,83265,658,947,15133,
252.16283627595448,83264,659,947,15133,
252.16587696874132,83264,659,946,15134,
252.16596888599275,83263,660,946,15134,
252.17113301828908,83262,661,946,15134,
252.17209663668888,83261,662,946,15134,
252.1759596091809,83261,661,947,15134,
252.17771394555098,83261,661,946,15135,
252.1811181485396,83261,660,947,15135,
252.1825725694249,83261,659,948,15135,
252.1846699664756,83261,659,947,15136,
252.18749668745545,83261,658,948,15136,
252.19061164562893,83260,659,948,15136,
252.1915627662794,83260,658,949,15136,
252.1920315809674,83260,658,948,15137,
252.19421448600792,83260,657,949,15137,
252.1987626062547,83260,656,950,15137,
252.1991244296601,83259,657,950,15137,
252.1995218964635,83258,658,950,15137,
252.20749203106135,83257,659,950,15137,
252.20868462970424,83256,660,950,15137,
252.21048347829264,83256,660,949,15138,
252.21278264702156,83256,659,950,15138,
252.21772444015923,83255,660,950,15138,
252.2197049120798,83254,661,950,15138,
252.2209292302884,83254,661,949,15139,
252.22128803659163,83254,660,950,15139,
252.22577000779287,83253,661,950,15139,
252.22936738756786,83253,661,949,15140,
252.23208676023359,83253,661,948,15141,
252.23566516332315,83252,662,948,15141,
252.23838653201113,83252,661,949,15141,
252.23968706226353,83252,661,948,15142,
252.23987924856226,83252,660,949,15142,
252.24065861064676,83251,661,949,15142,
252.24220000996826,83250,662,949,15142,
252.2432704611962,83250,661,950,15142,
252.24510922393654,83250,661,949,15143,
252.24624864201363,83250,661,948,15144,
252.24695205983252,83250,660,949,15144,
252.24742518059858,83250,660,948,15145,
252.25370220813167,83249,661,948,15145,
252.25668025361836,83249,660,949,15145,
252.2583124466781,83249,659,950,15145,
252.2602355808418,83248,660,950,15145,
252.26186801676744,83248,660,949,15146,
252.26233403506996,83247,661,949,15146,
252.27284793937494,83246,662,949,15146,
252.27379453626554,83245,663,949,15146,
252.27569315702834,83244,664,949,15146,
252.27581909009706,83243,665,949,15146,
252.2763120740196,83242,666,949,15146,
252.27786956790996,83241,667,949,15146,
252.2788879885531,83240,668,949,15146,
252.2792526837673,83240,667,950,15146,
252.28129969352662,83239,668,950,15146,
252.28407432597757,83238,669,950,15146,
252.28469368134515,83237,670,950,15146,
252.2879091496783,83237,669,951,15146,
252.28990588350314,83237,669,950,15147,
252.2904915676316,83237,669,949,15148,
252.2917634050233,83236,670,949,15148,
252.29763586080668,83236,669,950,15148,
252.30059150298732,83236,668,951,15148,
252.3071489762489,83235,669,951,15148,
252.3073224284311,83234,670,951,15148,
252.32276750490684,83233,671,951,15148,
252.32669418967907,83233,671,950,15149,
252.32717541863047,83232,672,950,15149,
252.32858510389698,83231,673,950,15149,
252.32931707604553,83231,672,951,15149,
252.3306351699116,83230,673,951,15149,
252.33253268224883,83229,674,951,15149,
252.3420746083157,83229,673,952,15149,
252.3447472414352,83229,673,951,15150,
252.3460858803716,83228,674,951,15150,
252.3481595636308,83227,675,951,15150,
252.35019560009715,83226,676,951,15150,
252.3602369781548,83226,675,952,15150,
252.36334542550392,83226,674,953,15150,
252.36751858627912,83226,674,952,15151,
252.36830488300564,83225,675,952,15151,
252.36867437370515,83225,674,953,15151,
252.36974024353847,83224,675,953,15151,
252.37182699203063,83224,674,954,15151,
252.37282079162975,83224,673,955,15151,
252.379365084451,83223,674,955,15151,
252.3810648040591,83223,673,956,15151,
252.38677778781764,83222,674,956,15151,
252.38929517868635,83222,674,955,15152,
252.39280717274096,83222,673,956,15152,
252.39548805452893,83222,673,955,15153,
252.39738187231552,83222,672,956,15153,
252.39939202445115,83221,673,956,15153,
252.4011082095982,83221,672,957,15153,
252.40199645096678,83220,673,957,15153,
252.4029788037345,83219,674,957,15153,
252.4059959845136,83219,673,958,15153,
252.41539380908554,83219,673,957,15154,
252.42337480040828,83219,673,956,15155,
252.42412093041116,83219,673,955,15156,
252.4364646465017,83218,674,955,15156,
252.43770097985282,83218,673,956,15156,
252.44188651844223,83217,674,956,15156,
252.44304558959695,83217,673,957,15156,
252.44704670604798,83216,674,957,15156,
252.4473873326407,83216,674,956,15157,
252.44766901778146,83215,675,956,15157,
252.4480601298171,83215,674,957,15157,
252.44826382702163,83215,673,958,15157,
252.45168910988616,83215,673,957,15158,
252.45299518549464,83215,672,958,15158,
252.45302575489652,83215,671,959,15158,
252.45363247225276,83215,671,958,15159,
252.45381511527228,83215,670,959,15159,
252.4541281020807,83215,670,958,15160,
252.4581959084796,83215,669,959,15160,
252.45939566164242,83214,670,959,15160,
252.46125168667194,83214,669,960,15160,
252.4622742376486,83213,670,960,15160,
252.46554273606012,83212,671,960,15160,
252.4673195820422,83212,671,959,15161,
252.47428963210845,83211,672,959,15161,
252.47660813470463,83210,673,959,15161,
252.47942808517357,83209,674,959,15161,
252.48146691757668,83209,673,960,15161,
252.48247275359046,83208,674,960,15161,
252.4836116379886,83208,673,961,15161,
252.4837440699173,83207,674,961,15161,
252.48987494772362,83207,674,960,15162,
252.49103405101835,83207,674,959,15163,
252.49166376982043,83207,674,958,15164,
252.494829176451,83206,675,958,15164,
252.49632180446753,83206,674,959,15164,
252.4998012320835,83206,673,960,15164,
252.50167323094166,83206,673,959,15165,
252.50373743350056,83205,674,959,15165,
252.5075275772625,83205,673,960,15165,
252.51349250246483,83205,672,961,15165,
252.51497965198578,83205,671,962,15165,
252.51590045615615,83204,672,962,15165,
252.51740119677993,83203,673,962,15165,
252.51799752486386,83202,674,962,15165,
252.51870213931312,83202,673,963,15165,
252.51935628553832,83201,674,963,15165,
252.52072868189515,83200,675,963,15165,
252.52360416269573,83200,674,964,15165,
252.5264627143284,83200,673,965,15165,
252.52727716558536,83199,674,965,15165,
252.5324471433912,83199,673,966,15165,
252.54171579011714,83198,674,966,15165,
252.54280926133032,83198,673,967,15165,
252.54320881378527,83197,674,967,15165,
252.5433163754801,83196,675,967,15165,
252.55166202225078,83196,674,968,15165,
252.55314910681497,83196,673,969,15165,
252.55391077940695,83196,673,968,15166,
252.55547420036743,83196,672,969,15166,
252.55751528746114,83196,671,970,15166,
252.5579418700063,83195,672,970,15166,
252.55923726671264,83195,671,971,15166,
252.56041350089225,83194,672,971,15166,
252.56269393809876,83193,673,971,15166,
252.56271166222896,83192,674,971,15166,
252.56624232624634,83191,675,971,15166,
252.5699969951287,83191,675,970,15167,
252.57353360456767,83191,674,971,15167,
252.5753194322886,83191,673,972,15167,
252.57554050367344,83191,673,971,15168,
252.57861777786482,83191,672,972,15168,
252.57960101127853,83191,671,973,15168,
252.58178285109776,83191,671,972,15169,
252.5818801631141,83191,670,973,15169,
252.58259184604276,83190,671,973,15169,
252.5897467195726,83190,671,972,15170,
252.59097643462178,83189,672,972,15170,
252.59109113794767,83189,671,973,15170,
252.59133927788847,83189,670,974,15170,
252.59291838198428,83188,671,974,15170,
252.59398212010007,83188,671,973,15171,
252.59475120964598,83187,672,973,15171,
252.59971039645657,83187,671,974,15171,
252.60560935304198,83186,672,974,15171,
252.60663068303046,83185,673,974,15171,
252.60880699050242,83184,674,974,15171,
252.61401068223856,83184,673,975,15171,
252.61470073024594,83184,672,976,15171,
252.61621989064878,83184,671,977,15171,
252.6202553741318,83184,670,978,15171,
252.6254823970722,83184,669,979,15171,
252.62566719918885,83183,670,979,15171,
252.62909300379582,83183,669,980,15171,
252.6307697173249,83183,669,979,15172,
252.63112693731355,83183,669,978,15173,
252.63424928566423,83182,670,978,15173,
252.63896814007475,83182,670,977,15174,
252.64398086218654,83181,671,977,15174,
252.64902847252162,83181,670,978,15174,
252.6504078452085,83181,669,979,15174,
252.65112055061013,83180,670,979,15174,
252.65239584662962,83180,669,980,15174,
252.6526588858112,83180,668,981,15174,
252.65321818601873,83180,668,980,15175,
252.65537342247677,83180,667,981,15175,
252.6570085338625,83180,667,980,15176,
252.65734072543626,83180,667,979,15177,
252.6573649599602,83179,668,979,15177,
252.65940343550804,83179,667,980,15177,
252.66210782656253,83179,667,979,15178,
252.66285845387097,83179,666,980,15178,
252.6636036876895,83179,665,981,15178,
252.66685793815316,83179,665,980,15179,
252.66829569263626,83179,664,981,15179,
252.67546407567323,83179,664,980,15180,
252.67916248051503,83179,663,981,15180,
252.68091254611252,83179,662,982,15180,
252.6820388696505,83179,661,983,15180,
252.6822247413033,83178,662,983,15180,
252.68459691855614,83178,661,984,15180,
252.68499393005524,83178,660,985,15180,
252.68625752798476,83177,661,985,15180,
252.68649426271983,83177,661,984,15181,
252.6871685801482,83177,661,983,15182,
252.68890163381116,83176,662,983,15182,
252.69040685372445,83175,663,983,15182,
252.69090328925884,83175,662,984,15182,
252.69186960819496,83174,663,984,15182,
252.69952821116914,83174,662,985,15182,
252.70090765470303,83174,662,984,15183,
252.70643300822314,83173,663,984,15183,
252.7065921709686,83173,663,983,15184,
252.71564033346758,83172,664,983,15184,
252.7195296379351,83171,665,983,15184,
252.72296338423692,83170,666,983,15184,
252.72520153873475,83170,665,984,15184,
252.7252472741382,83170,665,983,15185,
252.72587666226633,83170,665,982,15186,
252.72601119953882,83170,664,983,15186,
252.74135903426455,83170,663,984,15186,
252.74295807383325,83170,663,983,15187,
252.75450411762515,83170,662,984,15187,
252.7566301246748,83169,663,984,15187,
252.75844832667747,83169,662,985,15187,
252.77033564646734,83169,661,986,15187,
252.77331408666936,83169,661,985,15188,
252.77455073833255,83169,661,984,15189,
252.77461143604143,83168,662,984,15189,
252.77608064093013,83167,663,984,15189,
252.77617458875497,83166,664,984,15189,
252.7780825302044,83166,664,983,15190,
252.7782819698883,83166,664,982,15191,
252.7881505334403,83165,665,982,15191,
252.79517821915655,83164,666,982,15191,
252.79580512500254,83163,667,982,15191,
252.79625429421034,83162,668,982,15191,
252.7963098485382,83162,668,981,15192,
252.80000918470466,83161,669,981,15192,
252.80158340889216,83160,670,981,15192,
252.80339740366955,83159,671,981,15192,
252.81683393745655,83159,670,982,15192,
252.81850372314375,83158,671,982,15192,
252.82206941677626,83158,670,983,15192,
252.82325766547595,83158,669,984,15192,
252.8233874872009,83157,670,984,15192,
252.82378161905746,83157,670,983,15193,
252.82453983417764,83157,670,982,15194,
252.82924560616425,83157,670,981,15195,
252.83028210205313,83157,670,980,15196,
252.83130256055315,83157,670,979,15197,
252.8320838506914,83156,671,979,15197,
252.83341201832962,83155,672,979,15197,
252.84280504263003,83154,673,979,15197,
252.84461055885632,83154,672,980,15197,
252.84750326804152,83154,672,979,15198,
252.84769463115117,83154,671,980,15198,
252.8490889056737,83154,670,981,15198,
252.85469118015456,83154,670,980,15199,
252.85937610372156,83153,671,980,15199,
252.86153387409828,83153,670,981,15199,
252.8711779050046,83153,670,980,15200,
252.8731072696854,83153,670,979,15201,
252.87369610501793,83152,671,979,15201,
252.87440304053138,83151,672,979,15201,
252.87706541474307,83151,672,978,15202,
252.88224837006496,83151,671,979,15202,
252.88758509277642,83150,672,979,15202,
252.89160719482032,83150,671,980,15202,
252.89161653951413,83150,671,979,15203,
252.892267641257,83150,671,978,15204,
252.8932499367835,83150,670,979,15204,
252.8958203394447,83150,670,978,15205,
252.89790791202662,83149,671,978,15205,
252.89794406935164,83148,672,978,15205,
252.90080267919626,83148,671,979,15205,
252.90083228147284,83148,671,978,15206,
252.902099388974,83147,672,978,15206,
252.90376489676933,83146,673,978,15206,
252.90396303633617,83145,674,978,15206,
252.90639737353092,83144,675,978,15206,
252.90884212664741,83143,676,978,15206,
252.90916047438057,83142,677,978,15206,
252.91314943929495,83142,677,977,15207,
252.91428691686605,83142,677,976,15208,
252.92049276233715,83142,676,977,15208,
252.92115175120045,83141,677,977,15208,
252.92182418429417,83141,676,978,15208,
252.9221638931906,83141,675,979,15208,
252.92235205387473,83141,675,978,15209,
252.92380690181102,83141,674,979,15209,
252.92435382801267,83141,673,980,15209,
252.93097594980668,83140,674,980,15209,
252.93310924609636,83139,675,980,15209,
252.933514690088,83139,674,981,15209,
252.93351726637925,83139,674,980,15210,
252.93388035250476,83139,673,981,15210,
252.9414636403026,83139,672,982,15210,
252.94253667724027,83139,672,981,15211,
252.94667537703228,83138,673,981,15211,
252.94917751044198,83137,674,981,15211,
252.9519305943336,83137,673,982,15211,
252.95308050594159,83136,674,982,15211,
252.95460770566424,83136,674,981,15212,
252.9574320034102,83136,674,980,15213,
252.96291963061455,83136,673,981,15213,
252.9718326387734,83135,674,981,15213,
252.97202588802313,83134,675,981,15213,
252.97316323210669,83133,676,981,15213,
252.97736669865637,83132,677,981,15213,
252.98284440301603,83131,678,981,15213,
252.982938072748,83131,678,980,15214,
252.98483580348594,83130,679,980,15214,
252.98640247805986,83129,680,980,15214,
252.99603284474932,83129,679,981,15214,
252.99810299827232,83129,678,982,15214,
253.00345905832032,83128,679,982,15214,
253.00986396814542,83128,678,983,15214,
253.01334489776235,83128,677,984,15214,
253.0134418108732,83127,678,984,15214,
253.02160635832686,83127,678,983,15215,
253.02844700248068,83126,679,983,15215,
253.0287784142434,83126,678,984,15215,
253.02913946674494,83125,679,984,15215,
253.03299239302294,83125,679,983,15216,
253.0331002653297,83124,680,983,15216,
253.03893118784197,83124,679,984,15216,
253.0404007781046,83123,680,984,15216,
253.04716015408178,83123,680,983,15217,
253.04809988611143,83123,680,982,15218,
253.04847947916764,83122,681,982,15218,
253.05020673947354,83121,682,982,15218,
253.05475977367362,83121,682,981,15219,
253.0565005983812,83121,682,980,15220,
253.0566261610365,83120,683,980,15220,
253.0600232051568,83120,683,979,15221,
253.06430473891382,83120,683,978,15222,
253.06614032219804,83120,682,979,15222,
253.070331151936,83120,681,980,15222,
253.0733548923148,83120,681,979,15223,
253.07539647135422,83119,682,979,15223,
253.07713463196765,83118,683,979,15223,
253.07878120090422,83117,684,979,15223,
253.07974623166422,83117,684,978,15224,
253.08058144042852,83117,684,977,15225,
253.08177501602748,83117,683,978,15225,
253.08188995655348,83116,684,978,15225,
253.08718652164956,83115,685,978,15225,
253.09177929779898,83115,684,979,15225,
253.09354727508966,83115,683,980,15225,
253.09444055788234,83114,684,980,15225,
253.09462077355352,83114,683,981,15225,
253.0951511907785,83114,682,982,15225,
253.09849393801417,83114,682,981,15226,
253.1019383321794,83114,682,980,15227,
253.102171225981,83113,683,980,15227,
253.10273809431803,83112,684,980,15227,
253.10327736152138,83112,683,981,15227,
253.10748204280196,83112,683,980,15228,
253.10955077535345,83112,682,981,15228,
253.11504719063123,83112,682,980,15229,
253.11537534084692,83111,683,980,15229,
253.11668204034058,83110,684,980,15229,
253.12214145259446,83109,685,980,15229,
253.1233905403151,83108,686,980,15229,
253.12479564672446,83108,686,979,15230,
253.12593489724213,83108,685,980,15230,
253.1305906172674,83108,685,979,15231,
253.13247951821506,83107,686,979,15231,
253.1329636243152,83106,687,979,15231,
253.13441230357307,83106,687,978,15232,
253.1361559620917,83106,686,979,15232,
253.14533941815841,83106,686,978,15233,
253.14901478891423,83105,687,978,15233,
253.14959895352447,83105,687,977,15234,
253.1505500804281,83105,687,976,15235,
253.15089038936668,83104,688,976,15235,
253.15608619124316,83104,687,977,15235,
253.15644258584143,83104,686,978,15235,
253.160916230449,83103,687,978,15235,
253.1621101379242,83103,686,979,15235,
253.16378593137574,83103,685,980,15235,
253.16407953126264,83103,685,979,15236,
253.16616558673792,83103,684,980,15236,
253.17005032648498,83103,684,979,15237,
253.17346313099694,83103,684,978,15238,
253.1802653474925,83102,685,978,15238,
253.18148776887801,83102,685,977,15239,
253.18424943015572,83102,684,978,15239,
253.18548597380305,83102,684,977,15240,
253.18729160898178,83102,684,976,15241,
253.1877013965809,83102,683,977,15241,
253.19405812529737,83102,682,978,15241,
253.20757495121092,83102,681,979,15241,
253.21039730550078,83102,680,980,15241,
253.21179901798243,83101,681,980,15241,
253.21294472069263,83101,681,979,15242,
253.21927205310735,83100,682,979,15242,
253.22028368358377,83100,681,980,15242,
253.22408515821786,83099,682,980,15242,
253.2254460405191,83099,682,979,15243,
253.2255804740801,83098,683,979,15243,
253.22613430792242,83097,684,979,15243,
253.2283570380875,83097,683,980,15243,
253.23266585050857,83097,682,981,15243,
253.23573357126122,83096,683,981,15243,
253.23710306253253,83095,684,981,15243,
253.2374661147751,83095,683,982,15243,
253.23980759591097,83095,683,981,15244,
253.24324724569945,83095,682,982,15244,
253.24393238266657,83095,681,983,15244,
253.24620323714612,83094,682,983,15244,
253.25324383215963,83094,681,984,15244,
253.25463615471102,83093,682,984,15244,
253.25545523757717,83092,683,984,15244,
253.26042761515885,83092,682,985,15244,
253.26129591065938,83092,681,986,15244,
253.26280153556982,83092,680,987,15244,
253.26354380307023,83092,680,986,15245,
253.26956333022963,83091,681,986,15245,
253.27000773298144,83091,680,987,15245,
253.27445162780992,83091,679,988,15245,
253.27622880346323,83090,680,988,15245,
253.2777259637489,83089,681,988,15245,
253.28104326850232,83089,680,989,15245,
253.28355834122036,83089,680,988,15246,
253.28885321434706,83088,681,988,15246,
253.28986287377657,83088,681,987,15247,
253.2904358659264,83087,682,987,15247,
253.29345620962093,83086,683,987,15247,
253.29532842763496,83086,683,986,15248,
253.29926820404623,83086,683,985,15249,
253.30549880447376,83086,682,986,15249,
253.30684148550608,83086,681,987,15249,
253.3076603228841,83086,681,986,15250,
253.30891046036302,83085,682,986,15250,
253.3100928510016,83085,681,987,15250,
253.31060129753615,83085,681,986,15251,
253.31233289008946,83084,682,986,15251,
253.31282456019875,83083,683,986,15251,
253.31419451499744,83083,682,987,15251,
253.3173715520194,83083,681,988,15251,
253.3177200969827,83083,680,989,15251,
253.31866440847918,83082,681,989,15251,
253.3240559168506,83082,680,990,15251,
253.32516872226904,83081,681,990,15251,
253.32626558397655,83080,682,990,15251,
253.3287975445571,83080,681,991,15251,
253.33701781897233,83080,681,990,15252,
253.3407326368449,83079,682,990,15252,
253.340874429958,83078,683,990,15252,
253.34102942641155,83078,682,991,15252,
253.34399186435917,83078,682,990,15253,
253.34438073777036,83077,683,990,15253,
253.3457402591294,83077,682,991,15253,
253.3462877791669,83077,681,992,15253,
253.34799158284542,83077,681,991,15254,
253.349380811488,83076,682,991,15254,
253.35126330880928,83075,683,991,15254,
253.351302041706,83074,684,991,15254,
253.352544213346,83073,685,991,15254,
253.3549263723245,83072,686,991,15254,
253.36572823551546,83071,687,991,15254,
253.3712986748132,83071,686,992,15254,
253.3731506747624,83070,687,992,15254,
253.37943139841443,83069,688,992,15254,
253.380388101467,83068,689,992,15254,
253.38180442942308,83068,688,993,15254,
253.3880541151835,83068,688,992,15255,
253.38892212506622,83068,687,993,15255,
253.38956358217945,83068,687,992,15256,
253.39137243151234,83067,688,992,15256,
253.39479652879433,83066,689,992,15256,
253.39496225930787,83065,690,992,15256,
253.4014086346325,83065,689,993,15256,
253.40727330500542,83065,688,994,15256,
253.40881437609136,83064,689,994,15256,
253.40889413575013,83063,690,994,15256,
253.4090313283921,83062,691,994,15256,
253.41241626364518,83062,691,993,15257,
253.41743831497524,83062,690,994,15257,
253.41935575259308,83062,690,993,15258,
253.42134967269848,83062,690,992,15259,
253.4215393487034,83062,689,993,15259,
253.42434555595355,83061,690,993,15259,
253.42486752399483,83060,691,993,15259,
253.42651769051827,83060,690,994,15259,
253.42849613307402,83059,691,994,15259,
253.42939152586132,83058,692,994,15259,
253.43207642457702,83058,692,993,15260,
253.43396900651004,83058,692,992,15261,
253.43517842199446,83058,691,993,15261,
253.439107610168,83058,690,994,15261,
253.43958888270967,83057,691,994,15261,
253.4412400845846,83056,692,994,15261,
253.4461133424683,83055,693,994,15261,
253.45375554521553,83054,694,994,15261,
253.45599907622525,83054,693,995,15261,
253.45990527270925,83054,692,996,15261,
253.46007229086348,83053,693,996,15261,
253.46421838957292,83052,694,996,15261,
253.46575133213196,83052,694,995,15262,
253.4670344677007,83052,693,996,15262,
253.4672529162997,83052,693,995,15263,
253.46844478150786,83051,694,995,15263,
253.47141603509425,83051,693,996,15263,
253.47149388104572,83051,692,997,15263,
253.4747116856161,83051,692,996,15264,
253.48187018608905,83050,693,996,15264,
253.48354732672465,83050,692,997,15264,
253.4849358205094,83049,693,997,15264,
253.48572502102678,83049,692,998,15264,
253.4886150227138,83049,691,999,15264,
253.49073003063754,83048,692,999,15264,
253.49091249525702,83048,692,998,15265,
253.4934292615789,83048,692,997,15266,
253.49361625538137,83048,692,996,15267,
253.49749821783396,83048,692,995,15268,
253.49996720979632,83048,691,996,15268,
253.50526018771643,83048,691,995,15269,
253.50613679443597,83047,692,995,15269,
253.5069910240481,83047,691,996,15269,
253.50768641480437,83047,690,997,15269,
253.5092112749918,83047,690,996,15270,
253.51411842890164,83046,691,996,15270,
253.51467580686858,83046,691,995,15271,
253.5155254825918,83046,690,996,15271,
253.52145544796173,83045,691,996,15271,
253.52323012927468,83045,691,995,15272,
253.54765294073317,83045,690,996,15272,
253.55299511313922,83045,689,997,15272,
253.55493400741227,83044,690,997,15272,
253.55608801931936,83043,691,997,15272,
253.56339701251042,83042,692,997,15272,
253.56345886018886,83042,692,996,15273,
253.56765673539402,83042,692,995,15274,
253.5703641844815,83042,691,996,15274,
253.57229858705315,83041,692,996,15274,
253.58083315594473,83040,693,996,15274,
253.58445596358817,83040,693,995,15275,
253.58450260245903,83039,694,995,15275,
253.59202200446475,83038,695,995,15275,
253.59548129678,83037,696,995,15275,
253.59671833506113,83036,697,995,15275,
253.59828643201138,83036,696,996,15275,
253.59897246460548,83036,695,997,15275,
253.59987894552384,83035,696,997,15275,
253.6009286632931,83034,697,997,15275,
253.6050250483551,83033,698,997,15275,
253.605597584174,83033,698,996,15276,
253.608970635432,83033,698,995,15277,
253.6095223049162,83033,697,996,15277,
253.6106111574538,83033,697,995,15278,
253.61255815908137,83033,696,996,15278,
253.61421583098775,83033,696,995,15279,
253.61474537337372,83033,696,994,15280,
253.6152754391627,83032,697,994,15280,
253.6172381088043,83032,697,993,15281,
253.62001241255484,83031,698,993,15281,
253.6223013742025,83030,699,993,15281,
253.62279081915156,83029,700,993,15281,
253.62584467526347,83029,699,994,15281,
253.62626758651066,83029,698,995,15281,
253.63161674692844,83029,698,994,15282,
253.63596262569988,83028,699,994,15282,
253.64164641185974,83027,700,994,15282,
253.64400183294836,83026,701,994,15282,
253.6449433414245,83025,702,994,15282,
253.64627882397457,83025,701,995,15282,
253.6481054381269,83025,701,994,15283,
253.64904677361477,83024,702,994,15283,
253.6498125904478,83024,702,993,15284,
253.65074991849065,83023,703,993,15284,
253.65501635842938,83023,703,992,15285,
253.65776388747216,83023,703,991,15286,
253.65939263255814,83022,704,991,15286,
253.6597657661109,83022,703,992,15286,
253.66013290947222,83022,703,991,15287,
253.67251541238122,83021,704,991,15287,
253.673754252491,83021,703,992,15287,
253.6738422923541,83021,703,991,15288,
253.67628023499992,83021,703,990,15289,
253.68154563945356,83020,704,990,15289,
253.6853204682117,83019,705,990,15289,
253.6860689436518,83019,705,989,15290,
253.68624905074043,83018,706,989,15290,
253.6874033758525,83018,706,988,15291,
253.68910661928808,83018,706,987,15292,
253.69015152050983,83017,707,987,15292,
253.69345542578776,83017,707,986,15293,
253.69460508971596,83016,708,986,15293,
253.6971149611589,83016,708,985,15294,
253.6971740972193,83016,707,986,15294,
253.69908118913133,83016,707,985,15295,
253.70034203633844,83015,708,985,15295,
253.7074303355137,83015,708,984,15296,
253.70912480973323,83014,709,984,15296,
253.71038703747905,83014,708,985,15296,
253.7134321323641,83014,708,984,15297,
253.71518018081338,83014,707,985,15297,
253.71794846427414,83014,706,986,15297,
253.71984442407043,83013,707,986,15297,
253.72162615355992,83012,708,986,15297,
253.72187902763847,83012,707,987,15297,
253.72430242870888,83011,708,987,15297,
253.72570058756304,83011,708,986,15298,
253.72570305271756,83011,707,987,15298,
253.72751465122045,83011,707,986,15299,
253.7306255434023,83011,706,987,15299,
253.73207623279686,83010,707,987,15299,
253.73680673344668,83010,707,986,15300,
253.74345293082962,83010,706,987,15300,
253.7436362755587,83010,705,988,15300,
253.74504637180414,83010,704,989,15300,
253.74766493841202,83010,703,990,15300,
253.7484290681255,83009,704,990,15300,
253.74951775681967,83009,703,991,15300,
253.753806141913,83009,703,990,15301,
253.75424479170914,83009,703,989,15302,
253.75557603422885,83009,703,988,15303,
253.75692380167257,83008,704,988,15303,
253.7587235846684,83008,704,987,15304,
253.76533035028996,83008,703,988,15304,
253.77357140964645,83008,703,987,15305,
253.7750673858413,83008,703,986,15306,
253.77573803746813,83008,703,985,15307,
253.77709843654418,83008,703,984,15308,
253.77828154620235,83008,703,983,15309,
253.7783168500613,83008,703,982,15310,
253.77924469299185,83008,703,981,15311,
253.78027048846852,83007,704,981,15311,
253.78038528729346,83007,703,982,15311,
253.78058415819885,83007,703,981,15312,
253.78635459588548,83007,702,982,15312,
253.78827980634918,83006,703,982,15312,
253.79107483953806,83005,704,982,15312,
253.79242377327336,83005,704,981,15313,
253.79246141159342,83004,705,981,15313,
253.7932057688194,83003,706,981,15313,
253.7932738393781,83002,707,981,15313,
253.79420520679398,83002,706,982,15313,
253.79640323874733,83002,705,983,15313,
253.801064675024,83001,706,983,15313,
253.8013288151804,83001,706,982,15314,
253.8013463479847,83001,705,983,15314,
253.80393647794247,83001,704,984,15314,
253.80522659126072,83001,703,985,15314,
253.80578184653007,83001,703,984,15315,
253.8081018505689,83001,702,985,15315,
253.80955744802353,83000,703,985,15315,
253.81398992273483,82999,704,985,15315,
253.8163597853228,82998,705,985,15315,
253.81675752516458,82998,705,984,15316,
253.82204416741052,82997,706,984,15316,
253.82377796936416,82997,706,983,15317,
253.82643335503013,82996,707,983,15317,
253.8270527868101,82996,706,984,15317,
253.83011763969176,82995,707,984,15317,
253.83296174884086,82995,707,983,15318,
253.83780349362934,82994,708,983,15318,
253.83803621021886,82994,707,984,15318,
253.84071024005314,82994,706,985,15318,
253.84337583310645,82994,706,984,15319,
253.8449565009945,82993,707,984,15319,
253.84589268428056,82993,706,985,15319,
253.84701291869695,82993,706,984,15320,
253.8480899141191,82992,707,984,15320,
253.85451102136474,82992,706,985,15320,
253.85605928992132,82992,705,986,15320,
253.85926074910134,82991,706,986,15320,
253.86037515248708,82991,705,987,15320,
253.86332310024594,82990,706,987,15320,
253.86534869463924,82990,705,988,15320,
253.86538103944966,82990,704,989,15320,
253.8692120521748,82990,704,988,15321,
253.87062380401204,82990,704,987,15322,
253.8774353802128,82989,705,987,15322,
253.88046549790542,82989,704,988,15322,
253.8863211958725,82988,705,988,15322,
253.8897558849763,82988,704,989,15322,
253.89122379935094,82988,703,990,15322,
253.89311512538842,82988,703,989,15323,
253.8952555397898,82987,704,989,15323,
253.8984336026766,82987,704,988,15324,
253.8998231986808,82986,705,988,15324,
253.90035790741524,82986,704,989,15324,
253.9005370899811,82985,705,989,15324,
253.90199882367386,82984,706,989,15324,
253.90394473275157,82984,705,990,15324,
253.90611532283972,82984,704,991,15324,
253.90644779468724,82983,705,991,15324,
253.90852261307148,82982,706,991,15324,
253.90912154597723,82982,706,990,15325,
253.9109482149798,82982,705,991,15325,
253.91335344415137,82982,705,990,15326,
253.9155445393281,82981,706,990,15326,
253.9166438459728,82981,706,989,15327,
253.91754185055305,82980,707,989,15327,
253.91909225005296,82979,708,989,15327,
253.9278058886074,82979,708,988,15328,
253.92782462109903,82978,709,988,15328,
253.93088598172213,82978,709,987,15329,
253.93327801270493,82978,708,988,15329,
253.93643317220844,82978,707,989,15329,
253.94088062802354,82978,707,988,15330,
253.94270551538904,82978,706,989,15330,
253.95543949204205,82977,707,989,15330,
253.9562991573941,82977,706,990,15330,
253.9603341742211,82976,707,990,15330,
253.96208799488804,82975,708,990,15330,
253.96256559853896,82975,707,991,15330,
253.96396428134847,82974,708,991,15330,
253.96405256319676,82974,708,990,15331,
253.9662911824614,82973,709,990,15331,
253.97113664907113,82973,708,991,15331,
253.9715380209805,82973,708,990,15332,
253.9722109620974,82972,709,990,15332,
253.97456226407442,82971,710,990,15332,
253.97593971113378,82971,709,991,15332,
253.9774277279591,82971,708,992,15332,
253.9803271330887,82971,708,991,15333,
253.98073197585796,82971,708,990,15334,
253.98076759454028,82971,707,991,15334,
253.98447017258542,82971,706,992,15334,
253.9918171257507,82971,706,991,15335,
253.99235626132204,82971,705,992,15335,
253.99448873543778,82970,706,992,15335,
253.99878618569633,82970,705,993,15335,
254.00040914198726,82970,704,994,15335,
254.00144277277315,82969,705,994,15335,
254.0046433900879,82969,705,993,15336,
254.0085316888845,82969,704,994,15336,
254.01302448531396,82968,705,994,15336,
254.0130678394094,82968,705,993,15337,
254.0172208020242,82968,705,992,15338,
254.0192274943167,82968,704,993,15338,
254.0242316705859,82967,705,993,15338,
254.02710091760096,82967,705,992,15339,
254.02715933645902,82967,704,993,15339,
254.0309406933564,82967,703,994,15339,
254.038748553008,82967,702,995,15339,
254.0397331552679,82966,703,995,15339,
254.04549568365232,82966,702,996,15339,
254.04878277229872,82966,702,995,15340,
254.0493720965634,82965,703,995,15340,
254.05432668040245,82965,702,996,15340,
254.06031914325908,82965,702,995,15341,
254.06180602656858,82964,703,995,15341,
254.07076565281372,82964,703,994,15342,
254.07221481383144,82964,702,995,15342,
254.07335479068408,82964,702,994,15343,
254.07441361201063,82964,701,995,15343,
254.0750595954734,82964,701,994,15344,
254.07642837715608,82964,701,993,15345,
254.07753890658492,82963,702,993,15345,
254.08196844299812,82963,701,994,15345,
254.08290742520973,82962,702,994,15345,
254.08664894093022,82962,701,995,15345,
254.08901093217264,82961,702,995,15345,
254.08993004728566,82961,702,994,15346,
254.09571098245593,82960,703,994,15346,
254.0965369731697,82960,703,993,15347,
254.09685093146936,82960,703,992,15348,
254.0976194225071,82960,703,991,15349,
254.1002056615965,82960,702,992,15349,
254.1064647808358,82959,703,992,15349,
254.10691390093714,82959,703,991,15350,
254.10715243247765,82959,702,992,15350,
254.10943722464808,82959,701,993,15350,
254.1106790475162,82958,702,993,15350,
254.11234614524471,82957,703,993,15350,
254.11258062726742,82957,703,992,15351,
254.1126014921841,82957,702,993,15351,
254.11267562435262,82957,701,994,15351,
254.1132421864287,82957,700,995,15351,
254.1172360013524,82956,701,995,15351,
254.11833346397256,82956,701,994,15352,
254.1221893879882,82956,701,993,15353,
254.1227719735489,82956,700,994,15353,
254.12463631918482,82956,700,993,15354,
254.1251523907707,82956,699,994,15354,
254.1255204253836,82956,698,995,15354,
254.12848409672657,82956,698,994,15355,
254.12907846200847,82955,699,994,15355,
254.13143966313322,82955,698,995,15355,
254.13368332898577,82954,699,995,15355,
254.1344607516029,82954,699,994,15356,
254.13770045781928,82954,698,995,15356,
254.13878620115423,82954,698,994,15357,
254.1414889034457,82954,697,995,15357,
254.1422637022861,82954,697,994,15358,
254.1435806175563,82953,698,994,15358,
254.1485852450992,82953,698,993,15359,
254.15048875023533,82953,697,994,15359,
254.15537489287112,82952,698,994,15359,
254.15959780675567,82951,699,994,15359,
254.15979319004992,82950,700,994,15359,
254.1615288005787,82950,700,993,15360,
254.16418714509922,82950,700,992,15361,
254.17222720166896,82950,699,993,15361,
254.17303027935958,82949,700,993,15361,
254.17303672606548,82949,699,994,15361,
254.17376673904195,82948,700,994,15361,
254.17434100489106,82948,699,995,15361,
254.17606897996882,82948,699,994,15362,
254.18029376623392,82948,699,993,15363,
254.18029598734446,82948,698,994,15363,
254.18362130540007,82947,699,994,15363,
254.18428061690773,82947,698,995,15363,
254.18537597830934,82947,698,994,15364,
254.19726207287496,82947,697,995,15364,
254.20059350035552,82947,697,994,15365,
254.20089680554912,82947,696,995,15365,
254.20224313570256,82947,695,996,15365,
254.20319488806132,82947,695,995,15366,
254.20439240529217,82947,694,996,15366,
254.20458544203268,82947,693,997,15366,
254.20779024334396,82946,694,997,15366,
254.2118000387815,82946,693,998,15366,
254.21186599618392,82946,693,997,15367,
254.21406141564069,82946,692,998,15367,
254.21625411445302,82945,693,998,15367,
254.2190404020283,82944,694,998,15367,
254.2193819028541,82944,694,997,15368,
254.22211163367993,82944,694,996,15369,
254.2230377715331,82944,694,995,15370,
254.22345841011003,82944,694,994,15371,
254.22831880610448,82944,693,995,15371,
254.22853369463235,82944,692,996,15371,
254.22949826540213,82944,691,997,15371,
254.23487881349064,82943,692,997,15371,
254.23606276860951,82942,693,997,15371,
254.23740731263712,82942,692,998,15371,
254.2436910743028,82942,692,997,15372,
254.24943651252946,82941,693,997,15372,
254.2541013544751,82940,694,997,15372,
254.2542943163901,82940,694,996,15373,
254.25589544612467,82940,693,997,15373,
254.25940807756697,82940,692,998,15373,
254.2596935107158,82940,692,997,15374,
254.26041548719155,82940,692,996,15375,
254.26072381118394,82940,692,995,15376,
254.26193928415398,82940,691,996,15376,
254.26219500293521,82940,690,997,15376,
254.26999907790855,82940,690,996,15377,
254.28155149114082,82940,689,997,15377,
254.28420470393286,82940,688,998,15377,
254.28456612047015,82940,687,999,15377,
254.28464413822158,82940,687,998,15378,
254.28470144591182,82939,688,998,15378,
254.28568233164864,82939,687,999,15378,
254.28854719944056,82938,688,999,15378,
254.28982765431968,82937,689,999,15378,
254.29253088176813,82937,688,1000,15378,
254.29269948460677,82937,688,999,15379,
254.29456070623135,82936,689,999,15379,
254.29547236949577,82935,690,999,15379,
254.29568638857018,82935,690,998,15380,
254.29626817416124,82935,690,997,15381,
254.3054872500924,82934,691,997,15381,
254.30801671877498,82934,691,996,15382,
254.30830177528517,82933,692,996,15382,
254.30918443665308,82933,691,997,15382,
254.30932123148276,82932,692,997,15382,
254.3096683672932,82932,691,998,15382,
254.31005478037068,82932,690,999,15382,
254.31193970282365,82932,690,998,15383,
254.31256335994715,82931,691,998,15383,
254.31486554564304,82931,690,999,15383,
254.31563837150023,82931,690,998,15384,
254.31727859177963,82931,689,999,15384,
254.31756112833696,82930,690,999,15384,
254.32077780561218,82930,689,1000,15384,
254.32245524308968,82930,688,1001,15384,
254.3229604228593,82930,687,1002,15384,
254.32344084278165,82929,688,1002,15384,
254.3242910451447,82928,689,1002,15384,
254.32745689189576,82928,688,1003,15384,
254.32946361902646,82928,688,1002,15385,
254.3294835506035,82928,687,1003,15385,
254.33169627908626,82928,686,1004,15385,
254.33277330105454,82928,685,1005,15385,
254.3344210044613,82927,686,1005,15385,
254.3349947166696,82926,687,1005,15385,
254.3367184206433,82926,686,1006,15385,
254.33727219089508,82926,686,1005,15386,
254.3377487490253,82926,685,1006,15386,
254.33957443251612,82926,685,1005,15387,
254.34028808157802,82926,685,1004,15388,
254.34035619266302,82925,686,1004,15388,
254.34067056178645,82924,687,1004,15388,
254.34321276721155,82924,687,1003,15389,
254.34383447802054,82923,688,1003,15389,
254.35164142660437,82922,689,1003,15389,
254.35164311894414,82921,690,1003,15389,
254.3534920149763,82921,689,1004,15389,
254.35411130638758,82921,688,1005,15389,
254.3571309642785,82920,689,1005,15389,
254.36664398779334,82920,689,1004,15390,
254.36852522855256,82920,688,1005,15390,
254.37287670913395,82920,687,1006,15390,
254.37589982443507,82920,687,1005,15391,
254.37868364852514,82920,687,1004,15392,
254.38060999316212,82920,687,1003,15393,
254.381832954836,82919,688,1003,15393,
254.38363274128537,82919,687,1004,15393,
254.38391577599253,82919,686,1005,15393,
254.3884343464469,82919,686,1004,15394,
254.3925325372261,82918,687,1004,15394,
254.39502989315972,82917,688,1004,15394,
254.39788226121786,82916,689,1004,15394,
254.4013501327437,82915,690,1004,15394,
254.41097866538385,82915,690,1003,15395,
254.41561199835843,82914,691,1003,15395,
254.4188156094562,82913,692,1003,15395,
254.42045823234002,82913,692,1002,15396,
254.42106210879405,82913,692,1001,15397,
254.42195148672585,82912,693,1001,15397,
254.42215304495778,82911,694,1001,15397,
254.4236641667655,82911,693,1002,15397,
254.42430986387743,82911,692,1003,15397,
254.42466711134995,82910,693,1003,15397,
254.4250361874902,82909,694,1003,15397,
254.43464650225712,82909,694,1002,15398,
254.43507250228254,82909,693,1003,15398,
254.43541389408338,82909,692,1004,15398,
254.43658754801461,82909,691,1005,15398,
254.44097488582074,82909,690,1006,15398,
254.44471441533446,82908,691,1006,15398,
254.44565315393663,82908,691,1005,15399,
254.44760971444956,82908,691,1004,15400,
254.44845391205158,82908,691,1003,15401,
254.45057629486212,82908,691,1002,15402,
254.4513607185761,82908,691,1001,15403,
254.45467758164568,82908,691,1000,15404,
254.4582284541358,82907,692,1000,15404,
254.4587626043755,82906,693,1000,15404,
254.46045461202283,82906,693,999,15405,
254.46237556021373,82906,693,998,15406,
254.4628542841326,82905,694,998,15406,
254.4632336945852,82905,694,997,15407,
254.4661330942841,82905,693,998,15407,
254.47438560794794,82905,693,997,15408,
254.47876038010423,82905,693,996,15409,
254.47927055937782,82904,694,996,15409,
254.48228689279452,82904,694,995,15410,
254.4826626567604,82904,693,996,15410,
254.4827649016078,82904,693,995,15411,
254.48338771485646,82904,692,996,15411,
254.48377917447948,82904,692,995,15412,
254.48422617955174,82903,693,995,15412,
254.48621346644583,82903,693,994,15413,
254.48670569046718,82903,693,993,15414,
254.48673986446838,82903,692,994,15414,
254.48825766461596,82903,692,993,15415,
254.48984881823978,82903,691,994,15415,
254.49121974472666,82903,690,995,15415,
254.4934697630838,82902,691,995,15415,
254.49545121157288,82902,691,994,15416,
254.49574145200523,82901,692,994,15416,
254.4970988117822,82900,693,994,15416,
254.5013222396533,82900,693,993,15417,
254.50557051926668,82899,694,993,15417,
254.50713243474587,82899,694,992,15418,
254.51318782638234,82899,694,991,15419,
254.51706504311957,82898,695,991,15419,
254.52002731767723,82898,695,990,15420,
254.52264728688002,82898,695,989,15421,
254.52342553398466,82898,694,990,15421,
254.5240159124729,82897,695,990,15421,
254.52483160724933,82897,694,991,15421,
254.53224374392946,82896,695,991,15421,
254.53448171501213,82896,695,990,15422,
254.53715769371394,82896,694,991,15422,
254.5437184769131,82895,695,991,15422,
254.54413792247857,82895,694,992,15422,
254.5461665037104,82895,694,991,15423,
254.54640012274098,82895,693,992,15423,
254.55144997378548,82895,692,993,15423,
254.55212394648828,82895,691,994,15423,
254.552154190581,82895,690,995,15423,
254.55727581737887,82895,690,994,15424,
254.55919948382592,82895,689,995,15424,
254.55940081868542,82895,688,996,15424,
254.56203833839322,82895,688,995,15425,
254.56425455848674,82894,689,995,15425,
254.56514838085462,82893,690,995,15425,
254.5675409271607,82892,691,995,15425,
254.57236274730997,82892,691,994,15426,
254.57764951264298,82891,692,994,15426,
254.57811618491226,82891,692,993,15427,
254.57998904385298,82890,693,993,15427,
254.58217007794474,82889,694,993,15427,
254.58482901048305,82889,693,994,15427,
254.58639520988896,82889,692,995,15427,
254.58861046009523,82888,693,995,15427,
254.59019471777458,82888,692,996,15427,
254.59585655638907,82887,693,996,15427,
254.59658092104814,82886,694,996,15427,
254.59984574376173,82885,695,996,15427,
254.60372754644112,82884,696,996,15427,
254.6087701162579,82884,695,997,15427,
254.61114465067755,82884,694,998,15427,
254.6116088311306,82884,694,997,15428,
254.61165554288172,82884,693,998,15428,
254.61349306974995,82883,694,998,15428,
254.61770912102827,82883,694,997,15429,
254.61841541810944,82882,695,997,15429,
254.6184426232216,82882,694,998,15429,
254.61980855227094,82881,695,998,15429,
254.61993197182022,82881,694,999,15429,
254.62412382275332,82881,693,1000,15429,
254.63584638864722,82881,693,999,15430,
254.63887687648167,82880,694,999,15430,
254.63992540906466,82879,695,999,15430,
254.6416518724593,82879,695,998,15431,
254.64390047784983,82879,695,997,15432,
254.64444707760964,82879,695,996,15433,
254.64636395620343,82878,696,996,15433,
254.65048282500564,82878,695,997,15433,
254.65257369193466,82878,694,998,15433,
254.65267065091248,82878,694,997,15434,
254.65622508578792,82878,693,998,15434,
254.65961975871923,82878,693,997,15435,
254.66020634131038,82877,694,997,15435,
254.66370530803857,82876,695,997,15435,
254.6661755690167,82875,696,997,15435,
254.66887868409847,82875,695,998,15435,
254.669944480449,82875,695,997,15436,
254.6700252033625,82874,696,997,15436,
254.6709250248329,82874,695,998,15436,
254.67301216562817,82873,696,998,15436,
254.67465933567325,82872,697,998,15436,
254.67750111368207,82871,698,998,15436,
254.67894863249816,82871,697,999,15436,
254.68182216754204,82871,697,998,15437,
254.68312229317308,82871,697,997,15438,
254.68965249242834,82871,696,998,15438,
254.6960403995929,82871,695,999,15438,
254.70164868633861,82871,695,998,15439,
254.70475757173628,82870,696,998,15439,
254.70679262719403,82869,697,998,15439,
254.70897126221382,82869,696,999,15439,
254.71173526468525,82869,695,1000,15439,
254.71288913988974,82869,694,1001,15439,
254.71474975576604,82868,695,1001,15439,
254.71543862544786,82867,696,1001,15439,
254.71581891111373,82867,696,1000,15440,
254.71606615431986,82867,696,999,15441,
254.7166962995263,82866,697,999,15441,
254.7188885633776,82865,698,999,15441,
254.7223723941414,82865,697,1000,15441,
254.73156890907967,82865,696,1001,15441,
254.73416558972212,82865,695,1002,15441,
254.73814889642463,82865,695,1001,15442,
254.74165789684014,82865,695,1000,15443,
254.74455212801863,82865,694,1001,15443,
254.74616832378143,82865,694,1000,15444,
254.7478291669412,82865,693,1001,15444,
254.74985032104308,82865,693,1000,15445,
254.751427015475,82865,692,1001,15445,
254.7517836707035,82865,691,1002,15445,
254.75233225763156,82865,691,1001,15446,
254.75236475254732,82865,691,1000,15447,
254.7554496951259,82864,692,1000,15447,
254.75963967121425,82864,691,1001,15447,
254.76010422619882,82864,690,1002,15447,
254.76093153454988,82863,691,1002,15447,
254.77292329327136,82863,691,1001,15448,
254.77350487756203,82863,691,1000,15449,
254.77419154847928,82863,690,1001,15449,
254.77522147136412,82863,690,1000,15450,
254.77619448933493,82863,690,999,15451,
254.7775653598334,82863,690,998,15452,
254.78224921227363,82862,691,998,15452,
254.785364733384,82861,692,998,15452,
254.7884159357912,82861,691,999,15452,
254.78914625087828,82861,691,998,15453,
254.78921450832706,82860,692,998,15453,
254.79126949751137,82860,692,997,15454,
254.79284191383033,82859,693,997,15454,
254.79622396460547,82859,693,996,15455,
254.80137747871103,82859,693,995,15456,
254.8038841668826,82859,693,994,15457,
254.80591133826715,82858,694,994,15457,
254.80707470378982,82857,695,994,15457,
254.80809079866168,82856,696,994,15457,
254.80849855029882,82856,696,993,15458,
254.81054920421033,82856,695,994,15458,
254.8110709392167,82856,694,995,15458,
254.81138233776778,82855,695,995,15458,
254.8142255375246,82855,694,996,15458,
254.81467047411192,82855,693,997,15458,
254.8161186491537,82855,693,996,15459,
254.82022525886467,82855,693,995,15460,
254.8221534804786,82855,692,996,15460,
254.8225336390669,82854,693,996,15460,
254.82425486956424,82854,692,997,15460,
254.82624556586666,82854,691,998,15460,
254.82869716582584,82854,690,999,15460,
254.82956406698457,82854,690,998,15461,
254.83383762444365,82854,690,997,15462,
254.84046745258678,82854,690,996,15463,
254.84062187879027,82853,691,996,15463,
254.84280679779403,82853,690,997,15463,
254.8443258384932,82853,689,998,15463,
254.84588080355712,82853,689,997,15464,
254.84721407137948,82853,689,996,15465,
254.85204622595091,82853,689,995,15466,
254.85255585388148,82852,690,995,15466,
254.85293234505195,82852,689,996,15466,
254.85612254017994,82852,688,997,15466,
254.85773857242808,82852,687,998,15466,
254.85834295172765,82851,688,998,15466,
254.85938046684603,82851,687,999,15466,
254.86188124844662,82850,688,999,15466,
254.86450652539355,82850,687,1000,15466,
254.86546648623172,82850,687,999,15467,
254.86870635221823,82849,688,999,15467,
254.8700204582861,82848,689,999,15467,
254.87469198295608,82847,690,999,15467,
254.8769643900122,82847,690,998,15468,
254.87793397084673,82847,689,999,15468,
254.8808948895891,82846,690,999,15468,
254.8815952227054,82846,690,998,15469,
254.88369053028487,82845,691,998,15469,
254.8882609757869,82845,690,999,15469,
254.88830463432308,82844,691,999,15469,
254.88848450952506,82843,692,999,15469,
254.89369662635283,82843,691,1000,15469,
254.89370114574447,82843,690,1001,15469,
254.89700181438388,82842,691,1001,15469,
254.8981372104376,82842,691,1000,15470,
254.8992738158363,82841,692,1000,15470,
254.89965567194912,82841,692,999,15471,
254.90005912771818,82840,693,999,15471,
254.90076963379676,82840,693,998,15472,
254.9010329063318,82839,694,998,15472,
254.9076263010974,82838,695,998,15472,
254.9078215161301,82838,695,997,15473,
254.91228467642776,82837,696,997,15473,
254.9128036612298,82836,697,997,15473,
254.91472896510376,82836,696,998,15473,
254.91736897237035,82835,697,998,15473,
254.91868029031423,82834,698,998,15473,
254.9196753294304,82834,697,999,15473,
254.921311954062,82833,698,999,15473,
254.92324057962063,82832,699,999,15473,
254.92359827862774,82832,699,998,15474,
254.9257511103777,82831,700,998,15474,
254.92576442203102,82830,701,998,15474,
254.92578200167685,82830,701,997,15475,
254.9308180355316,82830,701,996,15476,
254.93326365132458,82830,701,995,15477,
254.9358988326889,82830,700,996,15477,
254.93758732981016,82829,701,996,15477,
254.93898603649743,82828,702,996,15477,
254.94384358254635,82828,701,997,15477,
254.9438512630887,82828,701,996,15478,
254.95040269588856,82828,700,997,15478,
254.96011500639105,82828,700,996,15479,
254.96360208864942,82828,700,995,15480,
254.96473345721768,82828,699,996,15480,
254.96748469190854,82828,698,997,15480,
254.96965346790267,82828,698,996,15481,
254.97105726216958,82828,698,995,15482,
254.9712698148677,82828,698,994,15483,
254.9741834487049,82828,698,993,15484,
254.97530651706975,82827,699,993,15484,
254.98137388437914,82827,699,992,15485,
254.98577389743767,82827,699,991,15486,
254.99350389321165,82827,698,992,15486,
254.99567130110228,82827,698,991,15487,
254.99944663997076,82827,698,990,15488,
255.0010520053467,82826,699,990,15488,
255.00388364620062,82825,700,990,15488,
255.01345146838565,82824,701,990,15488,
255.01665809180022,82824,700,991,15488,
255.0176497074183,82823,701,991,15488,
255.01937858272208,82823,700,992,15488,
255.02030709879605,82823,699,993,15488,
255.02099544526507,82823,698,994,15488,
255.02247129874056,82823,697,995,15488,
255.02291809223348,82823,696,996,15488,
255.02419480993814,82822,697,996,15488,
255.02577959268484,82822,697,995,15489,
255.02590504954102,82822,697,994,15490,
255.02802390980943,82821,698,994,15490,
255.02981902282133,82821,697,995,15490,
255.03000756819839,82821,697,994,15491,
255.03085464270976,82821,697,993,15492,
255.03793916533397,82820,698,993,15492,
255.03982484791126,82819,699,993,15492,
255.04266201784517,82819,698,994,15492,
255.04459147473852,82819,697,995,15492,
255.04477278720745,82818,698,995,15492,
255.0464691731837,82818,698,994,15493,
255.0487250887898,82818,697,995,15493,
255.05019095987637,82817,698,995,15493,
255.0605819113067,82816,699,995,15493,
255.06092107976605,82815,700,995,15493,
255.06103080140426,82814,701,995,15493,
255.06314107848004,82814,700,996,15493,
255.06336831034727,82813,701,996,15493,
255.06994030159981,82812,702,996,15493,
255.07164285596136,82812,702,995,15494,
255.07344447541163,82811,703,995,15494,
255.0775891774054,82810,704,995,15494,
255.0779377047919,82810,703,996,15494,
255.08486187425828,82810,702,997,15494,
255.08696166378493,82810,702,996,15495,
255.08857123176602,82810,701,997,15495,
255.09023050064468,82809,702,997,15495,
255.09305650734143,82809,702,996,15496,
255.09349023635875,82809,701,997,15496,
255.09531568312605,82809,700,998,15496,
255.10049728342784,82808,701,998,15496,
255.10236922768058,82807,702,998,15496,
255.10311190755476,82806,703,998,15496,
255.10337351768368,82806,702,999,15496,
255.1077376230296,82806,701,1000,15496,
255.10860937444508,82806,701,999,15497,
255.12065186711837,82805,702,999,15497,
255.1249990672237,82804,703,999,15497,
255.12552769839286,82804,703,998,15498,
255.12608743232786,82803,704,998,15498,
255.12685585039648,82803,704,997,15499,
255.12737478591404,82803,703,998,15499,
255.12834719453008,82803,702,999,15499,
255.12986564881157,82802,703,999,15499,
255.14026538471742,82801,704,999,15499,
255.14048178015472,82801,703,1000,15499,
255.14410490224154,82800,704,1000,15499,
255.14557925891978,82800,703,1001,15499,
255.14804928471267,82800,703,1000,15500,
255.14823259900834,82799,704,1000,15500,
255.14848335959982,82799,703,1001,15500,
255.14890045559892,82799,703,1000,15501,
255.15077504935724,82799,703,999,15502,
255.15506541072634,82798,704,999,15502,
255.15946435855716,82797,705,999,15502,
255.1625676686743,82796,706,999,15502,
255.16267900170686,82796,706,998,15503,
255.17006184706898,82795,707,998,15503,
255.17080029873676,82794,708,998,15503,
255.1709887064659,82794,708,997,15504,
255.17881789488885,82793,709,997,15504,
255.17973249434073,82792,710,997,15504,
255.18431184626195,82792,710,996,15505,
255.18532090637885,82792,709,997,15505,
255.1874187489957,82792,709,996,15506,
255.18800162737554,82792,708,997,15506,
255.18860951151063,82792,708,996,15507,
255.18963381109603,82792,707,997,15507,
255.1900625872193,82791,708,997,15507,
255.19298542220744,82791,708,996,15508,
255.19737917606076,82791,707,997,15508,
255.1977082117241,82791,707,996,15509,
255.19898591840493,82790,708,996,15509,
255.20038046886228,82790,707,997,15509,
255.20051632011612,82790,707,996,15510,
255.2046845892202,82789,708,996,15510,
255.20665168863093,82788,709,996,15510,
255.21078394639758,82787,710,996,15510,
255.21305189656152,82787,710,995,15511,
255.21679026217515,82786,711,995,15511,
255.2218820331186,82785,712,995,15511,
255.22338928944112,82784,713,995,15511,
255.22670787326538,82783,714,995,15511,
255.22785872920056,82783,714,994,15512,
255.22798260356035,82783,714,993,15513,
255.2282553879378,82783,714,992,15514,
255.2311058837709,82783,713,993,15514,
255.2380738803103,82783,712,994,15514,
255.2385615739114,82782,713,994,15514,
255.2391941954353,82782,713,993,15515,
255.24316530941854,82782,712,994,15515,
255.2444104595251,82781,713,994,15515,
255.2452365895474,82781,713,993,15516,
255.24628081936717,82781,713,992,15517,
255.24813788894747,82781,712,993,15517,
255.25110559619856,82781,711,994,15517,
255.2557275786473,82780,712,994,15517,
255.26148032505247,82780,712,993,15518,
255.26644572020743,82780,711,994,15518,
255.26730334294027,82780,711,993,15519,
255.267835005601,82780,710,994,15519,
255.26925125258398,82780,709,995,15519,
255.2730578805901,82780,708,996,15519,
255.27886558593548,82779,709,996,15519,
255.28021609981954,82778,710,996,15519,
255.28058564043704,82778,710,995,15520,
255.28725082962194,82777,711,995,15520,
255.28899196238945,82777,711,994,15521,
255.28931550636656,82777,711,993,15522,
255.29958526358692,82777,710,994,15522,
255.3003022070589,82776,711,994,15522,
255.3010504870053,82776,711,993,15523,
255.31069052687752,82775,712,993,15523,
255.3142626928378,82775,712,992,15524,
255.31971462841634,82775,711,993,15524,
255.32403107001937,82775,711,992,15525,
255.3254221449127,82775,710,993,15525,
255.32930760952135,82775,709,994,15525,
255.3314603614377,82775,708,995,15525,
255.33206374361595,82775,708,994,15526,
255.33473181535618,82775,708,993,15527,
255.34020545779015,82775,708,992,15528,
255.3497589264604,82775,707,993,15528,
255.35862447108565,82775,706,994,15528,
255.3588656926957,82775,706,993,15529,
255.35997313846448,82775,705,994,15529,
255.36047148343377,82775,704,995,15529,
255.36063147703044,82774,705,995,15529,
255.36139758721757,82774,705,994,15530,
255.36287227013258,82774,704,995,15530,
255.3631555965452,82774,704,994,15531,
255.36321936569044,82773,705,994,15531,
255.3655208979934,82773,704,995,15531,
255.36597028912527,82773,703,996,15531,
255.3669663450426,82772,704,996,15531,
255.37612869997446,82772,704,995,15532,
255.37637553967326,82771,705,995,15532,
255.37698706281486,82771,704,996,15532,
255.37730061137552,82770,705,996,15532,
255.37925485917555,82770,704,997,15532,
255.3827524398083,82770,703,998,15532,
255.38329304451815,82770,702,999,15532,
255.38340895158834,82769,703,999,15532,
255.39059800799478,82769,702,1000,15532,
255.39164250458867,82768,703,1000,15532,
255.39175347910492,82768,702,1001,15532,
255.39203124894533,82767,703,1001,15532,
255.39237807652162,82766,704,1001,15532,
255.39254059160453,82766,704,1000,15533,
255.39271409388542,82765,705,1000,15533,
255.39323508861116,82765,704,1001,15533,
255.39567614689227,82765,703,1002,15533,
255.39695701830755,82765,702,1003,15533,
255.40579674968805,82765,702,1002,15534,
255.40609928272153,82764,703,1002,15534,
255.4061399598359,82763,704,1002,15534,
255.40980364217862,82763,703,1003,15534,
255.41137808616517,82763,702,1004,15534,
255.41330156529446,82762,703,1004,15534,
255.4139505153425,82762,703,1003,15535,
255.41416049081005,82761,704,1003,15535,
255.41516234145797,82761,704,1002,15536,
255.41821662768788,82761,703,1003,15536,
255.4207275904567,82761,702,1004,15536,
255.42408529296722,82761,702,1003,15537,
255.42663007640377,82761,701,1004,15537,
255.42999087660885,82760,702,1004,15537,
255.4313272317152,82759,703,1004,15537,
255.4324699449535,82759,703,1003,15538,
255.43396446556173,82759,703,1002,15539,
255.43503399912416,82758,704,1002,15539,
255.43631601112742,82758,704,1001,15540,
255.4374276079311,82758,703,1002,15540,
255.44495321602764,82757,704,1002,15540,
255.4475894161166,82756,705,1002,15540,
255.4486311065295,82756,705,1001,15541,
255.45060650217562,82755,706,1001,15541,
255.4522023459975,82754,707,1001,15541,
255.45303610423468,82753,708,1001,15541,
255.45382101365465,82753,708,1000,15542,
255.45424687546023,82752,709,1000,15542,
255.4580694933147,82751,710,1000,15542,
255.45813606511976,82751,710,999,15543,
255.45845831156677,82751,709,1000,15543,
255.4644773384142,82751,708,1001,15543,
255.4654696281491,82750,709,1001,15543,
255.46773573493343,82750,708,1002,15543,
255.4683954404956,82749,709,1002,15543,
255.471543255848,82749,709,1001,15544,
255.47304161777893,82748,710,1001,15544,
255.47367408559867,82747,711,1001,15544,
255.48001482435552,82747,710,1002,15544,
255.4849156728083,82747,709,1003,15544,
255.48519194385366,82747,709,1002,15545,
255.48640078212796,82747,709,1001,15546,
255.48643308383484,82747,708,1002,15546,
255.48840623817307,82746,709,1002,15546,
255.4884447671805,82745,710,1002,15546,
255.49206897027327,82745,710,1001,15547,
255.49445654763622,82745,710,1000,15548,
255.49902553819842,82744,711,1000,15548,
255.50000599856966,82744,711,999,15549,
255.50050934036796,82744,711,998,15550,
255.5027946975982,82744,711,997,15551,
255.5037567945907,82743,712,997,15551,
255.5043938240422,82742,713,997,15551,
255.50589771972815,82742,713,996,15552,
255.50624341096616,82741,714,996,15552,
255.51116743712012,82741,714,995,15553,
255.51206944413752,82741,713,996,15553,
255.51573811215073,82741,712,997,15553,
255.51735703568414,82740,713,997,15553,
255.51829384402998,82739,714,997,15553,
255.51831736476646,82739,713,998,15553,
255.52170714008287,82739,713,997,15554,
255.52210137367436,82739,712,998,15554,
255.52386759580585,82738,713,998,15554,
255.52790885880754,82738,712,999,15554,
255.53015915453065,82737,713,999,15554,
255.5339100219003,82737,712,1000,15554,
255.53943880012628,82737,711,1001,15554,
255.54399435454727,82737,710,1002,15554,
255.54437709364922,82737,710,1001,15555,
255.5444976296182,82737,710,1000,15556,
255.54524170007218,82737,710,999,15557,
255.54945755619647,82737,709,1000,15557,
255.55194374091147,82737,708,1001,15557,
255.5567887827011,82737,707,1002,15557,
255.5572533951663,82737,706,1003,15557,
255.56058866111758,82737,705,1004,15557,
255.5624274540618,82737,705,1003,15558,
255.5637154264947,82737,705,1002,15559,
255.56524518062375,82736,706,1002,15559,
255.56926997134246,82735,707,1002,15559,
255.5710728206098,82735,707,1001,15560,
255.57111033647533,82735,706,1002,15560,
255.57224201923847,82734,707,1002,15560,
255.573112635303,82734,706,1003,15560,
255.57415996721576,82734,705,1004,15560,
255.57500801708463,82733,706,1004,15560,
255.57600716716775,82733,706,1003,15561,
255.57683292220148,82732,707,1003,15561,
255.57785800036143,82732,706,1004,15561,
255.5800017829127,82732,705,1005,15561,
255.58446169963563,82731,706,1005,15561,
255.5850624678917,82731,706,1004,15562,
255.5871699627968,82731,705,1005,15562,
255.58738522276644,82731,704,1006,15562,
255.59423029748694,82731,703,1007,15562,
255.59748001878222,82730,704,1007,15562,
255.60148211888736,82730,704,1006,15563,
255.6022236052143,82729,705,1006,15563,
255.60368299678123,82729,705,1005,15564,
255.60401102968015,82729,705,1004,15565,
255.6056553572122,82728,706,1004,15565,
255.6062380471036,82728,705,1005,15565,
255.60680386467592,82728,705,1004,15566,
255.607824154593,82727,706,1004,15566,
255.60831897724455,82727,706,1003,15567,
255.60958465777352,82727,706,1002,15568,
255.61010347045897,82726,707,1002,15568,
255.61132449371678,82726,706,1003,15568,
255.6119544456987,82725,707,1003,15568,
255.62441770896245,82725,707,1002,15569,
255.6293211861035,82724,708,1002,15569,
255.62956304694913,82724,707,1003,15569,
255.63502401467042,82723,708,1003,15569,
255.63529163141223,82723,708,1002,15570,
255.63875826943286,82723,708,1001,15571,
255.63970670683617,82723,707,1002,15571,
255.64451298594443,82723,707,1001,15572,
255.64608885577445,82723,707,1000,15573,
255.64805672039438,82722,708,1000,15573,
255.65338100208893,82721,709,1000,15573,
255.65379758227024,82721,709,999,15574,
255.65437666169416,82720,710,999,15574,
255.66002995801574,82719,711,999,15574,
255.6628052107013,82719,711,998,15575,
255.66689217730928,82719,710,999,15575,
255.66729724912653,82718,711,999,15575,
255.66737401891854,82718,710,1000,15575,
255.66904146062382,82717,711,1000,15575,
255.67084994461496,82716,712,1000,15575,
255.6751640211592,82715,713,1000,15575,
255.68738212589403,82714,714,1000,15575,
255.68761005297827,82713,715,1000,15575,
255.68822562066742,82712,716,1000,15575,
255.68848474677412,82712,716,999,15576,
255.6890878573005,82712,715,1000,15576,
255.69404756355823,82712,715,999,15577,
255.6950339648776,82712,714,1000,15577,
255.69596710997916,82712,713,1001,15577,
255.69828289124072,82711,714,1001,15577,
255.6987886923511,82711,713,1002,15577,
255.70001646932326,82710,714,1002,15577,
255.7014553115124,82710,714,1001,15578,
255.70154851547744,82709,715,1001,15578,
255.70158947545016,82709,714,1002,15578,
255.70181463878,82709,714,1001,15579,
255.7031386608143,82709,713,1002,15579,
255.70573573702652,82708,714,1002,15579,
255.70649548230426,82707,715,1002,15579,
255.70928095814983,82707,715,1001,15580,
255.71428921236864,82707,714,1002,15580,
255.71475363093873,82707,713,1003,15580,
255.7150832817852,82707,712,1004,15580,
255.7159355515907,82707,711,1005,15580,
255.71795774384043,82707,710,1006,15580,
255.71836338704364,82707,709,1007,15580,
255.71903672165485,82707,708,1008,15580,
255.7218107846613,82707,707,1009,15580,
255.72229529134543,82707,706,1010,15580,
255.72827307261466,82707,706,1009,15581,
255.72888337859774,82707,705,1010,15581,
255.72913510786086,82707,705,1009,15582,
255.73241691328306,82706,706,1009,15582,
255.7325099002901,82705,707,1009,15582,
255.73323493119224,82705,707,1008,15583,
255.733625635092,82705,706,1009,15583,
255.73890085162444,82704,707,1009,15583,
255.74022712651913,82703,708,1009,15583,
255.74195751244338,82703,707,1010,15583,
255.74516638385478,82703,706,1011,15583,
255.7481235947332,82703,705,1012,15583,
255.75004166790774,82702,706,1012,15583,
255.75334788319122,82701,707,1012,15583,
255.7566167283896,82701,706,1013,15583,
255.75868040133884,82701,705,1014,15583,
255.75904011960645,82701,704,1015,15583,
255.767155405229,82700,705,1015,15583,
255.77332861837786,82699,706,1015,15583,
255.77621870629577,82699,705,1016,15583,
255.77623970993145,82699,705,1015,15584,
255.7774105818424,82699,704,1016,15584,
255.7837443629405,82699,703,1017,15584,
255.7910104520114,82699,702,1018,15584,
255.7910415838341,82699,702,1017,15585,
255.79352786036628,82699,701,1018,15585,
255.7951631004435,82699,701,1017,15586,
255.79578725595312,82698,702,1017,15586,
255.79596648921517,82697,703,1017,15586,
255.7988560033784,82697,703,1016,15587,
255.79964532981577,82697,703,1015,15588,
255.80116838790957,82697,702,1016,15588,
255.8012062050008,82697,702,1015,15589,
255.80348096357292,82697,702,1014,15590,
255.8050039929406,82697,701,1015,15590,
255.80525403970552,82697,701,1014,15591,
255.80791424579968,82697,701,1013,15592,
255.80827322122457,82697,701,1012,15593,
255.80865513520644,82696,702,1012,15593,
255.81324933109607,82696,701,1013,15593,
255.81360780404077,82695,702,1013,15593,
255.81719313813488,82695,701,1014,15593,
255.81829952822977,82694,702,1014,15593,
255.82673550493737,82694,702,1013,15594,
255.82766242311965,82694,702,1012,15595,
255.82858475037108,82694,702,1011,15596,
255.8323787479444,82693,703,1011,15596,
255.83573735336512,82693,702,1012,15596,
255.8404965648967,82693,701,1013,15596,
255.84143210718332,82692,702,1013,15596,
255.84907367273243,82692,702,1012,15597,
255.85705532868292,82692,701,1013,15597,
255.85773648262844,82691,702,1013,15597,
255.8602304994579,82690,703,1013,15597,
255.8604190308405,82690,702,1014,15597,
255.86593414734415,82690,701,1015,15597,
255.86599031114523,82690,700,1016,15597,
255.86684954428543,82690,700,1015,15598,
255.87006478424146,82690,700,1014,15599,
255.8719068094546,82690,700,1013,15600,
255.87359758353927,82690,699,1014,15600,
255.87966277840562,82689,700,1014,15600,
255.8818034649329,82689,700,1013,15601,
255.88466404778177,82688,701,1013,15601,
255.88615489986313,82687,702,1013,15601,
255.88644258391335,82687,701,1014,15601,
255.88708649235016,82687,700,1015,15601,
255.8905917319091,82687,700,1014,15602,
255.89299997993896,82686,701,1014,15602,
255.89459168980048,82685,702,1014,15602,
255.89468435815735,82684,703,1014,15602,
255.89475928378965,82683,704,1014,15602,
255.8959419468144,82683,704,1013,15603,
255.90265162347305,82683,704,1012,15604,
255.90371410969513,82682,705,1012,15604,
255.9072935784626,82681,706,1012,15604,
255.90787526858747,82681,705,1013,15604,
255.9084844371972,82681,704,1014,15604,
255.9155132071648,82681,704,1013,15605,
255.91585020198937,82681,703,1014,15605,
255.91947478707704,82680,704,1014,15605,
255.92004475888177,82680,704,1013,15606,
255.92036992491822,82680,704,1012,15607,
255.92392314987228,82680,703,1013,15607,
255.92931600439817,82679,704,1013,15607,
255.93047608600534,82679,703,1014,15607,
255.9312574603568,82678,704,1014,15607,
255.93164306565723,82678,703,1015,15607,
255.94113304428578,82677,704,1015,15607,
255.94141631196155,82676,705,1015,15607,
255.94238569349528,82675,706,1015,15607,
255.94768516237852,82674,707,1015,15607,
255.95098103076003,82674,706,1016,15607,
255.95329081275145,82674,705,1017,15607,
255.95514277668002,82673,706,1017,15607,
255.95918600267845,82673,705,1018,15607,
255.9610022585559,82673,704,1019,15607,
255.96423248929216,82673,704,1018,15608,
255.96667092764088,82672,705,1018,15608,
255.96684051349806,82672,704,1019,15608,
255.96816499714245,82672,703,1020,15608,
255.9717801979355,82672,702,1021,15608,
255.9747226675672,82672,702,1020,15609,
255.97694458086025,82672,702,1019,15610,
255.9877647174477,82671,703,1019,15610,
255.9975721040034,82670,704,1019,15610,
255.99795269504867,82670,704,1018,15611,
256.00171958251036,82669,705,1018,15611,
256.00173292669325,82669,704,1019,15611,
256.00174641593856,82669,703,1020,15611,
256.0060569668393,82668,704,1020,15611,
256.0069782808321,82668,703,1021,15611,
256.0082773958886,82668,702,1022,15611,
256.00889965414643,82668,702,1021,15612,
256.0093757310308,82667,703,1021,15612,
256.0112473397497,82667,703,1020,15613,
256.0159561274033,82667,703,1019,15614,
256.02207417532736,82667,702,1020,15614,
256.0221329804296,82667,701,1021,15614,
256.0224190210598,82667,700,1022,15614,
256.02272279724076,82666,701,1022,15614,
256.02530069899444,82666,700,1023,15614,
256.0265993685421,82666,700,1022,15615,
256.02678360947147,82666,700,1021,15616,
256.027693723134,82666,700,1020,15617,
256.0278391880011,82666,700,1019,15618,
256.02908072125837,82666,699,1020,15618,
256.02939260213736,82666,698,1021,15618,
256.032420713163,82666,698,1020,15619,
256.0329584246029,82665,699,1020,15619,
256.0340527387265,82665,699,1019,15620,
256.0354499083295,82665,699,1018,15621,
256.036364803842,82665,698,1019,15621,
256.0402526066365,82664,699,1019,15621,
256.0428801288794,82664,699,1018,15622,
256.0434533097317,82664,698,1019,15622,
256.04437728849587,82663,699,1019,15622,
256.04563573854097,82662,700,1019,15622,
256.0462417788143,82661,701,1019,15622,
256.04831471175174,82660,702,1019,15622,
256.0507211017985,82660,701,1020,15622,
256.05503665643914,82659,702,1020,15622,
256.05561865479643,82659,702,1019,15623,
256.05616259695495,82658,703,1019,15623,
256.05983297770246,82658,702,1020,15623,
256.06096162953077,82658,702,1019,15624,
256.0615572632728,82658,701,1020,15624,
256.0646672230864,82658,700,1021,15624,
256.0680081480983,82657,701,1021,15624,
256.0700504649745,82657,701,1020,15625,
256.07013519648245,82657,700,1021,15625,
256.0708436272065,82657,700,1020,15626,
256.0766900095913,82657,700,1019,15627,
256.07743491527253,82657,699,1020,15627,
256.0798403186618,82656,700,1020,15627,
256.0814454469289,82656,699,1021,15627,
256.082800838512,82656,698,1022,15627,
256.08783452129444,82656,697,1023,15627,
256.0879410642282,82655,698,1023,15627,
256.0880026434931,82655,697,1024,15627,
256.0882905157216,82655,697,1023,15628,
256.0890467026499,82655,696,1024,15628,
256.08924958689204,82655,695,1025,15628,
256.0895307839495,82655,694,1026,15628,
256.09003059128787,82654,695,1026,15628,
256.09421916122227,82654,694,1027,15628,
256.09439274035424,82653,695,1027,15628,
256.10103961897113,82653,694,1028,15628,
256.1047485855722,82652,695,1028,15628,
256.1061388353935,82652,695,1027,15629,
256.10697325660266,82652,695,1026,15630,
256.1072293913562,82651,696,1026,15630,
256.107602972363,82651,695,1027,15630,
256.11392894854964,82651,695,1026,15631,
256.11542287851,82651,694,1027,15631,
256.1201327678442,82650,695,1027,15631,
256.1225526461157,82649,696,1027,15631,
256.1277362232843,82648,697,1027,15631,
256.1279599898097,82648,696,1028,15631,
256.13283243747156,82648,695,1029,15631,
256.1338277737576,82647,696,1029,15631,
256.13646697167553,82647,695,1030,15631,
256.1378825208515,82647,695,1029,15632,
256.1383358730797,82647,695,1028,15633,
256.13864340963516,82647,695,1027,15634,
256.13870933227054,82647,695,1026,15635,
256.1387276877384,82647,694,1027,15635,
256.1407804837196,82646,695,1027,15635,
256.1421336918335,82646,694,1028,15635,
256.1446118082448,82646,694,1027,15636,
256.145452067047,82646,694,1026,15637,
256.15096748246896,82646,694,1025,15638,
256.15530753571994,82645,695,1025,15638,
256.156992861437,82645,694,1026,15638,
256.1606014504542,82645,693,1027,15638,
256.16729953551834,82645,693,1026,15639,
256.17085643651603,82644,694,1026,15639,
256.1713842419214,82643,695,1026,15639,
256.1807852072769,82643,695,1025,15640,
256.1828745223213,82643,694,1026,15640,
256.1851692140885,82643,694,1025,15641,
256.1882859318595,82643,693,1026,15641,
256.1885917307528,82642,694,1026,15641,
256.1903837857868,82642,693,1027,15641,
256.1910802662971,82642,693,1026,15642,
256.19265697843787,82642,692,1027,15642,
256.19721752406065,82642,691,1028,15642,
256.1987182994561,82641,692,1028,15642,
256.1990514306777,82641,692,1027,15643,
256.2002520546803,82641,692,1026,15644,
256.20157409985785,82640,693,1026,15644,
256.2058948812748,82640,692,1027,15644,
256.2071549076734,82639,693,1027,15644,
256.2090515555168,82638,694,1027,15644,
256.21094860860836,82637,695,1027,15644,
256.2119271020322,82637,694,1028,15644,
256.21221681063133,82637,694,1027,15645,
256.21712827210604,82637,693,1028,15645,
256.21966602750405,82637,693,1027,15646,
256.2202695667619,82637,692,1028,15646,
256.221608321283,82637,691,1029,15646,
256.2220532138531,82636,692,1029,15646,
256.22940343460994,82636,692,1028,15647,
256.23264080408364,82636,691,1029,15647,
256.2343812605552,82635,692,1029,15647,
256.2384566341186,82635,691,1030,15647,
256.23977590324824,82635,691,1029,15648,
256.24323145288315,82634,692,1029,15648,
256.2464959322646,82634,691,1030,15648,
256.2478932164677,82634,690,1031,15648,
256.249472901626,82633,691,1031,15648,
256.25076982916585,82633,690,1032,15648,
256.2562152847521,82632,691,1032,15648,
256.25905228895283,82632,691,1031,15649,
256.25980363909974,82631,692,1031,15649,
256.2598888830684,82631,691,1032,15649,
256.2614112429367,82630,692,1032,15649,
256.26149197049017,82630,691,1033,15649,
256.2619615968273,82630,691,1032,15650,
256.26254479887035,82629,692,1032,15650,
256.26688297799933,82628,693,1032,15650,
256.2675836820734,82628,692,1033,15650,
256.2709961218628,82628,692,1032,15651,
256.2765326908128,82628,691,1033,15651,
256.2804326473761,82627,692,1033,15651,
256.28182675593837,82626,693,1033,15651,
256.2838523759192,82626,693,1032,15652,
256.28722243251093,82626,693,1031,15653,
256.2874581637966,82625,694,1031,15653,
256.29135454566614,82624,695,1031,15653,
256.29193018320876,82624,695,1030,15654,
256.2920484546684,82624,694,1031,15654,
256.2961608037618,82624,694,1030,15655,
256.2963947557671,82623,695,1030,15655,
256.29722174998017,82622,696,1030,15655,
256.3014199131498,82621,697,1030,15655,
256.3025493852281,82620,698,1030,15655,
256.3054689134925,82619,699,1030,15655,
256.3083234107217,82619,698,1031,15655,
256.3113894186989,82618,699,1031,15655,
256.3126302038893,82618,698,1032,15655,
256.318790054018,82618,698,1031,15656,
256.3223457241327,82618,697,1032,15656,
256.32645360073514,82618,696,1033,15656,
256.3364742397042,82618,696,1032,15657,
256.3408053042042,82618,695,1033,15657,
256.342073266888,82618,695,1032,15658,
256.34468834798054,82617,696,1032,15658,
256.3504058541103,82616,697,1032,15658,
256.3517601838245,82616,696,1033,15658,
256.3642694123599,82616,696,1032,15659,
256.3702715146723,82615,697,1032,15659,
256.37153691550543,82614,698,1032,15659,
256.3719228486377,82614,698,1031,15660,
256.3729735898105,82614,697,1032,15660,
256.37363961901764,82614,696,1033,15660,
256.3780417956287,82613,697,1033,15660,
256.38169976639114,82613,696,1034,15660,
256.3846032635531,82613,695,1035,15660,
256.3867854255551,82612,696,1035,15660,
256.3896168280624,82611,697,1035,15660,
256.39054039888345,82610,698,1035,15660,
256.39262842865946,82609,699,1035,15660,
256.3968577023856,82608,700,1035,15660,
256.40337046097306,82608,700,1034,15661,
256.409459447897,82608,700,1033,15662,
256.4137981824333,82607,701,1033,15662,
256.4144564193129,82607,700,1034,15662,
256.41622535254595,82606,701,1034,15662,
256.41642802985683,82605,702,1034,15662,
256.4169032096323,82604,703,1034,15662,
256.42083122006676,82604,703,1033,15663,
256.4227604972588,82603,704,1033,15663,
256.4257113801421,82603,703,1034,15663,
256.4317547493521,82602,704,1034,15663,
256.4331544106744,82602,703,1035,15663,
256.43795752474193,82602,702,1036,15663,
256.43955448973423,82601,703,1036,15663,
256.43975228929946,82601,703,1035,15664,
256.4504582804544,82600,704,1035,15664,
256.4540022603266,82600,703,1036,15664,
256.4556728477659,82600,702,1037,15664,
256.4598629442335,82599,703,1037,15664,
256.4599031735539,82598,704,1037,15664,
256.4631476157447,82598,703,1038,15664,
256.46317337263224,82597,704,1038,15664,
256.46499495745695,82596,705,1038,15664,
256.4653359112644,82595,706,1038,15664,
256.46757523355564,82594,707,1038,15664,
256.46766011735235,82593,708,1038,15664,
256.4681836532686,82593,707,1039,15664,
256.47308329316644,82593,707,1038,15665,
256.476430354797,82593,706,1039,15665,
256.4773965301972,82592,707,1039,15665,
256.4775800237565,82591,708,1039,15665,
256.4791305452996,82591,708,1038,15666,
256.48397366382613,82591,707,1039,15666,
256.48457876841996,82590,708,1039,15666,
256.4853035219096,82589,709,1039,15666,
256.48618876086454,82589,709,1038,15667,
256.4865695379715,82588,710,1038,15667,
256.48682143716434,82588,710,1037,15668,
256.4874521581107,82588,709,1038,15668,
256.4903302936466,82588,709,1037,15669,
256.49046528509683,82587,710,1037,15669,
256.49687855301414,82587,710,1036,15670,
256.4973232068522,82587,709,1037,15670,
256.50211630645475,82587,709,1036,15671,
256.502628666648,82587,708,1037,15671,
256.50269841947147,82587,707,1038,15671,
256.5028831225038,82587,707,1037,15672,
256.50673123910315,82587,707,1036,15673,
256.5080171080292,82586,708,1036,15673,
256.5120976741238,82586,707,1037,15673,
256.5124132945082,82586,707,1036,15674,
256.5125513493475,82586,707,1035,15675,
256.5199667249207,82585,708,1035,15675,
256.52206277242783,82584,709,1035,15675,
256.5225556934007,82584,708,1036,15675,
256.5234896102144,82583,709,1036,15675,
256.5235193759311,82583,709,1035,15676,
256.5249763278993,82583,708,1036,15676,
256.52971932646506,82583,708,1035,15677,
256.5308930596812,82582,709,1035,15677,
256.5316862536463,82582,709,1034,15678,
256.5319509983694,82582,709,1033,15679,
256.53238218818296,82582,709,1032,15680,
256.5387226363015,82581,710,1032,15680,
256.54012377616755,82581,709,1033,15680,
256.54372912116816,82581,708,1034,15680,
256.5446348047772,82581,707,1035,15680,
256.5450901493306,82581,706,1036,15680,
256.5481607715744,82581,706,1035,15681,
256.5494741725523,82580,707,1035,15681,
256.55951518260406,82580,707,1034,15682,
256.56004299105246,82579,708,1034,15682,
256.5600436917657,82578,709,1034,15682,
256.56364079270554,82578,709,1033,15683,
256.56430510744184,82578,709,1032,15684,
256.5646876059192,82577,710,1032,15684,
256.5764243741141,82576,711,1032,15684,
256.5814163530238,82576,711,1031,15685,
256.58172341716795,82575,712,1031,15685,
256.5831944407737,82575,711,1032,15685,
256.58851414659034,82575,710,1033,15685,
256.5894472166336,82574,711,1033,15685,
256.5940257935878,82573,712,1033,15685,
256.5960150979715,82572,713,1033,15685,
256.5977420293726,82571,714,1033,15685,
256.5988999725014,82571,714,1032,15686,
256.60167263172355,82571,714,1031,15687,
256.60501866190094,82570,715,1031,15687,
256.6120905876944,82569,716,1031,15687,
256.6127281729051,82568,717,1031,15687,
256.6129183550239,82568,716,1032,15687,
256.620760340677,82567,717,1032,15687,
256.6233534948673,82567,717,1031,15688,
256.6234255778193,82567,717,1030,15689,
256.62409218063027,82566,718,1030,15689,
256.62484417385156,82565,719,1030,15689,
256.6302322433859,82565,718,1031,15689,
256.6312448609134,82564,719,1031,15689,
256.63668371422307,82563,720,1031,15689,
256.6400387263198,82562,721,1031,15689,
256.6412925832202,82561,722,1031,15689,
256.6426903921315,82560,723,1031,15689,
256.64459854716097,82559,724,1031,15689,
256.6450391302703,82558,725,1031,15689,
256.64653760657336,82557,726,1031,15689,
256.6489973087859,82557,725,1032,15689,
256.64993028476107,82557,725,1031,15690,
256.6522389518393,82556,726,1031,15690,
256.65337099360977,82555,727,1031,15690,
256.65399790946805,82555,727,1030,15691,
256.6576151608884,82555,727,1029,15692,
256.660223322886,82555,726,1030,15692,
256.6667233628223,82555,726,1029,15693,
256.66852080088563,82554,727,1029,15693,
256.67191384663823,82553,728,1029,15693,
256.67308140996295,82553,728,1028,15694,
256.67588819073075,82553,727,1029,15694,
256.67758493747493,82553,726,1030,15694,
256.6800891547198,82553,726,1029,15695,
256.6815200012815,82553,726,1028,15696,
256.6824545946425,82553,725,1029,15696,
256.68471640997086,82553,724,1030,15696,
256.6853041890144,82553,724,1029,15697,
256.68610793516325,82553,724,1028,15698,
256.6901153152005,82553,723,1029,15698,
256.6903215827241,82552,724,1029,15698,
256.69105930130223,82551,725,1029,15698,
256.6918136714791,82551,725,1028,15699,
256.69230074550165,82550,726,1028,15699,
256.69797925579735,82549,727,1028,15699,
256.7015456637895,82549,726,1029,15699,
256.70417421907564,82548,727,1029,15699,
256.7054015225006,82547,728,1029,15699,
256.7059129477572,82546,729,1029,15699,
256.7077288540783,82545,730,1029,15699,
256.7081039945699,82544,731,1029,15699,
256.70961147610484,82543,732,1029,15699,
256.71184204298845,82543,732,1028,15700,
256.7184077532413,82542,733,1028,15700,
256.7192306163129,82541,734,1028,15700,
256.7201060424034,82541,734,1027,15701,
256.72903446775626,82541,733,1028,15701,
256.73018661786034,82541,733,1027,15702,
256.731286890677,82541,732,1028,15702,
256.73210876529816,82540,733,1028,15702,
256.7341863651395,82540,733,1027,15703,
256.73822994657115,82539,734,1027,15703,
256.7393787873658,82538,735,1027,15703,
256.74129934173015,82537,736,1027,15703,
256.74347012353934,82536,737,1027,15703,
256.74543071900433,82536,737,1026,15704,
256.7473176764068,82536,736,1027,15704,
256.7479443489033,82535,737,1027,15704,
256.74797290115936,82535,736,1028,15704,
256.7512708968568,82535,735,1029,15704,
256.7530980848719,82535,734,1030,15704,
256.75356679541795,82534,735,1030,15704,
256.7572020928703,82533,736,1030,15704,
256.75830637961917,82533,736,1029,15705,
256.75870816603503,82532,737,1029,15705,
256.7594065970255,82532,737,1028,15706,
256.759787270653,82531,738,1028,15706,
256.75987816897623,82530,739,1028,15706,
256.76004643116283,82529,740,1028,15706,
256.7608859310165,82528,741,1028,15706,
256.7623190051815,82527,742,1028,15706,
256.7629050271275,82527,742,1027,15707,
256.76634681517555,82527,742,1026,15708,
256.76665918058137,82526,743,1026,15708,
256.76689414973566,82525,744,1026,15708,
256.7670766423567,82524,745,1026,15708,
256.7705942213199,82524,745,1025,15709,
256.77223715989714,82523,746,1025,15709,
256.7729996300473,82523,746,1024,15710,
256.7761312752182,82522,747,1024,15710,
256.7784661384994,82522,746,1025,15710,
256.77862782322876,82521,747,1025,15710,
256.77897292082275,82521,746,1026,15710,
256.7798101047307,82520,747,1026,15710,
256.7815738225799,82520,747,1025,15711,
256.7833296629041,82519,748,1025,15711,
256.7898872716314,82518,749,1025,15711,
256.79004278169504,82517,750,1025,15711,
256.79022792867096,82517,750,1024,15712,
256.79662560418456,82517,750,1023,15713,
256.79673288112406,82517,750,1022,15714,
256.79818396512866,82517,749,1023,15714,
256.7985902493903,82517,748,1024,15714,
256.8022824118866,82516,749,1024,15714,
256.80233927547323,82515,750,1024,15714,
256.80514262158295,82515,750,1023,15715,
256.80581262210717,82514,751,1023,15715,
256.8061431985609,82514,750,1024,15715,
256.80765168247876,82514,749,1025,15715,
256.80818369183135,82514,749,1024,15716,
256.808823555332,82514,749,1023,15717,
256.8089883766367,82514,749,1022,15718,
256.8178317445435,82513,750,1022,15718,
256.8196108966677,82513,749,1023,15718,
256.8251873537824,82513,748,1024,15718,
256.8257379555723,82513,747,1025,15718,
256.8298285730686,82512,748,1025,15718,
256.8323224195132,82512,748,1024,15719,
256.83408831906166,82512,747,1025,15719,
256.8362884453937,82511,748,1025,15719,
256.8412502145635,82510,749,1025,15719,
256.8475292266154,82510,748,1026,15719,
256.8586626332,82510,747,1027,15719,
256.86067764812253,82509,748,1027,15719,
256.86512397666814,82509,747,1028,15719,
256.8655275488626,82509,747,1027,15720,
256.86695343650337,82508,748,1027,15720,
256.8686933658391,82508,748,1026,15721,
256.87042368558605,82508,748,1025,15722,
256.87107330876125,82507,749,1025,15722,
256.87464954445244,82507,748,1026,15722,
256.8775458880157,82506,749,1026,15722,
256.8837417546014,82506,749,1025,15723,
256.88640701711455,82506,749,1024,15724,
256.88783010947844,82506,749,1023,15725,
256.89008990906365,82505,750,1023,15725,
256.8971777268681,82504,751,1023,15725,
256.89738537472715,82504,750,1024,15725,
256.8981251354885,82503,751,1024,15725,
256.90139006216583,82503,750,1025,15725,
256.9071577019738,82503,750,1024,15726,
256.91031334124267,82503,750,1023,15727,
256.9112011282283,82503,750,1022,15728,
256.91141566478524,82503,750,1021,15729,
256.9139710427562,82503,749,1022,15729,
256.9154196973105,82503,749,1021,15730,
256.92005718296986,82503,748,1022,15730,
256.92058872511393,82503,748,1021,15731,
256.92554517780934,82502,749,1021,15731,
256.9288109167374,82502,748,1022,15731,
256.92891305201044,82502,748,1021,15732,
256.92954336705014,82501,749,1021,15732,
256.9346121991634,82500,750,1021,15732,
256.93854090131583,82499,751,1021,15732,
256.94198755016356,82499,750,1022,15732,
256.94438259752246,82498,751,1022,15732,
256.94711867316164,82498,750,1023,15732,
256.9506628367583,82497,751,1023,15732,
256.9534406910064,82497,750,1024,15732,
256.9539776042425,82497,750,1023,15733,
256.9550361256639,82497,749,1024,15733,
256.96122725938443,82496,750,1024,15733,
256.9667729188425,82495,751,1024,15733,
256.96877137878005,82495,751,1023,15734,
256.9695386591884,82495,751,1022,15735,
256.9709424273001,82495,750,1023,15735,
256.9736170354233,82494,751,1023,15735,
256.97418906243405,82494,750,1024,15735,
256.9781518824132,82493,751,1024,15735,
256.97870763677565,82493,751,1023,15736,
256.98474192444627,82492,752,1023,15736,
256.98962353975253,82492,751,1024,15736,
256.9921896816386,82492,750,1025,15736,
256.9962159731243,82492,749,1026,15736,
256.9967691652263,82491,750,1026,15736,
257.000934169116,82491,749,1027,15736,
257.0048129901538,82491,748,1028,15736,
257.0062483038327,82491,747,1029,15736,
257.0092448666364,82490,748,1029,15736,
257.0107946140652,82490,747,1030,15736,
257.01329268044526,82490,746,1031,15736,
257.01351312462157,82489,747,1031,15736,
257.0143241583636,82489,747,1030,15737,
257.01709303993715,82489,747,1029,15738,
257.0179990294527,82489,747,1028,15739,
257.0218921794137,82489,747,1027,15740,
257.02241869917816,82488,748,1027,15740,
257.02308337701993,82488,747,1028,15740,
257.0241093373612,82488,746,1029,15740,
257.0250008764533,82488,745,1030,15740,
257.0251980849197,82488,745,1029,15741,
257.0293491529112,82488,744,1030,15741,
257.02967005178436,82487,745,1030,15741,
257.03142444823436,82486,746,1030,15741,
257.0327701815808,82486,745,1031,15741,
257.03940405138985,82485,746,1031,15741,
257.0419554749401,82485,746,1030,15742,
257.04490445448965,82484,747,1030,15742,
257.0455224446926,82484,746,1031,15742,
257.04593965863995,82483,747,1031,15742,
257.04847100243705,82483,746,1032,15742,
257.0492911413168,82483,746,1031,15743,
257.0507715976343,82482,747,1031,15743,
257.0521844988332,82481,748,1031,15743,
257.0530829756486,82481,748,1030,15744,
257.0558053994968,82481,747,1031,15744,
257.0590530343224,82481,747,1030,15745,
257.0608234223901,82481,746,1031,15745,
257.0675621842083,82481,745,1032,15745,
257.0679834109778,82481,744,1033,15745,
257.0707316501747,82481,744,1032,15746,
257.07282395032917,82481,743,1033,15746,
257.073104750302,82480,744,1033,15746,
257.07690483042006,82480,744,1032,15747,
257.08129506283467,82480,743,1033,15747,
257.08345332550374,82480,742,1034,15747,
257.0890477366246,82480,741,1035,15747,
257.0910437783043,82480,740,1036,15747,
257.0947951579944,82480,740,1035,15748,
257.1005812358129,82479,741,1035,15748,
257.1009324588194,82478,742,1035,15748,
257.1027598118364,82478,741,1036,15748,
257.1031033782661,82478,740,1037,15748,
257.10679658535634,82478,739,1038,15748,
257.1069592441936,82478,738,1039,15748,
257.1086739443907,82478,737,1040,15748,
257.10874854628076,82478,736,1041,15748,
257.1088289489277,82477,737,1041,15748,
257.10964748488504,82477,737,1040,15749,
257.1108277788226,82477,737,1039,15750,
257.11265962664436,82476,738,1039,15750,
257.1138032643739,82476,737,1040,15750,
257.1151520749078,82475,738,1040,15750,
257.11547477789986,82475,738,1039,15751,
257.1162098167838,82475,737,1040,15751,
257.1164766701902,82475,736,1041,15751,
257.1172301390575,82475,735,1042,15751,
257.11727253533917,82474,736,1042,15751,
257.1176601886294,82473,737,1042,15751,
257.1195509810819,82472,738,1042,15751,
257.1261034356341,82472,737,1043,15751,
257.13252509254465,82472,737,1042,15752,
257.1330371466027,82471,738,1042,15752,
257.1348405174031,82471,737,1043,15752,
257.13508860243365,82471,737,1042,15753,
257.1370835599677,82471,736,1043,15753,
257.1377247372297,82471,735,1044,15753,
257.13827980875277,82471,734,1045,15753,
257.13902999403103,82470,735,1045,15753,
257.14531361119094,82470,735,1044,15754,
257.14672096957696,82469,736,1044,15754,
257.1537363918675,82469,735,1045,15754,
257.1577993129201,82469,735,1044,15755,
257.15901093086234,82468,736,1044,15755,
257.1594231314129,82468,736,1043,15756,
257.16123841040775,82467,737,1043,15756,
257.1625413160018,82467,736,1044,15756,
257.16488376808644,82466,737,1044,15756,
257.1666379046336,82465,738,1044,15756,
257.16768331178514,82465,738,1043,15757,
257.1680052423869,82465,738,1042,15758,
257.16840876006313,82464,739,1042,15758,
257.1718331437025,82464,738,1043,15758,
257.17494573508276,82464,737,1044,15758,
257.17575713230684,82464,736,1045,15758,
257.17619534541427,82463,737,1045,15758,
257.17929946916286,82463,736,1046,15758,
257.18014765374954,82463,736,1045,15759,
257.1831133822616,82462,737,1045,15759,
257.185707892855,82462,737,1044,15760,
257.19461125056966,82462,737,1043,15761,
257.19535062819284,82462,737,1042,15762,
257.19535229648625,82462,737,1041,15763,
257.19801847929534,82461,738,1041,15763,
257.20012654569683,82460,739,1041,15763,
257.2007480176109,82460,739,1040,15764,
257.2011417315208,82460,739,1039,15765,
257.204530707174,82460,738,1040,15765,
257.2051916582515,82460,737,1041,15765,
257.20571422993214,82460,736,1042,15765,
257.20634323360616,82460,736,1041,15766,
257.20728361643495,82460,735,1042,15766,
257.21023014783515,82459,736,1042,15766,
257.21742791622904,82459,736,1041,15767,
257.21825518607477,82459,736,1040,15768,
257.22044984024984,82459,736,1039,15769,
257.22206874991923,82459,736,1038,15770,
257.2229141941017,82459,735,1039,15770,
257.223975500131,82459,734,1040,15770,
257.225992146378,82458,735,1040,15770,
257.2277150171237,82457,736,1040,15770,
257.23499928329386,82456,737,1040,15770,
257.2350677484479,82456,737,1039,15771,
257.2405071789308,82455,738,1039,15771,
257.24094340504615,82455,737,1040,15771,
257.24290597021616,82455,736,1041,15771,
257.2462123363923,82454,737,1041,15771,
257.2464387052451,82454,736,1042,15771,
257.2504821450199,82454,735,1043,15771,
257.2516565079479,82454,735,1042,15772,
257.26657442768834,82453,736,1042,15772,
257.26762904143635,82453,735,1043,15772,
257.2728913609215,82452,736,1043,15772,
257.2749189659773,82452,735,1044,15772,
257.27551588226277,82452,735,1043,15773,
257.27783500474214,82451,736,1043,15773,
257.28152239653826,82450,737,1043,15773,
257.2851284312647,82450,736,1044,15773,
257.28683126415297,82450,736,1043,15774,
257.2917128325174,82450,735,1044,15774,
257.2930678585346,82450,734,1045,15774,
257.2971241975688,82450,734,1044,15775,
257.29726500858993,82450,733,1045,15775,
257.29966579778926,82450,733,1044,15776,
257.30107156414743,82450,732,1045,15776,
257.3047291079065,82450,731,1046,15776,
257.3060113203789,82450,731,1045,15777,
257.30642547289006,82450,730,1046,15777,
257.3085215829151,82450,729,1047,15777,
257.3101689360529,82449,730,1047,15777,
257.31088223472443,82449,730,1046,15778,
257.31122815290087,82448,731,1046,15778,
257.3117444743168,82448,731,1045,15779,
257.3120192661083,82448,730,1046,15779,
257.3135468391329,82448,729,1047,15779,
257.31423611894974,82448,728,1048,15779,
257.31533630147163,82448,728,1047,15780,
257.3185929748481,82447,729,1047,15780,
257.32286945093773,82447,728,1048,15780,
257.3232414099952,82446,729,1048,15780,
257.3238990611722,82446,729,1047,15781,
257.32760498928985,82446,728,1048,15781,
257.32827823774835,82446,728,1047,15782,
257.32967915785457,82446,728,1046,15783,
257.3298417016057,82445,729,1046,15783,
257.33483476078857,82445,729,1045,15784,
257.3350152491092,82445,729,1044,15785,
257.33516786130014,82445,729,1043,15786,
257.33552604569326,82445,728,1044,15786,
257.34297404759883,82444,729,1044,15786,
257.34519601563755,82444,729,1043,15787,
257.3468465509939,82444,728,1044,15787,
257.34762605668,82444,728,1043,15788,
257.3500289296388,82444,728,1042,15789,
257.35153789924874,82444,727,1043,15789,
257.35161476371286,82443,728,1043,15789,
257.35225988073944,82443,728,1042,15790,
257.35470686782975,82443,727,1043,15790,
257.35500284038676,82442,728,1043,15790,
257.35626114809014,82441,729,1043,15790,
257.3580759809583,82441,729,1042,15791,
257.35896180394184,82440,730,1042,15791,
257.3608701663555,82440,729,1043,15791,
257.3642342996601,82440,729,1042,15792,
257.36553089436615,82440,729,1041,15793,
257.36972455094156,82439,730,1041,15793,
257.3760107470716,82439,730,1040,15794,
257.3784768340856,82438,731,1040,15794,
257.37860975540065,82437,732,1040,15794,
257.3810053035381,82437,731,1041,15794,
257.38166236287583,82437,730,1042,15794,
257.38269269557276,82437,729,1043,15794,
257.3836514830636,82437,729,1042,15795,
257.38460157393297,82437,728,1043,15795,
257.38683943507044,82437,727,1044,15795,
257.38845651930995,82437,726,1045,15795,
257.39174371873304,82436,727,1045,15795,
257.39273685758803,82435,728,1045,15795,
257.39293074898046,82435,728,1044,15796,
257.39326980885625,82435,728,1043,15797,
257.39373483697364,82434,729,1043,15797,
257.3974555899518,82433,730,1043,15797,
257.3983227390014,82433,730,1042,15798,
257.3997941608027,82432,731,1042,15798,
257.40330863170607,82431,732,1042,15798,
257.40561764548573,82430,733,1042,15798,
257.41375021670603,82430,732,1043,15798,
257.41885932345906,82430,732,1042,15799,
257.42142872509675,82430,732,1041,15800,
257.4224984352726,82429,733,1041,15800,
257.42696975450656,82428,734,1041,15800,
257.4290201766643,82428,734,1040,15801,
257.43192252010766,82428,733,1041,15801,
257.4321162045111,82427,734,1041,15801,
257.4399785188687,82427,733,1042,15801,
257.44153656708784,82426,734,1042,15801,
257.442655242702,82426,734,1041,15802,
257.4450553286408,82425,735,1041,15802,
257.4563573183498,82425,735,1040,15803,
257.4610172298505,82425,735,1039,15804,
257.46145905323885,82425,735,1038,15805,
257.4659652615858,82424,736,1038,15805,
257.4688591983681,82423,737,1038,15805,
257.46977029096456,82423,736,1039,15805,
257.47152594254567,82423,735,1040,15805,
257.4723855834115,82422,736,1040,15805,
257.4762464863696,82421,737,1040,15805,
257.4818550776796,82420,738,1040,15805,
257.48624670247267,82419,739,1040,15805,
257.48656878859566,82419,739,1039,15806,
257.49071732585156,82418,740,1039,15806,
257.5020364215521,82418,739,1040,15806,
257.5025105913155,82418,738,1041,15806,
257.5053893748134,82418,738,1040,15807,
257.5068673633435,82418,738,1039,15808,
257.51034574376047,82418,737,1040,15808,
257.51759004242354,82418,736,1041,15808,
257.51945973157365,82418,736,1040,15809,
257.5249787339468,82418,736,1039,15810,
257.52511340413156,82417,737,1039,15810,
257.5254254545073,82417,736,1040,15810,
257.5271660407026,82416,737,1040,15810,
257.5289483336614,82416,736,1041,15810,
257.53200015008434,82415,737,1041,15810,
257.53310984983807,82415,737,1040,15811,
257.5344642055531,82415,737,1039,15812,
257.53475378491834,82414,738,1039,15812,
257.5379805299825,82413,739,1039,15812,
257.5387515370824,82413,739,1038,15813,
257.53900012035194,82412,740,1038,15813,
257.5400247191892,82412,740,1037,15814,
257.542533222019,82412,740,1036,15815,
257.54527015426095,82411,741,1036,15815,
257.5470225315183,82411,740,1037,15815,
257.5487379645933,82411,740,1036,15816,
257.55284052615156,82410,741,1036,15816,
257.5539028280447,82410,740,1037,15816,
257.55942810321363,82410,740,1036,15817,
257.5596591491269,82409,741,1036,15817,
257.5602212808028,82408,742,1036,15817,
257.56170689252804,82407,743,1036,15817,
257.56337505985624,82407,743,1035,15818,
257.56468332332474,82407,743,1034,15819,
257.5657048003709,82407,743,1033,15820,
257.56598759405097,82406,744,1033,15820,
257.566504633411,82406,744,1032,15821,
257.566908628061,82406,743,1033,15821,
257.5676706142366,82406,742,1034,15821,
257.5692650373474,82405,743,1034,15821,
257.569862512988,82405,743,1033,15822,
257.57106627309594,82405,743,1032,15823,
257.57188021100006,82405,743,1031,15824,
257.57311105245526,82405,743,1030,15825,
257.57383254824504,82405,743,1029,15826,
257.57749958454804,82404,744,1029,15826,
257.5775825988123,82403,745,1029,15826,
257.57888479865545,82403,744,1030,15826,
257.57961764857197,82402,745,1030,15826,
257.57970921402983,82401,746,1030,15826,
257.57991167868533,82401,746,1029,15827,
257.5853662639375,82400,747,1029,15827,
257.5862154662781,82399,748,1029,15827,
257.58832016134403,82398,749,1029,15827,
257.59195924317453,82398,748,1030,15827,
257.5928183779967,82398,747,1031,15827,
257.59342340133117,82398,746,1032,15827,
257.59365283905663,82398,746,1031,15828,
257.59412752198745,82398,746,1030,15829,
257.59450490637835,82398,746,1029,15830,
257.5965653588345,82397,747,1029,15830,
257.59752386078816,82396,748,1029,15830,
257.5976950450995,82396,748,1028,15831,
257.59823346127877,82396,747,1029,15831,
257.5997095616179,82396,747,1028,15832,
257.60525085751834,82396,747,1027,15833,
257.6059806705734,82396,746,1028,15833,
257.6063692866263,82396,745,1029,15833,
257.60725697263155,82395,746,1029,15833,
257.6123718771664,82394,747,1029,15833,
257.61530510136316,82394,746,1030,15833,
257.61694877933843,82394,746,1029,15834,
257.61942193129215,82393,747,1029,15834,
257.61959689984224,82392,748,1029,15834,
257.61974894317,82392,748,1028,15835,
257.62216710596107,82392,747,1029,15835,
257.6225389019574,82391,748,1029,15835,
257.6229480536697,82391,747,1030,15835,
257.62303628029485,82390,748,1030,15835,
257.62318937199683,82389,749,1030,15835,
257.6245267620752,82389,749,1029,15836,
257.62488594160186,82389,749,1028,15837,
257.62638882831766,82389,749,1027,15838,
257.62689864514226,82389,749,1026,15839,
257.6278230385897,82388,750,1026,15839,
257.6283434058689,82387,751,1026,15839,
257.63070286043904,82386,752,1026,15839,
257.63210507905893,82386,752,1025,15840,
257.6347521736799,82386,752,1024,15841,
257.63828494868767,82386,751,1025,15841,
257.6396671887456,82385,752,1025,15841,
257.6422533564048,82385,751,1026,15841,
257.6446374085604,82385,750,1027,15841,
257.6456398946685,82385,750,1026,15842,
257.64679214718194,82384,751,1026,15842,
257.6474383593064,82384,751,1025,15843,
257.6487100464452,82384,751,1024,15844,
257.65264579777397,82383,752,1024,15844,
257.6560360977887,82383,751,1025,15844,
257.6635427908238,82383,750,1026,15844,
257.6671627788516,82383,749,1027,15844,
257.66858132817725,82382,750,1027,15844,
257.66932519331556,82382,749,1028,15844,
257.6709442274594,82382,748,1029,15844,
257.67440274058623,82382,748,1028,15845,
257.6749235801111,82382,747,1029,15845,
257.67599755986646,82381,748,1029,15845,
257.67604640655225,82381,747,1030,15845,
257.67729576623884,82381,747,1029,15846,
257.67826777226605,82381,746,1030,15846,
257.68262642543897,82381,745,1031,15846,
257.6859873872084,82380,746,1031,15846,
257.68738087124154,82380,745,1032,15846,
257.6896340604216,82380,745,1031,15847,
257.6986908108745,82380,745,1030,15848,
257.7047045344034,82380,744,1031,15848,
257.7093580182409,82379,745,1031,15848,
257.7099335682766,82379,744,1032,15848,
257.71240348814615,82378,745,1032,15848,
257.71317801630016,82378,745,1031,15849,
257.71790921418204,82377,746,1031,15849,
257.7187264678403,82377,745,1032,15849,
257.722005667132,82377,745,1031,15850,
257.7220191150703,82377,744,1032,15850,
257.72228305079454,82377,743,1033,15850,
257.722461047725,82377,743,1032,15851,
257.72717199441604,82377,743,1031,15852,
257.7272218856996,82377,742,1032,15852,
257.72751305933673,82377,741,1033,15852,
257.7324327333971,82377,741,1032,15853,
257.7365797809537,82376,742,1032,15853,
257.739643931787,82376,742,1031,15854,
257.7498540497389,82376,742,1030,15855,
257.75055638770954,82376,741,1031,15855,
257.75511978454557,82375,742,1031,15855,
257.755861867403,82374,743,1031,15855,
257.7597610003347,82373,744,1031,15855,
257.7604769085484,82373,744,1030,15856,
257.76128672105773,82373,744,1029,15857,
257.7621288510811,82373,743,1030,15857,
257.7643943210188,82373,742,1031,15857,
257.76908544432973,82373,741,1032,15857,
257.77037445351846,82372,742,1032,15857,
257.7723279254351,82372,741,1033,15857,
257.77512686150885,82371,742,1033,15857,
257.77646882507065,82370,743,1033,15857,
257.77971074650804,82370,743,1032,15858,
257.78034987762396,82369,744,1032,15858,
257.7810989306956,82368,745,1032,15858,
257.7872774363664,82368,744,1033,15858,
257.79291550113993,82367,745,1033,15858,
257.79363210372884,82367,744,1034,15858,
257.79673041201056,82367,743,1035,15858,
257.7986982321913,82367,742,1036,15858,
257.7989804005503,82367,741,1037,15858,
257.8022301998629,82367,740,1038,15858,
257.8025143914074,82367,740,1037,15859,
257.80320265648226,82366,741,1037,15859,
257.804388216975,82366,741,1036,15860,
257.8059964781963,82366,740,1037,15860,
257.8084816186624,82365,741,1037,15860,
257.8186971945818,82364,742,1037,15860,
257.8190855643618,82364,741,1038,15860,
257.8251244415776,82364,740,1039,15860,
257.8268633577095,82364,740,1038,15861,
257.8316289276468,82363,741,1038,15861,
257.8422694550789,82363,741,1037,15862,
257.8425945630138,82363,741,1036,15863,
257.8431053766792,82363,740,1037,15863,
257.8433784610303,82363,739,1038,15863,
257.848290369589,82362,740,1038,15863,
257.84975589841656,82362,739,1039,15863,
257.85030836236297,82362,739,1038,15864,
257.85223574000406,82361,740,1038,15864,
257.8533763851983,82361,739,1039,15864,
257.8558798263052,82360,740,1039,15864,
257.8619578059218,82360,739,1040,15864,
257.8625573238161,82359,740,1040,15864,
257.86527018596877,82358,741,1040,15864,
257.8660578239966,82358,741,1039,15865,
257.8681147661008,82358,741,1038,15866,
257.868394260486,82357,742,1038,15866,
257.8693110623954,82356,743,1038,15866,
257.86990932782527,82356,742,1039,15866,
257.8703832778996,82356,741,1040,15866,
257.8746907093801,82355,742,1040,15866,
257.87533173372447,82355,742,1039,15867,
257.8777113578414,82354,743,1039,15867,
257.8780917214017,82353,744,1039,15867,
257.87932946875213,82352,745,1039,15867,
257.8802313331503,82352,745,1038,15868,
257.8827754862356,82352,745,1037,15869,
257.8864922894101,82352,745,1036,15870,
257.8890770166177,82352,744,1037,15870,
257.8909870378936,82352,743,1038,15870,
257.89364646772066,82351,744,1038,15870,
257.8947879943905,82350,745,1038,15870,
257.8954364415474,82350,744,1039,15870,
257.89549753999535,82350,743,1040,15870,
257.8956053139332,82349,744,1040,15870,
257.8961971382423,82349,744,1039,15871,
257.8963429061698,82348,745,1039,15871,
257.8964058638385,82348,744,1040,15871,
257.89868636275645,82348,743,1041,15871,
257.8992039615039,82348,743,1040,15872,
257.9081705896948,82348,742,1041,15872,
257.90961612098897,82347,743,1041,15872,
257.9098590895824,82346,744,1041,15872,
257.9105459847584,82345,745,1041,15872,
257.91127125995376,82345,745,1040,15873,
257.91143018554,82345,744,1041,15873,
257.91304923086125,82345,743,1042,15873,
257.9138135222701,82344,744,1042,15873,
257.91532051145026,82344,744,1041,15874,
257.91760652005104,82344,743,1042,15874,
257.9199345254551,82344,743,1041,15875,
257.92203161030994,82343,744,1041,15875,
257.9228733834082,82342,745,1041,15875,
257.92526878493993,82341,746,1041,15875,
257.92967930735057,82341,745,1042,15875,
257.9327170353379,82341,745,1041,15876,
257.93296501291087,82341,745,1040,15877,
257.9343344857491,82340,746,1040,15877,
257.9387673949155,82339,747,1040,15877,
257.9441533713335,82338,748,1040,15877,
257.94693185762014,82337,749,1040,15877,
257.9472715111129,82337,749,1039,15878,
257.947344155212,82337,749,1038,15879,
257.94975799476384,82336,750,1038,15879,
257.9568607238402,82336,749,1039,15879,
257.95723851041396,82336,749,1038,15880,
257.96304707422576,82336,748,1039,15880,
257.9667888293105,82336,748,1038,15881,
257.96785744589295,82336,747,1039,15881,
257.96834688264903,82335,748,1039,15881,
257.96866822031035,82335,747,1040,15881,
257.9700733043722,82334,748,1040,15881,
257.9709191763425,82334,747,1041,15881,
257.9718463839915,82334,746,1042,15881,
257.97332395872417,82334,746,1041,15882,
257.97900542635847,82333,747,1041,15882,
257.97925477089734,82332,748,1041,15882,
257.9801885395775,82331,749,1041,15882,
257.9829093686773,82331,749,1040,15883,
257.9842209028801,82331,749,1039,15884,
257.99023080409705,82331,749,1038,15885,
257.9916954784149,82331,748,1039,15885,
257.99488438879655,82330,749,1039,15885,
257.99623184112016,82329,750,1039,15885,
257.9968774589384,82329,749,1040,15885,
257.99924352135076,82329,749,1039,15886,
258.0029284322992,82329,748,1040,15886,
258.0086212355086,82329,747,1041,15886,
258.0086494409021,82329,747,1040,15887,
258.0099893348098,82328,748,1040,15887,
258.0099951843688,82328,748,1039,15888,
258.016859071893,82328,747,1040,15888,
258.017644641625,82328,747,1039,15889,
258.01862631287923,82328,747,1038,15890,
258.0198061470463,82328,746,1039,15890,
258.0220151636871,82328,745,1040,15890,
258.0252516694471,82328,744,1041,15890,
258.0271808771994,82328,744,1040,15891,
258.0276515572122,82327,745,1040,15891,
258.0343551676724,82327,744,1041,15891,
258.0352064897424,82327,744,1040,15892,
258.0384119499699,82327,744,1039,15893,
258.04535758583904,82326,745,1039,15893,
258.045471216862,82326,744,1040,15893,
258.0463991143215,82326,744,1039,15894,
258.04662995083964,82326,744,1038,15895,
258.0511483961587,82325,745,1038,15895,
258.05797618834345,82324,746,1038,15895,
258.06101253758965,82324,746,1037,15896,
258.0635161854983,82323,747,1037,15896,
258.0650904388022,82322,748,1037,15896,
258.0656653004059,82322,747,1038,15896,
258.0696998770283,82322,747,1037,15897,
258.07555853608176,82322,747,1036,15898,
258.07880450697365,82322,746,1037,15898,
258.08570401070403,82322,746,1036,15899,
258.0886108636234,82321,747,1036,15899,
258.089409647997,82321,746,1037,15899,
258.0895669430362,82321,745,1038,15899,
258.09002655571726,82321,745,1037,15900,
258.0948013333284,82320,746,1037,15900,
258.0994584936835,82320,745,1038,15900,
258.0998310711073,82320,745,1037,15901,
258.10254969381776,82320,745,1036,15902,
258.10292322494047,82320,744,1037,15902,
258.1042608786919,82320,744,1036,15903,
258.10604044423775,82320,744,1035,15904,
258.10927555176704,82319,745,1035,15904,
258.11313958441025,82318,746,1035,15904,
258.11490954512533,82318,746,1034,15905,
258.12481903855087,82318,745,1035,15905,
258.12490997141043,82317,746,1035,15905,
258.1268370283404,82316,747,1035,15905,
258.12762863694513,82316,747,1034,15906,
258.12804132347065,82316,746,1035,15906,
258.13868134017457,82316,745,1036,15906,
258.1411048036815,82315,746,1036,15906,
258.1453487495712,82314,747,1036,15906,
258.1476751063673,82313,748,1036,15906,
258.1566823186089,82313,748,1035,15907,
258.15803289829313,82313,747,1036,15907,
258.1583081665402,82313,747,1035,15908,
258.16109856606454,82312,748,1035,15908,
258.1616760907288,82312,748,1034,15909,
258.1632286556707,82311,749,1034,15909,
258.16372641364563,82310,750,1034,15909,
258.169534020488,82310,750,1033,15910,
258.1753092985437,82310,750,1032,15911,
258.17987704986086,82310,749,1033,15911,
258.18083042213027,82310,749,1032,15912,
258.1827025950473,82310,748,1033,15912,
258.18394158354556,82310,747,1034,15912,
258.1899836795417,82310,747,1033,15913,
258.19341574172,82310,747,1032,15914,
258.1936901615966,82310,746,1033,15914,
258.1940265334447,82309,747,1033,15914,
258.19895555164817,82308,748,1033,15914,
258.2038162162634,82307,749,1033,15914,
258.20581591872667,82307,748,1034,15914,
258.20740928458855,82306,749,1034,15914,
258.207510883545,82306,748,1035,15914,
258.21016749693007,82305,749,1035,15914,
258.2117679102745,82305,749,1034,15915,
258.2189052846185,82305,748,1035,15915,
258.22074649063956,82304,749,1035,15915,
258.22273023237943,82304,749,1034,15916,
258.22420715790133,82304,748,1035,15916,
258.22429839805443,82303,749,1035,15916,
258.2254536726255,82302,750,1035,15916,
258.22632825796376,82302,750,1034,15917,
258.2319000594302,82302,750,1033,15918,
258.2322455788899,82301,751,1033,15918,
258.2361008091644,82301,751,1032,15919,
258.23923061687077,82300,752,1032,15919,
258.24050624731694,82300,752,1031,15920,
258.2416576275593,82300,751,1032,15920,
258.2431905542016,82299,752,1032,15920,
258.2433975375812,82299,751,1033,15920,
258.24381291150684,82299,751,1032,15921,
258.2442344558369,82298,752,1032,15921,
258.24449656718724,82298,751,1033,15921,
258.24495370321443,82297,752,1033,15921,
258.2450977697479,82297,751,1034,15921,
258.2452597030619,82297,750,1035,15921,
258.2463272504861,82297,750,1034,15922,
258.247591703643,82297,749,1035,15922,
258.2489899284815,82297,749,1034,15923,
258.24900538044767,82296,750,1034,15923,
258.25179554240475,82296,750,1033,15924,
258.256548288018,82296,750,1032,15925,
258.2566168142701,82295,751,1032,15925,
258.25949943722014,82294,752,1032,15925,
258.26098095878535,82294,751,1033,15925,
258.26201568722377,82294,750,1034,15925,
258.2678863106504,82294,749,1035,15925,
258.27138427936364,82294,749,1034,15926,
258.273335598363,82294,748,1035,15926,
258.27445829434885,82294,747,1036,15926,
258.2764548422328,82294,747,1035,15927,
258.27647827928183,82294,746,1036,15927,
258.2772667108124,82294,746,1035,15928,
258.281854976839,82293,747,1035,15928,
258.2861129165557,82293,747,1034,15929,
258.28774181738197,82293,747,1033,15930,
258.2881114857952,82293,747,1032,15931,
258.29140428419976,82293,746,1033,15931,
258.2936411619799,82293,746,1032,15932,
258.2959442457054,82293,745,1033,15932,
258.3051463410606,82293,744,1034,15932,
258.30681255800033,82293,743,1035,15932,
258.3104702291749,82293,742,1036,15932,
258.3105817058698,82293,742,1035,15933,
258.31152965731826,82293,741,1036,15933,
258.3141567909672,82292,742,1036,15933,
258.3155689653633,82292,741,1037,15933,
258.31916160913335,82291,742,1037,15933,
258.3211312153324,82291,741,1038,15933,
258.32114334622025,82290,742,1038,15933,
258.32430829748535,82290,742,1037,15934,
258.32539749577677,82290,741,1038,15934,
258.32937284719645,82289,742,1038,15934,
258.3319405506312,82289,741,1039,15934,
258.3324798523339,82288,742,1039,15934,
258.3342978717872,82288,741,1040,15934,
258.33524935959935,82288,741,1039,15935,
258.3361657346824,82287,742,1039,15935,
258.3362391448767,82286,743,1039,15935,
258.3373576694647,82286,742,1040,15935,
258.3402548795992,82285,743,1040,15935,
258.34555536489535,82285,743,1039,15936,
258.34663128863974,82284,744,1039,15936,
258.34745036624355,82284,743,1040,15936,
258.3524725187312,82283,744,1040,15936,
258.3528746780223,82282,745,1040,15936,
258.35406816935216,82282,745,1039,15937,
258.35463248041907,82282,744,1040,15937,
258.3553640417881,82282,743,1041,15937,
258.3588054130822,82282,742,1042,15937,
258.36101661504085,82282,742,1041,15938,
258.36176278772746,82281,743,1041,15938,
258.36405214493783,82281,743,1040,15939,
258.36599311016016,82281,742,1041,15939,
258.3700904271371,82281,741,1042,15939,
258.37027502542344,82281,741,1041,15940,
258.3720961336583,82281,741,1040,15941,
258.37345619594765,82280,742,1040,15941,
258.37391561435834,82280,742,1039,15942,
258.37612166633807,82279,743,1039,15942,
258.37669850956854,82278,744,1039,15942,
258.380796415005,82277,745,1039,15942,
258.389676085044,82277,744,1040,15942,
258.3909531137327,82277,743,1041,15942,
258.3924543803781,82277,742,1042,15942,
258.3937862077634,82277,742,1041,15943,
258.39561591243375,82276,743,1041,15943,
258.39671160850895,82276,743,1040,15944,
258.40031581297126,82275,744,1040,15944,
258.404195247463,82275,743,1041,15944,
258.4055850463309,82275,743,1040,15945,
258.4099929734755,82274,744,1040,15945,
258.4121057150743,82274,743,1041,15945,
258.41440714119926,82273,744,1041,15945,
258.4176377702502,82273,743,1042,15945,
258.4266148419082,82273,742,1043,15945,
258.4287041432864,82273,741,1044,15945,
258.4308800702547,82273,741,1043,15946,
258.4359991032577,82273,740,1044,15946,
258.43769614506755,82272,741,1044,15946,
258.44134555305266,82271,742,1044,15946,
258.44158258245244,82271,741,1045,15946,
258.4432130439748,82271,741,1044,15947,
258.44547882729705,82271,741,1043,15948,
258.44843542669685,82271,740,1044,15948,
258.4538519052364,82271,739,1045,15948,
258.45433487636706,82270,740,1045,15948,
258.4580890182,82269,741,1045,15948,
258.45912878346246,82269,741,1044,15949,
258.46006186829635,82268,742,1044,15949,
258.4637705514742,82268,742,1043,15950,
258.46404107068776,82268,741,1044,15950,
258.4687226396049,82268,740,1045,15950,
258.4692242088849,82268,739,1046,15950,
258.46967395556953,82268,738,1047,15950,
258.4713998955643,82268,738,1046,15951,
258.47814773786246,82268,737,1047,15951,
258.4832478371633,82268,736,1048,15951,
258.48379507413426,82268,736,1047,15952,
258.4845753177667,82268,736,1046,15953,
258.4860764823935,82268,735,1047,15953,
258.4873655371849,82267,736,1047,15953,
258.4882694212598,82266,737,1047,15953,
258.4944812401245,82266,736,1048,15953,
258.49788263440155,82266,735,1049,15953,
258.50193110307544,82265,736,1049,15953,
258.50204990322544,82265,735,1050,15953,
258.50301236324077,82264,736,1050,15953,
258.50377682196387,82264,736,1049,15954,
258.50416395184993,82264,735,1050,15954,
258.506751403102,82263,736,1050,15954,
258.5124890589222,82263,735,1051,15954,
258.5134489702805,82262,736,1051,15954,
258.51475815749086,82262,735,1052,15954,
258.5149685011873,82262,734,1053,15954,
258.5157564874393,82262,734,1052,15955,
258.5160121319335,82261,735,1052,15955,
258.5202947047948,82261,735,1051,15956,
258.5221246357593,82261,734,1052,15956,
258.5247967471201,82260,735,1052,15956,
258.52962779612176,82260,734,1053,15956,
258.5304753678167,82260,733,1054,15956,
258.53089277725036,82260,732,1055,15956,
258.534371889362,82260,731,1056,15956,
258.53713133220003,82259,732,1056,15956,
258.54004066248274,82259,731,1057,15956,
258.54066586999545,82259,730,1058,15956,
258.5461541710435,82258,731,1058,15956,
258.54901391031325,82257,732,1058,15956,
258.5507378420844,82257,731,1059,15956,
258.551106457093,82256,732,1059,15956,
258.5550189351244,82256,732,1058,15957,
258.55600634491077,82256,732,1057,15958,
258.55888744864063,82255,733,1057,15958,
258.5612788515684,82254,734,1057,15958,
258.5629313834622,82254,733,1058,15958,
258.5630616768966,82253,734,1058,15958,
258.5676392089289,82252,735,1058,15958,
258.5716780549592,82252,735,1057,15959,
258.57646856669913,82251,736,1057,15959,
258.5839679755967,82250,737,1057,15959,
258.5870952587239,82249,738,1057,15959,
258.588337394534,82248,739,1057,15959,
258.5911075594835,82247,740,1057,15959,
258.593196530159,82246,741,1057,15959,
258.59511419998836,82246,741,1056,15960,
258.59680804829185,82246,740,1057,15960,
258.599964784689,82245,741,1057,15960,
258.6028928219131,82245,740,1058,15960,
258.6033250008345,82245,739,1059,15960,
258.6065750966856,82244,740,1059,15960,
258.6067641785654,82244,740,1058,15961,
258.6090945523191,82243,741,1058,15961,
258.60911415086457,82242,742,1058,15961,
258.6133188723699,82241,743,1058,15961,
258.6134432528966,82241,743,1057,15962,
258.61516887820136,82241,742,1058,15962,
258.62336535788376,82241,741,1059,15962,
258.6288793572357,82241,740,1060,15962,
258.62941544895517,82241,740,1059,15963,
258.6314132098146,82241,739,1060,15963,
258.63147069634255,82241,739,1059,15964,
258.63654067775553,82240,740,1059,15964,
258.63877570964905,82240,739,1060,15964,
258.64257822760237,82240,739,1059,15965,
258.6440857006463,82239,740,1059,15965,
258.6470500299943,82239,740,1058,15966,
258.6477174166471,82239,740,1057,15967,
258.6515486131908,82239,740,1056,15968,
258.6526936329702,82239,740,1055,15969,
258.65874203230715,82238,741,1055,15969,
258.659006505025,82238,740,1056,15969,
258.6606558551464,82238,740,1055,15970,
258.6629705878424,82237,741,1055,15970,
258.66314851666556,82237,741,1054,15971,
258.66330698206554,82237,741,1053,15972,
258.6638590876076,82237,740,1054,15972,
258.6642389061053,82237,739,1055,15972,
258.66496409209964,82236,740,1055,15972,
258.6657474568282,82236,740,1054,15973,
258.6677283900808,82235,741,1054,15973,
258.67039970256866,82235,741,1053,15974,
258.67221975651387,82234,742,1053,15974,
258.67283500424435,82233,743,1053,15974,
258.6736499340682,82233,743,1052,15975,
258.6746906021654,82233,742,1053,15975,
258.67503090668225,82232,743,1053,15975,
258.675348484618,82232,743,1052,15976,
258.67875741441713,82231,744,1052,15976,
258.68170133235617,82231,743,1053,15976,
258.68263130762074,82230,744,1053,15976,
258.68505428368155,82230,744,1052,15977,
258.69609080019205,82229,745,1052,15977,
258.69660632656803,82229,745,1051,15978,
258.6969263650591,82228,746,1051,15978,
258.69802961617364,82228,746,1050,15979,
258.69884077891516,82228,745,1051,15979,
258.7013163376268,82228,744,1052,15979,
258.70159495409615,82228,744,1051,15980,
258.70250115138884,82228,743,1052,15980,
258.7033318821975,82228,743,1051,15981,
258.7050464199447,82228,742,1052,15981,
258.7059976592312,82228,742,1051,15982,
258.7081879272303,82227,743,1051,15982,
258.71046480095754,82226,744,1051,15982,
258.7131758791096,82225,745,1051,15982,
258.71548272975195,82224,746,1051,15982,
258.7159882508649,82224,745,1052,15982,
258.7163195845509,82223,746,1052,15982,
258.7274829769568,82223,746,1051,15983,
258.7289967001711,82223,745,1052,15983,
258.73166115122496,82223,745,1051,15984,
258.73218904392513,82223,744,1052,15984,
258.7325671842546,82223,744,1051,15985,
258.73321813416555,82223,743,1052,15985,
258.73350145506805,82223,743,1051,15986,
258.7392182749511,82222,744,1051,15986,
258.7407551410075,82221,745,1051,15986,
258.74085545307935,82221,745,1050,15987,
258.7423326467222,82221,745,1049,15988,
258.74338076330633,82221,744,1050,15988,
258.7445818586834,82220,745,1050,15988,
258.74627966836414,82220,745,1049,15989,
258.7474274002275,82220,744,1050,15989,
258.74967471613456,82220,744,1049,15990,
258.7499493792262,82220,744,1048,15991,
258.75130047690965,82220,744,1047,15992,
258.75158207771227,82219,745,1047,15992,
258.75884329454794,82219,745,1046,15993,
258.7613937910961,82218,746,1046,15993,
258.762779491634,82218,746,1045,15994,
258.76289865989656,82218,745,1046,15994,
258.76502235804185,82217,746,1046,15994,
258.7661670434962,82216,747,1046,15994,
258.7697817099748,82215,748,1046,15994,
258.7704842164553,82215,748,1045,15995,
258.7724172676775,82215,747,1046,15995,
258.77294666896375,82214,748,1046,15995,
258.77325248965474,82214,748,1045,15996,
258.7736236205789,82214,747,1046,15996,
258.7756678609608,82213,748,1046,15996,
258.777343957683,82213,748,1045,15997,
258.7848333946518,82212,749,1045,15997,
258.78699886910465,82211,750,1045,15997,
258.79151599668677,82211,750,1044,15998,
258.7956421097022,82211,750,1043,15999,
258.7985901098453,82211,749,1044,15999,
258.79992861129915,82211,749,1043,16000,
258.8033028180058,82210,750,1043,16000,
258.8033726143093,82210,749,1044,16000,
258.8053814101689,82210,749,1043,16001,
258.80581800846716,82210,748,1044,16001,
258.8060096289125,82210,747,1045,16001,
258.810732266991,82210,746,1046,16001,
258.81123032945226,82210,746,1045,16002,
258.81177824449236,82209,747,1045,16002,
258.81311103262203,82209,747,1044,16003,
258.8138614288977,82209,747,1043,16004,
258.81411763841777,82208,748,1043,16004,
258.8150736939908,82207,749,1043,16004,
258.81706012232337,82206,750,1043,16004,
258.8185133790902,82206,750,1042,16005,
258.81994584793443,82205,751,1042,16005,
258.8292284958612,82205,750,1043,16005,
258.8325007100582,82204,751,1043,16005,
258.835401658594,82204,750,1044,16005,
258.8372351918426,82203,751,1044,16005,
258.83868928056944,82203,750,1045,16005,
258.8405535780217,82203,750,1044,16006,
258.84332050931266,82202,751,1044,16006,
258.84520323593165,82201,752,1044,16006,
258.8474559725192,82200,753,1044,16006,
258.84907165983844,82199,754,1044,16006,
258.8496122342049,82199,753,1045,16006,
258.85172890722504,82199,753,1044,16007,
258.8530741737536,82199,752,1045,16007,
258.8533761026686,82199,751,1046,16007,
258.8548293327402,82199,751,1045,16008,
258.85653069133826,82198,752,1045,16008,
258.8617802726863,82198,751,1046,16008,
258.8619138785316,82198,750,1047,16008,
258.866678051616,82197,751,1047,16008,
258.86753343425676,82197,751,1046,16009,
258.86787898506117,82197,751,1045,16010,
258.86803389303935,82196,752,1045,16010,
258.86858820298943,82196,751,1046,16010,
258.8687753567329,82195,752,1046,16010,
258.8708566037822,82195,751,1047,16010,
258.87123056014366,82195,750,1048,16010,
258.87258970238446,82195,750,1047,16011,
258.87643329559745,82194,751,1047,16011,
258.8811301898454,82193,752,1047,16011,
258.8836270461835,82192,753,1047,16011,
258.88509991453935,82192,752,1048,16011,
258.886277598009,82192,752,1047,16012,
258.8889492300131,82191,753,1047,16012,
258.88924662868055,82190,754,1047,16012,
258.8907144489474,82189,755,1047,16012,
258.892373390033,82188,756,1047,16012,
258.8943425235646,82188,756,1046,16013,
258.9030077879179,82188,756,1045,16014,
258.9038723754632,82187,757,1045,16014,
258.90402097031784,82187,757,1044,16015,
258.90508382423627,82187,757,1043,16016,
258.90592683056036,82187,757,1042,16017,
258.9073504356236,82187,756,1043,16017,
258.9094721500329,82187,756,1042,16018,
258.90956391526316,82186,757,1042,16018,
258.9103175837442,82185,758,1042,16018,
258.9118281478971,82185,757,1043,16018,
258.91556492521994,82185,757,1042,16019,
258.91728754697147,82184,758,1042,16019,
258.9182845717308,82184,757,1043,16019,
258.9214846112946,82184,757,1042,16020,
258.92842166483064,82184,757,1041,16021,
258.93316303221764,82183,758,1041,16021,
258.9336271372275,82182,759,1041,16021,
258.93695783111474,82182,758,1042,16021,
258.9398958348011,82181,759,1042,16021,
258.9408077757207,82181,759,1041,16022,
258.9428289984169,82181,758,1042,16022,
258.94446604068344,82180,759,1042,16022,
258.9479025238112,82180,759,1041,16023,
258.94951025729455,82180,759,1040,16024,
258.95160244792135,82180,758,1041,16024,
258.9546899028574,82180,757,1042,16024,
258.9567252610964,82179,758,1042,16024,
258.9569052532082,82178,759,1042,16024,
258.9586604043918,82177,760,1042,16024,
258.960678390477,82177,760,1041,16025,
258.9632619105395,82177,759,1042,16025,
258.967441024615,82177,758,1043,16025,
258.97010886588055,82177,757,1044,16025,
258.97296036221564,82176,758,1044,16025,
258.975531824473,82176,758,1043,16026,
258.98094670472017,82176,757,1044,16026,
258.9848716270947,82176,756,1045,16026,
258.9850648749403,82176,755,1046,16026,
258.98774524364904,82175,756,1046,16026,
258.99515618788956,82174,757,1046,16026,
258.99517705386717,82174,757,1045,16027,
258.99606876020164,82174,756,1046,16027,
258.9961384035488,82173,757,1046,16027,
258.99877254310866,82173,756,1047,16027,
259.00031087103093,82173,756,1046,16028,
259.0070170797133,82173,756,1045,16029,
259.0075872511434,82172,757,1045,16029,
259.0108435732945,82171,758,1045,16029,
259.0109761393929,82171,758,1044,16030,
259.0122429647556,82171,758,1043,16031,
259.01769082043745,82170,759,1043,16031,
259.02099733310547,82170,758,1044,16031,
259.0228545432175,82170,757,1045,16031,
259.02683161085184,82170,756,1046,16031,
259.02884808560566,82169,757,1046,16031,
259.0350765462647,82169,756,1047,16031,
259.03654827566476,82169,755,1048,16031,
259.0373501749729,82168,756,1048,16031,
259.0397219204163,82168,755,1049,16031,
259.0427239286119,82168,755,1048,16032,
259.0456716815529,82168,754,1049,16032,
259.0471798039094,82167,755,1049,16032,
259.052025159913,82167,755,1048,16033,
259.0532431199892,82166,756,1048,16033,
259.055798392404,82166,755,1049,16033,
259.0599394869738,82166,755,1048,16034,
259.06007462499485,82166,755,1047,16035,
259.0613084812597,82165,756,1047,16035,
259.0624860551096,82165,756,1046,16036,
259.0629253917635,82164,757,1046,16036,
259.06311836785034,82164,756,1047,16036,
259.06559860941707,82164,756,1046,16037,
259.065961094497,82164,755,1047,16037,
259.0694450995077,82164,755,1046,16038,
259.0696174296241,82164,754,1047,16038,
259.07310158773845,82163,755,1047,16038,
259.0748947077635,82163,754,1048,16038,
259.07560959996687,82163,753,1049,16038,
259.0756288195405,82163,752,1050,16038,
259.0762087794827,82162,753,1050,16038,
259.07697735951155,82162,753,1049,16039,
259.0776247018561,82162,752,1050,16039,
259.07904121761476,82162,752,1049,16040,
259.0807577179797,82162,752,1048,16041,
259.0820224335474,82161,753,1048,16041,
259.08310151906596,82160,754,1048,16041,
259.08444526044536,82159,755,1048,16041,
259.08474836622736,82159,755,1047,16042,
259.0878460726578,82158,756,1047,16042,
259.08842381399177,82157,757,1047,16042,
259.09081257468847,82156,758,1047,16042,
259.09300030089435,82156,758,1046,16043,
259.0931121058266,82155,759,1046,16043,
259.09614812183867,82154,760,1046,16043,
259.096251130102,82153,761,1046,16043,
259.0973646643729,82152,762,1046,16043,
259.10020693347263,82152,762,1045,16044,
259.11300667824065,82152,762,1044,16045,
259.12041377904194,82152,761,1045,16045,
259.12847402499415,82152,760,1046,16045,
259.1352451321661,82152,760,1045,16046,
259.13606964397036,82152,759,1046,16046,
259.13714527589286,82151,760,1046,16046,
259.13818518375626,82151,759,1047,16046,
259.13864837546487,82151,759,1046,16047,
259.1425463992448,82151,758,1047,16047,
259.147446709686,82150,759,1047,16047,
259.1482745440478,82150,758,1048,16047,
259.1483082818558,82150,757,1049,16047,
259.14847010788395,82150,756,1050,16047,
259.1517659308795,82150,755,1051,16047,
259.1556357834846,82150,754,1052,16047,
259.15636552722873,82150,754,1051,16048,
259.1566193543476,82149,755,1051,16048,
259.1582702814104,82148,756,1051,16048,
259.16053810948785,82148,755,1052,16048,
259.1638813705425,82148,755,1051,16049,
259.1669414759506,82148,754,1052,16049,
259.16863569754514,82148,754,1051,16050,
259.1698207106361,82148,753,1052,16050,
259.17207332995594,82148,752,1053,16050,
259.17584413572405,82147,753,1053,16050,
259.17881910916793,82146,754,1053,16050,
259.1832754154637,82146,753,1054,16050,
259.1879250814921,82146,752,1055,16050,
259.1905024470663,82145,753,1055,16050,
259.19136012271963,82144,754,1055,16050,
259.19316302529734,82144,753,1056,16050,
259.19493603821655,82143,754,1056,16050,
259.19759202044855,82143,754,1055,16051,
259.20090815711455,82143,753,1056,16051,
259.20460014295116,82143,752,1057,16051,
259.20854321105827,82142,753,1057,16051,
259.21211818738755,82142,752,1058,16051,
259.2122926387342,82142,751,1059,16051,
259.21300334026085,82141,752,1059,16051,
259.2132675393431,82140,753,1059,16051,
259.2156396140083,82140,752,1060,16051,
259.21681108024825,82140,751,1061,16051,
259.2229002933745,82139,752,1061,16051,
259.22330117655895,82138,753,1061,16051,
259.22553899516396,82138,752,1062,16051,
259.2285800004922,82137,753,1062,16051,
259.22884753012005,82136,754,1062,16051,
259.22936541748805,82135,755,1062,16051,
259.23129848747976,82135,754,1063,16051,
259.23157311778374,82135,753,1064,16051,
259.2327221116459,82135,753,1063,16052,
259.2373912026006,82134,754,1063,16052,
259.23808117435,82133,755,1063,16052,
259.24438893393943,82133,755,1062,16053,
259.2450143097192,82132,756,1062,16053,
259.248129220216,82131,757,1062,16053,
259.25377134631015,82130,758,1062,16053,
259.2540586460884,82129,759,1062,16053,
259.2658485578913,82129,758,1063,16053,
259.26594194534937,82129,758,1062,16054,
259.2682431918416,82129,758,1061,16055,
259.2684227864447,82129,758,1060,16056,
259.27636898835556,82128,759,1060,16056,
259.2764570435966,82128,759,1059,16057,
259.27761141714603,82128,759,1058,16058,
259.2780062019079,82128,758,1059,16058,
259.2780986315675,82128,757,1060,16058,
259.27857167730394,82128,757,1059,16059,
259.2802001243641,82127,758,1059,16059,
259.2835023337411,82127,757,1060,16059,
259.28448396827076,82127,757,1059,16060,
259.2898495550917,82127,757,1058,16061,
259.2915911462159,82126,758,1058,16061,
259.29572231664577,82126,757,1059,16061,
259.29849438616935,82125,758,1059,16061,
259.29897817892515,82125,757,1060,16061,
259.30213396816396,82125,757,1059,16062,
259.3022259972946,82124,758,1059,16062,
259.3026956783813,82124,757,1060,16062,
259.30363631184133,82124,757,1059,16063,
259.3110708320206,82123,758,1059,16063,
259.31409959211123,82123,758,1058,16064,
259.31468073516356,82122,759,1058,16064,
259.31986802890015,82122,759,1057,16065,
259.3244857439609,82122,759,1056,16066,
259.32585647171163,82122,758,1057,16066,
259.3282532118033,82122,758,1056,16067,
259.3300541670924,82122,757,1057,16067,
259.33079874564214,82122,757,1056,16068,
259.33108380834017,82122,756,1057,16068,
259.3328048453315,82122,756,1056,16069,
259.3339969264852,82122,756,1055,16070,
259.3417071018967,82122,755,1056,16070,
259.34433731730405,82122,754,1057,16070,
259.34955326933556,82122,754,1056,16071,
259.34991611567193,82122,753,1057,16071,
259.35032442829765,82122,752,1058,16071,
259.3518650219331,82122,752,1057,16072,
259.3541420558882,82122,752,1056,16073,
259.35547162044315,82122,751,1057,16073,
259.35702234039036,82122,750,1058,16073,
259.35819357328364,82122,750,1057,16074,
259.36050486442923,82121,751,1057,16074,
259.3634433637733,82120,752,1057,16074,
259.3643199585305,82120,751,1058,16074,
259.36743355136775,82120,751,1057,16075,
259.37174788735194,82119,752,1057,16075,
259.3740726557625,82119,751,1058,16075,
259.3852771825294,82118,752,1058,16075,
259.38697183716226,82117,753,1058,16075,
259.38700851401194,82117,752,1059,16075,
259.387150834454,82117,752,1058,16076,
259.3875005362613,82117,751,1059,16076,
259.3882483350655,82117,751,1058,16077,
259.3884811893454,82117,750,1059,16077,
259.39197390916667,82116,751,1059,16077,
259.39587178471805,82116,750,1060,16077,
259.39977592078253,82115,751,1060,16077,
259.3998435919954,82114,752,1060,16077,
259.4038021882236,82114,752,1059,16078,
259.4127262821307,82114,751,1060,16078,
259.41678585245694,82114,750,1061,16078,
259.41795687692576,82113,751,1061,16078,
259.42040884217664,82112,752,1061,16078,
259.4205574515993,82112,752,1060,16079,
259.42253805396933,82112,751,1061,16079,
259.4246096824879,82112,750,1062,16079,
259.42508031365423,82112,749,1063,16079,
259.4294504182706,82111,750,1063,16079,
259.43417892854825,82111,749,1064,16079,
259.43787221364784,82111,748,1065,16079,
259.44174549143554,82111,748,1064,16080,
259.4433370348448,82111,748,1063,16081,
259.44787613434096,82110,749,1063,16081,
259.45128281818114,82110,748,1064,16081,
259.453464528934,82109,749,1064,16081,
259.4584850416451,82108,750,1064,16081,
259.45921122361045,82108,749,1065,16081,
259.4663777950302,82107,750,1065,16081,
259.4679349570291,82106,751,1065,16081,
259.4691057105813,82105,752,1065,16081,
259.47271328520736,82105,752,1064,16082,
259.4762436422643,82105,752,1063,16083,
259.47706999804706,82104,753,1063,16083,
259.4772436151797,82104,752,1064,16083,
259.4852981146872,82103,753,1064,16083,
259.4899269426595,82103,752,1065,16083,
259.48996771140077,82103,752,1064,16084,
259.49321395856686,82102,753,1064,16084,
259.49352009870836,82102,753,1063,16085,
259.4960518215304,82102,752,1064,16085,
259.49660052580515,82102,752,1063,16086,
259.498006153722,82102,752,1062,16087,
259.49894472438586,82101,753,1062,16087,
259.49982366639233,82101,752,1063,16087,
259.510662626264,82100,753,1063,16087,
259.5133345707509,82100,753,1062,16088,
259.51630493741476,82100,752,1063,16088,
259.51672476912296,82099,753,1063,16088,
259.5205608510338,82099,753,1062,16089,
259.52333035852575,82098,754,1062,16089,
259.5241080863666,82097,755,1062,16089,
259.5272712129492,82096,756,1062,16089,
259.5286560430285,82096,756,1061,16090,
259.53554087684444,82096,756,1060,16091,
259.53939498794557,82095,757,1060,16091,
259.54284246133363,82095,757,1059,16092,
259.5441473620228,82095,756,1060,16092,
259.54475788038997,82095,756,1059,16093,
259.54716673070686,82094,757,1059,16093,
259.547894843734,82093,758,1059,16093,
259.55032785805366,82092,759,1059,16093,
259.55131580881766,82091,760,1059,16093,
259.5541617367866,82091,760,1058,16094,
259.55668080233755,82090,761,1058,16094,
259.5575089353724,82089,762,1058,16094,
259.559940287039,82089,762,1057,16095,
259.56095699827483,82088,763,1057,16095,
259.56339249432847,82088,763,1056,16096,
259.56365648719935,82087,764,1056,16096,
259.5661898399723,82087,764,1055,16097,
259.5671399115314,82086,765,1055,16097,
259.56720845278033,82086,764,1056,16097,
259.56896734923293,82085,765,1056,16097,
259.57264130884636,82085,764,1057,16097,
259.574061374859,82084,765,1057,16097,
259.5761350581644,82084,764,1058,16097,
259.5773614455243,82084,764,1057,16098,
259.58074410511193,82083,765,1057,16098,
259.5814594737666,82082,766,1057,16098,
259.5836807100165,82082,765,1058,16098,
259.58546111752844,82081,766,1058,16098,
259.58622239476625,82080,767,1058,16098,
259.5868627320545,82080,766,1059,16098,
259.5871530949585,82079,767,1059,16098,
259.5879486824224,82079,766,1060,16098,
259.5912355287078,82079,766,1059,16099,
259.5914278837579,82078,767,1059,16099,
259.59169386730326,82077,768,1059,16099,
259.5980445160755,82077,767,1060,16099,
259.5981793050344,82077,767,1059,16100,
259.6022133341306,82077,766,1060,16100,
259.60394901077814,82077,765,1061,16100,
259.6060674890427,82077,764,1062,16100,
259.6069350473488,82077,763,1063,16100,
259.607619566869,82076,764,1063,16100,
259.61087755679245,82075,765,1063,16100,
259.61261629079297,82075,765,1062,16101,
259.6127877320025,82074,766,1062,16101,
259.61469466097947,82073,767,1062,16101,
259.62137417420337,82072,768,1062,16101,
259.6227981956905,82072,768,1061,16102,
259.63817227289854,82071,769,1061,16102,
259.6401671333208,82071,769,1060,16103,
259.6442679920324,82070,770,1060,16103,
259.6535081114999,82069,771,1060,16103,
259.65492104376386,82069,771,1059,16104,
259.6571220788375,82068,772,1059,16104,
259.65989236582897,82067,773,1059,16104,
259.66149980431516,82067,772,1060,16104,
259.6636162103717,82067,772,1059,16105,
259.6640824124635,82067,772,1058,16106,
259.6680804958379,82067,771,1059,16106,
259.6721757184127,82067,771,1058,16107,
259.67596972013513,82066,772,1058,16107,
259.6814594448837,82066,771,1059,16107,
259.6829642785123,82066,770,1060,16107,
259.68531280003856,82065,771,1060,16107,
259.6853452097496,82065,771,1059,16108,
259.6901298261613,82065,770,1060,16108,
259.6908056655858,82064,771,1060,16108,
259.69362509321314,82064,770,1061,16108,
259.69423928628464,82064,769,1062,16108,
259.6981769566753,82063,770,1062,16108,
259.69888747632604,82063,770,1061,16109,
259.70086440093417,82063,770,1060,16110,
259.7021295941497,82063,769,1061,16110,
259.7028468041769,82063,768,1062,16110,
259.7042723461345,82062,769,1062,16110,
259.7061720216028,82061,770,1062,16110,
259.70740542134837,82061,770,1061,16111,
259.71029692337845,82061,770,1060,16112,
259.71159095695447,82060,771,1060,16112,
259.71367324706074,82060,770,1061,16112,
259.71367829343103,82059,771,1061,16112,
259.7148965959804,82058,772,1061,16112,
259.7154487871326,82057,773,1061,16112,
259.7201897968729,82057,772,1062,16112,
259.7255687427976,82056,773,1062,16112,
259.72679177921816,82056,773,1061,16113,
259.730273629099,82056,773,1060,16114,
259.7349404790458,82056,773,1059,16115,
259.7380113800452,82056,773,1058,16116,
259.73848349751364,82055,774,1058,16116,
259.7424653852797,82054,775,1058,16116,
259.74521728371053,82053,776,1058,16116,
259.74648071501804,82053,776,1057,16117,
259.75274072010285,82053,775,1058,16117,
259.75394025387396,82052,776,1058,16117,
259.75811901840194,82052,775,1059,16117,
259.7582558426831,82052,774,1060,16117,
259.761040372808,82051,775,1060,16117,
259.7615367083357,82051,775,1059,16118,
259.76591377210696,82050,776,1059,16118,
259.766205099733,82050,776,1058,16119,
259.7670739309012,82049,777,1058,16119,
259.7692130826522,82048,778,1058,16119,
259.77234885554196,82047,779,1058,16119,
259.7729602534645,82047,779,1057,16120,
259.77638946516686,82047,778,1058,16120,
259.7775063990019,82047,777,1059,16120,
259.78043749184235,82046,778,1059,16120,
259.7812235585446,82046,777,1060,16120,
259.78150773279236,82046,776,1061,16120,
259.7840350204563,82046,775,1062,16120,
259.7846051152167,82045,776,1062,16120,
259.7868021923364,82044,777,1062,16120,
259.78972764787284,82043,778,1062,16120,
259.79128061299093,82043,778,1061,16121,
259.80277079566577,82042,779,1061,16121,
259.80625199261635,82042,778,1062,16121,
259.81006553729094,82042,777,1063,16121,
259.811184268466,82042,777,1062,16122,
259.811884002606,82042,777,1061,16123,
259.8121909870441,82041,778,1061,16123,
259.8127341145928,82041,777,1062,16123,
259.8148812216732,82041,777,1061,16124,
259.8179477752666,82041,777,1060,16125,
259.8189024971583,82040,778,1060,16125,
259.8268206278729,82040,778,1059,16126,
259.8323666496255,82040,778,1058,16127,
259.8328504164654,82039,779,1058,16127,
259.83480740510777,82039,779,1057,16128,
259.83487161121036,82039,778,1058,16128,
259.83549414438016,82038,779,1058,16128,
259.8400319528806,82038,779,1057,16129,
259.84169757339686,82037,780,1057,16129,
259.8450448809547,82037,780,1056,16130,
259.8459081364338,82037,779,1057,16130,
259.8459981510016,82036,780,1057,16130,
259.8459998029673,82036,779,1058,16130,
259.84616997683554,82036,778,1059,16130,
259.84665645671544,82036,778,1058,16131,
259.8478955014432,82036,777,1059,16131,
259.85014874741336,82036,777,1058,16132,
259.8515957799374,82036,777,1057,16133,
259.8517348265025,82036,777,1056,16134,
259.8571585027129,82036,776,1057,16134,
259.85737560789335,82035,777,1057,16134,
259.85967409193586,82035,776,1058,16134,
259.8619100570989,82035,775,1059,16134,
259.86417558754283,82035,775,1058,16135,
259.87434562545474,82035,774,1059,16135,
259.8747483096828,82035,773,1060,16135,
259.8763774506293,82035,773,1059,16136,
259.87938395411646,82034,774,1059,16136,
259.88496775189503,82033,775,1059,16136,
259.88658138263713,82033,774,1060,16136,
259.8905857300608,82033,773,1061,16136,
259.89063827699454,82032,774,1061,16136,
259.8908227723588,82031,775,1061,16136,
259.8919695989817,82031,774,1062,16136,
259.8925696369875,82031,774,1061,16137,
259.89313460422534,82031,774,1060,16138,
259.89398511258565,82031,773,1061,16138,
259.89563259726884,82031,772,1062,16138,
259.8956710641814,82030,773,1062,16138,
259.8972494824793,82030,772,1063,16138,
259.89747729053806,82030,772,1062,16139,
259.9004418567447,82029,773,1062,16139,
259.90374043850164,82029,773,1061,16140,
259.9072526522387,82029,773,1060,16141,
259.9080709836185,82028,774,1060,16141,
259.9093182142483,82028,774,1059,16142,
259.9098256387678,82028,773,1060,16142,
259.91189993685947,82027,774,1060,16142,
259.91243695172545,82026,775,1060,16142,
259.91417371180967,82025,776,1060,16142,
259.9144904950789,82025,775,1061,16142,
259.9179159974525,82024,776,1061,16142,
259.9186882565805,82024,776,1060,16143,
259.91927798594554,82024,775,1061,16143,
259.9197431468919,82023,776,1061,16143,
259.9199736292384,82022,777,1061,16143,
259.9261680629021,82021,778,1061,16143,
259.93219510447415,82020,779,1061,16143,
259.93446516052734,82020,778,1062,16143,
259.934760558379,82019,779,1062,16143,
259.93539314716327,82018,780,1062,16143,
259.93766116033254,82018,780,1061,16144,
259.9386881847187,82018,780,1060,16145,
259.94162626995785,82017,781,1060,16145,
259.9418038256906,82017,781,1059,16146,
259.94836236205475,82017,781,1058,16147,
259.95912233375117,82017,781,1057,16148,
259.96216256119607,82016,782,1057,16148,
259.9655677654575,82015,783,1057,16148,
259.96742644342385,82014,784,1057,16148,
259.96801603170763,82014,783,1058,16148,
259.96952602285444,82013,784,1058,16148,
259.97494727121835,82012,785,1058,16148,
259.978000818146,82012,785,1057,16149,
259.97944451138295,82011,786,1057,16149,
259.97982343494147,82011,785,1058,16149,
259.98069193855366,82011,784,1059,16149,
259.98070189543864,82011,784,1058,16150,
259.9884124258809,82010,785,1058,16150,
259.98918177457824,82010,784,1059,16150,
259.9942960112433,82010,783,1060,16150,
259.9982721311421,82009,784,1060,16150,
260.00328162360415,82008,785,1060,16150,
260.0087448235932,82008,784,1061,16150,
260.01218487525745,82008,784,1060,16151,
260.0159195406247,82007,785,1060,16151,
260.01619844355787,82007,785,1059,16152,
260.01620905885574,82007,784,1060,16152,
260.01843721770246,82007,783,1061,16152,
260.019201934001,82007,783,1060,16153,
260.01923598146794,82006,784,1060,16153,
260.0240258427421,82006,783,1061,16153,
260.0297986147348,82006,783,1060,16154,
260.0342453432462,82006,782,1061,16154,
260.0351463147727,82006,781,1062,16154,
260.0352392304082,82006,780,1063,16154,
260.03906339291837,82006,780,1062,16155,
260.04553122714884,82006,779,1063,16155,
260.0457323178099,82005,780,1063,16155,
260.05035416908214,82005,780,1062,16156,
260.05050296284094,82004,781,1062,16156,
260.0511704056931,82004,781,1061,16157,
260.0559565091517,82004,780,1062,16157,
260.0574144530793,82003,781,1062,16157,
260.060147383984,82003,781,1061,16158,
260.06820646099806,82002,782,1061,16158,
260.0737158290615,82001,783,1061,16158,
260.0739473334611,82001,782,1062,16158,
260.08081725822535,82001,782,1061,16159,
260.0823125995468,82001,781,1062,16159,
260.08577144541823,82000,782,1062,16159,
260.08624189276674,82000,781,1063,16159,
260.1031051290056,81999,782,1063,16159,
260.1047494910982,81998,783,1063,16159,
260.1072066860087,81998,783,1062,16160,
260.1077492272526,81998,782,1063,16160,
260.1089002816958,81997,783,1063,16160,
260.1145356809948,81997,782,1064,16160,
260.117171481496,81997,781,1065,16160,
260.118572387116,81997,780,1066,16160,
260.1189782519279,81997,779,1067,16160,
260.1245445574051,81997,779,1066,16161,
260.1271544590497,81997,779,1065,16162,
260.12789546053386,81997,779,1064,16163,
260.13024039506826,81997,778,1065,16163,
260.1340862281466,81997,778,1064,16164,
260.13410433306154,81997,777,1065,16164,
260.13465684830635,81996,778,1065,16164,
260.1387246608461,81996,777,1066,16164,
260.1455975376041,81996,777,1065,16165,
260.1524514910336,81995,778,1065,16165,
260.1540362077679,81995,778,1064,16166,
260.15475029082006,81994,779,1064,16166,
260.15533754484284,81994,779,1063,16167,
260.1562895421037,81993,780,1063,16167,
260.156798298953,81993,779,1064,16167,
260.1590740210711,81992,780,1064,16167,
260.1629244749196,81992,780,1063,16168,
260.1654796149635,81992,779,1064,16168,
260.16945307792486,81992,779,1063,16169,
260.16945836560217,81992,779,1062,16170,
260.1706344444894,81992,779,1061,16171,
260.171252351817,81992,778,1062,16171,
260.1725179557852,81991,779,1062,16171,
260.1766112883287,81991,778,1063,16171,
260.1766940190574,81991,777,1064,16171,
260.18155803948,81991,776,1065,16171,
260.1826556096061,81991,775,1066,16171,
260.1846016437271,81990,776,1066,16171,
260.1867046181475,81990,776,1065,16172,
260.1886236924814,81989,777,1065,16172,
260.19265700627716,81988,778,1065,16172,
260.1929526798298,81988,778,1064,16173,
260.1937365280775,81988,777,1065,16173,
260.19464697793865,81988,777,1064,16174,
260.19513970512577,81988,777,1063,16175,
260.1957245929791,81988,777,1062,16176,
260.19890653915655,81988,776,1063,16176,
260.2011717955437,81988,776,1062,16177,
260.20139647949674,81988,775,1063,16177,
260.20310644553814,81988,775,1062,16178,
260.20394131566275,81988,775,1061,16179,
260.20463900484395,81988,775,1060,16180,
260.20507880386435,81987,776,1060,16180,
260.2053851841507,81987,775,1061,16180,
260.2065905628995,81986,776,1061,16180,
260.2068556963722,81986,776,1060,16181,
260.20726725160745,81986,776,1059,16182,
260.2087604269936,81986,776,1058,16183,
260.2105308278162,81986,776,1057,16184,
260.210753215614,81986,776,1056,16185,
260.2131486097039,81986,775,1057,16185,
260.21546419403404,81986,774,1058,16185,
260.21753144801943,81986,773,1059,16185,
260.2238231602492,81986,772,1060,16185,
260.23237619585933,81985,773,1060,16185,
260.23358435349536,81985,773,1059,16186,
260.23389496295886,81985,772,1060,16186,
260.233957183332,81985,772,1059,16187,
260.23407408761807,81985,772,1058,16188,
260.2344445125367,81984,773,1058,16188,
260.23988141659146,81983,774,1058,16188,
260.24339066430304,81983,774,1057,16189,
260.24438311477354,81982,775,1057,16189,
260.24606612001253,81981,776,1057,16189,
260.24915623444934,81980,777,1057,16189,
260.25070345574267,81979,778,1057,16189,
260.2515268915586,81979,778,1056,16190,
260.2531035469472,81978,779,1056,16190,
260.2571834788401,81978,779,1055,16191,
260.25743453754984,81978,779,1054,16192,
260.2591448658497,81978,779,1053,16193,
260.2616964995361,81977,780,1053,16193,
260.2625445464818,81977,780,1052,16194,
260.2628771269302,81976,781,1052,16194,
260.263598523543,81976,780,1053,16194,
260.2644471341575,81975,781,1053,16194,
260.267408380513,81975,780,1054,16194,
260.2716866106645,81974,781,1054,16194,
260.2734949813554,81973,782,1054,16194,
260.27467353628623,81973,782,1053,16195,
260.27544827147796,81973,782,1052,16196,
260.27979860660906,81973,781,1053,16196,
260.28130024914606,81973,780,1054,16196,
260.2842687279055,81973,780,1053,16197,
260.28683946131105,81973,779,1054,16197,
260.28761615929386,81973,779,1053,16198,
260.28953194732145,81972,780,1053,16198,
260.2934296586681,81971,781,1053,16198,
260.2946936095499,81970,782,1053,16198,
260.2958047678652,81969,783,1053,16198,
260.29656272401445,81968,784,1053,16198,
260.29758028771965,81967,785,1053,16198,
260.2988359792346,81967,785,1052,16199,
260.30076749947426,81967,785,1051,16200,
260.30138871086564,81967,784,1052,16200,
260.30222378002816,81966,785,1052,16200,
260.303369899387,81966,785,1051,16201,
260.3047402060013,81965,786,1051,16201,
260.30561471342446,81964,787,1051,16201,
260.30732055534867,81964,787,1050,16202,
260.31065776150194,81964,786,1051,16202,
260.31208063762085,81964,785,1052,16202,
260.31379438311023,81964,784,1053,16202,
260.3138582190757,81964,784,1052,16203,
260.31579024067923,81963,785,1052,16203,
260.31933004005896,81962,786,1052,16203,
260.32594118751655,81961,787,1052,16203,
260.32683360691215,81961,786,1053,16203,
260.32914635360726,81961,785,1054,16203,
260.3300049835092,81961,784,1055,16203,
260.33668498267,81960,785,1055,16203,
260.3368528262195,81960,785,1054,16204,
260.3372986294372,81960,784,1055,16204,
260.3391287812822,81959,785,1055,16204,
260.3394134664428,81959,785,1054,16205,
260.34170892497826,81959,785,1053,16206,
260.3446309105825,81959,784,1054,16206,
260.3476784702454,81959,784,1053,16207,
260.34956315964484,81959,783,1054,16207,
260.3506061913464,81959,783,1053,16208,
260.351551717275,81959,783,1052,16209,
260.3519705488968,81959,782,1053,16209,
260.3520138039526,81958,783,1053,16209,
260.35209257616395,81958,782,1054,16209,
260.3527782647976,81958,782,1053,16210,
260.35352181328443,81958,781,1054,16210,
260.3539568151164,81958,781,1053,16211,
260.35851940179134,81958,780,1054,16211,
260.361925006042,81957,781,1054,16211,
260.3622452975912,81956,782,1054,16211,
260.3631803960898,81956,782,1053,16212,
260.36329517520727,81955,783,1053,16212,
260.3648124336562,81954,784,1053,16212,
260.36670031624146,81953,785,1053,16212,
260.36670107360425,81952,786,1053,16212,
260.37136232829994,81952,785,1054,16212,
260.37309435089014,81951,786,1054,16212,
260.37559328387437,81951,785,1055,16212,
260.3808886655522,81950,786,1055,16212,
260.38162356113713,81949,787,1055,16212,
260.3825049056544,81948,788,1055,16212,
260.3834022500555,81948,788,1054,16213,
260.38527322201156,81947,789,1054,16213,
260.38624854446874,81947,788,1055,16213,
260.38679074346857,81947,787,1056,16213,
260.3884544459308,81946,788,1056,16213,
260.38931487106436,81946,787,1057,16213,
260.3896327862084,81946,786,1058,16213,
260.3939038124639,81945,787,1058,16213,
260.39471950105826,81945,786,1059,16213,
260.39657313169823,81945,785,1060,16213,
260.39830832945637,81945,784,1061,16213,
260.3990056748851,81945,784,1060,16214,
260.399352706187,81944,785,1060,16214,
260.4021021395088,81943,786,1060,16214,
260.40501265159094,81943,786,1059,16215,
260.40932735061836,81942,787,1059,16215,
260.40950053157326,81941,788,1059,16215,
260.4101833450388,81941,788,1058,16216,
260.41950107356666,81940,789,1058,16216,
260.42191752330183,81940,789,1057,16217,
260.4221287793341,81940,789,1056,16218,
260.426850766411,81940,789,1055,16219,
260.42734327846125,81940,789,1054,16220,
260.42970149677814,81939,790,1054,16220,
260.43031336920967,81939,790,1053,16221,
260.4310010597107,81939,790,1052,16222,
260.4320642651656,81938,791,1052,16222,
260.43684808941816,81938,790,1053,16222,
260.4393650029091,81937,791,1053,16222,
260.44102796300854,81936,792,1053,16222,
260.4410538336531,81935,793,1053,16222,
260.44254610530106,81934,794,1053,16222,
260.44255359814906,81934,793,1054,16222,
260.44313935054674,81934,792,1055,16222,
260.44473001903646,81933,793,1055,16222,
260.4534917610618,81933,792,1056,16222,
260.45633325647157,81933,792,1055,16223,
260.45660069814033,81933,791,1056,16223,
260.4604344548182,81932,792,1056,16223,
260.4633945397963,81931,793,1056,16223,
260.46362144407277,81931,793,1055,16224,
260.467630627028,81930,794,1055,16224,
260.4682656470791,81930,794,1054,16225,
260.4685794420408,81930,794,1053,16226,
260.4698202096353,81930,793,1054,16226,
260.47127320912847,81930,793,1053,16227,
260.476571387526,81929,794,1053,16227,
260.4790854541334,81928,795,1053,16227,
260.481355427453,81927,796,1053,16227,
260.48138442883925,81927,795,1054,16227,
260.4827369870764,81926,796,1054,16227,
260.48432336990464,81926,796,1053,16228,
260.4848563415517,81926,795,1054,16228,
260.4856454884191,81926,794,1055,16228,
260.4891128583432,81925,795,1055,16228,
260.4923503055947,81924,796,1055,16228,
260.49648606534595,81923,797,1055,16228,
260.4968248651101,81923,796,1056,16228,
260.49711775756805,81923,795,1057,16228,
260.4990441209531,81923,794,1058,16228,
260.50019805496777,81923,794,1057,16229,
260.5012744169224,81923,793,1058,16229,
260.5016983305326,81922,794,1058,16229,
260.50572262996553,81922,793,1059,16229,
260.50942331860125,81921,794,1059,16229,
260.51061440185293,81921,794,1058,16230,
260.51522300013187,81921,793,1059,16230,
260.5153243504608,81921,792,1060,16230,
260.5160151379031,81920,793,1060,16230,
260.518228060502,81920,793,1059,16231,
260.5195254427163,81919,794,1059,16231,
260.52337806636814,81919,793,1060,16231,
260.52617355781274,81919,792,1061,16231,
260.5275483278653,81919,791,1062,16231,
260.52820914289146,81918,792,1062,16231,
260.53045507883326,81917,793,1062,16231,
260.5313399363444,81916,794,1062,16231,
260.5322609651732,81915,795,1062,16231,
260.5334042905732,81914,796,1062,16231,
260.53384230197673,81914,796,1061,16232,
260.53669888491254,81913,797,1061,16232,
260.53784124578914,81913,796,1062,16232,
260.539318998397,81912,797,1062,16232,
260.5394019821923,81912,796,1063,16232,
260.5424380428627,81911,797,1063,16232,
260.542778649438,81911,796,1064,16232,
260.5439428828135,81910,797,1064,16232,
260.54621775044177,81909,798,1064,16232,
260.54666117257466,81909,797,1065,16232,
260.5470704047861,81909,797,1064,16233,
260.5482303483703,81909,797,1063,16234,
260.55528663605725,81908,798,1063,16234,
260.55876029516105,81908,798,1062,16235,
260.5623550304268,81908,798,1061,16236,
260.56307778530027,81908,798,1060,16237,
260.56396081272413,81908,797,1061,16237,
260.5672871860623,81908,797,1060,16238,
260.56892443592153,81907,798,1060,16238,
260.5729257899841,81907,797,1061,16238,
260.5729762343719,81907,797,1060,16239,
260.573450234846,81907,797,1059,16240,
260.5737203770259,81907,796,1060,16240,
260.5737238572785,81906,797,1060,16240,
260.57405195027786,81906,796,1061,16240,
260.5746674715672,81906,795,1062,16240,
260.5846517054755,81906,795,1061,16241,
260.5878135293421,81905,796,1061,16241,
260.5902705538168,81905,796,1060,16242,
260.5914878430078,81905,796,1059,16243,
260.5983906890655,81904,797,1059,16243,
260.6012018701562,81904,797,1058,16244,
260.6013986998087,81904,797,1057,16245,
260.60486148507914,81904,796,1058,16245,
260.6113098928324,81904,796,1057,16246,
260.6118189936867,81904,796,1056,16247,
260.6155687426966,81904,796,1055,16248,
260.61739296064354,81904,796,1054,16249,
260.62241147099144,81904,795,1055,16249,
260.6239696115671,81903,796,1055,16249,
260.6277592972909,81903,796,1054,16250,
260.62902373580647,81903,795,1055,16250,
260.62965450923446,81903,795,1054,16251,
260.62992664449877,81903,795,1053,16252,
260.63101791814506,81902,796,1053,16252,
260.6310467697523,81902,796,1052,16253,
260.6322748891182,81902,796,1051,16254,
260.63317963616964,81902,795,1052,16254,
260.634136872066,81901,796,1052,16254,
260.63463318156323,81900,797,1052,16254,
260.635456787918,81899,798,1052,16254,
260.6358778594151,81899,798,1051,16255,
260.6451658596189,81899,797,1052,16255,
260.6506806407996,81898,798,1052,16255,
260.65151170264375,81897,799,1052,16255,
260.65363158129566,81897,798,1053,16255,
260.65573991034154,81897,797,1054,16255,
260.65702555243007,81897,797,1053,16256,
260.65722471376876,81896,798,1053,16256,
260.658377424109,81895,799,1053,16256,
260.65862524997175,81895,799,1052,16257,
260.66464479340914,81894,800,1052,16257,
260.6673522629262,81894,799,1053,16257,
260.6690498539706,81893,800,1053,16257,
260.6733478936082,81892,801,1053,16257,
260.6741340804767,81892,801,1052,16258,
260.68122571174587,81892,801,1051,16259,
260.6813777130568,81892,800,1052,16259,
260.6857829155086,81892,800,1051,16260,
260.6858297435708,81892,799,1052,16260,
260.68597804771247,81891,800,1052,16260,
260.68893312535516,81891,800,1051,16261,
260.68924087674816,81890,801,1051,16261,
260.69406791649703,81890,800,1052,16261,
260.6989421885974,81889,801,1052,16261,
260.700477162578,81889,800,1053,16261,
260.700887509225,81889,799,1054,16261,
260.7080531897884,81888,800,1054,16261,
260.7089553150094,81887,801,1054,16261,
260.71107249240555,81887,801,1053,16262,
260.71500448018946,81887,800,1054,16262,
260.71546374871593,81886,801,1054,16262,
260.71593856964193,81886,800,1055,16262,
260.7170596964836,81885,801,1055,16262,
260.7211492695572,81884,802,1055,16262,
260.721301027272,81883,803,1055,16262,
260.722686751502,81882,804,1055,16262,
260.7263267637935,81881,805,1055,16262,
260.7282012868611,81880,806,1055,16262,
260.73121424927007,81880,805,1056,16262,
260.7323713532934,81879,806,1056,16262,
260.73493787115666,81879,805,1057,16262,
260.7397845350372,81878,806,1057,16262,
260.7405082573011,81877,807,1057,16262,
260.741639167336,81877,806,1058,16262,
260.74571603601197,81876,807,1058,16262,
260.7496502101046,81875,808,1058,16262,
260.7549612045845,81874,809,1058,16262,
260.7556892686676,81874,808,1059,16262,
260.7557499656143,81874,808,1058,16263,
260.75623408009056,81874,808,1057,16264,
260.76061184346247,81874,808,1056,16265,
260.76218723854066,81874,807,1057,16265,
260.7649251827541,81874,806,1058,16265,
260.766024729526,81873,807,1058,16265,
260.7662304633502,81873,806,1059,16265,
260.76668904627763,81873,806,1058,16266,
260.76673411465737,81873,806,1057,16267,
260.76788714209044,81873,806,1056,16268,
260.769157355672,81873,806,1055,16269,
260.7698796026804,81872,807,1055,16269,
260.77312514619086,81872,806,1056,16269,
260.7756552151289,81872,806,1055,16270,
260.77780551639,81871,807,1055,16270,
260.7789336162052,81870,808,1055,16270,
260.77918346443,81870,807,1056,16270,
260.78444896672613,81869,808,1056,16270,
260.7850472059286,81869,808,1055,16271,
260.785421442,81868,809,1055,16271,
260.7860087004626,81868,808,1056,16271,
260.7891405635757,81868,807,1057,16271,
260.791217757279,81868,807,1056,16272,
260.7914569827885,81867,808,1056,16272,
260.7925011715003,81866,809,1056,16272,
260.7930800849681,81866,809,1055,16273,
260.793144213273,81866,808,1056,16273,
260.79656585589703,81866,808,1055,16274,
260.79786648562913,81865,809,1055,16274,
260.79938581617006,81864,810,1055,16274,
260.7999701750377,81863,811,1055,16274,
260.8005809805308,81863,810,1056,16274,
260.8022047850921,81863,810,1055,16275,
260.8045304661034,81862,811,1055,16275,
260.8080692023113,81862,810,1056,16275,
260.8086251874196,81862,810,1055,16276,
260.80937496480567,81862,810,1054,16277,
260.8106413478131,81862,810,1053,16278,
260.81374851934055,81862,809,1054,16278,
260.8153325067638,81862,808,1055,16278,
260.81606746787463,81862,808,1054,16279,
260.81698690639894,81862,808,1053,16280,
260.8170453857922,81861,809,1053,16280,
260.8178107033376,81861,809,1052,16281,
260.81949424225917,81861,809,1051,16282,
260.8198464449974,81860,810,1051,16282,
260.82416433516437,81860,810,1050,16283,
260.8279918658704,81860,809,1051,16283,
260.8324720736646,81860,809,1050,16284,
260.83438314473767,81860,808,1051,16284,
260.83439281106547,81859,809,1051,16284,
260.8363675242438,81858,810,1051,16284,
260.83735005973483,81858,810,1050,16285,
260.8391614308941,81858,810,1049,16286,
260.8404353223214,81857,811,1049,16286,
260.84049602836063,81856,812,1049,16286,
260.841780502779,81856,811,1050,16286,
260.84191414167475,81855,812,1050,16286,
260.843677492885,81855,812,1049,16287,
260.8447663193559,81855,811,1050,16287,
260.8447854908312,81854,812,1050,16287,
260.84585855258354,81854,811,1051,16287,
260.84596319481403,81854,810,1052,16287,
260.8475867984293,81853,811,1052,16287,
260.8491235537694,81853,811,1051,16288,
260.85297567664816,81853,811,1050,16289,
260.8535733856076,81852,812,1050,16289,
260.8541113470411,81852,812,1049,16290,
260.85490737485355,81852,811,1050,16290,
260.8560012431454,81852,810,1051,16290,
260.8583788463158,81852,809,1052,16290,
260.86062205362384,81852,809,1051,16291,
260.8613375277994,81851,810,1051,16291,
260.86514114127067,81851,809,1052,16291,
260.8679278710738,81850,810,1052,16291,
260.868354584179,81850,810,1051,16292,
260.86891981906876,81849,811,1051,16292,
260.8714081035918,81849,810,1052,16292,
260.8721292121949,81849,809,1053,16292,
260.8723398099958,81849,809,1052,16293,
260.8734102253012,81848,810,1052,16293,
260.8737887551962,81848,810,1051,16294,
260.8755892431796,81847,811,1051,16294,
260.8756833260058,81846,812,1051,16294,
260.877007394097,81846,811,1052,16294,
260.87950665539034,81846,811,1051,16295,
260.8813785632219,81846,811,1050,16296,
260.88587668382945,81846,811,1049,16297,
260.88831211336156,81846,810,1050,16297,
260.8892012272621,81845,811,1050,16297,
260.8928218658984,81844,812,1050,16297,
260.8976764458573,81844,811,1051,16297,
260.8988337161394,81844,810,1052,16297,
260.90188976800033,81843,811,1052,16297,
260.9022511140566,81842,812,1052,16297,
260.9025908853483,81842,811,1053,16297,
260.90694700496766,81842,810,1054,16297,
260.9084238592148,81842,810,1053,16298,
260.90984406698556,81841,811,1053,16298,
260.91297629624773,81840,812,1053,16298,
260.9132916358415,81839,813,1053,16298,
260.91348669526394,81838,814,1053,16298,
260.91381431744327,81838,813,1054,16298,
260.9143124297781,81838,813,1053,16299,
260.91587195530906,81837,814,1053,16299,
260.9193014384541,81837,813,1054,16299,
260.9208632768155,81837,813,1053,16300,
260.9252084762928,81837,813,1052,16301,
260.9272553526424,81836,814,1052,16301,
260.927712431842,81836,813,1053,16301,
260.92920357698364,81835,814,1053,16301,
260.93089341663205,81835,814,1052,16302,
260.9334032144516,81835,813,1053,16302,
260.93666979569616,81835,813,1052,16303,
260.93669946145764,81834,814,1052,16303,
260.9370898628917,81833,815,1052,16303,
260.9385620224321,81832,816,1052,16303,
260.9390360822388,81832,816,1051,16304,
260.9400426365573,81832,815,1052,16304,
260.9415216456785,81832,815,1051,16305,
260.94743561906483,81831,816,1051,16305,
260.94820876759064,81830,817,1051,16305,
260.9531740823013,81829,818,1051,16305,
260.95461322735025,81829,818,1050,16306,
260.9591818468979,81828,819,1050,16306,
260.9608700697332,81828,818,1051,16306,
260.9641875376913,81828,818,1050,16307,
260.96569046377994,81827,819,1050,16307,
260.9657276125887,81827,818,1051,16307,
260.9696782904982,81826,819,1051,16307,
260.9751588095124,81825,820,1051,16307,
260.9755590827864,81825,819,1052,16307,
260.97823617400167,81825,819,1051,16308,
260.98475937243745,81825,818,1052,16308,
260.9854791509302,81824,819,1052,16308,
260.987226691418,81823,820,1052,16308,
260.987962012419,81823,819,1053,16308,
260.9883823779879,81823,819,1052,16309,
260.9892925743834,81823,819,1051,16310,
260.9930062246202,81823,818,1052,16310,
260.99320053937726,81823,817,1053,16310,
260.99384837264967,81822,818,1053,16310,
260.99486731533926,81821,819,1053,16310,
260.9968161448438,81821,818,1054,16310,
260.99844275099116,81821,817,1055,16310,
260.9991324440564,81821,817,1054,16311,
260.9996495002218,81821,817,1053,16312,
260.9998267015518,81820,818,1053,16312,
261.00011955488384,81820,818,1052,16313,
261.00113255278995,81819,819,1052,16313,
261.00164763531785,81818,820,1052,16313,
261.00963643319716,81817,821,1052,16313,
261.01529356301785,81817,820,1053,16313,
261.0197916222079,81817,819,1054,16313,
261.0247290274997,81817,819,1053,16314,
261.02499761233975,81817,819,1052,16315,
261.0259646732201,81816,820,1052,16315,
261.02708997752643,81816,819,1053,16315,
261.0281016958093,81815,820,1053,16315,
261.0302488769294,81814,821,1053,16315,
261.0313827367698,81814,820,1054,16315,
261.0319075727185,81814,819,1055,16315,
261.0334018119945,81814,819,1054,16316,
261.040291333554,81814,819,1053,16317,
261.041739569528,81813,820,1053,16317,
261.0421860920653,81813,820,1052,16318,
261.0422741060799,81813,820,1051,16319,
261.04246310032124,81812,821,1051,16319,
261.04666419429947,81811,822,1051,16319,
261.0473328189955,81811,821,1052,16319,
261.0527345999505,81811,821,1051,16320,
261.0535808013114,81811,820,1052,16320,
261.05387682499924,81810,821,1052,16320,
261.0569583494616,81810,821,1051,16321,
261.06038902306796,81810,820,1052,16321,
261.06090929964444,81809,821,1052,16321,
261.06131905395694,81809,820,1053,16321,
261.0696100884642,81808,821,1053,16321,
261.07456462073867,81807,822,1053,16321,
261.0819181409146,81807,821,1054,16321,
261.0860127461971,81807,821,1053,16322,
261.0920954666855,81807,820,1054,16322,
261.0964286445868,81806,821,1054,16322,
261.0965301322296,81805,822,1054,16322,
261.09657725928236,81805,821,1055,16322,
261.09704903326576,81805,820,1056,16322,
261.0972590670756,81805,819,1057,16322,
261.09851496549766,81805,818,1058,16322,
261.1005250006357,81805,817,1059,16322,
261.1028173264814,81805,817,1058,16323,
261.10389376582475,81805,816,1059,16323,
261.1081007774601,81804,817,1059,16323,
261.1096199565691,81804,816,1060,16323,
261.1109253957604,81803,817,1060,16323,
261.1123249806473,81802,818,1060,16323,
261.1142852660998,81802,817,1061,16323,
261.1143424650348,81802,817,1060,16324,
261.1161071087504,81801,818,1060,16324,
261.1178888289336,81800,819,1060,16324,
261.11828451126974,81800,819,1059,16325,
261.1199412789568,81800,819,1058,16326,
261.121948160132,81799,820,1058,16326,
261.1227267288071,81799,819,1059,16326,
261.127617253752,81798,820,1059,16326,
261.1338473794184,81798,820,1058,16327,
261.1348929328703,81798,820,1057,16328,
261.1349864973271,81797,821,1057,16328,
261.1399028641758,81797,820,1058,16328,
261.14049165160174,81797,820,1057,16329,
261.1414452901872,81797,819,1058,16329,
261.1437630781578,81797,818,1059,16329,
261.14381446104375,81797,817,1060,16329,
261.1508882049826,81797,816,1061,16329,
261.1533379264146,81797,815,1062,16329,
261.1563345738185,81797,814,1063,16329,
261.15696059441706,81797,814,1062,16330,
261.1577002458219,81796,815,1062,16330,
261.15941219775686,81795,816,1062,16330,
261.1602329768347,81795,815,1063,16330,
261.16265670081566,81795,814,1064,16330,
261.1627094382616,81795,813,1065,16330,
261.16583308390364,81795,812,1066,16330,
261.1682604031064,81795,811,1067,16330,
261.1691280841026,81795,811,1066,16331,
261.1719603405786,81795,811,1065,16332,
261.17298253064985,81795,811,1064,16333,
261.17532629633047,81795,811,1063,16334,
261.17961265908343,81795,811,1062,16335,
261.18421596368944,81795,810,1063,16335,
261.1882107631036,81795,809,1064,16335,
261.1905692321126,81795,808,1065,16335,
261.20059820420505,81794,809,1065,16335,
261.2034921604841,81794,808,1066,16335,
261.20387367285423,81794,807,1067,16335,
261.20516739436084,81794,807,1066,16336,
261.20606665674154,81793,808,1066,16336,
261.2128249782264,81793,807,1067,16336,
261.2133926936723,81792,808,1067,16336,
261.2170764718413,81792,808,1066,16337,
261.2216569398972,81792,807,1067,16337,
261.22419333357874,81791,808,1067,16337,
261.22581595258305,81791,807,1068,16337,
261.2271969529748,81791,806,1069,16337,
261.2272811497261,81791,806,1068,16338,
261.2279630533838,81791,806,1067,16339,
261.2298277693724,81790,807,1067,16339,
261.2342478735004,81790,806,1068,16339,
261.23519713389175,81789,807,1068,16339,
261.236781858983,81788,808,1068,16339,
261.237506173672,81788,807,1069,16339,
261.24002554226024,81788,806,1070,16339,
261.2419475302245,81787,807,1070,16339,
261.24309221316275,81786,808,1070,16339,
261.2456810560021,81786,808,1069,16340,
261.24831001270985,81785,809,1069,16340,
261.24969682023556,81785,809,1068,16341,
261.2497289955142,81785,808,1069,16341,
261.25070386595127,81785,807,1070,16341,
261.25077024014325,81785,806,1071,16341,
261.25229945866823,81784,807,1071,16341,
261.25260510488175,81784,807,1070,16342,
261.2531081299226,81783,808,1070,16342,
261.2640491168826,81783,807,1071,16342,
261.26710410030836,81783,807,1070,16343,
261.2690308381432,81783,806,1071,16343,
261.26948459081467,81783,805,1072,16343,
261.27089417771634,81783,805,1071,16344,
261.2732371887897,81783,804,1072,16344,
261.27526351981584,81782,805,1072,16344,
261.27662092357065,81782,805,1071,16345,
261.27787371298575,81782,804,1072,16345,
261.2788781062678,81782,803,1073,16345,
261.27892362717006,81782,803,1072,16346,
261.27894524150963,81781,804,1072,16346,
261.2808600712251,81781,803,1073,16346,
261.28232987600126,81781,802,1074,16346,
261.2844796316184,81781,802,1073,16347,
261.28659129911847,81781,801,1074,16347,
261.28711681095984,81780,802,1074,16347,
261.2883444225687,81780,802,1073,16348,
261.29073048640157,81780,801,1074,16348,
261.29259235852686,81779,802,1074,16348,
261.29820407480577,81779,802,1073,16349,
261.299531464343,81779,801,1074,16349,
261.3025719509453,81779,800,1075,16349,
261.30424578332975,81779,800,1074,16350,
261.30441738719384,81779,799,1075,16350,
261.31597570367785,81778,800,1075,16350,
261.31636706499836,81778,799,1076,16350,
261.3270052588427,81777,800,1076,16350,
261.32794808933363,81776,801,1076,16350,
261.3282657661482,81775,802,1076,16350,
261.32973076595323,81775,801,1077,16350,
261.3343181116998,81775,800,1078,16350,
261.3364238501461,81774,801,1078,16350,
261.3375490535012,81773,802,1078,16350,
261.33832251839135,81773,801,1079,16350,
261.34591561282497,81773,801,1078,16351,
261.34643715576414,81772,802,1078,16351,
261.3475497458817,81772,801,1079,16351,
261.3481279330812,81771,802,1079,16351,
261.3492081193968,81771,802,1078,16352,
261.35539128797427,81771,802,1077,16353,
261.3578474453306,81770,803,1077,16353,
261.3586623592526,81770,802,1078,16353,
261.3589670451745,81770,802,1077,16354,
261.3592504830675,81769,803,1077,16354,
261.35993089873045,81769,802,1078,16354,
261.35993827082245,81769,801,1079,16354,
261.3651523385674,81768,802,1079,16354,
261.3652185092111,81768,802,1078,16355,
261.36537177735363,81767,803,1078,16355,
261.3658663187152,81767,803,1077,16356,
261.3670202630066,81767,803,1076,16357,
261.37323578838243,81767,803,1075,16358,
261.3755171567971,81767,803,1074,16359,
261.37570804736936,81766,804,1074,16359,
261.37709359766154,81766,803,1075,16359,
261.37842271786553,81766,802,1076,16359,
261.3788306927743,81766,802,1075,16360,
261.3818906142901,81766,801,1076,16360,
261.38663843562045,81765,802,1076,16360,
261.387817442742,81765,801,1077,16360,
261.38991327025167,81764,802,1077,16360,
261.39252127960856,81764,801,1078,16360,
261.3996239832986,81763,802,1078,16360,
261.40038716724337,81762,803,1078,16360,
261.40802336376714,81761,804,1078,16360,
261.4105024999548,81760,805,1078,16360,
261.41070579342596,81760,805,1077,16361,
261.4187399066751,81760,804,1078,16361,
261.42131019165714,81759,805,1078,16361,
261.4222741060171,81758,806,1078,16361,
261.4304480165152,81757,807,1078,16361,
261.43417817256096,81756,808,1078,16361,
261.4343193823405,81755,809,1078,16361,
261.4349264095389,81754,810,1078,16361,
261.4350998726591,81753,811,1078,16361,
261.43653246908116,81752,812,1078,16361,
261.44040806869884,81751,813,1078,16361,
261.4413562223394,81750,814,1078,16361,
261.4473359279626,81749,815,1078,16361,
261.4476591039322,81749,814,1079,16361,
261.44846544947984,81749,813,1080,16361,
261.4484863841703,81748,814,1080,16361,
261.4490862901649,81747,815,1080,16361,
261.4494276224524,81747,814,1081,16361,
261.4504045531601,81747,813,1082,16361,
261.4505101187889,81746,814,1082,16361,
261.4511079883512,81745,815,1082,16361,
261.45328884001003,81744,816,1082,16361,
261.4535788591443,81744,816,1081,16362,
261.45431858286867,81744,815,1082,16362,
261.4548583391657,81743,816,1082,16362,
261.45499260232083,81742,817,1082,16362,
261.45924802677274,81742,817,1081,16363,
261.4600165348168,81742,817,1080,16364,
261.4606994838388,81742,816,1081,16364,
261.4613301042362,81742,815,1082,16364,
261.46176981320394,81742,814,1083,16364,
261.47097105519924,81742,814,1082,16365,
261.4744956680658,81742,813,1083,16365,
261.47767024228835,81742,812,1084,16365,
261.4781113012672,81742,812,1083,16366,
261.47976583774306,81742,812,1082,16367,
261.4797897783778,81742,812,1081,16368,
261.4797917232432,81742,811,1082,16368,
261.4815075958527,81741,812,1082,16368,
261.49138384240604,81741,811,1083,16368,
261.4933892375322,81740,812,1083,16368,
261.4944234769006,81740,811,1084,16368,
261.495098613229,81740,811,1083,16369,
261.4978260703126,81739,812,1083,16369,
261.49800623864985,81739,812,1082,16370,
261.49920347354015,81739,811,1083,16370,
261.50084697089,81739,810,1084,16370,
261.5014321077476,81738,811,1084,16370,
261.50327862863895,81738,810,1085,16370,
261.5077449048409,81737,811,1085,16370,
261.5080915711724,81736,812,1085,16370,
261.5105331653138,81735,813,1085,16370,
261.5110685159583,81735,813,1084,16371,
261.5112703145539,81734,814,1084,16371,
261.52091962380973,81733,815,1084,16371,
261.522889889914,81733,814,1085,16371,
261.52458630435416,81732,815,1085,16371,
261.52545172946367,81732,815,1084,16372,
261.5258043087865,81732,815,1083,16373,
261.52599204530287,81731,816,1083,16373,
261.52658216098104,81731,815,1084,16373,
261.53239408934803,81730,816,1084,16373,
261.53297317422357,81730,816,1083,16374,
261.53359804731946,81730,816,1082,16375,
261.5381378801959,81730,816,1081,16376,
261.5383301263084,81730,815,1082,16376,
261.538491339852,81730,814,1083,16376,
261.5390733287237,81729,815,1083,16376,
261.5412613637445,81728,816,1083,16376,
261.5413478235857,81727,817,1083,16376,
261.5487518307788,81726,818,1083,16376,
261.5506290629439,81726,818,1082,16377,
261.55314930804246,81726,817,1083,16377,
261.5573094796721,81725,818,1083,16377,
261.55770836945237,81725,817,1084,16377,
261.55983298540013,81725,817,1083,16378,
261.5631372352226,81725,817,1082,16379,
261.5709014284421,81725,816,1083,16379,
261.57327324237133,81724,817,1083,16379,
261.5766883479081,81723,818,1083,16379,
261.57776961141616,81723,817,1084,16379,
261.5793451723158,81723,816,1085,16379,
261.5807750337551,81723,816,1084,16380,
261.5812388845976,81723,815,1085,16380,
261.58681569552436,81722,816,1085,16380,
261.58802185889317,81721,817,1085,16380,
261.58871023662437,81721,817,1084,16381,
261.5887529201898,81721,816,1085,16381,
261.58977062052253,81721,815,1086,16381,
261.591500643857,81720,816,1086,16381,
261.6000493891873,81719,817,1086,16381,
261.60186924767686,81719,816,1087,16381,
261.60755751070343,81718,817,1087,16381,
261.6082017190291,81717,818,1087,16381,
261.60830843837556,81717,818,1086,16382,
261.6096735700757,81717,818,1085,16383,
261.61194589340766,81716,819,1085,16383,
261.61754243897946,81716,818,1086,16383,
261.6220477596506,81716,818,1085,16384,
261.63015574842456,81716,818,1084,16385,
261.6309687115478,81716,817,1085,16385,
261.6319176796186,81716,817,1084,16386,
261.63253625484225,81716,817,1083,16387,
261.63434950473686,81715,818,1083,16387,
261.6364515055376,81715,818,1082,16388,
261.6378518593182,81714,819,1082,16388,
261.6421735618186,81713,820,1082,16388,
261.647473224747,81713,819,1083,16388,
261.6476165617474,81713,818,1084,16388,
261.64817517992424,81713,818,1083,16389,
261.64898177607074,81713,818,1082,16390,
261.6534185408332,81713,817,1083,16390,
261.65630043967656,81712,818,1083,16390,
261.6583474843917,81711,819,1083,16390,
261.6591870670499,81711,818,1084,16390,
261.66313887442885,81710,819,1084,16390,
261.6667548502023,81709,820,1084,16390,
261.6726390635271,81709,820,1083,16391,
261.67389693154627,81709,820,1082,16392,
261.6742483392902,81709,820,1081,16393,
261.67498605847004,81709,819,1082,16393,
261.67580378677104,81709,819,1081,16394,
261.6759268580867,81709,819,1080,16395,
261.67624997546324,81709,819,1079,16396,
261.6776556736074,81709,818,1080,16396,
261.6860574711333,81708,819,1080,16396,
261.6865612264894,81708,818,1081,16396,
261.690335178241,81708,817,1082,16396,
261.69600778931846,81707,818,1082,16396,
261.6966279020441,81707,817,1083,16396,
261.6971047180372,81706,818,1083,16396,
261.6993042720268,81706,817,1084,16396,
261.70117899638376,81706,817,1083,16397,
261.7040147521684,81706,816,1084,16397,
261.7040322635173,81705,817,1084,16397,
261.7049492234606,81705,816,1085,16397,
261.7061599560456,81705,815,1086,16397,
261.708128160626,81705,814,1087,16397,
261.71083557510644,81705,814,1086,16398,
261.7137651183622,81705,814,1085,16399,
261.71556210115534,81704,815,1085,16399,
261.716666781556,81704,815,1084,16400,
261.72307841607045,81703,816,1084,16400,
261.7230998063726,81703,816,1083,16401,
261.7264575325738,81703,816,1082,16402,
261.72937437233804,81703,816,1081,16403,
261.7295036101763,81702,817,1081,16403,
261.72998432760187,81701,818,1081,16403,
261.7353656191661,81701,818,1080,16404,
261.73541296630617,81701,817,1081,16404,
261.73874669907167,81701,817,1080,16405,
261.7405099024808,81700,818,1080,16405,
261.74637788009767,81700,817,1081,16405,
261.74720594439884,81700,817,1080,16406,
261.7474318255428,81700,817,1079,16407,
261.74809472251684,81699,818,1079,16407,
261.75585244136937,81698,819,1079,16407,
261.7564562831278,81698,819,1078,16408,
261.7621753999989,81698,819,1077,16409,
261.76221057128055,81697,820,1077,16409,
261.76561328106425,81697,819,1078,16409,
261.7688171571425,81696,820,1078,16409,
261.76991741158355,81696,819,1079,16409,
261.7715446434004,81696,818,1080,16409,
261.77172689147903,81695,819,1080,16409,
261.77200152801015,81695,819,1079,16410,
261.7732862520709,81695,818,1080,16410,
261.77514049174147,81695,817,1081,16410,
261.78249102824117,81695,817,1080,16411,
261.78337300682597,81694,818,1080,16411,
261.7835648975693,81694,817,1081,16411,
261.78480926568136,81693,818,1081,16411,
261.78511040434915,81693,818,1080,16412,
261.7858798267531,81693,817,1081,16412,
261.7866562719751,81693,817,1080,16413,
261.79064001924223,81693,817,1079,16414,
261.7936361217423,81693,817,1078,16415,
261.7943670554135,81692,818,1078,16415,
261.7957907221322,81692,817,1079,16415,
261.8004587022861,81692,816,1080,16415,
261.8032966930816,81691,817,1080,16415,
261.80602654933125,81691,816,1081,16415,
261.8073318494256,81691,815,1082,16415,
261.8079321234556,81691,814,1083,16415,
261.80935031977754,81691,813,1084,16415,
261.81198442998044,81691,813,1083,16416,
261.81386291863674,81690,814,1083,16416,
261.81517417204236,81690,813,1084,16416,
261.8189912535864,81689,814,1084,16416,
261.81917143043955,81689,814,1083,16417,
261.81917934136374,81688,815,1083,16417,
261.8232198777962,81688,814,1084,16417,
261.82324949189245,81688,813,1085,16417,
261.8297462210241,81687,814,1085,16417,
261.83330528701106,81687,813,1086,16417,
261.83362946562823,81686,814,1086,16417,
261.83398231729734,81685,815,1086,16417,
261.83503703831184,81685,814,1087,16417,
261.83587758038175,81684,815,1087,16417,
261.8360808220996,81684,814,1088,16417,
261.84200276979635,81683,815,1088,16417,
261.84332260818843,81683,814,1089,16417,
261.8442590045017,81682,815,1089,16417,
261.8488729602191,81682,814,1090,16417,
261.8533994003178,81681,815,1090,16417,
261.8552386813534,81680,816,1090,16417,
261.8554668595742,81679,817,1090,16417,
261.8582074751455,81678,818,1090,16417,
261.8600968613739,81678,817,1091,16417,
261.861396492411,81678,817,1090,16418,
261.8633651640432,81677,818,1090,16418,
261.86878004064545,81677,818,1089,16419,
261.87006978714976,81677,817,1090,16419,
261.8708794751356,81676,818,1090,16419,
261.8739476816582,81676,817,1091,16419,
261.8757762864945,81676,816,1092,16419,
261.88015156096384,81676,815,1093,16419,
261.8828443833462,81676,814,1094,16419,
261.88629795449765,81675,815,1094,16419,
261.88986826609926,81675,814,1095,16419,
261.8912815636697,81674,815,1095,16419,
261.89701630330165,81673,816,1095,16419,
261.8977100379405,81673,815,1096,16419,
261.8992937566622,81673,814,1097,16419,
261.89983715168034,81673,814,1096,16420,
261.90143763094966,81672,815,1096,16420,
261.9014791924343,81672,815,1095,16421,
261.90188344317653,81672,815,1094,16422,
261.90240497594345,81672,814,1095,16422,
261.90486965729605,81672,814,1094,16423,
261.90618494848417,81671,815,1094,16423,
261.90618575991226,81671,815,1093,16424,
261.9079667093993,81670,816,1093,16424,
261.91079248450853,81670,815,1094,16424,
261.9133564753235,81669,816,1094,16424,
261.91402538331914,81668,817,1094,16424,
261.9164986828406,81668,817,1093,16425,
261.9176122625779,81668,817,1092,16426,
261.92424358996107,81667,818,1092,16426,
261.92571193549406,81666,819,1092,16426,
261.9266869035986,81666,818,1093,16426,
261.9269539055829,81666,818,1092,16427,
261.926987397895,81665,819,1092,16427,
261.93445483604836,81665,818,1093,16427,
261.9359111621746,81665,818,1092,16428,
261.93705102529424,81665,817,1093,16428,
261.94032285785516,81664,818,1093,16428,
261.94082802919075,81664,818,1092,16429,
261.9423946099723,81664,818,1091,16430,
261.9442580438857,81664,818,1090,16431,
261.94749439259556,81663,819,1090,16431,
261.948488318705,81663,818,1091,16431,
261.9502546627758,81663,817,1092,16431,
261.951724530989,81663,816,1093,16431,
261.9533506125411,81663,815,1094,16431,
261.958860069498,81662,816,1094,16431,
261.95956883072733,81662,816,1093,16432,
261.96137611444163,81662,816,1092,16433,
261.96355732514303,81661,817,1092,16433,
261.96530020152113,81661,816,1093,16433,
261.9653826507578,81661,815,1094,16433,
261.96676808930204,81660,816,1094,16433,
261.969487402409,81660,815,1095,16433,
261.9713660905131,81660,815,1094,16434,
261.98077967387974,81659,816,1094,16434,
261.9829454699708,81659,816,1093,16435,
261.99242960608836,81659,815,1094,16435,
261.9931193369349,81659,814,1095,16435,
261.99550379284676,81659,813,1096,16435,
261.99554665813633,81658,814,1096,16435,
261.99633104318366,81658,813,1097,16435,
261.9974930318295,81657,814,1097,16435,
261.9988114923597,81656,815,1097,16435,
261.99902256415857,81656,815,1096,16436,
262.0019135688483,81656,815,1095,16437,
262.0020017596476,81656,815,1094,16438,
262.0092271261707,81655,816,1094,16438,
262.00940659275926,81655,815,1095,16438,
262.01198658936636,81654,816,1095,16438,
262.0141626425208,81653,817,1095,16438,
262.01474438920394,81653,817,1094,16439,
262.01693264297415,81653,816,1095,16439,
262.02133485207935,81653,816,1094,16440,
262.02147345191344,81652,817,1094,16440,
262.0257083910344,81652,817,1093,16441,
262.0269842386508,81652,816,1094,16441,
262.02973348279187,81652,816,1093,16442,
262.02982398514894,81651,817,1093,16442,
262.0304359116572,81650,818,1093,16442,
262.0328266221705,81650,818,1092,16443,
262.03837846858175,81650,817,1093,16443,
262.0389462911686,81650,816,1094,16443,
262.0401042108829,81650,816,1093,16444,
262.0413384512872,81649,817,1093,16444,
262.045451922825,81648,818,1093,16444,
262.04759821463153,81647,819,1093,16444,
262.04834816510214,81647,819,1092,16445,
262.04934264922304,81647,819,1091,16446,
262.0530845702419,81647,818,1092,16446,
262.0537146711968,81647,818,1091,16447,
262.05592137140167,81647,817,1092,16447,
262.05843177102327,81647,816,1093,16447,
262.05912272262515,81647,815,1094,16447,
262.05933572565505,81647,814,1095,16447,
262.0639850035351,81647,814,1094,16448,
262.06422196602836,81647,814,1093,16449,
262.06564913605564,81647,814,1092,16450,
262.0658382010121,81646,815,1092,16450,
262.06606829020467,81646,815,1091,16451,
262.06825154267074,81645,816,1091,16451,
262.0764609399154,81644,817,1091,16451,
262.0796455732412,81643,818,1091,16451,
262.08042320852735,81643,818,1090,16452,
262.0827227057036,81643,817,1091,16452,
262.083003587275,81643,816,1092,16452,
262.08542558660974,81642,817,1092,16452,
262.0878748112786,81642,816,1093,16452,
262.08992445765864,81641,817,1093,16452,
262.0902713072887,81640,818,1093,16452,
262.0945815565759,81639,819,1093,16452,
262.09460709896405,81638,820,1093,16452,
262.09485800071093,81637,821,1093,16452,
262.0953085172687,81637,820,1094,16452,
262.09856040241544,81636,821,1094,16452,
262.1016443854081,81636,820,1095,16452,
262.10460253734345,81636,819,1096,16452,
262.1119938930607,81636,818,1097,16452,
262.11499043661763,81635,819,1097,16452,
262.1152923167313,81635,818,1098,16452,
262.11563991311425,81634,819,1098,16452,
262.12253857571517,81633,820,1098,16452,
262.12435637920277,81633,819,1099,16452,
262.12495954433183,81633,819,1098,16453,
262.12570631413803,81633,818,1099,16453,
262.1266333018852,81633,818,1098,16454,
262.12935641626405,81633,818,1097,16455,
262.1300405402854,81632,819,1097,16455,
262.13034763738403,81632,818,1098,16455,
262.13149067460483,81631,819,1098,16455,
262.1337121507001,81631,818,1099,16455,
262.13505271955546,81631,817,1100,16455,
262.13639216926407,81631,816,1101,16455,
262.1385608026079,81631,816,1100,16456,
262.1435229515475,81631,816,1099,16457,
262.14448437443775,81630,817,1099,16457,
262.1450245859559,81630,816,1100,16457,
262.14524851884426,81630,816,1099,16458,
262.1466749551417,81630,816,1098,16459,
262.1545694145697,81630,816,1097,16460,
262.15472197803643,81629,817,1097,16460,
262.1559682007964,81629,817,1096,16461,
262.1571415392498,81629,817,1095,16462,
262.15763312555634,81629,817,1094,16463,
262.1590528480749,81629,816,1095,16463,
262.16046349963096,81629,815,1096,16463,
262.1612951795251,81629,814,1097,16463,
262.16184328634756,81628,815,1097,16463,
262.1621478044067,81628,815,1096,16464,
262.1628518117121,81628,814,1097,16464,
262.16377605643316,81627,815,1097,16464,
262.16495488946373,81626,816,1097,16464,
262.1651384918462,81625,817,1097,16464,
262.16738875897715,81624,818,1097,16464,
262.170013031543,81624,818,1096,16465,
262.1720675785722,81623,819,1096,16465,
262.1741513939863,81622,820,1096,16465,
262.1741900857344,81621,821,1096,16465,
262.1748821002312,81620,822,1096,16465,
262.1775669392855,81619,823,1096,16465,
262.1836062024502,81619,823,1095,16466,
262.1837325951141,81618,824,1095,16466,
262.185496055787,81618,824,1094,16467,
262.1868478094715,81617,825,1094,16467,
262.19344010714445,81616,826,1094,16467,
262.1941773577139,81615,827,1094,16467,
262.20005198298304,81614,828,1094,16467,
262.2006040317649,81613,829,1094,16467,
262.2014275299195,81612,830,1094,16467,
262.20165765113853,81611,831,1094,16467,
262.2039063009179,81610,832,1094,16467,
262.2081350957673,81610,832,1093,16468,
262.2082932202096,81609,833,1093,16468,
262.21020991783126,81609,833,1092,16469,
262.2103956864211,81609,833,1091,16470,
262.21333071194647,81609,833,1090,16471,
262.21671867004125,81608,834,1090,16471,
262.2209108269098,81607,835,1090,16471,
262.22094270793235,81607,834,1091,16471,
262.2226999834237,81607,834,1090,16472,
262.2251444122744,81607,833,1091,16472,
262.22867592921745,81607,833,1090,16473,
262.2292754754508,81607,832,1091,16473,
262.23050208285434,81606,833,1091,16473,
262.23201973994367,81606,832,1092,16473,
262.2398998198127,81605,833,1092,16473,
262.24386958776006,81605,833,1091,16474,
262.24614139751804,81605,832,1092,16474,
262.2477331291641,81604,833,1092,16474,
262.24815822469213,81604,832,1093,16474,
262.25161125758854,81604,831,1094,16474,
262.25167447617616,81603,832,1094,16474,
262.25249594454255,81602,833,1094,16474,
262.2525290544806,81602,832,1095,16474,
262.2525890484269,81601,833,1095,16474,
262.25305769042063,81600,834,1095,16474,
262.254625875422,81600,833,1096,16474,
262.2568741155568,81599,834,1096,16474,
262.26032459189906,81599,833,1097,16474,
262.26437373291805,81598,834,1097,16474,
262.2671361458931,81598,833,1098,16474,
262.26779804212333,81598,832,1099,16474,
262.2689234994428,81597,833,1099,16474,
262.27686583304427,81596,834,1099,16474,
262.2800390563126,81596,834,1098,16475,
262.2803286285163,81596,834,1097,16476,
262.2810882967319,81596,834,1096,16477,
262.2815383655198,81595,835,1096,16477,
262.2844626791237,81594,836,1096,16477,
262.28510807051975,81593,837,1096,16477,
262.28663349825797,81593,837,1095,16478,
262.2873801941347,81592,838,1095,16478,
262.2912285375826,81592,837,1096,16478,
262.29198606863156,81592,836,1097,16478,
262.29797525411,81592,835,1098,16478,
262.30057932960875,81592,835,1097,16479,
262.3016750409714,81592,834,1098,16479,
262.306309553537,81592,833,1099,16479,
262.3078847031614,81592,832,1100,16479,
262.3138244998626,81592,832,1099,16480,
262.31467820602643,81592,832,1098,16481,
262.3180444915915,81592,832,1097,16482,
262.3201343871914,81592,831,1098,16482,
262.32026104031434,81591,832,1098,16482,
262.3244290635645,81591,831,1099,16482,
262.32624797925286,81590,832,1099,16482,
262.3277718030586,81589,833,1099,16482,
262.3285002619575,81589,832,1100,16482,
262.3312428182476,81588,833,1100,16482,
262.3318828014402,81587,834,1100,16482,
262.33216347357734,81587,833,1101,16482,
262.33365585878556,81586,834,1101,16482,
262.3348274984796,81586,833,1102,16482,
262.3360978846736,81585,834,1102,16482,
262.3367648752066,81585,834,1101,16483,
262.34225254658907,81584,835,1101,16483,
262.3445275044593,81584,834,1102,16483,
262.3509547901434,81584,833,1103,16483,
262.3589308981121,81583,834,1103,16483,
262.35925094856105,81583,833,1104,16483,
262.359930232692,81582,834,1104,16483,
262.3679339025959,81581,835,1104,16483,
262.36842511693635,81581,834,1105,16483,
262.36931002733036,81581,833,1106,16483,
262.37068516612976,81581,833,1105,16484,
262.37252736639897,81580,834,1105,16484,
262.3734746524641,81580,833,1106,16484,
262.37361444804645,81579,834,1106,16484,
262.3741513077457,81579,833,1107,16484,
262.37437894144745,81579,833,1106,16485,
262.37645572500685,81578,834,1106,16485,
262.3808455045223,81578,833,1107,16485,
262.3818039386336,81578,832,1108,16485,
262.3821707419465,81578,831,1109,16485,
262.38333667987047,81578,831,1108,16486,
262.3850517348631,81578,830,1109,16486,
262.3884863042344,81578,830,1108,16487,
262.3890421392833,81578,829,1109,16487,
262.3898718608405,81578,829,1108,16488,
262.39095223219437,81578,829,1107,16489,
262.39366316171936,81578,828,1108,16489,
262.3956755986583,81578,828,1107,16490,
262.39875647694834,81578,827,1108,16490,
262.4020776546331,81577,828,1108,16490,
262.4024063655637,81577,827,1109,16490,
262.4032720578615,81577,826,1110,16490,
262.4041809810366,81577,826,1109,16491,
262.4048083042343,81576,827,1109,16491,
262.4077270099677,81575,828,1109,16491,
262.4085365461348,81574,829,1109,16491,
262.4113039868266,81574,828,1110,16491,
262.41611092045935,81574,827,1111,16491,
262.42280580090346,81574,826,1112,16491,
262.42589085680044,81574,826,1111,16492,
262.4260326260023,81573,827,1111,16492,
262.42701704311264,81572,828,1111,16492,
262.428043821838,81572,828,1110,16493,
262.4324124416458,81572,827,1111,16493,
262.43287393088195,81572,826,1112,16493,
262.4333464035967,81572,826,1111,16494,
262.4343002321009,81572,825,1112,16494,
262.4346560471891,81571,826,1112,16494,
262.4356611910137,81571,825,1113,16494,
262.4359168245169,81571,824,1114,16494,
262.4376815853253,81571,824,1113,16495,
262.4386790417118,81570,825,1113,16495,
262.4403535957594,81570,824,1114,16495,
262.44059031404885,81570,823,1115,16495,
262.4415593276755,81570,822,1116,16495,
262.4418975360565,81569,823,1116,16495,
262.4436658676906,81569,822,1117,16495,
262.4495381846368,81569,821,1118,16495,
262.4527094410329,81568,822,1118,16495,
262.4549566637199,81567,823,1118,16495,
262.45867828300936,81567,823,1117,16496,
262.4632564572097,81567,822,1118,16496,
262.4634800481547,81566,823,1118,16496,
262.46810385542165,81566,823,1117,16497,
262.46990445021197,81566,823,1116,16498,
262.471673809086,81565,824,1116,16498,
262.473439590589,81565,824,1115,16499,
262.47546159690654,81564,825,1115,16499,
262.4778141759289,81563,826,1115,16499,
262.4779800522726,81562,827,1115,16499,
262.47959171728115,81561,828,1115,16499,
262.4854016317192,81561,828,1114,16500,
262.4877608195948,81561,828,1113,16501,
262.4899006278779,81561,828,1112,16502,
262.4938967086187,81561,828,1111,16503,
262.49450122929267,81561,827,1112,16503,
262.4966038623393,81560,828,1112,16503,
262.4989593301303,81559,829,1112,16503,
262.50244110356266,81559,828,1113,16503,
262.50251052366855,81558,829,1113,16503,
262.5054489122562,81558,829,1112,16504,
262.5074860939044,81558,829,1111,16505,
262.510243638438,81558,828,1112,16505,
262.510985488028,81558,827,1113,16505,
262.5122864875984,81558,827,1112,16506,
262.5127819854416,81558,827,1111,16507,
262.5132470917183,81557,828,1111,16507,
262.51840344393804,81557,828,1110,16508,
262.52264398359813,81557,828,1109,16509,
262.52452818172685,81556,829,1109,16509,
262.5245439152195,81556,828,1110,16509,
262.5260745340547,81556,828,1109,16510,
262.5305059864676,81555,829,1109,16510,
262.5382460461678,81555,828,1110,16510,
262.53886385661747,81555,827,1111,16510,
262.5406035174274,81555,826,1112,16510,
262.5433653873701,81554,827,1112,16510,
262.54520144154344,81554,827,1111,16511,
262.54765946882685,81554,826,1112,16511,
262.54802755213075,81554,825,1113,16511,
262.55256729182776,81554,825,1112,16512,
262.5530826725889,81554,824,1113,16512,
262.5537268632728,81554,823,1114,16512,
262.55383300811474,81554,822,1115,16512,
262.5577512354893,81554,822,1114,16513,
262.5584967386726,81554,822,1113,16514,
262.56187621994076,81553,823,1113,16514,
262.56340699002004,81553,822,1114,16514,
262.5655374489616,81552,823,1114,16514,
262.56581905949713,81552,822,1115,16514,
262.56671838645764,81552,822,1114,16515,
262.5683405081653,81551,823,1114,16515,
262.5690629138112,81550,824,1114,16515,
262.5744055355336,81549,825,1114,16515,
262.57446691611875,81549,825,1113,16516,
262.57934351479224,81549,825,1112,16517,
262.587062838264,81548,826,1112,16517,
262.58747089390585,81548,825,1113,16517,
262.58978379310804,81547,826,1113,16517,
262.5901629193764,81547,825,1114,16517,
262.5924183607438,81547,825,1113,16518,
262.59288678782895,81547,824,1114,16518,
262.5931970451121,81546,825,1114,16518,
262.5947316422173,81546,825,1113,16519,
262.59714211013613,81545,826,1113,16519,
262.6019048841164,81545,826,1112,16520,
262.60294767783364,81545,826,1111,16521,
262.6034428754188,81545,826,1110,16522,
262.60353508313665,81545,826,1109,16523,
262.60420411904255,81544,827,1109,16523,
262.60889748805107,81544,826,1110,16523,
262.6095655576258,81544,826,1109,16524,
262.61452509924845,81544,825,1110,16524,
262.61488729582425,81544,824,1111,16524,
262.61507087096686,81544,824,1110,16525,
262.61524435831046,81544,824,1109,16526,
262.615894814314,81544,823,1110,16526,
262.61600362879403,81543,824,1110,16526,
262.61967405117457,81543,824,1109,16527,
262.6201790788089,81542,825,1109,16527,
262.6202161605959,81541,826,1109,16527,
262.6203827229449,81541,826,1108,16528,
262.62226504472204,81541,826,1107,16529,
262.6262274516761,81541,826,1106,16530,
262.6299578914219,81541,825,1107,16530,
262.63241932479053,81540,826,1107,16530,
262.6328414542993,81540,825,1108,16530,
262.63486235330015,81539,826,1108,16530,
262.63927148603887,81539,825,1109,16530,
262.6437055748509,81539,824,1110,16530,
262.64419475233115,81539,824,1109,16531,
262.6502787753472,81539,823,1110,16531,
262.65143531008135,81539,822,1111,16531,
262.6539585327318,81539,822,1110,16532,
262.65920412525224,81539,822,1109,16533,
262.6594846837359,81539,822,1108,16534,
262.66011415046154,81539,821,1109,16534,
262.6601787589004,81538,822,1109,16534,
262.66317318192733,81538,821,1110,16534,
262.6666713923306,81537,822,1110,16534,
262.6686441912337,81537,821,1111,16534,
262.6699437086952,81536,822,1111,16534,
262.67132459493735,81535,823,1111,16534,
262.67209148798185,81535,822,1112,16534,
262.68099810026604,81535,821,1113,16534,
262.68152116808045,81534,822,1113,16534,
262.6832837113003,81533,823,1113,16534,
262.68580463879294,81532,824,1113,16534,
262.68692282718314,81531,825,1113,16534,
262.6911850856252,81531,825,1112,16535,
262.6922463501052,81531,824,1113,16535,
262.69414115721605,81531,823,1114,16535,
262.69825827660054,81531,822,1115,16535,
262.6994953346661,81531,822,1114,16536,
262.70111024032593,81531,821,1115,16536,
262.70139425841734,81531,821,1114,16537,
262.70467339592216,81531,820,1115,16537,
262.7050896863045,81531,820,1114,16538,
262.70524178098646,81530,821,1114,16538,
262.7105604478573,81529,822,1114,16538,
262.7107649411351,81529,821,1115,16538,
262.72062140132687,81529,821,1114,16539,
262.7231900310298,81529,820,1115,16539,
262.72365515588126,81529,819,1116,16539,
262.72635583627914,81529,819,1115,16540,
262.72706673625936,81528,820,1115,16540,
262.72738861050203,81528,819,1116,16540,
262.72936663700574,81528,818,1117,16540,
262.7299196490065,81528,818,1116,16541,
262.73253814826785,81528,817,1117,16541,
262.7342574927883,81527,818,1117,16541,
262.73739261144516,81527,817,1118,16541,
262.7444572536965,81527,817,1117,16542,
262.7464240948521,81527,816,1118,16542,
262.74664161233494,81527,816,1117,16543,
262.7471966788059,81527,815,1118,16543,
262.7539958436156,81527,814,1119,16543,
262.75986899960833,81527,813,1120,16543,
262.760575701354,81527,813,1119,16544,
262.76067273324765,81527,813,1118,16545,
262.7620961025017,81526,814,1118,16545,
262.7622633289254,81526,813,1119,16545,
262.7625577385599,81526,813,1118,16546,
262.7632222641492,81526,812,1119,16546,
262.766767412548,81526,811,1120,16546,
262.7667828615796,81525,812,1120,16546,
262.77324962898786,81524,813,1120,16546,
262.7769257938365,81524,813,1119,16547,
262.7770981419399,81524,813,1118,16548,
262.779600876712,81523,814,1118,16548,
262.7831839109984,81523,813,1119,16548,
262.78374818821095,81522,814,1119,16548,
262.78527772465776,81522,813,1120,16548,
262.79200769834597,81521,814,1120,16548,
262.7958256327893,81520,815,1120,16548,
262.79629966333164,81519,816,1120,16548,
262.79788409393916,81519,815,1121,16548,
262.7990854022802,81519,815,1120,16549,
262.8014526102306,81519,815,1119,16550,
262.8045853819589,81519,815,1118,16551,
262.80842128080275,81519,815,1117,16552,
262.8084234755288,81518,816,1117,16552,
262.81196340709636,81518,816,1116,16553,
262.8148025485065,81517,817,1116,16553,
262.8186474862713,81517,817,1115,16554,
262.81911607397603,81517,816,1116,16554,
262.8191233943686,81516,817,1116,16554,
262.8209234385231,81516,817,1115,16555,
262.8223100662771,81516,816,1116,16555,
262.8278320129724,81515,817,1116,16555,
262.828549627513,81515,817,1115,16556,
262.83874043549673,81515,817,1114,16557,
262.84113325911704,81514,818,1114,16557,
262.84213064069604,81513,819,1114,16557,
262.84518481009184,81513,818,1115,16557,
262.84602170667506,81512,819,1115,16557,
262.8516539107966,81512,818,1116,16557,
262.85619344152656,81512,817,1117,16557,
262.85718868824824,81512,817,1116,16558,
262.85894654977835,81511,818,1116,16558,
262.8604421687948,81511,818,1115,16559,
262.8604737920163,81511,817,1116,16559,
262.86243035931614,81511,816,1117,16559,
262.8701567322254,81511,816,1116,16560,
262.8711602070779,81510,817,1116,16560,
262.8727735210539,81510,816,1117,16560,
262.8764869138091,81509,817,1117,16560,
262.8785806903978,81508,818,1117,16560,
262.8790880985159,81508,817,1118,16560,
262.8844488799145,81508,817,1117,16561,
262.8850157264179,81508,817,1116,16562,
262.8872438008047,81508,817,1115,16563,
262.8873914400406,81508,817,1114,16564,
262.88835321114647,81508,817,1113,16565,
262.8890054172735,81507,818,1113,16565,
262.89060887634054,81506,819,1113,16565,
262.89109659913885,81506,818,1114,16565,
262.8931366727545,81506,817,1115,16565,
262.89324041616413,81505,818,1115,16565,
262.8962718024212,81504,819,1115,16565,
262.89733950119347,81503,820,1115,16565,
262.8989561359806,81502,821,1115,16565,
262.90031841194383,81502,821,1114,16566,
262.90133058467404,81501,822,1114,16566,
262.9024535208047,81501,822,1113,16567,
262.90413412122234,81501,822,1112,16568,
262.9046591361237,81500,823,1112,16568,
262.9071356335508,81499,824,1112,16568,
262.9072593309069,81499,823,1113,16568,
262.91036719951956,81499,822,1114,16568,
262.9109672815892,81499,822,1113,16569,
262.9185492854582,81499,822,1112,16570,
262.91922331012165,81498,823,1112,16570,
262.9198603512099,81498,823,1111,16571,
262.9210344945293,81498,822,1112,16571,
262.9213579870151,81497,823,1112,16571,
262.92539570528965,81497,822,1113,16571,
262.9272266123304,81497,821,1114,16571,
262.928367602498,81496,822,1114,16571,
262.93146505204817,81495,823,1114,16571,
262.931768836487,81494,824,1114,16571,
262.9328039997833,81494,824,1113,16572,
262.936156969653,81494,824,1112,16573,
262.9426294046201,81493,825,1112,16573,
262.94540362050867,81493,825,1111,16574,
262.95041558093504,81493,825,1110,16575,
262.9504238875799,81493,825,1109,16576,
262.95166877209795,81492,826,1109,16576,
262.95372311879186,81491,827,1109,16576,
262.9629079646232,81490,828,1109,16576,
262.96614601393406,81490,827,1110,16576,
262.9666062183513,81490,827,1109,16577,
262.96716793871053,81489,828,1109,16577,
262.9673215187542,81489,828,1108,16578,
262.96888729608526,81489,828,1107,16579,
262.9703176170141,81488,829,1107,16579,
262.97209822627707,81488,828,1108,16579,
262.97418610228607,81488,827,1109,16579,
262.9788284286406,81488,826,1110,16579,
262.97930034615854,81487,827,1110,16579,
262.9873645962972,81486,828,1110,16579,
262.988183692573,81486,827,1111,16579,
262.98891057120426,81485,828,1111,16579,
263.0001424623542,81485,827,1112,16579,
263.0013158186215,81484,828,1112,16579,
263.0018591899855,81484,828,1111,16580,
263.0031557082894,81484,828,1110,16581,
263.01078288763046,81484,827,1111,16581,
263.01108956309355,81484,826,1112,16581,
263.01513475399395,81484,826,1111,16582,
263.0174294545541,81484,826,1110,16583,
263.02244270085964,81484,825,1111,16583,
263.0228422456667,81484,825,1110,16584,
263.02430602302496,81484,825,1109,16585,
263.02439540060936,81484,824,1110,16585,
263.0247215138795,81484,824,1109,16586,
263.02484994500065,81484,824,1108,16587,
263.02543629843285,81483,825,1108,16587,
263.02645277690107,81483,825,1107,16588,
263.02792790562256,81482,826,1107,16588,
263.02979702696496,81482,825,1108,16588,
263.0318924257123,81482,825,1107,16589,
263.03442397195397,81482,825,1106,16590,
263.0352352695156,81482,824,1107,16590,
263.03553599879734,81481,825,1107,16590,
263.0421786974082,81481,825,1106,16591,
263.04589379174763,81481,825,1105,16592,
263.04597406139834,81481,825,1104,16593,
263.04816263053254,81481,824,1105,16593,
263.0483702411276,81480,825,1105,16593,
263.0503882832843,81480,824,1106,16593,
263.0604721903313,81480,823,1107,16593,
263.0685165806772,81480,822,1108,16593,
263.07647026145423,81480,821,1109,16593,
263.07730454905266,81480,820,1110,16593,
263.080298046951,81479,821,1110,16593,
263.0808682512106,81478,822,1110,16593,
263.08324289308035,81477,823,1110,16593,
263.08333305614707,81476,824,1110,16593,
263.0835704898265,81476,824,1109,16594,
263.08433390926956,81475,825,1109,16594,
263.08478231820857,81474,826,1109,16594,
263.0875317421281,81474,825,1110,16594,
263.0876420509222,81474,824,1111,16594,
263.09425917262547,81473,825,1111,16594,
263.09440025676184,81473,824,1112,16594,
263.09683182324335,81472,825,1112,16594,
263.0988230597127,81472,824,1113,16594,
263.09910233800343,81472,823,1114,16594,
263.1033906936975,81471,824,1114,16594,
263.10511312704125,81471,823,1115,16594,
263.11106028040024,81470,824,1115,16594,
263.1131144388402,81470,824,1114,16595,
263.11525082456905,81469,825,1114,16595,
263.1186392294958,81469,825,1113,16596,
263.11986565536677,81468,826,1113,16596,
263.12126741011633,81467,827,1113,16596,
263.12301673698965,81466,828,1113,16596,
263.12338785777075,81466,827,1114,16596,
263.127540564705,81466,826,1115,16596,
263.12906696941434,81465,827,1115,16596,
263.1360125276273,81464,828,1115,16596,
263.1371401461037,81464,828,1114,16597,
263.1391749038117,81463,829,1114,16597,
263.1392719034062,81463,829,1113,16598,
263.1447805023084,81463,828,1114,16598,
263.15026000429987,81463,827,1115,16598,
263.1520700803974,81463,827,1114,16599,
263.1534291018222,81463,827,1113,16600,
263.1552577042554,81463,826,1114,16600,
263.1568323745172,81463,826,1113,16601,
263.16260398866757,81463,825,1114,16601,
263.1699066641638,81463,825,1113,16602,
263.1701107451244,81462,826,1113,16602,
263.17223464001404,81461,827,1113,16602,
263.1772071714584,81461,826,1114,16602,
263.1783057345696,81461,826,1113,16603,
263.1809930675838,81461,826,1112,16604,
263.1824168551343,81461,825,1113,16604,
263.18790049345006,81460,826,1113,16604,
263.1933929513944,81460,826,1112,16605,
263.1976100429566,81459,827,1112,16605,
263.1985036646475,81458,828,1112,16605,
263.1986294396411,81457,829,1112,16605,
263.1989872730914,81456,830,1112,16605,
263.20042550411125,81455,831,1112,16605,
263.2011987746994,81454,832,1112,16605,
263.2017281970683,81453,833,1112,16605,
263.2020338912191,81453,832,1113,16605,
263.20256032135353,81453,832,1112,16606,
263.20258200055343,81452,833,1112,16606,
263.20277317611715,81451,834,1112,16606,
263.2039605663889,81451,834,1111,16607,
263.20657235932754,81451,833,1112,16607,
263.2069600729523,81451,832,1113,16607,
263.21024085302315,81451,831,1114,16607,
263.2104088161354,81451,830,1115,16607,
263.2106494990151,81450,831,1115,16607,
263.2110792618188,81450,830,1116,16607,
263.21159100024084,81450,830,1115,16608,
263.2132988466439,81450,829,1116,16608,
263.21749941156634,81449,830,1116,16608,
263.2192129548728,81448,831,1116,16608,
263.2195142475154,81448,831,1115,16609,
263.2203213654739,81447,832,1115,16609,
263.221903853243,81446,833,1115,16609,
263.22708333494234,81445,834,1115,16609,
263.2311567190824,81445,833,1116,16609,
263.23267358928393,81445,832,1117,16609,
263.23433624121174,81444,833,1117,16609,
263.23700089417514,81444,832,1118,16609,
263.2370437355905,81443,833,1118,16609,
263.2381073156469,81443,832,1119,16609,
263.23935049503945,81442,833,1119,16609,
263.24018025713457,81442,833,1118,16610,
263.24027937047407,81442,833,1117,16611,
263.2435094990926,81442,832,1118,16611,
263.2447414210592,81441,833,1118,16611,
263.24501624580523,81441,833,1117,16612,
263.24696757200775,81441,833,1116,16613,
263.24920291080673,81441,833,1115,16614,
263.25021945369093,81441,832,1116,16614,
263.2505482305714,81441,831,1117,16614,
263.2540777744521,81441,830,1118,16614,
263.2542465647712,81441,830,1117,16615,
263.2580056890033,81441,830,1116,16616,
263.2606731038884,81441,830,1115,16617,
263.26581352922625,81441,830,1114,16618,
263.2706291856385,81441,830,1113,16619,
263.27504194198116,81440,831,1113,16619,
263.27692372346144,81439,832,1113,16619,
263.27795805189567,81439,831,1114,16619,
263.27932265615266,81439,830,1115,16619,
263.2816910106829,81439,829,1116,16619,
263.2843157930803,81439,829,1115,16620,
263.2843397899745,81439,828,1116,16620,
263.2843977075929,81439,827,1117,16620,
263.2851385129952,81438,828,1117,16620,
263.2865732418017,81438,828,1116,16621,
263.2892805534403,81437,829,1116,16621,
263.29051102951297,81436,830,1116,16621,
263.2930929624972,81436,829,1117,16621,
263.29920272851666,81436,828,1118,16621,
263.29944343914923,81435,829,1118,16621,
263.3033132206561,81434,830,1118,16621,
263.30454054943624,81433,831,1118,16621,
263.31972274362397,81432,832,1118,16621,
263.32215237706464,81432,832,1117,16622,
263.3242469820779,81431,833,1117,16622,
263.3328157258601,81431,832,1118,16622,
263.34235205313394,81430,833,1118,16622,
263.3504017191394,81429,834,1118,16622,
263.35460222160975,81429,834,1117,16623,
263.35599941006865,81428,835,1117,16623,
263.3571046639005,81428,835,1116,16624,
263.35776395757904,81427,836,1116,16624,
263.35793613838314,81427,835,1117,16624,
263.3593675555054,81426,836,1117,16624,
263.3644943542038,81426,835,1118,16624,
263.3661770881466,81425,836,1118,16624,
263.3696989109677,81425,835,1119,16624,
263.37004988154337,81425,834,1120,16624,
263.3766207910605,81425,834,1119,16625,
263.3789323504621,81425,834,1118,16626,
263.3816982496038,81425,834,1117,16627,
263.3824341410452,81425,834,1116,16628,
263.3837938241904,81425,834,1115,16629,
263.3905484457186,81424,835,1115,16629,
263.3912612344874,81424,834,1116,16629,
263.39297177541874,81423,835,1116,16629,
263.39523902230326,81423,834,1117,16629,
263.39854181625515,81422,835,1117,16629,
263.4035964411303,81422,834,1118,16629,
263.4069587053532,81421,835,1118,16629,
263.41241695179303,81421,835,1117,16630,
263.41251508191436,81420,836,1117,16630,
263.4180357316651,81420,836,1116,16631,
263.41887731183715,81419,837,1116,16631,
263.41936936081163,81419,836,1117,16631,
263.42332248465664,81419,836,1116,16632,
263.4284723508715,81418,837,1116,16632,
263.43311310731605,81417,838,1116,16632,
263.4352576686342,81417,838,1115,16633,
263.43613120361414,81417,837,1116,16633,
263.4385635619553,81416,838,1116,16633,
263.4393472045273,81416,837,1117,16633,
263.4394845533839,81415,838,1117,16633,
263.44357940727343,81415,837,1118,16633,
263.4439864496111,81414,838,1118,16633,
263.4453914880769,81414,837,1119,16633,
263.44640453862087,81414,836,1120,16633,
263.44760208751495,81413,837,1120,16633,
263.4481508827249,81412,838,1120,16633,
263.4579709022385,81411,839,1120,16633,
263.46044944061134,81410,840,1120,16633,
263.4618514265993,81409,841,1120,16633,
263.4655156310723,81408,842,1120,16633,
263.4665145221284,81407,843,1120,16633,
263.4670061395288,81406,844,1120,16633,
263.4670738955352,81406,844,1119,16634,
263.46787030997564,81406,844,1118,16635,
263.4715757698232,81405,845,1118,16635,
263.475304287624,81405,845,1117,16636,
263.47547716915966,81404,846,1117,16636,
263.4776928515159,81404,845,1118,16636,
263.47816282860913,81404,845,1117,16637,
263.47875692019977,81403,846,1117,16637,
263.4791364106036,81403,845,1118,16637,
263.48015591713386,81402,846,1118,16637,
263.4815551018273,81402,845,1119,16637,
263.48303725586754,81402,845,1118,16638,
263.4845000562146,81402,844,1119,16638,
263.4905358105263,81401,845,1119,16638,
263.4916202811968,81401,845,1118,16639,
263.4936718085121,81401,845,1117,16640,
263.500957180679,81401,845,1116,16641,
263.5022935209276,81401,845,1115,16642,
263.5037025944321,81401,845,1114,16643,
263.50570381886604,81401,845,1113,16644,
263.5068294413391,81401,845,1112,16645,
263.5085308720052,81401,844,1113,16645,
263.5090313250502,81401,843,1114,16645,
263.50923770292064,81401,842,1115,16645,
263.5106776666951,81400,843,1115,16645,
263.5121689374083,81400,843,1114,16646,
263.5160467354901,81399,844,1114,16646,
263.5204304444563,81399,843,1115,16646,
263.5250929594222,81398,844,1115,16646,
263.5267141043554,81398,843,1116,16646,
263.5267953473636,81398,843,1115,16647,
263.52831042078793,81397,844,1115,16647,
263.5284328525902,81397,844,1114,16648,
263.53469450290095,81397,844,1113,16649,
263.5371357910208,81397,844,1112,16650,
263.5379692943556,81397,844,1111,16651,
263.54032259162096,81396,845,1111,16651,
263.54213910340593,81395,846,1111,16651,
263.5431812369956,81395,845,1112,16651,
263.5438214875126,81394,846,1112,16651,
263.544473615608,81393,847,1112,16651,
263.54652414637883,81392,848,1112,16651,
263.54783398002627,81391,849,1112,16651,
263.5511100622425,81391,848,1113,16651,
263.5557177948463,81390,849,1113,16651,
263.55609015938046,81390,849,1112,16652,
263.5574380785564,81390,848,1113,16652,
263.5607114826726,81390,848,1112,16653,
263.5661541756873,81390,847,1113,16653,
263.57367365962045,81389,848,1113,16653,
263.5740606157413,81388,849,1113,16653,
263.57982426692735,81387,850,1113,16653,
263.5806797442766,81386,851,1113,16653,
263.58273989245555,81386,851,1112,16654,
263.58337454132686,81386,850,1113,16654,
263.58523340754846,81386,849,1114,16654,
263.59868608192005,81386,848,1115,16654,
263.5988253531409,81386,847,1116,16654,
263.6039959639382,81386,846,1117,16654,
263.6056399694689,81385,847,1117,16654,
263.6065224678608,81385,847,1116,16655,
263.61065200015906,81385,847,1115,16656,
263.6111381625699,81384,848,1115,16656,
263.6111859425338,81383,849,1115,16656,
263.61230398586406,81382,850,1115,16656,
263.6128759179055,81381,851,1115,16656,
263.6133788484508,81381,851,1114,16657,
263.61580699152614,81381,851,1113,16658,
263.61988064968386,81381,851,1112,16659,
263.6231164444616,81380,852,1112,16659,
263.6239969192783,81380,851,1113,16659,
263.6252435870391,81380,850,1114,16659,
263.62646473665785,81379,851,1114,16659,
263.6310201577086,81378,852,1114,16659,
263.6310234201915,81377,853,1114,16659,
263.63935565778615,81377,853,1113,16660,
263.6505015953824,81377,853,1112,16661,
263.65068349871916,81377,853,1111,16662,
263.652261081904,81377,853,1110,16663,
263.6608785728767,81377,852,1111,16663,
263.66668570257383,81377,852,1110,16664,
263.66801350072774,81377,851,1111,16664,
263.66939090673986,81377,851,1110,16665,
263.6756534148909,81377,850,1111,16665,
263.67570882070294,81377,850,1110,16666,
263.6767542143113,81376,851,1110,16666,
263.67862087941506,81376,850,1111,16666,
263.6823195994489,81375,851,1111,16666,
263.6878446670553,81374,852,1111,16666,
263.6924793405085,81374,851,1112,16666,
263.69295596841476,81373,852,1112,16666,
263.6988895779235,81373,851,1113,16666,
263.6994160335925,81373,850,1114,16666,
263.70038431087204,81372,851,1114,16666,
263.7031283184433,81372,850,1115,16666,
263.707040768974,81371,851,1115,16666,
263.70791558708544,81371,850,1116,16666,
263.71304785596885,81371,850,1115,16667,
263.71689474079847,81371,849,1116,16667,
263.72118694883125,81371,849,1115,16668,
263.72196293346104,81370,850,1115,16668,
263.7228771582706,81370,850,1114,16669,
263.7262744769468,81370,850,1113,16670,
263.7281982731948,81370,849,1114,16670,
263.72842841359875,81370,849,1113,16671,
263.7308004012831,81370,848,1114,16671,
263.73402325948945,81370,847,1115,16671,
263.7399865871588,81370,847,1114,16672,
263.7411815081581,81370,846,1115,16672,
263.7435788005928,81370,846,1114,16673,
263.7498083255069,81370,845,1115,16673,
263.75110885112645,81370,845,1114,16674,
263.755470248176,81369,846,1114,16674,
263.7593483686478,81369,846,1113,16675,
263.75993266116654,81369,845,1114,16675,
263.7610084014596,81368,846,1114,16675,
263.7613801791239,81368,846,1113,16676,
263.76347650751336,81368,846,1112,16677,
263.7638697108816,81367,847,1112,16677,
263.76435978415196,81367,847,1111,16678,
263.7709645814045,81367,847,1110,16679,
263.773536684086,81367,846,1111,16679,
263.77518774825757,81366,847,1111,16679,
263.7781617334378,81366,846,1112,16679,
263.77922042084526,81365,847,1112,16679,
263.7804893542639,81364,848,1112,16679,
263.78131559232173,81364,847,1113,16679,
263.7846206754216,81363,848,1113,16679,
263.78736127837016,81363,847,1114,16679,
263.79044240929505,81363,846,1115,16679,
263.79246055644467,81362,847,1115,16679,
263.7978456359631,81362,847,1114,16680,
263.79944000098357,81361,848,1114,16680,
263.80013910559717,81360,849,1114,16680,
263.80447511191835,81359,850,1114,16680,
263.8068199572629,81359,850,1113,16681,
263.8122586250299,81358,851,1113,16681,
263.81417867639306,81358,851,1112,16682,
263.8143202791123,81358,850,1113,16682,
263.8184131282146,81358,849,1114,16682,
263.81849254468835,81357,850,1114,16682,
263.8290290738453,81357,849,1115,16682,
263.8332855364867,81356,850,1115,16682,
263.8344820543721,81356,849,1116,16682,
263.8408359849773,81355,850,1116,16682,
263.8412066560601,81354,851,1116,16682,
263.8440095371171,81354,850,1117,16682,
263.84654862850084,81353,851,1117,16682,
263.8466721441927,81352,852,1117,16682,
263.849623239425,81351,853,1117,16682,
263.8497285333297,81351,852,1118,16682,
263.85096127394195,81350,853,1118,16682,
263.8535079881574,81349,854,1118,16682,
263.85560151731386,81349,854,1117,16683,
263.856627715358,81348,855,1117,16683,
263.8612787399424,81348,854,1118,16683,
263.8665263395616,81347,855,1118,16683,
263.8688501054928,81346,856,1118,16683,
263.86889330650735,81346,856,1117,16684,
263.8714562380554,81346,856,1116,16685,
263.8715519651121,81346,855,1117,16685,
263.8718109520459,81346,855,1116,16686,
263.8719599341518,81346,855,1115,16687,
263.8759451699481,81346,855,1114,16688,
263.88038708625373,81345,856,1114,16688,
263.8863000472262,81345,855,1115,16688,
263.887565311364,81345,854,1116,16688,
263.888072422323,81345,853,1117,16688,
263.88965453070045,81344,854,1117,16688,
263.8915157939364,81344,853,1118,16688,
263.8954454027157,81344,852,1119,16688,
263.90161510919467,81343,853,1119,16688,
263.90516842309023,81343,852,1120,16688,
263.9097112501519,81342,853,1120,16688,
263.9130245888966,81342,852,1121,16688,
263.9157994414867,81342,851,1122,16688,
263.91879114244205,81342,851,1121,16689,
263.9238519323296,81342,851,1120,16690,
263.9240606059358,81341,852,1120,16690,
263.9266211816871,81341,851,1121,16690,
263.92893625158064,81341,850,1122,16690,
263.92934585641666,81341,850,1121,16691,
263.9360641497062,81341,849,1122,16691,
263.93748909809943,81341,849,1121,16692,
263.93764718657945,81341,849,1120,16693,
263.94016541857326,81341,848,1121,16693,
263.9435057369236,81340,849,1121,16693,
263.94431148059533,81339,850,1121,16693,
263.94492216539106,81338,851,1121,16693,
263.94838914520767,81337,852,1121,16693,
263.9503552068681,81337,851,1122,16693,
263.9518816881288,81336,852,1122,16693,
263.95279561415765,81335,853,1122,16693,
263.9534963248947,81335,852,1123,16693,
263.95633778195935,81334,853,1123,16693,
263.9589557696626,81333,854,1123,16693,
263.95998119492725,81332,855,1123,16693,
263.9602789434662,81331,856,1123,16693,
263.9607340178334,81330,857,1123,16693,
263.96097896403813,81329,858,1123,16693,
263.96116863698063,81329,858,1122,16694,
263.96237783344816,81328,859,1122,16694,
263.9683232657447,81327,860,1122,16694,
263.97296607654664,81327,859,1123,16694,
263.97416560074436,81327,859,1122,16695,
263.97650770147817,81327,859,1121,16696,
263.98047842683684,81327,859,1120,16697,
263.98051202667085,81327,859,1119,16698,
263.9816360992371,81326,860,1119,16698,
263.98171072735937,81326,860,1118,16699,
263.98548971013514,81326,859,1119,16699,
263.98784987908476,81325,860,1119,16699,
263.9880800366083,81324,861,1119,16699,
263.9919756046926,81324,861,1118,16700,
263.994500070102,81323,862,1118,16700,
263.99575788739526,81323,862,1117,16701,
263.99739774283614,81322,863,1117,16701,
264.00318609959766,81321,864,1117,16701,
264.00323190740596,81321,864,1116,16702,
264.0049859110207,81321,863,1117,16702,
264.01198595442304,81321,863,1116,16703,
264.0122277327054,81321,862,1117,16703,
264.01283293349746,81321,862,1116,16704,
264.01313146450906,81321,862,1115,16705,
264.01392335947526,81321,862,1114,16706,
264.01751812994223,81320,863,1114,16706,
264.01779749568,81320,863,1113,16707,
264.01972078418277,81320,863,1112,16708,
264.0208481035879,81319,864,1112,16708,
264.02156734080387,81319,863,1113,16708,
264.02227327672387,81318,864,1113,16708,
264.023833826468,81318,863,1114,16708,
264.02456118181806,81317,864,1114,16708,
264.0255493543167,81317,863,1115,16708,
264.0273964529406,81317,863,1114,16709,
264.0315003762239,81316,864,1114,16709,
264.0342585749949,81315,865,1114,16709,
264.03616583966874,81314,866,1114,16709,
264.0398155352801,81313,867,1114,16709,
264.0406741392376,81313,867,1113,16710,
264.0439497309901,81313,866,1114,16710,
264.0475591921495,81313,866,1113,16711,
264.0477257924721,81312,867,1113,16711,
264.0479816011959,81311,868,1113,16711,
264.049797994292,81310,869,1113,16711,
264.0530024806747,81310,869,1112,16712,
264.0541674837913,81309,870,1112,16712,
264.0553782191223,81309,869,1113,16712,
264.0585650521957,81308,870,1113,16712,
264.05975940559574,81308,870,1112,16713,
264.06431738490005,81308,869,1113,16713,
264.06536108241585,81307,870,1113,16713,
264.0655992947631,81307,870,1112,16714,
264.06741383186085,81307,870,1111,16715,
264.0680997170547,81306,871,1111,16715,
264.06927863612447,81305,872,1111,16715,
264.07233585415986,81305,871,1112,16715,
264.07246852034694,81305,870,1113,16715,
264.0745313084832,81305,869,1114,16715,
264.0747185526906,81305,868,1115,16715,
264.07548347399984,81305,867,1116,16715,
264.0761837520852,81304,868,1116,16715,
264.0787224240415,81303,869,1116,16715,
264.08089839976446,81302,870,1116,16715,
264.08423717368703,81302,870,1115,16716,
264.08492989321365,81302,870,1114,16717,
264.08699025674827,81302,870,1113,16718,
264.0901106834936,81302,870,1112,16719,
264.0926026643615,81302,869,1113,16719,
264.093717939,81301,870,1113,16719,
264.09419212466906,81300,871,1113,16719,
264.09432813974854,81300,870,1114,16719,
264.0950072596835,81300,869,1115,16719,
264.0961818746955,81300,868,1116,16719,
264.09723221027957,81300,867,1117,16719,
264.09898774714463,81300,867,1116,16720,
264.10229777299253,81300,866,1117,16720,
264.10571549936253,81300,865,1118,16720,
264.1070667125651,81299,866,1118,16720,
264.1095049612031,81298,867,1118,16720,
264.1098793613447,81297,868,1118,16720,
264.11076966889357,81297,867,1119,16720,
264.1144989088504,81296,868,1119,16720,
264.11469157452194,81295,869,1119,16720,
264.11685529279737,81295,868,1120,16720,
264.11850624211166,81295,867,1121,16720,
264.11997192115444,81295,867,1120,16721,
264.1240275553515,81295,867,1119,16722,
264.1288746040456,81294,868,1119,16722,
264.1306027724997,81294,868,1118,16723,
264.13192696459436,81293,869,1118,16723,
264.13358503809064,81293,868,1119,16723,
264.1337727190272,81293,868,1118,16724,
264.1341046357605,81293,867,1119,16724,
264.1345048179343,81292,868,1119,16724,
264.13468549884175,81291,869,1119,16724,
264.13690575364,81291,868,1120,16724,
264.13886348047123,81291,868,1119,16725,
264.14182847590627,81291,867,1120,16725,
264.1468906760736,81291,867,1119,16726,
264.1470735629127,81291,866,1120,16726,
264.1498692436035,81291,866,1119,16727,
264.1517982030552,81291,866,1118,16728,
264.15321869835213,81290,867,1118,16728,
264.15576358168175,81290,866,1119,16728,
264.1560238644709,81290,866,1118,16729,
264.15604367919946,81290,866,1117,16730,
264.15712041088005,81289,867,1117,16730,
264.1572841258606,81289,867,1116,16731,
264.1580231989814,81289,866,1117,16731,
264.16173207461156,81288,867,1117,16731,
264.16715833515593,81288,866,1118,16731,
264.1671888687304,81287,867,1118,16731,
264.16745143246567,81287,867,1117,16732,
264.16971913892615,81287,866,1118,16732,
264.17100756272305,81286,867,1118,16732,
264.1716699284255,81286,867,1117,16733,
264.17202519286263,81285,868,1117,16733,
264.1723062553301,81285,867,1118,16733,
264.17270680902453,81285,866,1119,16733,
264.17373425268255,81285,865,1120,16733,
264.1744943354113,81284,866,1120,16733,
264.1746381194967,81284,865,1121,16733,
264.1752567804059,81284,864,1122,16733,
264.17614108650884,81283,865,1122,16733,
264.17696286321916,81283,864,1123,16733,
264.18146307141836,81282,865,1123,16733,
264.18166861343826,81282,864,1124,16733,
264.18419237054206,81282,863,1125,16733,
264.18614944510773,81282,862,1126,16733,
264.18626243344255,81281,863,1126,16733,
264.1893417055062,81281,862,1127,16733,
264.1957967689044,81281,862,1126,16734,
264.1981005558615,81280,863,1126,16734,
264.19958061923035,81280,863,1125,16735,
264.201416240785,81280,862,1126,16735,
264.20493143890684,81279,863,1126,16735,
264.20771763449284,81279,863,1125,16736,
264.21013299245664,81279,862,1126,16736,
264.2109881638478,81279,861,1127,16736,
264.2122596569686,81279,861,1126,16737,
264.21585146935985,81279,861,1125,16738,
264.21904438974985,81279,860,1126,16738,
264.2192882334838,81278,861,1126,16738,
264.2227601475289,81277,862,1126,16738,
264.2233140235997,81276,863,1126,16738,
264.2244235058008,81275,864,1126,16738,
264.22574377019504,81275,864,1125,16739,
264.2273149673357,81275,864,1124,16740,
264.2277036552598,81275,864,1123,16741,
264.22934599718764,81275,864,1122,16742,
264.2295837068049,81275,864,1121,16743,
264.23573701092437,81274,865,1121,16743,
264.2388528667219,81274,865,1120,16744,
264.2393653794757,81274,864,1121,16744,
264.24495269490666,81274,863,1122,16744,
264.24603887746537,81274,862,1123,16744,
264.24874375861805,81273,863,1123,16744,
264.24876972307527,81272,864,1123,16744,
264.25641892206556,81272,863,1124,16744,
264.2565620027928,81271,864,1124,16744,
264.2581191684867,81271,864,1123,16745,
264.2583007197018,81270,865,1123,16745,
264.25977244875037,81269,866,1123,16745,
264.2603036767973,81268,867,1123,16745,
264.2625306697311,81267,868,1123,16745,
264.2626202117404,81267,868,1122,16746,
264.26439007569525,81266,869,1122,16746,
264.2643918526206,81265,870,1122,16746,
264.26440526589795,81264,871,1122,16746,
264.26710716800073,81264,871,1121,16747,
264.27005673132726,81263,872,1121,16747,
264.2708924992841,81263,872,1120,16748,
264.27386822506236,81263,872,1119,16749,
264.2743425944249,81263,871,1120,16749,
264.2760471026609,81263,870,1121,16749,
264.28124267660826,81263,869,1122,16749,
264.2814139687848,81262,870,1122,16749,
264.28159807001043,81261,871,1122,16749,
264.28317875520867,81261,871,1121,16750,
264.28759323065094,81260,872,1121,16750,
264.2876666241577,81260,871,1122,16750,
264.2887278665886,81260,870,1123,16750,
264.2947599790174,81260,869,1124,16750,
264.2993386278543,81259,870,1124,16750,
264.3000927359612,81259,869,1125,16750,
264.3027614579203,81258,870,1125,16750,
264.30281413185537,81258,869,1126,16750,
264.30797970100684,81258,868,1127,16750,
264.3086405293495,81257,869,1127,16750,
264.3103682084456,81256,870,1127,16750,
264.31724502535553,81256,870,1126,16751,
264.3180028888656,81255,871,1126,16751,
264.31973023175823,81255,870,1127,16751,
264.3234994791777,81254,871,1127,16751,
264.3274707268198,81253,872,1127,16751,
264.32807297571696,81252,873,1127,16751,
264.3299780076586,81252,872,1128,16751,
264.3309302036997,81252,872,1127,16752,
264.3310150567481,81251,873,1127,16752,
264.3321258452819,81250,874,1127,16752,
264.3342685390101,81250,874,1126,16753,
264.33649085437173,81249,875,1126,16753,
264.33775565331183,81249,874,1127,16753,
264.3443572146257,81249,873,1128,16753,
264.3472192455105,81249,873,1127,16754,
264.34722922230367,81249,872,1128,16754,
264.34832515507986,81249,872,1127,16755,
264.3484025560457,81249,871,1128,16755,
264.35129757431605,81248,872,1128,16755,
264.3519411802014,81247,873,1128,16755,
264.35236343673046,81247,873,1127,16756,
264.3523748742881,81246,874,1127,16756,
264.3525516722273,81245,875,1127,16756,
264.35403695172835,81244,876,1127,16756,
264.3554644982684,81244,876,1126,16757,
264.3572050934673,81244,876,1125,16758,
264.35767117117933,81244,875,1126,16758,
264.3589736333564,81244,874,1127,16758,
264.35925292960974,81243,875,1127,16758,
264.35950977692613,81242,876,1127,16758,
264.3622411123879,81241,877,1127,16758,
264.36467096095544,81240,878,1127,16758,
264.36648896954034,81240,878,1126,16759,
264.36769247164256,81239,879,1126,16759,
264.3679588320306,81239,878,1127,16759,
264.36820623185395,81239,878,1126,16760,
264.3757944574939,81238,879,1126,16760,
264.37664075203475,81238,878,1127,16760,
264.3794203587455,81238,878,1126,16761,
264.38045499326614,81237,879,1126,16761,
264.38054121736934,81237,879,1125,16762,
264.38326558343493,81237,879,1124,16763,
264.384696738822,81236,880,1124,16763,
264.3877189344784,81236,879,1125,16763,
264.39276646993216,81236,879,1124,16764,
264.3960980837797,81235,880,1124,16764,
264.39781114454325,81235,880,1123,16765,
264.39899985234666,81235,879,1124,16765,
264.39980430327375,81234,880,1124,16765,
264.3998430149632,81234,880,1123,16766,
264.3999282408551,81233,881,1123,16766,
264.4000605192338,81232,882,1123,16766,
264.40155349609455,81231,883,1123,16766,
264.4020176275175,81230,884,1123,16766,
264.4028447424634,81229,885,1123,16766,
264.4040423529149,81228,886,1123,16766,
264.40724215872876,81227,887,1123,16766,
264.40877962316563,81227,887,1122,16767,
264.41887406121276,81227,887,1121,16768,
264.41904921454875,81227,886,1122,16768,
264.423325064706,81227,885,1123,16768,
264.4243646896005,81226,886,1123,16768,
264.42583258309173,81226,885,1124,16768,
264.4269318040916,81226,885,1123,16769,
264.42849067440903,81226,885,1122,16770,
264.42856932306375,81226,884,1123,16770,
264.42913257669596,81226,883,1124,16770,
264.42972839850756,81226,882,1125,16770,
264.43118467855277,81225,883,1125,16770,
264.43120082945296,81224,884,1125,16770,
264.43360303271817,81223,885,1125,16770,
264.4361814394448,81222,886,1125,16770,
264.43852554347865,81222,885,1126,16770,
264.4398289457499,81222,884,1127,16770,
264.44205766056325,81222,883,1128,16770,
264.44363363951317,81222,882,1129,16770,
264.4474728635251,81221,883,1129,16770,
264.450061455675,81220,884,1129,16770,
264.4504016146183,81219,885,1129,16770,
264.4529052372317,81219,885,1128,16771,
264.4566284561839,81218,886,1128,16771,
264.4584965103211,81217,887,1128,16771,
264.4592865154964,81216,888,1128,16771,
264.45928808502447,81216,887,1129,16771,
264.4619667620724,81216,887,1128,16772,
264.46380788482327,81216,887,1127,16773,
264.46411260551645,81216,887,1126,16774,
264.4641228313835,81215,888,1126,16774,
264.46945052913986,81214,889,1126,16774,
264.47252788957155,81214,888,1127,16774,
264.47271613411203,81214,887,1128,16774,
264.4744435463293,81214,886,1129,16774,
264.47671410785557,81214,886,1128,16775,
264.47762093385484,81213,887,1128,16775,
264.47767622587793,81213,887,1127,16776,
264.4879831397614,81213,887,1126,16777,
264.48928416420017,81213,886,1127,16777,
264.4893947230061,81213,886,1126,16778,
264.4915368729621,81212,887,1126,16778,
264.49333728311177,81212,887,1125,16779,
264.4933874987238,81212,886,1126,16779,
264.493427446057,81212,886,1125,16780,
264.4935326922935,81211,887,1125,16780,
264.49510887896827,81211,887,1124,16781,
264.4957936622772,81210,888,1124,16781,
264.49957446072807,81210,887,1125,16781,
264.50498799067134,81209,888,1125,16781,
264.5084267430011,81208,889,1125,16781,
264.51034134846435,81207,890,1125,16781,
264.51185985666183,81206,891,1125,16781,
264.5128934058037,81206,890,1126,16781,
264.516067231232,81206,889,1127,16781,
264.5176266176748,81206,888,1128,16781,
264.52044150245484,81206,888,1127,16782,
264.5204582461155,81205,889,1127,16782,
264.527294105421,81205,888,1128,16782,
264.5280858819562,81204,889,1128,16782,
264.530785816599,81204,889,1127,16783,
264.53088869562714,81204,888,1128,16783,
264.5321081556201,81204,888,1127,16784,
264.5323094850957,81204,888,1126,16785,
264.5336400779997,81204,887,1127,16785,
264.53415904849817,81204,886,1128,16785,
264.5356701206855,81204,886,1127,16786,
264.53739590132056,81203,887,1127,16786,
264.5389705673035,81202,888,1127,16786,
264.5406015777643,81201,889,1127,16786,
264.54140226489113,81201,888,1128,16786,
264.5416838354319,81201,888,1127,16787,
264.54172855895973,81200,889,1127,16787,
264.542399454595,81199,890,1127,16787,
264.54284882692735,81199,890,1126,16788,
264.54701947626046,81199,890,1125,16789,
264.5499288093396,81199,889,1126,16789,
264.55031672504856,81199,888,1127,16789,
264.55062803194096,81199,887,1128,16789,
264.5526403578388,81198,888,1128,16789,
264.5583224586507,81198,887,1129,16789,
264.561112283795,81197,888,1129,16789,
264.5622642225133,81196,889,1129,16789,
264.56263931149795,81195,890,1129,16789,
264.56353803188205,81194,891,1129,16789,
264.5681950029382,81194,890,1130,16789,
264.5696085892899,81193,891,1130,16789,
264.5717939183672,81192,892,1130,16789,
264.5723814598515,81191,893,1130,16789,
264.57825369664425,81190,894,1130,16789,
264.57910877004144,81189,895,1130,16789,
264.586024186312,81189,894,1131,16789,
264.58884180411746,81189,893,1132,16789,
264.5888730057613,81188,894,1132,16789,
264.5951425577475,81188,894,1131,16790,
264.5967349929301,81188,894,1130,16791,
264.5979858114805,81188,894,1129,16792,
264.59856477405543,81188,894,1128,16793,
264.59913550945765,81188,893,1129,16793,
264.5996482963129,81187,894,1129,16793,
264.60010261628145,81186,895,1129,16793,
264.60120004142595,81185,896,1129,16793,
264.60177871646243,81185,895,1130,16793,
264.60297670156507,81185,895,1129,16794,
264.60335841992384,81185,894,1130,16794,
264.6055739400121,81184,895,1130,16794,
264.6057152808045,81184,895,1129,16795,
264.60672253551263,81184,895,1128,16796,
264.60960881401786,81184,895,1127,16797,
264.61124469826274,81183,896,1127,16797,
264.61126508978083,81182,897,1127,16797,
264.6129315653552,81182,897,1126,16798,
264.615220867669,81181,898,1126,16798,
264.61681061384763,81181,898,1125,16799,
264.6172301348147,81181,897,1126,16799,
264.6198641870891,81180,898,1126,16799,
264.62109604960466,81179,899,1126,16799,
264.6222592434505,81178,900,1126,16799,
264.6237267293814,81177,901,1126,16799,
264.6240120358841,81176,902,1126,16799,
264.62599416793415,81176,901,1127,16799,
264.62771938463374,81176,901,1126,16800,
264.62845401897425,81176,900,1127,16800,
264.62906562592553,81175,901,1127,16800,
264.62924418883324,81175,901,1126,16801,
264.6314692320968,81175,901,1125,16802,
264.6343224161406,81174,902,1125,16802,
264.634342398993,81174,902,1124,16803,
264.6359585772994,81173,903,1124,16803,
264.64050611698883,81173,902,1125,16803,
264.6449493751316,81173,901,1126,16803,
264.64526377003693,81173,900,1127,16803,
264.64710779621146,81173,900,1126,16804,
264.64746926223967,81173,899,1127,16804,
264.64896190492146,81172,900,1127,16804,
264.6500785967785,81172,899,1128,16804,
264.65076610819204,81172,899,1127,16805,
264.6533437208589,81172,899,1126,16806,
264.65470055593556,81171,900,1126,16806,
264.6549054790096,81171,899,1127,16806,
264.65608900579565,81171,898,1128,16806,
264.65774651932355,81171,897,1129,16806,
264.65886444311093,81171,897,1128,16807,
264.65902942281326,81171,896,1129,16807,
264.65943260133,81170,897,1129,16807,
264.6609722811549,81170,897,1128,16808,
264.66107833495005,81170,897,1127,16809,
264.6611191577893,81169,898,1127,16809,
264.66344838308146,81168,899,1127,16809,
264.6643006093745,81168,898,1128,16809,
264.6689163337094,81167,899,1128,16809,
264.6717953763506,81167,898,1129,16809,
264.6722783664681,81166,899,1129,16809,
264.67473181200273,81166,899,1128,16810,
264.68175691353196,81166,899,1127,16811,
264.68235071093346,81166,899,1126,16812,
264.68669525353425,81166,899,1125,16813,
264.68811963641224,81166,899,1124,16814,
264.6886015758939,81166,899,1123,16815,
264.69217620761293,81165,900,1123,16815,
264.69281535125344,81164,901,1123,16815,
264.6963490773273,81164,901,1122,16816,
264.6964366822571,81164,900,1123,16816,
264.6976557383364,81163,901,1123,16816,
264.7012666321239,81162,902,1123,16816,
264.7023483887752,81161,903,1123,16816,
264.7028887682746,81161,903,1122,16817,
264.70593248296734,81161,902,1123,16817,
264.70643443817556,81161,902,1122,16818,
264.70793929892767,81161,902,1121,16819,
264.71051325422354,81161,902,1120,16820,
264.7143747529675,81160,903,1120,16820,
264.7185312851416,81160,902,1121,16820,
264.7190689512114,81160,902,1120,16821,
264.7208065088559,81160,901,1121,16821,
264.7227868719783,81159,902,1121,16821,
264.72389365001646,81158,903,1121,16821,
264.72478320247626,81157,904,1121,16821,
264.7259220640504,81156,905,1121,16821,
264.72785460443396,81155,906,1121,16821,
264.7283108293041,81155,906,1120,16822,
264.72984784962955,81155,905,1121,16822,
264.7299139706182,81155,905,1120,16823,
264.7301928498524,81155,904,1121,16823,
264.7303254957014,81155,903,1122,16823,
264.7305698758122,81155,903,1121,16824,
264.73394975653616,81155,903,1120,16825,
264.7361227063994,81154,904,1120,16825,
264.7425320508345,81153,905,1120,16825,
264.7459862635945,81152,906,1120,16825,
264.7496206855733,81152,905,1121,16825,
264.7500452543753,81152,905,1120,16826,
264.7552141903118,81152,905,1119,16827,
264.75878087926253,81151,906,1119,16827,
264.76279232874367,81150,907,1119,16827,
264.7641351343201,81150,907,1118,16828,
264.764786370955,81150,906,1119,16828,
264.7648376766312,81150,905,1120,16828,
264.7655056478895,81150,904,1121,16828,
264.76715417061126,81150,904,1120,16829,
264.7684250774912,81150,904,1119,16830,
264.7714694681004,81150,904,1118,16831,
264.773502065894,81150,904,1117,16832,
264.7827111985244,81150,904,1116,16833,
264.78386146823726,81150,903,1117,16833,
264.7907616587222,81150,902,1118,16833,
264.792620023466,81150,901,1119,16833,
264.7945293817296,81150,900,1120,16833,
264.7955035513057,81149,901,1120,16833,
264.7968247831185,81149,901,1119,16834,
264.79865193508704,81149,901,1118,16835,
264.79995487613246,81149,901,1117,16836,
264.8003961126599,81149,900,1118,16836,
264.80494369690837,81149,899,1119,16836,
264.80497207405864,81148,900,1119,16836,
264.80647158645667,81148,899,1120,16836,
264.808574327063,81147,900,1120,16836,
264.80889384428053,81147,900,1119,16837,
264.81317880363537,81146,901,1119,16837,
264.8142413683457,81146,900,1120,16837,
264.8155777367193,81146,900,1119,16838,
264.8158470053375,81146,899,1120,16838,
264.81641873156605,81145,900,1120,16838,
264.81668395252444,81144,901,1120,16838,
264.8170540721082,81144,901,1119,16839,
264.81862526878416,81143,902,1119,16839,
264.82585106280726,81143,902,1118,16840,
264.82627089065886,81142,903,1118,16840,
264.826725310288,81141,904,1118,16840,
264.82673006800206,81141,903,1119,16840,
264.8326370451176,81141,902,1120,16840,
264.8338195323924,81140,903,1120,16840,
264.83617680776183,81140,902,1121,16840,
264.8390176546644,81140,902,1120,16841,
264.8390357313293,81140,901,1121,16841,
264.83983684834124,81140,901,1120,16842,
264.8419537311023,81140,901,1119,16843,
264.8441234923681,81140,900,1120,16843,
264.84453854568045,81139,901,1120,16843,
264.8473353589104,81138,902,1120,16843,
264.84852459940925,81138,901,1121,16843,
264.8512609262829,81137,902,1121,16843,
264.85393342859464,81137,901,1122,16843,
264.8571808444606,81137,901,1121,16844,
264.85903589526686,81137,900,1122,16844,
264.86111062631846,81136,901,1122,16844,
264.8613213619292,81135,902,1122,16844,
264.86213871650216,81134,903,1122,16844,
264.86239186518293,81133,904,1122,16844,
264.86379267380767,81132,905,1122,16844,
264.86947495640646,81132,904,1123,16844,
264.87223671250507,81131,905,1123,16844,
264.87246409829055,81130,906,1123,16844,
264.8757024496575,81129,907,1123,16844,
264.87805350300414,81128,908,1123,16844,
264.87862208026195,81128,908,1122,16845,
264.8827966535282,81127,909,1122,16845,
264.8834984433112,81127,908,1123,16845,
264.88361883482196,81127,908,1122,16846,
264.8852430568613,81127,907,1123,16846,
264.8852845683025,81127,906,1124,16846,
264.88552039408034,81127,905,1125,16846,
264.88588052673776,81126,906,1125,16846,
264.8925440272264,81126,905,1126,16846,
264.8940684155821,81126,905,1125,16847,
264.8962522369688,81126,904,1126,16847,
264.8967498397484,81126,903,1127,16847,
264.89927094315317,81126,903,1126,16848,
264.90666483726375,81126,903,1125,16849,
264.9098188863376,81126,903,1124,16850,
264.91106111132177,81125,904,1124,16850,
264.9161687955637,81124,905,1124,16850,
264.9171959222446,81124,904,1125,16850,
264.92338897974855,81123,905,1125,16850,
264.92466176748485,81122,906,1125,16850,
264.9254403400395,81121,907,1125,16850,
264.9261996192315,81120,908,1125,16850,
264.9275861567702,81119,909,1125,16850,
264.9290735658555,81119,908,1126,16850,
264.9291180249497,81119,908,1125,16851,
264.9309893672888,81118,909,1125,16851,
264.93110138363295,81118,908,1126,16851,
264.93158539820115,81118,908,1125,16852,
264.9319746964779,81118,907,1126,16852,
264.93468321971284,81117,908,1126,16852,
264.94401190596284,81117,907,1127,16852,
264.9456046259627,81116,908,1127,16852,
264.9473194574327,81115,909,1127,16852,
264.94759247624825,81114,910,1127,16852,
264.95439078669745,81114,909,1128,16852,
264.95776407820586,81113,910,1128,16852,
264.9583099832533,81113,910,1127,16853,
264.9586863317533,81112,911,1127,16853,
264.9630393307335,81111,912,1127,16853,
264.964059610619,81110,913,1127,16853,
264.96533357377706,81110,913,1126,16854,
264.9661021201289,81110,912,1127,16854,
264.966785084848,81110,911,1128,16854,
264.96914750664325,81110,910,1129,16854,
264.9756292785417,81109,911,1129,16854,
264.97732122472905,81109,910,1130,16854,
264.97775425437504,81108,911,1130,16854,
264.9782315305091,81108,910,1131,16854,
264.9784072576589,81107,911,1131,16854,
264.9852967196921,81106,912,1131,16854,
264.9890076490493,81105,913,1131,16854,
264.990950252424,81105,913,1130,16855,
264.9940217235175,81105,913,1129,16856,
264.99409503673746,81104,914,1129,16856,
264.99426275336896,81104,913,1130,16856,
264.9954294688019,81104,913,1129,16857,
264.99732361098256,81104,912,1130,16857,
264.9978375056048,81103,913,1130,16857,
264.9995509555811,81103,913,1129,16858,
265.0036614422282,81103,912,1130,16858,
265.006802764575,81102,913,1130,16858,
265.00717620732786,81102,913,1129,16859,
265.0089305415168,81102,913,1128,16860,
265.00929873689273,81102,912,1129,16860,
265.01117940413627,81102,911,1130,16860,
265.01312597384583,81102,911,1129,16861,
265.01848972411426,81102,910,1130,16861,
265.0197939761023,81101,911,1130,16861,
265.020524091877,81101,910,1131,16861,
265.02167596141186,81100,911,1131,16861,
265.0226289574521,81099,912,1131,16861,
265.0234510513598,81098,913,1131,16861,
265.02428620719365,81098,912,1132,16861,
265.0295324516502,81098,912,1131,16862,
265.03032697874045,81098,911,1132,16862,
265.0331600385946,81098,910,1133,16862,
265.0332986856126,81097,911,1133,16862,
265.03428919332646,81097,910,1134,16862,
265.03653796633387,81097,909,1135,16862,
265.03682285852057,81097,908,1136,16862,
265.0467061724608,81097,907,1137,16862,
265.04679420314915,81096,908,1137,16862,
265.04749113692696,81095,909,1137,16862,
265.049073803265,81095,909,1136,16863,
265.04935892288887,81094,910,1136,16863,
265.05354744369527,81094,910,1135,16864,
265.0581438804929,81094,910,1134,16865,
265.06099883176694,81094,909,1135,16865,
265.0618569608965,81094,908,1136,16865,
265.0627420000286,81094,908,1135,16866,
265.06620329932116,81093,909,1135,16866,
265.0670665920988,81093,909,1134,16867,
265.0676611492502,81093,909,1133,16868,
265.0682401111465,81093,908,1134,16868,
265.0683709707816,81093,907,1135,16868,
265.07075040766676,81093,906,1136,16868,
265.0712102041513,81092,907,1136,16868,
265.0774665055113,81092,907,1135,16869,
265.08013381340004,81092,907,1134,16870,
265.08124849125466,81091,908,1134,16870,
265.0826867777435,81090,909,1134,16870,
265.0832113618918,81090,909,1133,16871,
265.0880845786653,81089,910,1133,16871,
265.0883449794155,81089,909,1134,16871,
265.0932104813814,81089,909,1133,16872,
265.09537091498674,81088,910,1133,16872,
265.0964392450047,81088,910,1132,16873,
265.09726269378547,81088,910,1131,16874,
265.0977433523496,81088,909,1132,16874,
265.1001291651979,81087,910,1132,16874,
265.10442299182347,81087,910,1131,16875,
265.1046100487865,81087,910,1130,16876,
265.1065181607538,81087,910,1129,16877,
265.11056623833474,81087,909,1130,16877,
265.1128826208725,81086,910,1130,16877,
265.1133424874205,81086,909,1131,16877,
265.11406956834304,81086,908,1132,16877,
265.1158027229508,81086,907,1133,16877,
265.1192261553114,81086,907,1132,16878,
265.12053319907716,81085,908,1132,16878,
265.12093316655626,81085,907,1133,16878,
265.1211582101381,81084,908,1133,16878,
265.12214879544376,81084,907,1134,16878,
265.12266923805925,81083,908,1134,16878,
265.1229675868084,81083,908,1133,16879,
265.12462901495053,81082,909,1133,16879,
265.12474741918015,81082,909,1132,16880,
265.12528549282104,81082,908,1133,16880,
265.12696071224383,81081,909,1133,16880,
265.1305498359513,81081,908,1134,16880,
265.13345334371434,81081,908,1133,16881,
265.1339390666667,81081,907,1134,16881,
265.1344958744005,81081,906,1135,16881,
265.1352029991877,81081,905,1136,16881,
265.1379281116314,81081,904,1137,16881,
265.15325836982197,81081,904,1136,16882,
265.1553226137425,81081,903,1137,16882,
265.1573779022542,81081,903,1136,16883,
265.16000820800286,81081,902,1137,16883,
265.16230450576165,81081,902,1136,16884,
265.16249160092553,81081,902,1135,16885,
265.1627754550501,81081,902,1134,16886,
265.1632955018793,81080,903,1134,16886,
265.16507084410273,81080,902,1135,16886,
265.1664343299774,81080,901,1136,16886,
265.16972017058595,81079,902,1136,16886,
265.17227560496565,81079,901,1137,16886,
265.1754412560142,81079,901,1136,16887,
265.1810786382813,81079,901,1135,16888,
265.1865652630425,81078,902,1135,16888,
265.19005703696604,81078,901,1136,16888,
265.1907758729096,81078,901,1135,16889,
265.19087708771553,81077,902,1135,16889,
265.19119798850994,81076,903,1135,16889,
265.1934234303198,81076,902,1136,16889,
265.193659949681,81075,903,1136,16889,
265.19578788089115,81075,903,1135,16890,
265.20277942585534,81075,903,1134,16891,
265.20685330046484,81075,902,1135,16891,
265.20743160377054,81074,903,1135,16891,
265.20779041525043,81074,902,1136,16891,
265.2082183792722,81074,901,1137,16891,
265.208366469809,81073,902,1137,16891,
265.209201632977,81072,903,1137,16891,
265.21001979401115,81071,904,1137,16891,
265.2113038536092,81071,903,1138,16891,
265.21212991719034,81070,904,1138,16891,
265.21326410753284,81070,903,1139,16891,
265.2143967148601,81070,903,1138,16892,
265.2147946380264,81070,902,1139,16892,
265.22089531115597,81069,903,1139,16892,
265.22507892345226,81068,904,1139,16892,
265.22639528358366,81068,904,1138,16893,
265.2275678129876,81068,903,1139,16893,
265.23732831228637,81068,903,1138,16894,
265.2429962621648,81068,902,1139,16894,
265.2468760086658,81068,901,1140,16894,
265.24888911556934,81068,901,1139,16895,
265.251081541509,81068,901,1138,16896,
265.25290191426257,81068,900,1139,16896,
265.253292020173,81067,901,1139,16896,
265.2577396808948,81067,901,1138,16897,
265.2580099868574,81067,901,1137,16898,
265.25859593805944,81067,901,1136,16899,
265.2595385015576,81067,901,1135,16900,
265.2626507647358,81066,902,1135,16900,
265.2659560541073,81066,902,1134,16901,
265.2667545061543,81065,903,1134,16901,
265.26893976110784,81064,904,1134,16901,
265.2691024706549,81064,903,1135,16901,
265.2707919197925,81064,902,1136,16901,
265.2747294691659,81064,902,1135,16902,
265.27490009405267,81064,902,1134,16903,
265.28095117331384,81064,902,1133,16904,
265.28553063858595,81064,902,1132,16905,
265.2870891945762,81063,903,1132,16905,
265.287379331093,81062,904,1132,16905,
265.28809253677827,81062,904,1131,16906,
265.2896129926948,81062,904,1130,16907,
265.29093758991974,81062,903,1131,16907,
265.29099309489817,81062,902,1132,16907,
265.295340667152,81061,903,1132,16907,
265.29758432269864,81061,903,1131,16908,
265.29947117751277,81061,902,1132,16908,
265.3003566232412,81061,902,1131,16909,
265.3016862821184,81061,901,1132,16909,
265.3093765969251,81061,900,1133,16909,
265.3137532514144,81060,901,1133,16909,
265.3141642816017,81059,902,1133,16909,
265.31534755799345,81059,901,1134,16909,
265.3162732494779,81059,901,1133,16910,
265.31757073243864,81059,901,1132,16911,
265.31919005240053,81058,902,1132,16911,
265.3224047707221,81058,901,1133,16911,
265.32256993194466,81057,902,1133,16911,
265.32440778309666,81056,903,1133,16911,
265.32479882493874,81056,903,1132,16912,
265.32795680891496,81056,902,1133,16912,
265.328415560908,81056,901,1134,16912,
265.33327304438865,81056,900,1135,16912,
265.3359793173403,81056,899,1136,16912,
265.3389067263124,81055,900,1136,16912,
265.33901342930557,81054,901,1136,16912,
265.3390364611654,81053,902,1136,16912,
265.33942293716746,81053,902,1135,16913,
265.3399440232401,81053,901,1136,16913,
265.3439096971779,81052,902,1136,16913,
265.3480700369316,81051,903,1136,16913,
265.34848689901554,81050,904,1136,16913,
265.35476063673036,81050,904,1135,16914,
265.3551433381278,81049,905,1135,16914,
265.35763781265405,81049,904,1136,16914,
265.35781611598816,81049,903,1137,16914,
265.35792972139967,81048,904,1137,16914,
265.35801235321185,81048,904,1136,16915,
265.36187914192544,81047,905,1136,16915,
265.3621294656725,81046,906,1136,16915,
265.3653562956222,81046,905,1137,16915,
265.3654233706933,81046,905,1136,16916,
265.3655726529274,81046,904,1137,16916,
265.36645057215344,81046,903,1138,16916,
265.3681000766514,81046,903,1137,16917,
265.37149479299023,81045,904,1137,16917,
265.3726650452985,81045,904,1136,16918,
265.37888443334754,81044,905,1136,16918,
265.3802033882404,81043,906,1136,16918,
265.3834030381788,81043,905,1137,16918,
265.3858981767624,81043,904,1138,16918,
265.3865057147237,81042,905,1138,16918,
265.38995048652197,81042,904,1139,16918,
265.3908449885077,81041,905,1139,16918,
265.39089305211235,81040,906,1139,16918,
265.3923856882925,81039,907,1139,16918,
265.39274461332855,81039,906,1140,16918,
265.3953256752606,81038,907,1140,16918,
265.40149584980526,81038,907,1139,16919,
265.40397312384505,81038,906,1140,16919,
265.40471531326085,81037,907,1140,16919,
265.40476306675123,81037,907,1139,16920,
265.4063695801138,81036,908,1139,16920,
265.4078683022008,81036,907,1140,16920,
265.4090409809338,81036,907,1139,16921,
265.40912049493704,81035,908,1139,16921,
265.41080699466085,81035,907,1140,16921,
265.4112388155417,81035,907,1139,16922,
265.4127798521355,81035,907,1138,16923,
265.4128495916229,81035,906,1139,16923,
265.41373255881217,81035,905,1140,16923,
265.41392563766675,81034,906,1140,16923,
265.41539199950716,81034,906,1139,16924,
265.4166079824184,81034,906,1138,16925,
265.4176365589272,81034,906,1137,16926,
265.4202335956323,81033,907,1137,16926,
265.42042125798963,81032,908,1137,16926,
265.42077176784943,81032,908,1136,16927,
265.42218453266673,81031,909,1136,16927,
265.426010343303,81031,909,1135,16928,
265.42651696743735,81031,909,1134,16929,
265.4289405289841,81030,910,1134,16929,
265.4318187748297,81030,909,1135,16929,
265.4327047063029,81029,910,1135,16929,
265.4329095756249,81029,910,1134,16930,
265.4374129177144,81029,910,1133,16931,
265.43787725128595,81028,911,1133,16931,
265.43923606358965,81027,912,1133,16931,
265.4439950714807,81027,911,1134,16931,
265.4455783279257,81027,911,1133,16932,
265.44841175374523,81027,910,1134,16932,
265.44941135486204,81027,909,1135,16932,
265.4494615395564,81027,909,1134,16933,
265.451583093518,81026,910,1134,16933,
265.45522433429943,81026,910,1133,16934,
265.4557799054526,81026,910,1132,16935,
265.45592877644117,81025,911,1132,16935,
265.4570521033109,81025,910,1133,16935,
265.4571075690881,81024,911,1133,16935,
265.4579581126906,81024,910,1134,16935,
265.45846311427954,81024,909,1135,16935,
265.4587899163251,81024,908,1136,16935,
265.46623972644966,81024,907,1137,16935,
265.4674772336934,81024,907,1136,16936,
265.46896495014647,81024,906,1137,16936,
265.46919402793304,81023,907,1137,16936,
265.47439777718324,81022,908,1137,16936,
265.4746896090056,81022,907,1138,16936,
265.4762622473018,81022,906,1139,16936,
265.47777768687644,81021,907,1139,16936,
265.47980571257716,81020,908,1139,16936,
265.48091725735003,81019,909,1139,16936,
265.4816733124111,81018,910,1139,16936,
265.483874866393,81018,909,1140,16936,
265.4840242468144,81018,908,1141,16936,
265.484131005304,81018,908,1140,16937,
265.4895574044522,81017,909,1140,16937,
265.49031104730483,81016,910,1140,16937,
265.49092417618004,81016,909,1141,16937,
265.4931956662784,81015,910,1141,16937,
265.49369035194337,81015,909,1142,16937,
265.49567425752645,81015,908,1143,16937,
265.4969638558554,81015,908,1142,16938,
265.4975857595745,81015,907,1143,16938,
265.5001522439228,81015,906,1144,16938,
265.5024688654077,81015,905,1145,16938,
265.5041904415394,81015,905,1144,16939,
265.50892735303574,81015,905,1143,16940,
265.5104786974498,81014,906,1143,16940,
265.5108119399673,81014,905,1144,16940,
265.5146781039158,81014,905,1143,16941,
265.5182447625159,81013,906,1143,16941,
265.519127518419,81013,905,1144,16941,
265.51944981999867,81012,906,1144,16941,
265.5237717327298,81011,907,1144,16941,
265.52695688278266,81011,907,1143,16942,
265.528446436461,81011,907,1142,16943,
265.53518053804316,81011,906,1143,16943,
265.5366640628895,81010,907,1143,16943,
265.5373984814706,81010,906,1144,16943,
265.53852343661936,81009,907,1144,16943,
265.53941665219565,81008,908,1144,16943,
265.5400743906955,81007,909,1144,16943,
265.54088669006325,81007,908,1145,16943,
265.5447981622429,81007,908,1144,16944,
265.54611559004826,81007,907,1145,16944,
265.54871672754064,81007,906,1146,16944,
265.5499195013057,81007,906,1145,16945,
265.553589845975,81006,907,1145,16945,
265.55502246537185,81006,906,1146,16945,
265.5565296933479,81006,905,1147,16945,
265.5620167059112,81006,904,1148,16945,
265.5623416200262,81006,903,1149,16945,
265.56472447519354,81006,903,1148,16946,
265.5661870485512,81005,904,1148,16946,
265.5662240291621,81005,903,1149,16946,
265.5691643668804,81005,903,1148,16947,
265.5692427433495,81005,903,1147,16948,
265.57080067192123,81005,902,1148,16948,
265.5766753766433,81005,901,1149,16948,
265.5792097226439,81005,901,1148,16949,
265.5804528244318,81005,901,1147,16950,
265.5804570839907,81005,901,1146,16951,
265.58098532798556,81005,900,1147,16951,
265.58417676007167,81005,899,1148,16951,
265.5871387742119,81005,899,1147,16952,
265.5882096510578,81005,898,1148,16952,
265.59441596585526,81004,899,1148,16952,
265.5950100851077,81004,899,1147,16953,
265.59743023856885,81003,900,1147,16953,
265.59901529025257,81003,899,1148,16953,
265.60362994803086,81003,899,1147,16954,
265.60627109415157,81002,900,1147,16954,
265.6107108729534,81002,899,1148,16954,
265.61316063894736,81001,900,1148,16954,
265.6159271085163,81001,899,1149,16954,
265.6163747492249,81000,900,1149,16954,
265.6183278995109,80999,901,1149,16954,
265.61906009666194,80998,902,1149,16954,
265.621328197474,80998,901,1150,16954,
265.6312969757365,80997,902,1150,16954,
265.6335648333189,80997,901,1151,16954,
265.6350349610242,80997,901,1150,16955,
265.63743971216684,80997,901,1149,16956,
265.6380373840567,80997,901,1148,16957,
265.63961240187075,80997,901,1147,16958,
265.64342024341477,80997,901,1146,16959,
265.6460432586282,80996,902,1146,16959,
265.646375852351,80996,901,1147,16959,
265.6482026169606,80995,902,1147,16959,
265.64967601968596,80995,901,1148,16959,
265.64972379142137,80995,901,1147,16960,
265.6534805166254,80994,902,1147,16960,
265.65378045491946,80994,901,1148,16960,
265.66023991378916,80994,901,1147,16961,
265.6604784009232,80994,901,1146,16962,
265.66062988194744,80994,900,1147,16962,
265.66073737506576,80993,901,1147,16962,
265.6619329051952,80993,900,1148,16962,
265.66228407564716,80993,899,1149,16962,
265.6634595432234,80993,898,1150,16962,
265.66536093562763,80993,897,1151,16962,
265.66584382104224,80993,896,1152,16962,
265.66805241726473,80993,896,1151,16963,
265.6721183112362,80993,895,1152,16963,
265.67239792792714,80993,895,1151,16964,
265.6728049559783,80993,895,1150,16965,
265.67352025707606,80992,896,1150,16965,
265.67894171645594,80992,896,1149,16966,
265.6790024569059,80991,897,1149,16966,
265.6809987123424,80990,898,1149,16966,
265.68111094892276,80989,899,1149,16966,
265.68287491984137,80988,900,1149,16966,
265.6861614869776,80988,900,1148,16967,
265.689269425547,80988,900,1147,16968,
265.6902421354326,80988,900,1146,16969,
265.6933964579463,80988,900,1145,16970,
265.694944951676,80987,901,1145,16970,
265.6956986657516,80987,900,1146,16970,
265.6980516594931,80987,899,1147,16970,
265.6991592017364,80986,900,1147,16970,
265.703994002278,80986,900,1146,16971,
265.70572962851685,80986,900,1145,16972,
265.7060768719276,80985,901,1145,16972,
265.7065945938882,80985,900,1146,16972,
265.7075127051145,80984,901,1146,16972,
265.70957834754336,80983,902,1146,16972,
265.7121277058909,80983,902,1145,16973,
265.7135643496915,80983,901,1146,16973,
265.71551127895265,80983,901,1145,16974,
265.7172613364342,80983,900,1146,16974,
265.7177946985421,80983,900,1145,16975,
265.71970309736133,80982,901,1145,16975,
265.7233165068541,80982,900,1146,16975,
265.72529540623225,80982,900,1145,16976,
265.7289035614738,80981,901,1145,16976,
265.72994508841776,80980,902,1145,16976,
265.73663163029056,80979,903,1145,16976,
265.73665542616055,80979,902,1146,16976,
265.7394816617632,80979,902,1145,16977,
265.7506852765871,80978,903,1145,16977,
265.7517174102843,80978,902,1146,16977,
265.7520697439052,80977,903,1146,16977,
265.75395831042107,80977,902,1147,16977,
265.7551303766859,80977,901,1148,16977,
265.7566446023107,80976,902,1148,16977,
265.76034928352715,80976,901,1149,16977,
265.76131951769975,80975,902,1149,16977,
265.7625241040912,80974,903,1149,16977,
265.7646224034559,80974,903,1148,16978,
265.7653554312222,80974,903,1147,16979,
265.7662797704272,80974,902,1148,16979,
265.76974155434596,80973,903,1148,16979,
265.77009454161157,80973,902,1149,16979,
265.7738527267715,80973,901,1150,16979,
265.77652268647296,80973,900,1151,16979,
265.77756762092145,80973,899,1152,16979,
265.77805506448345,80972,900,1152,16979,
265.77832785739605,80972,899,1153,16979,
265.77979993843155,80972,898,1154,16979,
265.78041108968733,80972,898,1153,16980,
265.7862187779813,80971,899,1153,16980,
265.7865168622116,80971,898,1154,16980,
265.78794719787624,80971,898,1153,16981,
265.7883610023074,80971,898,1152,16982,
265.7898327384705,80971,897,1153,16982,
265.79160069419925,80971,896,1154,16982,
265.7959918288271,80970,897,1154,16982,
265.79643576168814,80969,898,1154,16982,
265.8041489422284,80969,897,1155,16982,
265.80487000396323,80969,896,1156,16982,
265.80632648616523,80969,895,1157,16982,
265.80633647694975,80968,896,1157,16982,
265.81145600876516,80968,896,1156,16983,
265.81428440364846,80968,896,1155,16984,
265.81526081678174,80967,897,1155,16984,
265.81757274636664,80967,896,1156,16984,
265.81803410617357,80967,896,1155,16985,
265.81981644319956,80966,897,1155,16985,
265.82278019997466,80966,896,1156,16985,
265.82306495026484,80965,897,1156,16985,
265.82666976800823,80965,896,1157,16985,
265.8313114822459,80965,896,1156,16986,
265.83303207254346,80965,895,1157,16986,
265.83705946681505,80964,896,1157,16986,
265.83895774789744,80963,897,1157,16986,
265.8411659084075,80963,897,1156,16987,
265.84249443922465,80962,898,1156,16987,
265.8437521093061,80962,898,1155,16988,
265.84631619255435,80962,898,1154,16989,
265.847277346097,80961,899,1154,16989,
265.84954276990123,80961,899,1153,16990,
265.8515522430294,80960,900,1153,16990,
265.8524102921398,80960,899,1154,16990,
265.8564398239399,80960,898,1155,16990,
265.8569842312267,80959,899,1155,16990,
265.85824353484355,80959,898,1156,16990,
265.85840002309783,80958,899,1156,16990,
265.8639732650912,80957,900,1156,16990,
265.8763990550252,80957,900,1155,16991,
265.8772687537225,80956,901,1155,16991,
265.8781580211487,80955,902,1155,16991,
265.8789543420619,80954,903,1155,16991,
265.88589621719007,80953,904,1155,16991,
265.8888834380085,80952,905,1155,16991,
265.8912071239195,80951,906,1155,16991,
265.8925359177486,80950,907,1155,16991,
265.893226347136,80950,906,1156,16991,
265.89632315969385,80949,907,1156,16991,
265.89685125458345,80949,907,1155,16992,
265.90405138881914,80948,908,1155,16992,
265.9071041376644,80948,907,1156,16992,
265.911050056042,80948,907,1155,16993,
265.91259578066695,80947,908,1155,16993,
265.91520660674735,80947,907,1156,16993,
265.9188238423316,80947,907,1155,16994,
265.9197329783217,80946,908,1155,16994,
265.9274324197466,80945,909,1155,16994,
265.92996126404404,80945,908,1156,16994,
265.9323941397618,80944,909,1156,16994,
265.93305857170924,80944,909,1155,16995,
265.93659853389045,80944,908,1156,16995,
265.93715789373783,80944,908,1155,16996,
265.9375623297259,80944,908,1154,16997,
265.9385076023264,80943,909,1154,16997,
265.93914601326884,80943,909,1153,16998,
265.9400473012753,80942,910,1153,16998,
265.94898820046154,80942,910,1152,16999,
265.9505012860322,80942,909,1153,16999,
265.9541823725784,80942,908,1154,16999,
265.956896038532,80942,907,1155,16999,
265.95757867533894,80942,906,1156,16999,
265.9603903894164,80941,907,1156,16999,
265.9618742039636,80941,906,1157,16999,
265.96504783426093,80941,905,1158,16999,
265.96638709142616,80941,905,1157,17000,
265.9674433716901,80941,904,1158,17000,
265.97425934510915,80941,904,1157,17001,
265.9750464958806,80941,904,1156,17002,
265.9826749934239,80941,903,1157,17002,
265.98307753121014,80941,903,1156,17003,
265.9859265700057,80941,903,1155,17004,
265.98596539042853,80941,902,1156,17004,
265.98638690467976,80940,903,1156,17004,
265.98895763544067,80940,902,1157,17004,
265.9914107304667,80940,901,1158,17004,
265.99230690810464,80940,900,1159,17004,
265.99244536156925,80939,901,1159,17004,
265.9924788846895,80938,902,1159,17004,
265.99346630282764,80937,903,1159,17004,
266.00013773367783,80936,904,1159,17004,
266.00026661610696,80935,905,1159,17004,
266.000678490821,80935,905,1158,17005,
266.0018432977151,80934,906,1158,17005,
266.00341532071866,80933,907,1158,17005,
266.0035005683308,80933,906,1159,17005,
266.0067850244593,80932,907,1159,17005,
266.0085737579638,80931,908,1159,17005,
266.0120547960288,80931,908,1158,17006,
266.0169649145187,80931,907,1159,17006,
266.01708937164653,80931,907,1158,17007,
266.0184931840495,80931,906,1159,17007,
266.0225564731957,80931,906,1158,17008,
266.0228079619129,80931,906,1157,17009,
266.02488237135265,80930,907,1157,17009,
266.0262079973519,80930,907,1156,17010,
266.02670979913665,80929,908,1156,17010,
266.02674722966276,80929,908,1155,17011,
266.0270051490374,80929,907,1156,17011,
266.03425702709114,80928,908,1156,17011,
266.0364027681622,80927,909,1156,17011,
266.0375090838122,80927,909,1155,17012,
266.03822796126536,80926,910,1155,17012,
266.0409369649668,80926,909,1156,17012,
266.04210042022515,80926,908,1157,17012,
266.04306687208435,80925,909,1157,17012,
266.045941047319,80925,909,1156,17013,
266.0498559833527,80925,908,1157,17013,
266.0526860788673,80925,907,1158,17013,
266.05358674893137,80925,906,1159,17013,
266.05703813407433,80925,905,1160,17013,
266.0585995271095,80924,906,1160,17013,
266.06201898618235,80923,907,1160,17013,
266.0638144997933,80923,907,1159,17014,
266.06810378644803,80922,908,1159,17014,
266.0709575111451,80922,908,1158,17015,
266.0744732069809,80922,907,1159,17015,
266.07613430726076,80921,908,1159,17015,
266.07770239621607,80921,907,1160,17015,
266.079245616375,80920,908,1160,17015,
266.07997743689725,80920,907,1161,17015,
266.0816574610869,80920,906,1162,17015,
266.08183879825157,80919,907,1162,17015,
266.08219667875335,80919,906,1163,17015,
266.0842109359298,80919,906,1162,17016,
266.08666370790297,80918,907,1162,17016,
266.0878071934081,80917,908,1162,17016,
266.08831043138036,80917,908,1161,17017,
266.08831895894014,80916,909,1161,17017,
266.08979852335335,80916,909,1160,17018,
266.09093929654387,80915,910,1160,17018,
266.0925659155499,80914,911,1160,17018,
266.09530377666266,80914,911,1159,17019,
266.09592549773794,80913,912,1159,17019,
266.09646873538543,80913,912,1158,17020,
266.09817326756814,80912,913,1158,17020,
266.0985861819341,80911,914,1158,17020,
266.09861651549267,80911,913,1159,17020,
266.10168798240613,80911,913,1158,17021,
266.10213313470587,80911,912,1159,17021,
266.1024390334374,80910,913,1159,17021,
266.1026511263095,80909,914,1159,17021,
266.103545124377,80909,914,1158,17022,
266.10456953836865,80909,913,1159,17022,
266.10725004490524,80909,913,1158,17023,
266.1078953720607,80909,912,1159,17023,
266.10877248884935,80909,912,1158,17024,
266.1115287485226,80908,913,1158,17024,
266.11445358944843,80907,914,1158,17024,
266.1195084876769,80907,914,1157,17025,
266.1200227280774,80907,913,1158,17025,
266.1201309288399,80906,914,1158,17025,
266.12065413297563,80905,915,1158,17025,
266.1245562863513,80905,915,1157,17026,
266.12456039462205,80905,914,1158,17026,
266.12761865649577,80904,915,1158,17026,
266.12864694630923,80904,914,1159,17026,
266.1307291348411,80904,914,1158,17027,
266.1317822472054,80904,914,1157,17028,
266.1325518800096,80904,913,1158,17028,
266.1326160581618,80904,912,1159,17028,
266.1384704059192,80904,911,1160,17028,
266.13875799532275,80903,912,1160,17028,
266.1422250499663,80902,913,1160,17028,
266.14253008197886,80901,914,1160,17028,
266.15403739207545,80901,914,1159,17029,
266.1581773633164,80901,913,1160,17029,
266.16348293352786,80901,912,1161,17029,
266.1641930958975,80901,911,1162,17029,
266.1689615496346,80900,912,1162,17029,
266.1720094665022,80900,912,1161,17030,
266.17242943022006,80900,911,1162,17030,
266.17291443503746,80900,910,1163,17030,
266.1730447952112,80899,911,1163,17030,
266.17326133423,80899,911,1162,17031,
266.17362771903873,80899,911,1161,17032,
266.17580932302343,80899,911,1160,17033,
266.17630753798835,80899,910,1161,17033,
266.1779815988214,80899,909,1162,17033,
266.18030331636595,80899,908,1163,17033,
266.18344787468254,80899,908,1162,17034,
266.1835002929279,80899,907,1163,17034,
266.1880580464178,80899,907,1162,17035,
266.18880298267663,80899,907,1161,17036,
266.19344450723514,80899,907,1160,17037,
266.19395901982057,80899,906,1161,17037,
266.1962170996623,80899,906,1160,17038,
266.19691089908747,80899,905,1161,17038,
266.2007283154824,80899,904,1162,17038,
266.2009041393783,80899,903,1163,17038,
266.204842860124,80899,903,1162,17039,
266.20498765710465,80899,902,1163,17039,
266.20828641492017,80899,902,1162,17040,
266.2122413997673,80898,903,1162,17040,
266.2154683737408,80898,902,1163,17040,
266.2182343609316,80898,901,1164,17040,
266.2197073458809,80897,902,1164,17040,
266.2236357111992,80896,903,1164,17040,
266.22574038143415,80895,904,1164,17040,
266.225751552994,80895,904,1163,17041,
266.2275919295303,80895,904,1162,17042,
266.22835724300995,80895,904,1161,17043,
266.22909590187965,80895,904,1160,17044,
266.23506613049346,80895,903,1161,17044,
266.2369982115572,80894,904,1161,17044,
266.2389816699295,80894,903,1162,17044,
266.24457551241454,80893,904,1162,17044,
266.2454198880572,80893,903,1163,17044,
266.2457258535361,80893,903,1162,17045,
266.2475487773902,80893,903,1161,17046,
266.25071126584794,80892,904,1161,17046,
266.25088567713277,80892,903,1162,17046,
266.2513036297722,80892,902,1163,17046,
266.25267572040474,80891,903,1163,17046,
266.2527463645662,80891,902,1164,17046,
266.2547342853425,80891,902,1163,17047,
266.25705219117145,80890,903,1163,17047,
266.2644796646357,80889,904,1163,17047,
266.27020293156414,80888,905,1163,17047,
266.27148241688,80887,906,1163,17047,
266.2727225456389,80887,905,1164,17047,
266.275358071601,80887,905,1163,17048,
266.2780978122768,80887,904,1164,17048,
266.2796113664477,80887,904,1163,17049,
266.2823534179789,80887,903,1164,17049,
266.2855856139856,80887,902,1165,17049,
266.28645820044375,80887,902,1164,17050,
266.2880610785144,80887,902,1163,17051,
266.29129593261285,80887,902,1162,17052,
266.29223968133056,80886,903,1162,17052,
266.29359616866986,80885,904,1162,17052,
266.29415254094613,80885,904,1161,17053,
266.29445324268215,80884,905,1161,17053,
266.29606791715094,80884,905,1160,17054,
266.29658113702595,80884,905,1159,17055,
266.29768133014477,80884,904,1160,17055,
266.2996153313934,80884,904,1159,17056,
266.3034162343438,80884,903,1160,17056,
266.3095983280517,80884,903,1159,17057,
266.31029208230603,80883,904,1159,17057,
266.3111475477084,80883,903,1160,17057,
266.3117802155995,80883,902,1161,17057,
266.3135264978728,80883,902,1160,17058,
266.31479606670126,80883,902,1159,17059,
266.31605353783283,80883,902,1158,17060,
266.3166831144928,80882,903,1158,17060,
266.31740622250106,80882,903,1157,17061,
266.31803949030336,80882,903,1156,17062,
266.31850782949766,80881,904,1156,17062,
266.31892720648784,80881,903,1157,17062,
266.32200684382985,80881,903,1156,17063,
266.3257373708625,80880,904,1156,17063,
266.3257511178458,80879,905,1156,17063,
266.3313526319099,80878,906,1156,17063,
266.3317449726075,80877,907,1156,17063,
266.33800985814855,80876,908,1156,17063,
266.3400399156234,80876,907,1157,17063,
266.34289971811273,80876,906,1158,17063,
266.3485644991845,80876,905,1159,17063,
266.3552818047352,80876,904,1160,17063,
266.3569037113957,80876,903,1161,17063,
266.359808808735,80875,904,1161,17063,
266.36120548015117,80875,903,1162,17063,
266.36317115503664,80875,902,1163,17063,
266.36379660508254,80875,902,1162,17064,
266.3654705241284,80875,901,1163,17064,
266.36718579866545,80875,901,1162,17065,
266.3699632230586,80875,900,1163,17065,
266.37094216564356,80874,901,1163,17065,
266.3711707047479,80874,901,1162,17066,
266.3711819825677,80873,902,1162,17066,
266.3742495688473,80872,903,1162,17066,
266.3774793644026,80872,902,1163,17066,
266.3781634807423,80871,903,1163,17066,
266.3798439176389,80871,902,1164,17066,
266.38115758302695,80870,903,1164,17066,
266.3820719547075,80869,904,1164,17066,
266.382713683877,80869,904,1163,17067,
266.38420634302753,80869,903,1164,17067,
266.38432655620926,80869,903,1163,17068,
266.39171522837137,80868,904,1163,17068,
266.39333050675776,80868,904,1162,17069,
266.3956523875252,80868,903,1163,17069,
266.39707655051524,80867,904,1163,17069,
266.3978263309052,80867,904,1162,17070,
266.3989411250009,80867,903,1163,17070,
266.4003459756004,80867,902,1164,17070,
266.40213227835073,80866,903,1164,17070,
266.40219892611697,80866,902,1165,17070,
266.40521750639203,80865,903,1165,17070,
266.4054237619673,80864,904,1165,17070,
266.405546028273,80863,905,1165,17070,
266.40741847844043,80862,906,1165,17070,
266.4079522277997,80862,905,1166,17070,
266.4097609453069,80862,904,1167,17070,
266.4106372943486,80862,903,1168,17070,
266.4108241068503,80861,904,1168,17070,
266.4112811603033,80861,904,1167,17071,
266.41326095435517,80860,905,1167,17071,
266.415760126395,80860,905,1166,17072,
266.4167308382004,80859,906,1166,17072,
266.4183533135659,80859,905,1167,17072,
266.41861204344036,80858,906,1167,17072,
266.4188013249504,80858,905,1168,17072,
266.4203948556512,80858,905,1167,17073,
266.4236925597141,80857,906,1167,17073,
266.4246420994352,80857,906,1166,17074,
266.4268671684629,80856,907,1166,17074,
266.42854566730875,80855,908,1166,17074,
266.43041491171033,80854,909,1166,17074,
266.4306977843823,80853,910,1166,17074,
266.43292428153165,80853,910,1165,17075,
266.43789727949513,80852,911,1165,17075,
266.439265167977,80851,912,1165,17075,
266.44133310171304,80850,913,1165,17075,
266.45062274741997,80849,914,1165,17075,
266.45344428781084,80849,914,1164,17076,
266.4540690396716,80849,913,1165,17076,
266.4574913736235,80849,912,1166,17076,
266.4581961031225,80848,913,1166,17076,
266.4599582415048,80848,912,1167,17076,
266.4602241092504,80848,911,1168,17076,
266.4610251339997,80848,911,1167,17077,
266.46273483381214,80848,910,1168,17077,
266.4629422549248,80848,910,1167,17078,
266.46495445196183,80848,910,1166,17079,
266.46566591563186,80847,911,1166,17079,
266.46820605243903,80846,912,1166,17079,
266.46988115388024,80845,913,1166,17079,
266.47231636935174,80844,914,1166,17079,
266.47287617347297,80843,915,1166,17079,
266.476444567592,80843,915,1165,17080,
266.47977887477845,80843,915,1164,17081,
266.48094055860764,80843,915,1163,17082,
266.48214747519745,80843,915,1162,17083,
266.4824965184362,80842,916,1162,17083,
266.4830388345428,80842,915,1163,17083,
266.48467492304354,80842,915,1162,17084,
266.48619070939395,80842,914,1163,17084,
266.49022280332866,80842,914,1162,17085,
266.49027557958965,80841,915,1162,17085,
266.49518780438035,80841,915,1161,17086,
266.4959253052651,80840,916,1161,17086,
266.50205596418544,80840,915,1162,17086,
266.5027006898276,80839,916,1162,17086,
266.50809169457006,80839,916,1161,17087,
266.5104812520534,80839,916,1160,17088,
266.51247526209454,80838,917,1160,17088,
266.5164822710986,80838,917,1159,17089,
266.51698692842007,80837,918,1159,17089,
266.51862267840465,80837,917,1160,17089,
266.51875880489024,80837,917,1159,17090,
266.5201627716257,80837,916,1160,17090,
266.5216436293752,80837,916,1159,17091,
266.52176391884683,80837,915,1160,17091,
266.52362147213285,80836,916,1160,17091,
266.52632224251045,80836,915,1161,17091,
266.53047878342176,80835,916,1161,17091,
266.5315548457029,80835,915,1162,17091,
266.53220107075515,80834,916,1162,17091,
266.5335486323433,80834,916,1161,17092,
266.5377081854186,80834,915,1162,17092,
266.53966445816684,80834,915,1161,17093,
266.5411288461936,80833,916,1161,17093,
266.54186398473144,80833,915,1162,17093,
266.54231722783,80833,914,1163,17093,
266.54331199132275,80833,913,1164,17093,
266.5455816194901,80833,912,1165,17093,
266.5464213160483,80833,912,1164,17094,
266.54649473142246,80833,911,1165,17094,
266.5488226089138,80832,912,1165,17094,
266.5505281377477,80831,913,1165,17094,
266.5513328914135,80830,914,1165,17094,
266.55653968203603,80830,914,1164,17095,
266.5572922654593,80830,913,1165,17095,
266.56258889536497,80830,912,1166,17095,
266.5666228870157,80830,911,1167,17095,
266.5680690772925,80830,910,1168,17095,
266.5684658639208,80830,910,1167,17096,
266.56874388265766,80829,911,1167,17096,
266.5701998218952,80829,910,1168,17096,
266.5711610209813,80828,911,1168,17096,
266.57727660695423,80828,910,1169,17096,
266.5779589845548,80827,911,1169,17096,
266.57953677114983,80827,910,1170,17096,
266.58301785265434,80827,910,1169,17097,
266.58302164772374,80826,911,1169,17097,
266.58641979128845,80826,910,1170,17097,
266.5953879232663,80826,909,1171,17097,
266.5996780086672,80826,909,1170,17098,
266.5998466010453,80826,909,1169,17099,
266.6005942856426,80826,908,1170,17099,
266.60365541558497,80826,907,1171,17099,
266.6100034840839,80826,907,1170,17100,
266.6104345523101,80826,907,1169,17101,
266.6211368492719,80826,906,1170,17101,
266.62614816765614,80825,907,1170,17101,
266.6271586722685,80825,906,1171,17101,
266.62782910531587,80825,906,1170,17102,
266.62830073481956,80825,905,1171,17102,
266.637566794398,80825,904,1172,17102,
266.63913834652186,80824,905,1172,17102,
266.6416620211933,80824,905,1171,17103,
266.64984570838317,80824,905,1170,17104,
266.6520117918171,80824,905,1169,17105,
266.6567976823009,80824,905,1168,17106,
266.66187695532653,80824,904,1169,17106,
266.66320697773716,80824,904,1168,17107,
266.6638251823538,80824,904,1167,17108,
266.6639034330392,80824,903,1168,17108,
266.66440942669163,80823,904,1168,17108,
266.669248889954,80823,904,1167,17109,
266.66977717945355,80823,903,1168,17109,
266.6734006088521,80823,902,1169,17109,
266.6736624608062,80823,901,1170,17109,
266.67670820007123,80822,902,1170,17109,
266.67880618091726,80822,901,1171,17109,
266.68061868514116,80822,901,1170,17110,
266.68104570256276,80822,901,1169,17111,
266.6815980637094,80821,902,1169,17111,
266.6828702612907,80820,903,1169,17111,
266.6832707684677,80820,903,1168,17112,
266.6870241001793,80820,903,1167,17113,
266.68759641665224,80819,904,1167,17113,
266.68911928610953,80819,903,1168,17113,
266.69029156705767,80818,904,1168,17113,
266.6959547226643,80818,903,1169,17113,
266.69751295877353,80817,904,1169,17113,
266.69859920964444,80816,905,1169,17113,
266.69947600741426,80815,906,1169,17113,
266.7005285468526,80815,906,1168,17114,
266.7022510266276,80815,906,1167,17115,
266.70498364311015,80815,906,1166,17116,
266.70674227868096,80815,905,1167,17116,
266.70896920300163,80814,906,1167,17116,
266.7114386011475,80813,907,1167,17116,
266.7119044087518,80812,908,1167,17116,
266.7124222450637,80812,908,1166,17117,
266.713092175748,80812,908,1165,17118,
266.7137126824108,80812,908,1164,17119,
266.7164393071072,80811,909,1164,17119,
266.7170541996164,80811,908,1165,17119,
266.72006017520556,80810,909,1165,17119,
266.7229786967547,80810,909,1164,17120,
266.72781005800533,80810,909,1163,17121,
266.7281023153448,80810,908,1164,17121,
266.7391773953043,80810,908,1163,17122,
266.7431087956321,80809,909,1163,17122,
266.74334466248223,80808,910,1163,17122,
266.7439224818779,80807,911,1163,17122,
266.74407808040087,80806,912,1163,17122,
266.74441360077043,80805,913,1163,17122,
266.7450241167114,80805,912,1164,17122,
266.74660512815836,80805,911,1165,17122,
266.746970231002,80805,910,1166,17122,
266.75124078757,80804,911,1166,17122,
266.75494135704133,80804,911,1165,17123,
266.7617986156138,80804,910,1166,17123,
266.7636323333559,80804,910,1165,17124,
266.7663273387378,80803,911,1165,17124,
266.7676090286618,80803,911,1164,17125,
266.7684060427753,80803,910,1165,17125,
266.7701286877251,80803,910,1164,17126,
266.77541373312516,80802,911,1164,17126,
266.7775309467454,80802,911,1163,17127,
266.7777134393987,80802,910,1164,17127,
266.7790368193306,80802,909,1165,17127,
266.7792923806476,80802,909,1164,17128,
266.78056518765004,80802,908,1165,17128,
266.78426229507943,80801,909,1165,17128,
266.78461112670726,80801,909,1164,17129,
266.79090036963373,80801,908,1165,17129,
266.7944709503264,80801,908,1164,17130,
266.7952646542023,80801,908,1163,17131,
266.7957288416886,80801,908,1162,17132,
266.79750942182255,80801,907,1163,17132,
266.7986048307594,80801,906,1164,17132,
266.80012448589684,80801,906,1163,17133,
266.8090547093667,80801,905,1164,17133,
266.81225131954966,80801,904,1165,17133,
266.8145192561574,80800,905,1165,17133,
266.8170625626133,80799,906,1165,17133,
266.81842044083106,80799,905,1166,17133,
266.8218458268745,80798,906,1166,17133,
266.82483875715275,80798,906,1165,17134,
266.8300719204419,80797,907,1165,17134,
266.8315858552008,80797,906,1166,17134,
266.8320082186467,80797,906,1165,17135,
266.83317837314047,80797,905,1166,17135,
266.8336427110783,80796,906,1166,17135,
266.83522757791826,80796,905,1167,17135,
266.83769250261065,80795,906,1167,17135,
266.8410092642308,80795,906,1166,17136,
266.8504982294925,80794,907,1166,17136,
266.85411421706465,80794,907,1165,17137,
266.8542645876343,80794,906,1166,17137,
266.8587227759506,80794,905,1167,17137,
266.859597600567,80794,905,1166,17138,
266.86100791379874,80794,905,1165,17139,
266.8630687471669,80794,904,1166,17139,
266.8632425031816,80794,904,1165,17140,
266.86444632447035,80794,904,1164,17141,
266.8654383838494,80794,904,1163,17142,
266.8667892300074,80793,905,1163,17142,
266.87222966433023,80793,905,1162,17143,
266.8733847066359,80793,905,1161,17144,
266.87664346905177,80792,906,1161,17144,
266.8813033147923,80791,907,1161,17144,
266.8850713894779,80791,906,1162,17144,
266.88840822194976,80791,906,1161,17145,
266.8919809627592,80791,905,1162,17145,
266.89242217843986,80791,904,1163,17145,
266.89357717803244,80790,905,1163,17145,
266.8948431205297,80790,904,1164,17145,
266.8950994716347,80790,904,1163,17146,
266.89574387300064,80790,903,1164,17146,
266.8983677739896,80790,902,1165,17146,
266.90337694544695,80790,901,1166,17146,
266.90531448435485,80790,900,1167,17146,
266.9098930848119,80789,901,1167,17146,
266.9120316550436,80789,901,1166,17147,
266.91445332019333,80788,902,1166,17147,
266.9144742772793,80788,901,1167,17147,
266.9170927922252,80788,900,1168,17147,
266.9188829692894,80788,899,1169,17147,
266.91983685282383,80787,900,1169,17147,
266.9254908171354,80786,901,1169,17147,
266.9260500502481,80785,902,1169,17147,
266.92685744391673,80785,902,1168,17148,
266.92750068682346,80785,902,1167,17149,
266.9280768835182,80784,903,1167,17149,
266.9313493341808,80784,902,1168,17149,
266.93230203361475,80783,903,1168,17149,
266.9337211493918,80783,902,1169,17149,
266.93646868022205,80783,901,1170,17149,
266.93697359978955,80782,902,1170,17149,
266.9401966780248,80782,902,1169,17150,
266.94217619979395,80782,902,1168,17151,
266.9425238536675,80782,902,1167,17152,
266.94400508651637,80782,901,1168,17152,
266.9447083050516,80781,902,1168,17152,
266.9461533001045,80781,901,1169,17152,
266.947802528209,80781,901,1168,17153,
266.94831953581956,80780,902,1168,17153,
266.94996220434945,80780,901,1169,17153,
266.95237629652894,80780,900,1170,17153,
266.95385484902215,80780,900,1169,17154,
266.9559274690203,80779,901,1169,17154,
266.95807074911556,80779,900,1170,17154,
266.9587603754627,80779,900,1169,17155,
266.9649016650162,80779,900,1168,17156,
266.96879154699695,80779,899,1169,17156,
266.9689869328329,80779,898,1170,17156,
266.9723240513967,80778,899,1170,17156,
266.9769904541329,80777,900,1170,17156,
266.97965323105353,80777,900,1169,17157,
266.9814150869645,80776,901,1169,17157,
266.9820711289491,80775,902,1169,17157,
266.9843229708997,80774,903,1169,17157,
266.98749838700695,80773,904,1169,17157,
266.9882353922747,80772,905,1169,17157,
266.99080809624894,80771,906,1169,17157,
266.9910949335487,80771,905,1170,17157,
266.99227600117587,80771,905,1169,17158,
266.99383913673756,80771,904,1170,17158,
266.99490443732077,80770,905,1170,17158,
266.9963601183372,80770,905,1169,17159,
267.0029505069794,80769,906,1169,17159,
267.0033443112955,80768,907,1169,17159,
267.0040703170639,80767,908,1169,17159,
267.0045367831012,80767,907,1170,17159,
267.0050068699799,80767,906,1171,17159,
267.0058661707408,80767,906,1170,17160,
267.01222843185576,80766,907,1170,17160,
267.0145137311686,80765,908,1170,17160,
267.0150537827734,80765,907,1171,17160,
267.0164668293529,80764,908,1171,17160,
267.0171750592145,80764,907,1172,17160,
267.01858148871423,80764,906,1173,17160,
267.01876243726576,80764,906,1172,17161,
267.0229406102393,80763,907,1172,17161,
267.0257041681493,80762,908,1172,17161,
267.02590429315677,80762,907,1173,17161,
267.0285323737883,80761,908,1173,17161,
267.0318943199453,80761,907,1174,17161,
267.03201431618504,80761,906,1175,17161,
267.0326758895827,80760,907,1175,17161,
267.0329343236955,80760,907,1174,17162,
267.03317312953646,80760,906,1175,17162,
267.03381642156546,80760,906,1174,17163,
267.0396729940435,80759,907,1174,17163,
267.04052110184455,80758,908,1174,17163,
267.04062366256716,80757,909,1174,17163,
267.0434157649978,80757,908,1175,17163,
267.046469609304,80757,907,1176,17163,
267.0484041101998,80756,908,1176,17163,
267.0495816948712,80756,908,1175,17164,
267.0500118098768,80756,908,1174,17165,
267.0515289171275,80756,908,1173,17166,
267.05247148166114,80756,907,1174,17166,
267.05266276517256,80756,907,1173,17167,
267.0527645325839,80756,907,1172,17168,
267.05317518742544,80756,906,1173,17168,
267.0556879684852,80755,907,1173,17168,
267.0565738607065,80755,906,1174,17168,
267.05690517041745,80755,906,1173,17169,
267.05866245609633,80754,907,1173,17169,
267.06378663199945,80754,906,1174,17169,
267.06586212317006,80754,905,1175,17169,
267.06904256733156,80753,906,1175,17169,
267.06999408558823,80753,905,1176,17169,
267.0708202414403,80753,904,1177,17169,
267.07290722463034,80752,905,1177,17169,
267.0744190629168,80752,904,1178,17169,
267.07545692463356,80752,904,1177,17170,
267.084809958258,80751,905,1177,17170,
267.0870344235202,80750,906,1177,17170,
267.08915215357933,80750,905,1178,17170,
267.09212295715474,80750,905,1177,17171,
267.0938937422583,80750,905,1176,17172,
267.09517509743716,80750,905,1175,17173,
267.0957746047264,80749,906,1175,17173,
267.0965608638646,80749,905,1176,17173,
267.0981586156607,80749,905,1175,17174,
267.10099449413326,80749,904,1176,17174,
267.10132489113255,80748,905,1176,17174,
267.10139440992316,80747,906,1176,17174,
267.10233286127715,80746,907,1176,17174,
267.109421425252,80745,908,1176,17174,
267.1097060582958,80745,908,1175,17175,
267.1164698823593,80745,908,1174,17176,
267.11880439133677,80744,909,1174,17176,
267.1209754379687,80744,909,1173,17177,
267.12316301058894,80744,908,1174,17177,
267.1278234868526,80744,908,1173,17178,
267.12870193485657,80744,907,1174,17178,
267.12879613713426,80744,906,1175,17178,
267.1295238032574,80744,905,1176,17178,
267.138389869071,80744,904,1177,17178,
267.13877499963866,80743,905,1177,17178,
267.13970758606234,80743,905,1176,17179,
267.14012114007306,80742,906,1176,17179,
267.1405618955923,80741,907,1176,17179,
267.1436405172219,80741,907,1175,17180,
267.14707796100566,80741,906,1176,17180,
267.1498045830279,80740,907,1176,17180,
267.1506159150977,80739,908,1176,17180,
267.15443143918225,80738,909,1176,17180,
267.1559023680279,80738,908,1177,17180,
267.15860785402344,80738,907,1178,17180,
267.1641150357914,80738,907,1177,17181,
267.16426964386613,80737,908,1177,17181,
267.16665689252835,80737,908,1176,17182,
267.1667837817042,80737,907,1177,17182,
267.168586494821,80737,907,1176,17183,
267.17286584334516,80737,906,1177,17183,
267.17372038305325,80737,906,1176,17184,
267.17531044804014,80737,905,1177,17184,
267.1812231650554,80737,904,1178,17184,
267.1862024306364,80737,903,1179,17184,
267.1894457766108,80737,903,1178,17185,
267.1926336426543,80737,903,1177,17186,
267.19706439336676,80737,902,1178,17186,
267.1977748658041,80737,902,1177,17187,
267.20100158666645,80736,903,1177,17187,
267.201006784579,80736,903,1176,17188,
267.201362863988,80735,904,1176,17188,
267.20145682892803,80734,905,1176,17188,
267.2037463731318,80734,904,1177,17188,
267.2038334809351,80734,904,1176,17189,
267.2047510060966,80734,904,1175,17190,
267.2073981119294,80734,903,1176,17190,
267.2137489564192,80734,903,1175,17191,
267.21538109174526,80734,902,1176,17191,
267.21668170936834,80733,903,1176,17191,
267.2185140680255,80733,903,1175,17192,
267.2193651921466,80733,902,1176,17192,
267.22053823224496,80732,903,1176,17192,
267.2224203393462,80732,903,1175,17193,
267.2248876342906,80732,902,1176,17193,
267.22564863883593,80732,902,1175,17194,
267.22659051062857,80731,903,1175,17194,
267.2293010477577,80730,904,1175,17194,
267.23126028302244,80730,903,1176,17194,
267.23447238857744,80729,904,1176,17194,
267.23450906052705,80729,904,1175,17195,
267.2369525872857,80729,904,1174,17196,
267.2378190251392,80729,904,1173,17197,
267.2393741151493,80728,905,1173,17197,
267.24431241269303,80728,905,1172,17198,
267.24821520865305,80727,906,1172,17198,
267.25058426801405,80727,905,1173,17198,
267.25870347067183,80727,904,1174,17198,
267.261691273276,80727,903,1175,17198,
267.2669914669204,80726,904,1175,17198,
267.26900436039506,80726,904,1174,17199,
267.26952168801745,80726,903,1175,17199,
267.2698531807413,80725,904,1175,17199,
267.2706586666762,80724,905,1175,17199,
267.271534371338,80724,904,1176,17199,
267.27333647462217,80724,904,1175,17200,
267.279181608691,80724,903,1176,17200,
267.28262758910444,80723,904,1176,17200,
267.2856381819097,80722,905,1176,17200,
267.2860267089239,80722,904,1177,17200,
267.2907293807748,80721,905,1177,17200,
267.291043029507,80721,904,1178,17200,
267.2918254399162,80721,903,1179,17200,
267.2928895110642,80721,902,1180,17200,
267.29455105029473,80721,901,1181,17200,
267.2958236509652,80720,902,1181,17200,
267.29739863367706,80720,902,1180,17201,
267.29977721351935,80720,902,1179,17202,
267.300077839137,80720,901,1180,17202,
267.3003015500815,80719,902,1180,17202,
267.3034060410522,80719,901,1181,17202,
267.30627740087004,80719,900,1182,17202,
267.30889406538216,80719,900,1181,17203,
267.31027313599463,80718,901,1181,17203,
267.31038066033057,80717,902,1181,17203,
267.3125349712485,80717,902,1180,17204,
267.31462850567,80717,901,1181,17204,
267.3174098635473,80717,900,1182,17204,
267.31762982432446,80717,900,1181,17205,
267.32185976398074,80716,901,1181,17205,
267.32392717459544,80716,900,1182,17205,
267.3292531043558,80716,899,1183,17205,
267.3301212048014,80716,899,1182,17206,
267.3312796717834,80716,899,1181,17207,
267.33165979580286,80716,899,1180,17208,
267.33290858431627,80715,900,1180,17208,
267.3342404175051,80714,901,1180,17208,
267.33523546451835,80714,900,1181,17208,
267.33525490332346,80714,900,1180,17209,
267.3383030194836,80714,900,1179,17210,
267.3387449156728,80713,901,1179,17210,
267.3413139125346,80713,901,1178,17211,
267.34218427575377,80712,902,1178,17211,
267.3443719142751,80711,903,1178,17211,
267.3499827502109,80711,903,1177,17212,
267.3548014219793,80710,904,1177,17212,
267.36123852647717,80710,903,1178,17212,
267.3627428597375,80709,904,1178,17212,
267.36287914180673,80709,904,1177,17213,
267.3666547259718,80709,903,1178,17213,
267.3690205000648,80709,903,1177,17214,
267.36967597850685,80709,902,1178,17214,
267.3719383561935,80709,902,1177,17215,
267.37392804606264,80709,901,1178,17215,
267.37726979819246,80708,902,1178,17215,
267.37805368597816,80708,901,1179,17215,
267.3786240293308,80707,902,1179,17215,
267.38258228029855,80707,902,1178,17216,
267.3861833357729,80707,901,1179,17216,
267.38671960889764,80707,901,1178,17217,
267.3873954311614,80706,902,1178,17217,
267.3883043849294,80705,903,1178,17217,
267.3892169283617,80705,903,1177,17218,
267.392134062403,80704,904,1177,17218,
267.3928455506937,80704,904,1176,17219,
267.3936079870348,80704,904,1175,17220,
267.4015186643149,80704,903,1176,17220,
267.4020360701528,80703,904,1176,17220,
267.402225108409,80702,905,1176,17220,
267.40313447352366,80702,904,1177,17220,
267.4037614465688,80702,903,1178,17220,
267.40434589286446,80702,902,1179,17220,
267.4043877269045,80702,901,1180,17220,
267.40478828484396,80701,902,1180,17220,
267.4091042789335,80700,903,1180,17220,
267.4262806465411,80700,902,1181,17220,
267.42827807388824,80700,902,1180,17221,
267.4296656371996,80700,901,1181,17221,
267.4298771946655,80700,900,1182,17221,
267.4350652598283,80699,901,1182,17221,
267.43666398176407,80699,901,1181,17222,
267.44158779684994,80699,900,1182,17222,
267.44299930391526,80699,899,1183,17222,
267.4432236261222,80698,900,1183,17222,
267.44583095615064,80698,900,1182,17223,
267.4472161074257,80698,899,1183,17223,
267.4504704146408,80698,898,1184,17223,
267.4506898291551,80698,897,1185,17223,
267.45124508203617,80697,898,1185,17223,
267.45227007143177,80696,899,1185,17223,
267.45435292213756,80696,898,1186,17223,
267.4544434344038,80695,899,1186,17223,
267.45850862212427,80694,900,1186,17223,
267.4589694657624,80693,901,1186,17223,
267.46232934685315,80693,901,1185,17224,
267.4648356410883,80693,901,1184,17225,
267.4744522155731,80692,902,1184,17225,
267.4809800402096,80691,903,1184,17225,
267.48469905514537,80691,902,1185,17225,
267.4849473155599,80690,903,1185,17225,
267.4852548077187,80690,903,1184,17226,
267.4860676689201,80690,903,1183,17227,
267.4861976081234,80690,903,1182,17228,
267.48718066076526,80690,903,1181,17229,
267.4890344488217,80690,902,1182,17229,
267.492697201507,80690,901,1183,17229,
267.49543868455345,80690,900,1184,17229,
267.49661785841494,80690,900,1183,17230,
267.4966646901295,80689,901,1183,17230,
267.49907933699495,80688,902,1183,17230,
267.5014354680214,80688,901,1184,17230,
267.50471634012933,80688,900,1185,17230,
267.5049453221168,80687,901,1185,17230,
267.50772185734155,80687,901,1184,17231,
267.5096762772018,80687,901,1183,17232,
267.50969421245685,80686,902,1183,17232,
267.51129676183973,80686,902,1182,17233,
267.51244671127256,80686,901,1183,17233,
267.51428810035884,80685,902,1183,17233,
267.5163389298672,80685,901,1184,17233,
267.5171096006472,80685,901,1183,17234,
267.5193168861717,80684,902,1183,17234,
267.51994306480594,80683,903,1183,17234,
267.5206168840825,80682,904,1183,17234,
267.525397683376,80682,904,1182,17235,
267.52551145534176,80681,905,1182,17235,
267.5271269011098,80680,906,1182,17235,
267.5320529832771,80679,907,1182,17235,
267.53440592394344,80678,908,1182,17235,
267.5349742770062,80677,909,1182,17235,
267.53728404387124,80677,909,1181,17236,
267.5375162230529,80676,910,1181,17236,
267.53767052019276,80676,910,1180,17237,
267.53824336934656,80676,909,1181,17237,
267.5396552737386,80676,909,1180,17238,
267.5417814598927,80675,910,1180,17238,
267.5429667155333,80674,911,1180,17238,
267.5430164177481,80674,911,1179,17239,
267.5450821869829,80673,912,1179,17239,
267.5527452073789,80673,912,1178,17240,
267.55465904254976,80672,913,1178,17240,
267.5576063010569,80672,913,1177,17241,
267.5581516934261,80672,912,1178,17241,
267.56022142942294,80671,913,1178,17241,
267.56204875832384,80671,913,1177,17242,
267.5620816431127,80671,913,1176,17243,
267.5622725678024,80670,914,1176,17243,
267.5661383989633,80670,914,1175,17244,
267.5667246275451,80670,914,1174,17245,
267.56774632516846,80670,914,1173,17246,
267.5709179265268,80670,913,1174,17246,
267.57508889142076,80669,914,1174,17246,
267.576231626284,80669,914,1173,17247,
267.5762696504556,80669,914,1172,17248,
267.57816239862876,80669,914,1171,17249,
267.5797891434232,80668,915,1171,17249,
267.58064869258453,80668,914,1172,17249,
267.5837418576837,80668,913,1173,17249,
267.5909297077228,80668,913,1172,17250,
267.59403611207773,80667,914,1172,17250,
267.59433649059855,80667,913,1173,17250,
267.59525118659826,80667,912,1174,17250,
267.59691652562026,80667,912,1173,17251,
267.6020858975623,80666,913,1173,17251,
267.6027322603486,80666,912,1174,17251,
267.60442216373934,80665,913,1174,17251,
267.60477113756997,80665,912,1175,17251,
267.6132373912954,80665,912,1174,17252,
267.61399241045365,80665,911,1175,17252,
267.6153670697891,80664,912,1175,17252,
267.6164933463431,80664,912,1174,17253,
267.6175265267387,80663,913,1174,17253,
267.6205266734873,80663,912,1175,17253,
267.6280252861874,80663,911,1176,17253,
267.63012286459303,80663,910,1177,17253,
267.63409943949415,80663,909,1178,17253,
267.63506302214745,80662,910,1178,17253,
267.63579449640514,80661,911,1178,17253,
267.6364560415095,80661,911,1177,17254,
267.6396212980175,80660,912,1177,17254,
267.6416058149168,80660,912,1176,17255,
267.6424232744247,80660,912,1175,17256,
267.64359530185186,80660,912,1174,17257,
267.64452921983406,80660,911,1175,17257,
267.6456813769614,80660,910,1176,17257,
267.64785696278227,80660,909,1177,17257,
267.64950599231184,80659,910,1177,17257,
267.6495062107743,80658,911,1177,17257,
267.65132375882007,80658,911,1176,17258,
267.65144300842695,80657,912,1176,17258,
267.6545573249927,80657,911,1177,17258,
267.65558126282866,80657,911,1176,17259,
267.65863839611444,80657,910,1177,17259,
267.65970754623817,80656,911,1177,17259,
267.66003521212014,80656,911,1176,17260,
267.661892887055,80656,910,1177,17260,
267.6639483610464,80655,911,1177,17260,
267.6651969663857,80654,912,1177,17260,
267.6685261888322,80654,911,1178,17260,
267.6685543393758,80654,910,1179,17260,
267.66901062465985,80653,911,1179,17260,
267.67054785060776,80652,912,1179,17260,
267.6717430608671,80652,911,1180,17260,
267.6750971625803,80652,911,1179,17261,
267.6761606236785,80652,910,1180,17261,
267.676682789655,80652,909,1181,17261,
267.6771493245668,80652,908,1182,17261,
267.67988149595004,80651,909,1182,17261,
267.6805091438048,80650,910,1182,17261,
267.68126736203396,80650,909,1183,17261,
267.6815105335727,80649,910,1183,17261,
267.6819272034315,80648,911,1183,17261,
267.6831780740964,80647,912,1183,17261,
267.6853424928931,80646,913,1183,17261,
267.68731983890143,80646,912,1184,17261,
267.6877197596759,80646,912,1183,17262,
267.6878952550023,80646,912,1182,17263,
267.68828940788484,80646,911,1183,17263,
267.6914539751541,80646,910,1184,17263,
267.69227652821115,80646,910,1183,17264,
267.6926782214547,80645,911,1183,17264,
267.69357382953154,80644,912,1183,17264,
267.6966913753006,80643,913,1183,17264,
267.7015001652617,80642,914,1183,17264,
267.7015939736397,80641,915,1183,17264,
267.70459336021867,80641,914,1184,17264,
267.7122206850954,80640,915,1184,17264,
267.7148165156187,80639,916,1184,17264,
267.7154689947664,80638,917,1184,17264,
267.7155412531738,80637,918,1184,17264,
267.71606460331327,80636,919,1184,17264,
267.71839941079645,80636,919,1183,17265,
267.7186540735786,80636,919,1182,17266,
267.72006627298236,80636,918,1183,17266,
267.7202695960283,80636,918,1182,17267,
267.7206599351519,80636,917,1183,17267,
267.72235364155824,80636,916,1184,17267,
267.7244092858167,80636,915,1185,17267,
267.72991137746453,80635,916,1185,17267,
267.7302912458938,80634,917,1185,17267,
267.7319871333667,80633,918,1185,17267,
267.7327101206291,80633,918,1184,17268,
267.73423023685865,80633,918,1183,17269,
267.73506970878077,80633,918,1182,17270,
267.7383952077912,80632,919,1182,17270,
267.7425631806704,80632,919,1181,17271,
267.74685209990025,80631,920,1181,17271,
267.7494826705485,80631,919,1182,17271,
267.74992230810597,80631,918,1183,17271,
267.75156412687215,80630,919,1183,17271,
267.7533623491484,80629,920,1183,17271,
267.7578840414363,80629,919,1184,17271,
267.75998226195856,80629,918,1185,17271,
267.760824693326,80629,918,1184,17272,
267.7613892216116,80629,917,1185,17272,
267.76173208928276,80629,917,1184,17273,
267.7634693880966,80629,916,1185,17273,
267.76484742611063,80628,917,1185,17273,
267.76771253526266,80628,916,1186,17273,
267.769165358788,80627,917,1186,17273,
267.7719322804729,80626,918,1186,17273,
267.77891220548025,80626,918,1185,17274,
267.77984017161606,80626,917,1186,17274,
267.7858196407887,80626,916,1187,17274,
267.78611948060137,80626,915,1188,17274,
267.7861348208036,80626,914,1189,17274,
267.78623828852585,80625,915,1189,17274,
267.78735840778893,80624,916,1189,17274,
267.78770255589586,80624,915,1190,17274,
267.7942009918761,80624,914,1191,17274,
267.7947408265149,80623,915,1191,17274,
267.7954115919726,80623,915,1190,17275,
267.79682166712706,80623,914,1191,17275,
267.79805596157144,80623,914,1190,17276,
267.7990748151437,80623,914,1189,17277,
267.80056017212553,80622,915,1189,17277,
267.80289799594703,80622,915,1188,17278,
267.8105648307549,80621,916,1188,17278,
267.8110170183338,80620,917,1188,17278,
267.81180276897646,80619,918,1188,17278,
267.8127219914305,80619,917,1189,17278,
267.8137276081666,80619,917,1188,17279,
267.8159651446901,80618,918,1188,17279,
267.8171404230593,80618,917,1189,17279,
267.8171645302081,80618,917,1188,17280,
267.81793328875256,80618,916,1189,17280,
267.81953162440834,80618,915,1190,17280,
267.8208580732704,80618,915,1189,17281,
267.82205111914857,80618,915,1188,17282,
267.8260725667437,80618,915,1187,17283,
267.83032264165547,80618,915,1186,17284,
267.83058229157604,80618,915,1185,17285,
267.8337584720637,80618,914,1186,17285,
267.8345078520295,80618,914,1185,17286,
267.8393121490758,80618,914,1184,17287,
267.8405614677062,80618,914,1183,17288,
267.84442545725847,80617,915,1183,17288,
267.8449937758157,80617,914,1184,17288,
267.84546360413157,80617,913,1185,17288,
267.84650345496976,80616,914,1185,17288,
267.84760714486777,80616,914,1184,17289,
267.8482600105295,80616,914,1183,17290,
267.8486174341731,80616,913,1184,17290,
267.84862958872066,80616,913,1183,17291,
267.84884188586693,80616,912,1184,17291,
267.85108894847855,80616,911,1185,17291,
267.8598714719508,80616,911,1184,17292,
267.8607652378075,80615,912,1184,17292,
267.861301946328,80615,911,1185,17292,
267.86583164706445,80615,911,1184,17293,
267.8723880117818,80614,912,1184,17293,
267.87942064088395,80613,913,1184,17293,
267.88155675981824,80613,912,1185,17293,
267.88475266420215,80613,911,1186,17293,
267.8850101812809,80612,912,1186,17293,
267.8851826427149,80611,913,1186,17293,
267.886465977365,80610,914,1186,17293,
267.8867096813865,80610,914,1185,17294,
267.88773108300995,80610,913,1186,17294,
267.89174116518546,80610,913,1185,17295,
267.89215680617895,80610,913,1184,17296,
267.8938805368708,80610,912,1185,17296,
267.8943258410253,80610,912,1184,17297,
267.89716453619076,80609,913,1184,17297,
267.89828419143146,80609,913,1183,17298,
267.89832676140014,80609,912,1184,17298,
267.90410320674175,80609,912,1183,17299,
267.90692271793995,80608,913,1183,17299,
267.90703029272174,80608,912,1184,17299,
267.91038653158574,80607,913,1184,17299,
267.91230445608807,80607,912,1185,17299,
267.9190555102035,80607,911,1186,17299,
267.9211592853179,80606,912,1186,17299,
267.92116286404206,80606,912,1185,17300,
267.9214042638312,80606,912,1184,17301,
267.92457153693664,80605,913,1184,17301,
267.9271671479659,80605,913,1183,17302,
267.9307046062703,80605,913,1182,17303,
267.9362371111465,80605,913,1181,17304,
267.9381624209397,80605,913,1180,17305,
267.93903575621624,80604,914,1180,17305,
267.94237773858595,80603,915,1180,17305,
267.94836023090585,80603,914,1181,17305,
267.9499264416395,80602,915,1181,17305,
267.9519698379187,80601,916,1181,17305,
267.95304019491635,80601,915,1182,17305,
267.95429918626604,80601,914,1183,17305,
267.9565599371747,80601,913,1184,17305,
267.95770587184865,80601,913,1183,17306,
267.9597316673746,80600,914,1183,17306,
267.9631088669125,80600,914,1182,17307,
267.96443020496463,80599,915,1182,17307,
267.96529037028046,80599,914,1183,17307,
267.96658466257236,80599,913,1184,17307,
267.9672412486563,80599,912,1185,17307,
267.9677670901383,80599,912,1184,17308,
267.96828969642524,80598,913,1184,17308,
267.97016428719047,80598,912,1185,17308,
267.9704755599884,80597,913,1185,17308,
267.9750349009158,80597,913,1184,17309,
267.976205937304,80597,912,1185,17309,
267.9764911152914,80597,912,1184,17310,
267.97800026361807,80597,912,1183,17311,
267.9782441451825,80597,911,1184,17311,
267.9798972950407,80596,912,1184,17311,
267.9807652576697,80595,913,1184,17311,
267.9817995896308,80594,914,1184,17311,
267.9824507733522,80594,913,1185,17311,
267.9835962462552,80594,913,1184,17312,
267.98455949455695,80594,913,1183,17313,
267.985347575883,80593,914,1183,17313,
267.98737584296083,80592,915,1183,17313,
267.9909920587489,80592,914,1184,17313,
267.9930835533404,80591,915,1184,17313,
267.9941264332784,80591,915,1183,17314,
267.9950230940285,80590,916,1183,17314,
267.9976641075056,80590,916,1182,17315,
268.00299897690314,80590,916,1181,17316,
268.00401473218665,80590,915,1182,17316,
268.00449803584826,80590,915,1181,17317,
268.01119896421426,80589,916,1181,17317,
268.0124982539048,80589,915,1182,17317,
268.0134478297213,80589,914,1183,17317,
268.0137209245497,80588,915,1183,17317,
268.01746352356184,80588,914,1184,17317,
268.01762814798064,80588,913,1185,17317,
268.0216947825669,80587,914,1185,17317,
268.02306042496036,80586,915,1185,17317,
268.0245560785998,80586,914,1186,17317,
268.0274384657545,80586,914,1185,17318,
268.03134720859225,80586,913,1186,17318,
268.0318113928815,80586,913,1185,17319,
268.03261731776627,80585,914,1185,17319,
268.0329226735773,80585,913,1186,17319,
268.034135814284,80585,912,1187,17319,
268.0342996198909,80584,913,1187,17319,
268.03546937667335,80584,912,1188,17319,
268.04132108381685,80584,912,1187,17320,
268.0441129174622,80583,913,1187,17320,
268.04479661359164,80582,914,1187,17320,
268.04496015784383,80582,913,1188,17320,
268.0454995454762,80582,913,1187,17321,
268.0471280078492,80581,914,1187,17321,
268.04789486293896,80580,915,1187,17321,
268.0479263316351,80580,915,1186,17322,
268.0510082264853,80580,914,1187,17322,
268.05125803391553,80580,914,1186,17323,
268.0539686830684,80580,914,1185,17324,
268.0555124605462,80580,913,1186,17324,
268.05874092226037,80580,913,1185,17325,
268.06028994208083,80580,913,1184,17326,
268.0607963115897,80580,912,1185,17326,
268.0623642058079,80579,913,1185,17326,
268.0643937249881,80579,913,1184,17327,
268.06936157828204,80578,914,1184,17327,
268.07509556386617,80577,915,1184,17327,
268.0774769364316,80577,914,1185,17327,
268.07752219250494,80577,913,1186,17327,
268.0777180313483,80577,913,1185,17328,
268.0790446955527,80577,913,1184,17329,
268.0816136002841,80576,914,1184,17329,
268.08224075009673,80576,913,1185,17329,
268.0844773361085,80576,913,1184,17330,
268.0876185146977,80576,913,1183,17331,
268.0884905349152,80576,912,1184,17331,
268.0887492662848,80575,913,1184,17331,
268.09122907836485,80575,913,1183,17332,
268.0917084142874,80575,913,1182,17333,
268.0991061093736,80574,914,1182,17333,
268.0999099792272,80574,914,1181,17334,
268.10238035981683,80574,913,1182,17334,
268.10535615089645,80573,914,1182,17334,
268.10582794261745,80572,915,1182,17334,
268.1082575904339,80572,914,1183,17334,
268.1109938890338,80572,913,1184,17334,
268.1269177566062,80572,912,1185,17334,
268.1322920952271,80572,911,1186,17334,
268.13463733408605,80572,910,1187,17334,
268.1352412640516,80572,910,1186,17335,
268.1372082712644,80571,911,1186,17335,
268.13932884247134,80571,911,1185,17336,
268.13960647967116,80571,910,1186,17336,
268.1398994734174,80571,909,1187,17336,
268.1434717810951,80571,908,1188,17336,
268.147189060137,80570,909,1188,17336,
268.14838563247787,80569,910,1188,17336,
268.15248166326796,80568,911,1188,17336,
268.15371968872034,80567,912,1188,17336,
268.15484841484687,80566,913,1188,17336,
268.1564143946813,80566,912,1189,17336,
268.1572390357135,80566,911,1190,17336,
268.1592720218637,80566,911,1189,17337,
268.1633081658347,80565,912,1189,17337,
268.1643962599491,80564,913,1189,17337,
268.16451789682907,80564,912,1190,17337,
268.1655388317267,80564,911,1191,17337,
268.16720103054973,80564,911,1190,17338,
268.1673184258982,80563,912,1190,17338,
268.16785606446,80562,913,1190,17338,
268.1690849061213,80561,914,1190,17338,
268.16920131818114,80560,915,1190,17338,
268.17090597951136,80559,916,1190,17338,
268.17096098582687,80558,917,1190,17338,
268.172317891787,80557,918,1190,17338,
268.1754244068575,80557,917,1191,17338,
268.18086813029356,80556,918,1191,17338,
268.18224920418197,80556,918,1190,17339,
268.1834833549333,80556,917,1191,17339,
268.1841114335421,80556,916,1192,17339,
268.1846335236193,80556,915,1193,17339,
268.1853618050492,80555,916,1193,17339,
268.18594769234755,80555,915,1194,17339,
268.18872695237644,80555,914,1195,17339,
268.18936299283445,80555,913,1196,17339,
268.1907761239048,80555,913,1195,17340,
268.19226484965066,80554,914,1195,17340,
268.1934963942975,80554,914,1194,17341,
268.19350033052564,80554,913,1195,17341,
268.19428414051663,80554,913,1194,17342,
268.1968039766028,80553,914,1194,17342,
268.1994049423642,80553,913,1195,17342,
268.2023286027227,80553,913,1194,17343,
268.20277985901424,80552,914,1194,17343,
268.20297624446033,80551,915,1194,17343,
268.20643358430584,80551,915,1193,17344,
268.2069530850602,80551,914,1194,17344,
268.2137332537081,80551,913,1195,17344,
268.2143269745444,80551,913,1194,17345,
268.2152903545679,80551,912,1195,17345,
268.218717009399,80550,913,1195,17345,
268.22073213257414,80550,912,1196,17345,
268.2220187771066,80549,913,1196,17345,
268.2229950416887,80549,912,1197,17345,
268.2266601832667,80549,912,1196,17346,
268.2286687792122,80549,911,1197,17346,
268.23100795580984,80548,912,1197,17346,
268.24075031554355,80547,913,1197,17346,
268.2408951083832,80547,913,1196,17347,
268.24114499531936,80547,913,1195,17348,
268.2428517799442,80546,914,1195,17348,
268.24390919894773,80546,914,1194,17349,
268.2440758195345,80545,915,1194,17349,
268.24566029990746,80545,914,1195,17349,
268.2529525708847,80545,913,1196,17349,
268.25403835887886,80544,914,1196,17349,
268.25829947074556,80544,913,1197,17349,
268.2588690665213,80544,912,1198,17349,
268.26250461572357,80544,912,1197,17350,
268.2629188754653,80544,911,1198,17350,
268.2630097026951,80544,911,1197,17351,
268.26557324842594,80543,912,1197,17351,
268.26661566285645,80543,911,1198,17351,
268.2666294518717,80542,912,1198,17351,
268.2703895675613,80542,912,1197,17352,
268.27047782448267,80542,911,1198,17352,
268.2723949591546,80541,912,1198,17352,
268.27392009224195,80540,913,1198,17352,
268.27732226597186,80540,912,1199,17352,
268.2783581888245,80539,913,1199,17352,
268.27850928306924,80538,914,1199,17352,
268.28314534450107,80538,914,1198,17353,
268.286479986563,80538,913,1199,17353,
268.288524625578,80538,912,1200,17353,
268.28953107086977,80538,911,1201,17353,
268.2914987408032,80538,911,1200,17354,
268.29254911057535,80538,911,1199,17355,
268.2945270047524,80537,912,1199,17355,
268.29500812038924,80536,913,1199,17355,
268.2969232961581,80536,913,1198,17356,
268.29862043739985,80536,912,1199,17356,
268.2996213755314,80536,911,1200,17356,
268.3038485285866,80535,912,1200,17356,
268.3041656016472,80534,913,1200,17356,
268.30648363800543,80534,913,1199,17357,
268.30670601559484,80534,913,1198,17358,
268.3106731493894,80534,912,1199,17358,
268.31446395659907,80534,911,1200,17358,
268.3145172738497,80534,910,1201,17358,
268.31487135337443,80534,909,1202,17358,
268.31675112203635,80533,910,1202,17358,
268.31814306466134,80533,909,1203,17358,
268.3189000165329,80533,908,1204,17358,
268.3220285424725,80533,908,1203,17359,
268.32203799895376,80533,907,1204,17359,
268.3241086221723,80533,907,1203,17360,
268.3268674195354,80533,906,1204,17360,
268.32697626757454,80533,906,1203,17361,
268.3292150399785,80533,906,1202,17362,
268.32923071616995,80532,907,1202,17362,
268.331658846329,80532,907,1201,17363,
268.33180003855296,80531,908,1201,17363,
268.33284176697373,80531,907,1202,17363,
268.3392906400664,80531,906,1203,17363,
268.3402872720071,80531,905,1204,17363,
268.34181650866935,80530,906,1204,17363,
268.34245857231224,80530,906,1203,17364,
268.3428415886944,80530,906,1202,17365,
268.3436996160623,80529,907,1202,17365,
268.3441844784068,80529,906,1203,17365,
268.3495678554049,80529,906,1202,17366,
268.35018529477304,80528,907,1202,17366,
268.35260675969016,80528,906,1203,17366,
268.3531787157578,80528,905,1204,17366,
268.3562478889226,80528,905,1203,17367,
268.3566966041754,80527,906,1203,17367,
268.36034864062384,80527,906,1202,17368,
268.36060282858136,80527,906,1201,17369,
268.3616156495071,80527,905,1202,17369,
268.3631201027722,80526,906,1202,17369,
268.36537041963146,80526,905,1203,17369,
268.36822698580795,80525,906,1203,17369,
268.3746373262181,80524,907,1203,17369,
268.3780548652891,80524,906,1204,17369,
268.3792244452545,80523,907,1204,17369,
268.3796867624493,80522,908,1204,17369,
268.38197958776084,80522,907,1205,17369,
268.38474662954917,80522,906,1206,17369,
268.38836372108085,80522,905,1207,17369,
268.39023132551443,80522,905,1206,17370,
268.39132062688924,80522,905,1205,17371,
268.39644881489494,80522,904,1206,17371,
268.39885381841884,80522,904,1205,17372,
268.40039705543336,80522,903,1206,17372,
268.4037698681278,80522,903,1205,17373,
268.4048051030437,80522,903,1204,17374,
268.4060620015774,80522,902,1205,17374,
268.406724967369,80521,903,1205,17374,
268.40735516939503,80521,902,1206,17374,
268.40916059446056,80520,903,1206,17374,
268.42335822554173,80520,903,1205,17375,
268.4244172541839,80519,904,1205,17375,
268.4251803253809,80519,904,1204,17376,
268.4342419473587,80519,903,1205,17376,
268.4345163721382,80519,902,1206,17376,
268.4365954029786,80518,903,1206,17376,
268.4395712198647,80518,903,1205,17377,
268.4452485273881,80518,903,1204,17378,
268.4478425572881,80518,902,1205,17378,
268.44833919126427,80518,901,1206,17378,
268.450950471816,80517,902,1206,17378,
268.4511238972273,80517,901,1207,17378,
268.45155400072736,80517,901,1206,17379,
268.45361091062944,80517,901,1205,17380,
268.45533896335803,80516,902,1205,17380,
268.4571058650243,80516,901,1206,17380,
268.46028008516964,80515,902,1206,17380,
268.463059982298,80515,901,1207,17380,
268.4658152187639,80515,900,1208,17380,
268.4659925284544,80515,899,1209,17380,
268.46678846864415,80515,898,1210,17380,
268.4686146438155,80514,899,1210,17380,
268.46867326362434,80513,900,1210,17380,
268.46969306075187,80512,901,1210,17380,
268.4733053302603,80511,902,1210,17380,
268.4752480380847,80511,902,1209,17381,
268.4763535485275,80511,901,1210,17381,
268.4792512750602,80511,900,1211,17381,
268.48483985888055,80510,901,1211,17381,
268.4851414037222,80510,900,1212,17381,
268.4858341284671,80510,899,1213,17381,
268.4875594723783,80509,900,1213,17381,
268.4909566107138,80509,899,1214,17381,
268.49430631944614,80509,899,1213,17382,
268.49988296768066,80508,900,1213,17382,
268.5034205413686,80507,901,1213,17382,
268.5068610068374,80506,902,1213,17382,
268.51083472948676,80505,903,1213,17382,
268.5138628414941,80505,903,1212,17383,
268.5169954207665,80505,902,1213,17383,
268.5179589830133,80505,902,1212,17384,
268.5186444537406,80504,903,1212,17384,
268.5215286270992,80504,902,1213,17384,
268.52166001017275,80503,903,1213,17384,
268.5218814660332,80503,903,1212,17385,
268.5222119450928,80503,902,1213,17385,
268.5223973772798,80503,902,1212,17386,
268.52456626646557,80503,902,1211,17387,
268.53098409232445,80502,903,1211,17387,
268.53099044361926,80502,902,1212,17387,
268.5314809429842,80502,902,1211,17388,
268.5330300952887,80502,901,1212,17388,
268.5332680643068,80502,901,1211,17389,
268.5334701427931,80502,900,1212,17389,
268.53597754745743,80502,899,1213,17389,
268.53672576306565,80501,900,1213,17389,
268.53886991489,80501,899,1214,17389,
268.5409062657408,80501,899,1213,17390,
268.54243254134303,80501,898,1214,17390,
268.5436813445544,80501,898,1213,17391,
268.5437333040432,80501,897,1214,17391,
268.545881056157,80501,897,1213,17392,
268.5497568388377,80500,898,1213,17392,
268.5530238624367,80500,898,1212,17393,
268.5550163212993,80499,899,1212,17393,
268.5562693687646,80499,899,1211,17394,
268.5579947082066,80499,898,1212,17394,
268.56339997742225,80499,897,1213,17394,
268.5635723759275,80498,898,1213,17394,
268.56507716166357,80497,899,1213,17394,
268.5694804323162,80497,899,1212,17395,
268.5695233952718,80497,899,1211,17396,
268.57055834093507,80496,900,1211,17396,
268.5733638314673,80496,899,1212,17396,
268.57674798277844,80496,898,1213,17396,
268.57749847099996,80496,897,1214,17396,
268.57787060859596,80496,897,1213,17397,
268.5782901476288,80496,896,1214,17397,
268.58067630371403,80496,895,1215,17397,
268.5824129478978,80496,894,1216,17397,
268.58494620635906,80495,895,1216,17397,
268.5876852839429,80495,895,1215,17398,
268.5903746805629,80495,894,1216,17398,
268.5913168578136,80494,895,1216,17398,
268.5938888783985,80494,894,1217,17398,
268.5976565552438,80493,895,1217,17398,
268.59850115734935,80493,895,1216,17399,
268.6032827405392,80493,895,1215,17400,
268.60418967417354,80493,894,1216,17400,
268.60497718094973,80493,894,1215,17401,
268.6088324748288,80493,893,1216,17401,
268.60884706541293,80492,894,1216,17401,
268.6122050548057,80491,895,1216,17401,
268.61728409393356,80490,896,1216,17401,
268.6219425879912,80490,895,1217,17401,
268.62201059162953,80490,894,1218,17401,
268.6238744784012,80489,895,1218,17401,
268.62824766244887,80489,894,1219,17401,
268.62869506871283,80489,893,1220,17401,
268.6341484444926,80488,894,1220,17401,
268.63502071430435,80487,895,1220,17401,
268.63647780550264,80486,896,1220,17401,
268.6384719358505,80486,896,1219,17402,
268.6385900270952,80486,895,1220,17402,
268.63896901416837,80486,895,1219,17403,
268.64654678328816,80486,895,1218,17404,
268.64686546094896,80486,895,1217,17405,
268.64703397448756,80485,896,1217,17405,
268.6498379242108,80485,896,1216,17406,
268.6498403390841,80485,895,1217,17406,
268.6501958247898,80485,895,1216,17407,
268.65203988397127,80485,895,1215,17408,
268.6555288326825,80485,895,1214,17409,
268.65707894365755,80485,895,1213,17410,
268.658095754851,80485,895,1212,17411,
268.6597947692675,80485,895,1211,17412,
268.6607746823114,80484,896,1211,17412,
268.6610120093953,80483,897,1211,17412,
268.66533038258603,80483,897,1210,17413,
268.668399539942,80483,896,1211,17413,
268.6704283624642,80482,897,1211,17413,
268.6709974058349,80482,896,1212,17413,
268.67317055059544,80481,897,1212,17413,
268.6740108511307,80481,897,1211,17414,
268.675935566198,80481,896,1212,17414,
268.6776207321444,80481,895,1213,17414,
268.6782336806516,80481,894,1214,17414,
268.67934315941284,80481,894,1213,17415,
268.6794971931808,80481,893,1214,17415,
268.68063994705346,80481,892,1215,17415,
268.681681894157,80481,891,1216,17415,
268.6824509517477,80481,890,1217,17415,
268.6830374775951,80480,891,1217,17415,
268.6875470231181,80479,892,1217,17415,
268.6901133235154,80478,893,1217,17415,
268.69665066807227,80478,893,1216,17416,
268.7018809539601,80478,892,1217,17416,
268.7022232604891,80478,891,1218,17416,
268.7059144636303,80478,891,1217,17417,
268.7113715041102,80478,891,1216,17418,
268.7114843827045,80477,892,1216,17418,
268.7119113469141,80477,891,1217,17418,
268.7126668745881,80476,892,1217,17418,
268.713799201302,80475,893,1217,17418,
268.7154394748086,80475,893,1216,17419,
268.7156806514019,80475,893,1215,17420,
268.72059746928204,80474,894,1215,17420,
268.72099218388746,80473,895,1215,17420,
268.7211902317405,80472,896,1215,17420,
268.72268622122436,80472,895,1216,17420,
268.723564471112,80472,894,1217,17420,
268.7290092751591,80472,893,1218,17420,
268.7314085026337,80472,892,1219,17420,
268.7315735998788,80472,891,1220,17420,
268.73411763889123,80472,890,1221,17420,
268.7353973289851,80471,891,1221,17420,
268.73579950872045,80471,891,1220,17421,
268.7374990217548,80470,892,1220,17421,
268.7380415859344,80470,892,1219,17422,
268.7408931834327,80470,891,1220,17422,
268.7415485523256,80470,891,1219,17423,
268.7420010264503,80470,891,1218,17424,
268.74323907591906,80469,892,1218,17424,
268.7439024305554,80469,892,1217,17425,
268.7444690430665,80468,893,1217,17425,
268.74857274634707,80467,894,1217,17425,
268.75073216504603,80467,893,1218,17425,
268.7524798792283,80466,894,1218,17425,
268.753886531121,80466,894,1217,17426,
268.7558886850018,80466,893,1218,17426,
268.7574652142528,80466,893,1217,17427,
268.75750337404133,80466,892,1218,17427,
268.7654757315769,80466,891,1219,17427,
268.77365400936833,80466,891,1218,17428,
268.77465387646686,80465,892,1218,17428,
268.77591856717817,80464,893,1218,17428,
268.77851634693303,80464,893,1217,17429,
268.77979519090593,80464,892,1218,17429,
268.78030886736235,80463,893,1218,17429,
268.78222714017454,80462,894,1218,17429,
268.7836577420929,80462,893,1219,17429,
268.7861874951391,80462,892,1220,17429,
268.78859499136183,80461,893,1220,17429,
268.7886907336081,80461,893,1219,17430,
268.7887349790661,80461,892,1220,17430,
268.789324486807,80460,893,1220,17430,
268.7901764023243,80459,894,1220,17430,
268.7942411223647,80458,895,1220,17430,
268.80181761562324,80457,896,1220,17430,
268.80197581429195,80457,896,1219,17431,
268.80202012688886,80457,895,1220,17431,
268.8023273457944,80457,895,1219,17432,
268.80441980608964,80457,894,1220,17432,
268.8047749866153,80457,894,1219,17433,
268.80670694159244,80457,894,1218,17434,
268.8067971934422,80457,893,1219,17434,
268.80815995745115,80457,892,1220,17434,
268.8083029545653,80457,892,1219,17435,
268.8101951898515,80457,892,1218,17436,
268.8122962193791,80456,893,1218,17436,
268.8136121465458,80456,892,1219,17436,
268.81390855152307,80455,893,1219,17436,
268.8142924683659,80455,892,1220,17436,
268.8143842020915,80455,891,1221,17436,
268.8184297647003,80455,890,1222,17436,
268.82308357083525,80455,890,1221,17437,
268.8267339127992,80455,889,1222,17437,
268.82890978464127,80454,890,1222,17437,
268.82912323980145,80453,891,1222,17437,
268.8349095019378,80453,890,1223,17437,
268.83559848305964,80452,891,1223,17437,
268.8373014396512,80451,892,1223,17437,
268.8443659956087,80451,891,1224,17437,
268.8469648480651,80451,891,1223,17438,
268.84901505174116,80451,890,1224,17438,
268.85229560533855,80451,889,1225,17438,
268.8533865593301,80451,889,1224,17439,
268.8541372814423,80450,890,1224,17439,
268.85451248249854,80449,891,1224,17439,
268.8585812033346,80448,892,1224,17439,
268.85864055400145,80447,893,1224,17439,
268.8623784445493,80447,892,1225,17439,
268.86820259856313,80446,893,1225,17439,
268.8703623300054,80446,893,1224,17440,
268.87202881848384,80445,894,1224,17440,
268.87280851649837,80445,893,1225,17440,
268.8740660373598,80444,894,1225,17440,
268.87525342963585,80443,895,1225,17440,
268.87751912003506,80443,895,1224,17441,
268.87758994571266,80442,896,1224,17441,
268.87764728755707,80442,896,1223,17442,
268.879878163687,80442,896,1222,17443,
268.885675143106,80442,895,1223,17443,
268.8869368552676,80442,894,1224,17443,
268.8869929532567,80442,894,1223,17444,
268.8877871081372,80441,895,1223,17444,
268.88781461256696,80441,895,1222,17445,
268.88801133083854,80441,894,1223,17445,
268.89178469543214,80441,894,1222,17446,
268.89680347729796,80440,895,1222,17446,
268.8971068224626,80440,894,1223,17446,
268.9012424500713,80439,895,1223,17446,
268.903642946231,80439,894,1224,17446,
268.90502525771484,80439,894,1223,17447,
268.9059207459291,80439,893,1224,17447,
268.90998593200095,80439,892,1225,17447,
268.9125596358603,80438,893,1225,17447,
268.91839984650807,80438,893,1224,17448,
268.9188258530012,80437,894,1224,17448,
268.9189968427722,80436,895,1224,17448,
268.9200403533832,80436,894,1225,17448,
268.9261650764609,80435,895,1225,17448,
268.92635924298304,80434,896,1225,17448,
268.9277412967888,80434,896,1224,17449,
268.9278820795678,80433,897,1224,17449,
268.93268409951116,80433,896,1225,17449,
268.9327661141939,80432,897,1225,17449,
268.9345078642426,80432,897,1224,17450,
268.93967680018005,80432,897,1223,17451,
268.93985886902544,80431,898,1223,17451,
268.94161134924093,80430,899,1223,17451,
268.94194804849565,80430,898,1224,17451,
268.94399990920334,80429,899,1224,17451,
268.94571031512885,80428,900,1224,17451,
268.9486198409347,80427,901,1224,17451,
268.9495502132484,80427,900,1225,17451,
268.94967582869583,80426,901,1225,17451,
268.94980524053096,80425,902,1225,17451,
268.9528323161431,80425,902,1224,17452,
268.953928747026,80424,903,1224,17452,
268.9545641237469,80424,902,1225,17452,
268.95629078454425,80424,902,1224,17453,
268.9565095885948,80424,902,1223,17454,
268.9568277819435,80424,902,1222,17455,
268.95778485197326,80424,901,1223,17455,
268.9577864115524,80424,901,1222,17456,
268.9583221832754,80423,902,1222,17456,
268.95943448917535,80423,901,1223,17456,
268.95989686230126,80422,902,1223,17456,
268.959927979719,80421,903,1223,17456,
268.9646520513734,80421,902,1224,17456,
268.9660897209621,80421,902,1223,17457,
268.9662528119211,80421,901,1224,17457,
268.9670434797605,80421,900,1225,17457,
268.96890804976283,80421,899,1226,17457,
268.9693409559762,80421,899,1225,17458,
268.9702881469179,80421,899,1224,17459,
268.98194919635944,80420,900,1224,17459,
268.9833960536255,80420,900,1223,17460,
268.9834070226517,80419,901,1223,17460,
268.98568047034814,80419,901,1222,17461,
268.98641409926137,80418,902,1222,17461,
268.9894612213296,80418,901,1223,17461,
268.99291769676904,80417,902,1223,17461,
268.9930927844545,80417,901,1224,17461,
268.9948218731033,80417,901,1223,17462,
268.99608570601845,80417,901,1222,17463,
269.0002585178535,80416,902,1222,17463,
269.0018302895067,80415,903,1222,17463,
269.00291635502236,80415,903,1221,17464,
269.0056103191066,80414,904,1221,17464,
269.00594942003517,80413,905,1221,17464,
269.006356938402,80413,905,1220,17465,
269.00654619129097,80413,904,1221,17465,
269.0070508522798,80412,905,1221,17465,
269.0092482478868,80411,906,1221,17465,
269.00999815008925,80411,905,1222,17465,
269.01139050745604,80410,906,1222,17465,
269.01424045486846,80410,906,1221,17466,
269.01621324648823,80410,906,1220,17467,
269.0200157997628,80410,906,1219,17468,
269.02349947461676,80409,907,1219,17468,
269.02408299381125,80408,908,1219,17468,
269.02931741604857,80407,909,1219,17468,
269.03318625501356,80406,910,1219,17468,
269.0373124129396,80406,910,1218,17469,
269.03772582728664,80406,910,1217,17470,
269.038014264798,80406,910,1216,17471,
269.0404430101377,80405,911,1216,17471,
269.0420166200134,80405,911,1215,17472,
269.04530198083444,80404,912,1215,17472,
269.0460371794156,80403,913,1215,17472,
269.04847226079045,80402,914,1215,17472,
269.0506963454375,80402,913,1216,17472,
269.0527839976596,80402,913,1215,17473,
269.0533286867383,80402,912,1216,17473,
269.05457518978824,80402,912,1215,17474,
269.0547208423072,80402,912,1214,17475,
269.0557030335502,80402,911,1215,17475,
269.0563062592713,80402,910,1216,17475,
269.06129532678403,80401,911,1216,17475,
269.06165265489403,80401,910,1217,17475,
269.06647871939475,80401,909,1218,17475,
269.071778827645,80400,910,1218,17475,
269.0747017429449,80400,909,1219,17475,
269.074914666122,80400,908,1220,17475,
269.08240958168784,80400,908,1219,17476,
269.0846779755151,80400,908,1218,17477,
269.084924327427,80400,908,1217,17478,
269.086562693715,80400,908,1216,17479,
269.0889499792472,80399,909,1216,17479,
269.08946256811026,80399,908,1217,17479,
269.0896712824699,80399,907,1218,17479,
269.09045149982177,80399,906,1219,17479,
269.0963868324578,80398,907,1219,17479,
269.10092336614287,80398,906,1220,17479,
269.1010433741125,80398,905,1221,17479,
269.1021183552077,80398,904,1222,17479,
269.1050679024278,80398,903,1223,17479,
269.1052795091774,80398,903,1222,17480,
269.1061320086213,80398,903,1221,17481,
269.10661429843833,80398,902,1222,17481,
269.10666824104953,80397,903,1222,17481,
269.107938772846,80397,903,1221,17482,
269.1081980264454,80396,904,1221,17482,
269.10851247333153,80396,904,1220,17483,
269.1090939632098,80395,905,1220,17483,
269.1106739034462,80394,906,1220,17483,
269.1128972210479,80393,907,1220,17483,
269.11330821366374,80392,908,1220,17483,
269.1140203549096,80392,908,1219,17484,
269.11449885525207,80392,907,1220,17484,
269.1191005653652,80391,908,1220,17484,
269.11941888822105,80390,909,1220,17484,
269.1196953247173,80390,908,1221,17484,
269.12008685818324,80390,907,1222,17484,
269.12340083004926,80389,908,1222,17484,
269.12619894142057,80389,908,1221,17485,
269.1277583567081,80389,908,1220,17486,
269.1323449809077,80389,907,1221,17486,
269.13799174468204,80389,906,1222,17486,
269.1400197721012,80389,906,1221,17487,
269.1400335661018,80389,905,1222,17487,
269.1406508231552,80389,904,1223,17487,
269.14491203327043,80389,903,1224,17487,
269.1468525422605,80389,902,1225,17487,
269.14732480243094,80389,902,1224,17488,
269.14803554898697,80389,902,1223,17489,
269.15273412240003,80389,901,1224,17489,
269.15313392330825,80388,902,1224,17489,
269.15771174438476,80388,901,1225,17489,
269.1583475285477,80388,901,1224,17490,
269.1602275352866,80387,902,1224,17490,
269.1602353805961,80386,903,1224,17490,
269.16198711068193,80385,904,1224,17490,
269.16301806297747,80384,905,1224,17490,
269.16391439532185,80384,904,1225,17490,
269.1644436926813,80384,903,1226,17490,
269.1683719092892,80383,904,1226,17490,
269.1688645170008,80383,904,1225,17491,
269.170567077643,80382,905,1225,17491,
269.17202539964313,80382,904,1226,17491,
269.17313455809193,80382,904,1225,17492,
269.17535570300413,80381,905,1225,17492,
269.17936381643165,80381,905,1224,17493,
269.1808964247491,80381,905,1223,17494,
269.18222620898723,80380,906,1223,17494,
269.1849438436824,80380,905,1224,17494,
269.18662814482,80380,904,1225,17494,
269.1867589237699,80379,905,1225,17494,
269.1912442876388,80378,906,1225,17494,
269.1915311262147,80378,905,1226,17494,
269.1919572172594,80377,906,1226,17494,
269.1924181658533,80377,905,1227,17494,
269.1966366047054,80377,904,1228,17494,
269.2028513479761,80377,903,1229,17494,
269.2058611607715,80377,902,1230,17494,
269.2087844408296,80377,901,1231,17494,
269.21073918960116,80377,900,1232,17494,
269.2109993770094,80377,900,1231,17495,
269.2125795187528,80377,900,1230,17496,
269.21286215508275,80377,900,1229,17497,
269.2145520645999,80377,900,1228,17498,
269.2172536055366,80376,901,1228,17498,
269.21969667384974,80375,902,1228,17498,
269.2229879369577,80375,902,1227,17499,
269.2246909388649,80375,901,1228,17499,
269.2252975589264,80375,901,1227,17500,
269.22558610929417,80375,900,1228,17500,
269.2264630824884,80374,901,1228,17500,
269.22814376920695,80373,902,1228,17500,
269.2313300319499,80373,901,1229,17500,
269.2327702999385,80373,900,1230,17500,
269.2337852036196,80373,900,1229,17501,
269.2355168063116,80372,901,1229,17501,
269.241549787224,80371,902,1229,17501,
269.2427335282223,80371,902,1228,17502,
269.24619362947044,80371,901,1229,17502,
269.24816853434686,80371,901,1228,17503,
269.249291601724,80370,902,1228,17503,
269.2499251325699,80369,903,1228,17503,
269.2501614260472,80369,902,1229,17503,
269.2538683488633,80369,901,1230,17503,
269.2548195381066,80369,900,1231,17503,
269.2580286106038,80369,899,1232,17503,
269.25901081128296,80369,898,1233,17503,
269.2598474877539,80369,898,1232,17504,
269.269616636643,80369,898,1231,17505,
269.2732774092314,80368,899,1231,17505,
269.2739791272611,80368,898,1232,17505,
269.27586750987547,80367,899,1232,17505,
269.28029991741545,80366,900,1232,17505,
269.28231411918165,80365,901,1232,17505,
269.28412200894314,80365,900,1233,17505,
269.28586657685736,80364,901,1233,17505,
269.28780256283574,80364,900,1234,17505,
269.2936274031542,80364,900,1233,17506,
269.29419814077113,80364,899,1234,17506,
269.30073797916276,80364,898,1235,17506,
269.3037326243144,80364,897,1236,17506,
269.3065269035703,80364,896,1237,17506,
269.30681406338965,80364,896,1236,17507,
269.3078384497311,80364,896,1235,17508,
269.31457313669284,80363,897,1235,17508,
269.3176977281321,80362,898,1235,17508,
269.3178068654393,80362,897,1236,17508,
269.3185273341849,80362,896,1237,17508,
269.32025358632364,80361,897,1237,17508,
269.32515886473203,80361,897,1236,17509,
269.3257751582795,80361,897,1235,17510,
269.32759920468504,80361,897,1234,17511,
269.3283840575066,80361,896,1235,17511,
269.33011400828343,80361,895,1236,17511,
269.3308787088764,80361,895,1235,17512,
269.3327762727433,80361,894,1236,17512,
269.3341349423346,80361,894,1235,17513,
269.3378980981313,80361,894,1234,17514,
269.3385864051091,80360,895,1234,17514,
269.33996170432084,80359,896,1234,17514,
269.3426083909858,80358,897,1234,17514,
269.3426961864092,80358,896,1235,17514,
269.3432508711139,80358,896,1234,17515,
269.3439999474455,80358,895,1235,17515,
269.34687843237435,80358,894,1236,17515,
269.35162483310114,80358,893,1237,17515,
269.3540091935279,80357,894,1237,17515,
269.3555309633312,80357,894,1236,17516,
269.35597092110845,80357,894,1235,17517,
269.3560221592704,80357,893,1236,17517,
269.3568281095342,80356,894,1236,17517,
269.3591717553525,80356,894,1235,17518,
269.35934363764,80356,894,1234,17519,
269.36111029254516,80355,895,1234,17519,
269.36159158067113,80355,894,1235,17519,
269.36173079158766,80355,893,1236,17519,
269.3627444743615,80354,894,1236,17519,
269.36292029259795,80354,893,1237,17519,
269.36596977878185,80354,893,1236,17520,
269.3669040202421,80354,892,1237,17520,
269.3673147195142,80354,891,1238,17520,
269.36932627454155,80354,891,1237,17521,
269.36940235768066,80354,890,1238,17521,
269.3728069817435,80354,890,1237,17522,
269.3748839492508,80354,890,1236,17523,
269.37740620113277,80354,889,1237,17523,
269.37742158796823,80354,889,1236,17524,
269.3775074497732,80354,888,1237,17524,
269.37994531002124,80354,888,1236,17525,
269.3826488569106,80354,888,1235,17526,
269.39065877083146,80353,889,1235,17526,
269.39289094408855,80353,889,1234,17527,
269.39431349878015,80352,890,1234,17527,
269.3966031812796,80351,891,1234,17527,
269.39726563602704,80351,891,1233,17528,
269.39778830242886,80350,892,1233,17528,
269.39789919264894,80349,893,1233,17528,
269.4061114248011,80349,893,1232,17529,
269.4069739958117,80349,893,1231,17530,
269.41289396447786,80349,892,1232,17530,
269.41538997133466,80348,893,1232,17530,
269.4238356155344,80348,893,1231,17531,
269.42384502883704,80348,893,1230,17532,
269.42442517280875,80348,892,1231,17532,
269.43064112887384,80347,893,1231,17532,
269.4310003501386,80347,892,1232,17532,
269.43209555948516,80347,891,1233,17532,
269.43263125119466,80347,890,1234,17532,
269.43315744566183,80347,889,1235,17532,
269.43322122314794,80346,890,1235,17532,
269.43417977782303,80346,889,1236,17532,
269.43871453141116,80346,888,1237,17532,
269.4421100876188,80345,889,1237,17532,
269.4443547765706,80345,888,1238,17532,
269.4465972842416,80345,887,1239,17532,
269.44705571318735,80345,887,1238,17533,
269.4487225878259,80345,887,1237,17534,
269.4491846007721,80345,887,1236,17535,
269.4530515988043,80344,888,1236,17535,
269.45470037845354,80344,887,1237,17535,
269.45754156342826,80344,886,1238,17535,
269.46191079132535,80343,887,1238,17535,
269.46339995552273,80343,887,1237,17536,
269.46497893585854,80343,886,1238,17536,
269.4650135289768,80343,885,1239,17536,
269.4692814577599,80343,884,1240,17536,
269.4780588409173,80343,884,1239,17537,
269.4780913579733,80343,884,1238,17538,
269.4785271350222,80342,885,1238,17538,
269.4792883052184,80342,884,1239,17538,
269.479526997354,80342,883,1240,17538,
269.48163476875754,80341,884,1240,17538,
269.4828893996932,80341,883,1241,17538,
269.48448018965723,80341,882,1242,17538,
269.48482943673713,80340,883,1242,17538,
269.4892453043784,80340,882,1243,17538,
269.49995375503187,80339,883,1243,17538,
269.50189668251727,80339,882,1244,17538,
269.50248367699146,80339,881,1245,17538,
269.5051523877088,80339,881,1244,17539,
269.50540078644264,80338,882,1244,17539,
269.5108672678696,80337,883,1244,17539,
269.51133308175156,80336,884,1244,17539,
269.514394053363,80336,884,1243,17540,
269.5185031527369,80336,884,1242,17541,
269.51927745727943,80336,883,1243,17541,
269.5212118906943,80336,882,1244,17541,
269.5219504906983,80335,883,1244,17541,
269.52195391851757,80335,883,1243,17542,
269.52300168978087,80335,882,1244,17542,
269.52313387571513,80335,881,1245,17542,
269.5275737885105,80334,882,1245,17542,
269.52913213889326,80334,881,1246,17542,
269.5298791682595,80334,880,1247,17542,
269.5455140651837,80333,881,1247,17542,
269.5482771126075,80333,881,1246,17543,
269.54859242724615,80333,881,1245,17544,
269.55092848847994,80332,882,1245,17544,
269.5513076828252,80332,881,1246,17544,
269.55353815625745,80332,880,1247,17544,
269.55462488253653,80332,880,1246,17545,
269.5548104391162,80331,881,1246,17545,
269.5556110062901,80331,880,1247,17545,
269.5559714100056,80330,881,1247,17545,
269.5565693695245,80330,881,1246,17546,
269.5567715080578,80330,881,1245,17547,
269.56000938248957,80329,882,1245,17547,
269.56044449866295,80329,882,1244,17548,
269.5637129627332,80329,881,1245,17548,
269.5660199682339,80329,880,1246,17548,
269.56639516755916,80329,879,1247,17548,
269.56889807645314,80328,880,1247,17548,
269.56890536256554,80328,880,1246,17549,
269.57412164674696,80328,879,1247,17549,
269.57618092753916,80328,879,1246,17550,
269.57962007069943,80328,879,1245,17551,
269.58542538503883,80327,880,1245,17551,
269.5864492186786,80326,881,1245,17551,
269.5866124052756,80326,880,1246,17551,
269.58692072635887,80325,881,1246,17551,
269.5896017662238,80325,880,1247,17551,
269.59345945377714,80324,881,1247,17551,
269.5938836979281,80323,882,1247,17551,
269.5944860897637,80323,881,1248,17551,
269.59527092601184,80323,880,1249,17551,
269.5982283912881,80323,880,1248,17552,
269.5998137022771,80322,881,1248,17552,
269.6027338495467,80322,881,1247,17553,
269.6045593123375,80322,881,1246,17554,
269.6065125438591,80322,881,1245,17555,
269.6072407709865,80322,881,1244,17556,
269.60829514647764,80322,881,1243,17557,
269.6116999386852,80322,880,1244,17557,
269.6143764453745,80321,881,1244,17557,
269.6153476374784,80320,882,1244,17557,
269.6186128010737,80319,883,1244,17557,
269.6202191050561,80319,882,1245,17557,
269.6209843358511,80319,882,1244,17558,
269.6212520187887,80318,883,1244,17558,
269.62159122017783,80317,884,1244,17558,
269.6219716238722,80317,883,1245,17558,
269.62402631283004,80316,884,1245,17558,
269.6240908483527,80316,883,1246,17558,
269.62870674844095,80315,884,1246,17558,
269.63218499936426,80314,885,1246,17558,
269.6355252717057,80314,885,1245,17559,
269.63685165015863,80313,886,1245,17559,
269.6408879547675,80312,887,1245,17559,
269.6411069612659,80312,886,1246,17559,
269.64207624018684,80311,887,1246,17559,
269.64953896929455,80311,886,1247,17559,
269.6496492812953,80311,886,1246,17560,
269.6498988431204,80311,886,1245,17561,
269.6514128913642,80311,885,1246,17561,
269.65822522086455,80311,884,1247,17561,
269.6642350066697,80310,885,1247,17561,
269.6674327535512,80309,886,1247,17561,
269.66832053586745,80309,886,1246,17562,
269.6683694224639,80309,885,1247,17562,
269.6731792455554,80308,886,1247,17562,
269.67380314685136,80308,886,1246,17563,
269.6748338634947,80307,887,1246,17563,
269.67540962048986,80306,888,1246,17563,
269.6772217301133,80306,888,1245,17564,
269.6778009153298,80305,889,1245,17564,
269.67946429275037,80305,889,1244,17565,
269.68044772317637,80305,889,1243,17566,
269.6825741957097,80304,890,1243,17566,
269.68578202380263,80304,889,1244,17566,
269.68735863699726,80304,889,1243,17567,
269.6909161798603,80304,888,1244,17567,
269.6912562242439,80304,887,1245,17567,
269.69197061052137,80303,888,1245,17567,
269.69271962935755,80303,888,1244,17568,
269.6975232246566,80303,887,1245,17568,
269.69791644912823,80303,887,1244,17569,
269.69929112127915,80303,887,1243,17570,
269.69949011175936,80303,886,1244,17570,
269.7023845761079,80303,885,1245,17570,
269.70260583981764,80302,886,1245,17570,
269.7068044140736,80302,885,1246,17570,
269.7073280392971,80302,884,1247,17570,
269.70764323723733,80302,883,1248,17570,
269.70902715083076,80301,884,1248,17570,
269.71285233404535,80300,885,1248,17570,
269.7214962659099,80300,884,1249,17570,
269.72303538391964,80300,883,1250,17570,
269.72722644102083,80300,882,1251,17570,
269.7275049620501,80300,881,1252,17570,
269.72759779655473,80300,880,1253,17570,
269.7292263325374,80299,881,1253,17570,
269.72938190436463,80299,880,1254,17570,
269.7357667848023,80299,879,1255,17570,
269.7391784325086,80298,880,1255,17570,
269.7394728919362,80298,880,1254,17571,
269.7396148928314,80298,880,1253,17572,
269.7403067629978,80297,881,1253,17572,
269.7464910470639,80296,882,1253,17572,
269.7467060217753,80295,883,1253,17572,
269.75350956174975,80295,882,1254,17572,
269.7542497144711,80294,883,1254,17572,
269.75461585561635,80294,882,1255,17572,
269.75577773809755,80293,883,1255,17572,
269.7557916558002,80293,882,1256,17572,
269.7569581254236,80292,883,1256,17572,
269.75767205850804,80292,882,1257,17572,
269.762739234086,80291,883,1257,17572,
269.7642463015888,80291,882,1258,17572,
269.76511451599043,80291,881,1259,17572,
269.76546147786075,80290,882,1259,17572,
269.7688199814079,80290,881,1260,17572,
269.77543123926876,80290,880,1261,17572,
269.77619895778577,80290,879,1262,17572,
269.78094835131304,80289,880,1262,17572,
269.78201128629973,80289,879,1263,17572,
269.7848328575084,80289,878,1264,17572,
269.7865519843506,80288,879,1264,17572,
269.79001007703215,80287,880,1264,17572,
269.7939931632191,80286,881,1264,17572,
269.79622124104407,80286,880,1265,17572,
269.7978364275618,80286,879,1266,17572,
269.79865081236744,80285,880,1266,17572,
269.7994473160754,80285,880,1265,17573,
269.80192109532595,80285,879,1266,17573,
269.80193560706596,80285,878,1267,17573,
269.80291746994357,80284,879,1267,17573,
269.80401102954335,80284,879,1266,17574,
269.804543122996,80283,880,1266,17574,
269.8047106563665,80283,880,1265,17575,
269.80643615777177,80283,879,1266,17575,
269.8112958117164,80282,880,1266,17575,
269.8131375936214,80281,881,1266,17575,
269.8143914650192,80281,880,1267,17575,
269.8146066984826,80281,880,1266,17576,
269.81651493190606,80281,880,1265,17577,
269.81688916702376,80281,879,1266,17577,
269.8187106256329,80280,880,1266,17577,
269.8192049071886,80280,879,1267,17577,
269.8192651316119,80280,878,1268,17577,
269.8192695644152,80279,879,1268,17577,
269.81990903337373,80279,879,1267,17578,
269.8213797344833,80278,880,1267,17578,
269.8214361390519,80277,881,1267,17578,
269.82209956830314,80277,881,1266,17579,
269.82326579448744,80277,880,1267,17579,
269.8298595285109,80276,881,1267,17579,
269.83099499859173,80276,881,1266,17580,
269.8318436264109,80276,881,1265,17581,
269.83277013156476,80275,882,1265,17581,
269.83348555425755,80275,882,1264,17582,
269.83445999903745,80275,882,1263,17583,
269.83614428014675,80275,882,1262,17584,
269.837162328963,80274,883,1262,17584,
269.84026956701194,80274,882,1263,17584,
269.8427605338717,80274,882,1262,17585,
269.8481876852022,80273,883,1262,17585,
269.8499964521132,80273,883,1261,17586,
269.8541157021249,80272,884,1261,17586,
269.85531582543354,80272,884,1260,17587,
269.85574745972224,80272,883,1261,17587,
269.8571130688956,80272,883,1260,17588,
269.8585765771122,80272,882,1261,17588,
269.859176728189,80272,882,1260,17589,
269.8593989063421,80272,882,1259,17590,
269.8606780985032,80271,883,1259,17590,
269.8618007139226,80271,882,1260,17590,
269.8626651628168,80270,883,1260,17590,
269.86286374711864,80269,884,1260,17590,
269.86476030053433,80269,883,1261,17590,
269.8652059565425,80269,882,1262,17590,
269.865499712825,80269,881,1263,17590,
269.8658025100271,80268,882,1263,17590,
269.86841154420085,80268,881,1264,17590,
269.8704686718427,80267,882,1264,17590,
269.87227323232963,80267,882,1263,17591,
269.8769053270366,80266,883,1263,17591,
269.8769108584586,80265,884,1263,17591,
269.87740908991435,80265,884,1262,17592,
269.87754297827973,80265,884,1261,17593,
269.8797750170703,80265,884,1260,17594,
269.881757853552,80264,885,1260,17594,
269.8829258679203,80264,884,1261,17594,
269.8840627836478,80263,885,1261,17594,
269.890046474479,80263,885,1260,17595,
269.89055369464216,80263,884,1261,17595,
269.8907907698077,80263,884,1260,17596,
269.8911460331749,80263,883,1261,17596,
269.8944202888125,80262,884,1261,17596,
269.90151364669964,80262,884,1260,17597,
269.90542032141764,80262,884,1259,17598,
269.90552422843916,80262,884,1258,17599,
269.9073343098232,80261,885,1258,17599,
269.9089821088632,80261,885,1257,17600,
269.9113130315001,80260,886,1257,17600,
269.916409712082,80260,886,1256,17601,
269.91681712605236,80259,887,1256,17601,
269.91716661594484,80259,887,1255,17602,
269.9214948548328,80259,886,1256,17602,
269.9217788147793,80259,886,1255,17603,
269.92999979796605,80259,885,1256,17603,
269.93068100812593,80259,884,1257,17603,
269.9343091907743,80258,885,1257,17603,
269.93432522500507,80258,885,1256,17604,
269.9353430528406,80258,885,1255,17605,
269.93730116204756,80258,885,1254,17606,
269.937384130226,80257,886,1254,17606,
269.9384701798602,80256,887,1254,17606,
269.9405031174474,80256,887,1253,17607,
269.94093878734145,80255,888,1253,17607,
269.9469234246308,80255,887,1254,17607,
269.94929096883425,80255,886,1255,17607,
269.9509373071848,80255,886,1254,17608,
269.9520215789124,80255,886,1253,17609,
269.9532721982783,80255,886,1252,17610,
269.9557194418573,80255,885,1253,17610,
269.9606107838413,80254,886,1253,17610,
269.96552039894414,80254,885,1254,17610,
269.96663454654464,80253,886,1254,17610,
269.967732428424,80252,887,1254,17610,
269.9687803512896,80251,888,1254,17610,
269.96930381647525,80251,888,1253,17611,
269.9757642009139,80251,887,1254,17611,
269.9764492286152,80251,886,1255,17611,
269.97693738726196,80251,886,1254,17612,
269.97698261837934,80250,887,1254,17612,
269.97909065566125,80249,888,1254,17612,
269.98074094416626,80249,888,1253,17613,
269.98982152850135,80248,889,1253,17613,
269.9905477609477,80248,889,1252,17614,
269.9912747870015,80248,889,1251,17615,
269.99275180447125,80248,888,1252,17615,
269.9951598952439,80247,889,1252,17615,
269.9982030086361,80247,888,1253,17615,
269.9997529896624,80246,889,1253,17615,
270.00020445928556,80246,889,1252,17616,
270.0007033196449,80246,888,1253,17616,
270.00221523219847,80246,888,1252,17617,
270.00632237176245,80246,887,1253,17617,
270.00761324159276,80245,888,1253,17617,
270.01087997813653,80245,888,1252,17618,
270.0125456259924,80245,887,1253,17618,
270.01480674239053,80245,886,1254,17618,
270.01654747608393,80244,887,1254,17618,
270.0171566765062,80244,886,1255,17618,
270.02089081579254,80244,886,1254,17619,
270.0218599536348,80244,886,1253,17620,
270.02214607762386,80244,885,1254,17620,
270.0228362478938,80244,884,1255,17620,
270.0228469061607,80243,885,1255,17620,
270.0233322795919,80242,886,1255,17620,
270.02352727793544,80242,885,1256,17620,
270.0235465025136,80242,885,1255,17621,
270.02691587906446,80242,884,1256,17621,
270.02739345181703,80242,883,1257,17621,
270.0292087913499,80242,882,1258,17621,
270.02958721469656,80242,881,1259,17621,
270.0302300275065,80242,880,1260,17621,
270.0308765561332,80242,880,1259,17622,
270.03175922422025,80241,881,1259,17622,
270.037542477814,80240,882,1259,17622,
270.04196234678756,80239,883,1259,17622,
270.0432928043369,80239,883,1258,17623,
270.04421802570806,80238,884,1258,17623,
270.0457642734405,80238,883,1259,17623,
270.04657754794516,80237,884,1259,17623,
270.0468346604024,80237,883,1260,17623,
270.04719811648675,80236,884,1260,17623,
270.04782573429696,80235,885,1260,17623,
270.04791229175487,80235,884,1261,17623,
270.0484118929986,80235,883,1262,17623,
270.04855941567604,80235,883,1261,17624,
270.0512715427063,80235,883,1260,17625,
270.0527338487761,80235,882,1261,17625,
270.0530058281625,80234,883,1261,17625,
270.05560297305004,80233,884,1261,17625,
270.05603568215446,80233,883,1262,17625,
270.0602503306189,80232,884,1262,17625,
270.0632801274965,80232,883,1263,17625,
270.0653163145713,80231,884,1263,17625,
270.067489832666,80230,885,1263,17625,
270.06852435933854,80230,884,1264,17625,
270.0695065735689,80230,884,1263,17626,
270.07544248049163,80230,884,1262,17627,
270.07560142986125,80230,884,1261,17628,
270.07847609719846,80230,883,1262,17628,
270.0823744254199,80229,884,1262,17628,
270.0829477623539,80229,883,1263,17628,
270.0839797638525,80229,883,1262,17629,
270.0886003720797,80229,883,1261,17630,
270.090469709223,80229,883,1260,17631,
270.09621417411546,80229,883,1259,17632,
270.1018952669001,80229,882,1260,17632,
270.10505284811177,80229,882,1259,17633,
270.10645084062315,80228,883,1259,17633,
270.1070992345357,80228,882,1260,17633,
270.11178037122215,80227,883,1260,17633,
270.11184347795626,80226,884,1260,17633,
270.11416893225436,80226,884,1259,17634,
270.11845789347336,80226,884,1258,17635,
270.1202393915515,80225,885,1258,17635,
270.120645338354,80225,885,1257,17636,
270.1226006665435,80225,884,1258,17636,
270.1227525161804,80225,884,1257,17637,
270.1228249438769,80225,883,1258,17637,
270.12459399226276,80225,883,1257,17638,
270.1270864104387,80225,882,1258,17638,
270.13226015974845,80224,883,1258,17638,
270.13248952273653,80224,882,1259,17638,
270.1327016572629,80223,883,1259,17638,
270.13315716289867,80222,884,1259,17638,
270.13495048249194,80221,885,1259,17638,
270.1370894730078,80220,886,1259,17638,
270.1403668901135,80220,885,1260,17638,
270.14312865550403,80219,886,1260,17638,
270.14568003292135,80219,886,1259,17639,
270.14995420059546,80219,885,1260,17639,
270.1514671443843,80219,885,1259,17640,
270.1524648293182,80219,885,1258,17641,
270.1527788941215,80219,884,1259,17641,
270.1544798181118,80218,885,1259,17641,
270.15569733671686,80218,885,1258,17642,
270.1605913421518,80218,884,1259,17642,
270.1615621224076,80218,883,1260,17642,
270.1621060153842,80218,882,1261,17642,
270.1652952376133,80217,883,1261,17642,
270.16812001072793,80216,884,1261,17642,
270.1699971010744,80215,885,1261,17642,
270.17449066317033,80214,886,1261,17642,
270.17573879851284,80214,886,1260,17643,
270.1758892050105,80214,886,1259,17644,
270.18138603123504,80214,886,1258,17645,
270.1835142998817,80213,887,1258,17645,
270.18358743084974,80212,888,1258,17645,
270.1843079651325,80212,888,1257,17646,
270.1843544584884,80211,889,1257,17646,
270.18447580344764,80210,890,1257,17646,
270.18777357948926,80209,891,1257,17646,
270.1910686779259,80209,890,1258,17646,
270.19249255352645,80208,891,1258,17646,
270.1964708282352,80207,892,1258,17646,
270.2060628536128,80207,891,1259,17646,
270.208968735193,80207,891,1258,17647,
270.2106321450032,80207,890,1259,17647,
270.2113339182806,80206,891,1259,17647,
270.21147206034703,80206,891,1258,17648,
270.21311039696104,80206,891,1257,17649,
270.2132070108958,80206,890,1258,17649,
270.21346400393725,80206,889,1259,17649,
270.2198185466757,80205,890,1259,17649,
270.2205255219913,80205,889,1260,17649,
270.2206834399302,80205,889,1259,17650,
270.221022859611,80204,890,1259,17650,
270.2242994496008,80203,891,1259,17650,
270.2250302265588,80203,890,1260,17650,
270.22509534622066,80203,889,1261,17650,
270.228833386259,80202,890,1261,17650,
270.23067105206826,80202,889,1262,17650,
270.2331745666585,80202,888,1263,17650,
270.23375906716285,80202,888,1262,17651,
270.23389863509425,80201,889,1262,17651,
270.23696573569055,80201,889,1261,17652,
270.2378597573616,80201,888,1262,17652,
270.23836764727247,80200,889,1262,17652,
270.23884989110803,80200,889,1261,17653,
270.24105612979866,80199,890,1261,17653,
270.24753470746845,80199,890,1260,17654,
270.2517336768438,80198,891,1260,17654,
270.25183988256504,80198,891,1259,17655,
270.2559854807966,80198,890,1260,17655,
270.2600556571776,80198,889,1261,17655,
270.26013851311984,80198,888,1262,17655,
270.2628262943583,80198,887,1263,17655,
270.2633362213412,80198,886,1264,17655,
270.26397775176895,80197,887,1264,17655,
270.2655799203267,80197,886,1265,17655,
270.26575170672953,80197,886,1264,17656,
270.2659237953452,80196,887,1264,17656,
270.2661360173919,80196,887,1263,17657,
270.2690184269569,80195,888,1263,17657,
270.2701414501379,80194,889,1263,17657,
270.27047082213403,80194,889,1262,17658,
270.27187150627316,80194,889,1261,17659,
270.2767767577356,80193,890,1261,17659,
270.2775501451482,80193,889,1262,17659,
270.27811709673375,80192,890,1262,17659,
270.28028731823935,80192,889,1263,17659,
270.2804610263271,80192,888,1264,17659,
270.28083666275074,80192,887,1265,17659,
270.28113939092077,80192,886,1266,17659,
270.28775077051785,80191,887,1266,17659,
270.2890557066301,80190,888,1266,17659,
270.29054003934294,80189,889,1266,17659,
270.29084870547086,80189,889,1265,17660,
270.2919731966161,80188,890,1265,17660,
270.2942783624756,80187,891,1265,17660,
270.2949279405913,80187,890,1266,17660,
270.29811720345384,80187,889,1267,17660,
270.30085427127847,80187,889,1266,17661,
270.3036458919089,80187,889,1265,17662,
270.3047315421274,80187,888,1266,17662,
270.3115190537745,80186,889,1266,17662,
270.31522080201427,80186,889,1265,17663,
270.3156118165773,80185,890,1265,17663,
270.3160612208926,80185,889,1266,17663,
270.3201543767262,80185,889,1265,17664,
270.32133881895595,80185,888,1266,17664,
270.32158743383036,80185,887,1267,17664,
270.3219941857318,80185,886,1268,17664,
270.32287271198004,80185,885,1269,17664,
270.32621471167556,80185,885,1268,17665,
270.32705283716297,80185,884,1269,17665,
270.32835117571193,80185,883,1270,17665,
270.32882360941807,80184,884,1270,17665,
270.3300256049836,80184,883,1271,17665,
270.33068208902733,80183,884,1271,17665,
270.33331705395284,80183,883,1272,17665,
270.3353038817299,80182,884,1272,17665,
270.3383421423074,80181,885,1272,17665,
270.33914671715837,80180,886,1272,17665,
270.3428560382419,80180,886,1271,17666,
270.34399455447306,80179,887,1271,17666,
270.3444789905536,80179,887,1270,17667,
270.3476000885121,80179,886,1271,17667,
270.35260840326833,80178,887,1271,17667,
270.35446913652413,80178,887,1270,17668,
270.3563264186704,80177,888,1270,17668,
270.35792154950053,80177,888,1269,17669,
270.35829566162624,80177,888,1268,17670,
270.35899058628274,80177,888,1267,17671,
270.36323311314,80177,887,1268,17671,
270.3647990799494,80176,888,1268,17671,
270.36717883843966,80176,887,1269,17671,
270.3672651842106,80176,887,1268,17672,
270.36950996145583,80175,888,1268,17672,
270.370985052061,80175,888,1267,17673,
270.37284015583725,80174,889,1267,17673,
270.37743973923483,80174,888,1268,17673,
270.3780739159398,80174,887,1269,17673,
270.37839768470775,80173,888,1269,17673,
270.37885374456766,80173,887,1270,17673,
270.3799128914844,80173,886,1271,17673,
270.3806117114895,80173,885,1272,17673,
270.3835263663846,80173,885,1271,17674,
270.3845616585653,80172,886,1271,17674,
270.38513000226044,80171,887,1271,17674,
270.38559947348847,80170,888,1271,17674,
270.3870068331256,80169,889,1271,17674,
270.38879563194735,80169,888,1272,17674,
270.39318211690556,80169,887,1273,17674,
270.39348941175456,80169,887,1272,17675,
270.39615447621304,80169,886,1273,17675,
270.40383104180006,80168,887,1273,17675,
270.40616267742627,80168,887,1272,17676,
270.40792410763333,80167,888,1272,17676,
270.409599095374,80167,888,1271,17677,
270.41047874398,80167,888,1270,17678,
270.4133321753735,80167,888,1269,17679,
270.4147574587107,80167,887,1270,17679,
270.4178359460163,80167,886,1271,17679,
270.41891215654897,80167,886,1270,17680,
270.4194105910077,80167,885,1271,17680,
270.4197802626218,80167,884,1272,17680,
270.4202831443539,80167,884,1271,17681,
270.4218892872374,80167,884,1270,17682,
270.42307051991673,80167,884,1269,17683,
270.42347803955107,80166,885,1269,17683,
270.43347011746107,80166,885,1268,17684,
270.4342584836824,80166,885,1267,17685,
270.436650354464,80166,885,1266,17686,
270.4380690209295,80165,886,1266,17686,
270.4380800233324,80165,886,1265,17687,
270.43911732797596,80165,885,1266,17687,
270.44221550502965,80165,885,1265,17688,
270.44539859213154,80165,884,1266,17688,
270.44681831126945,80165,883,1267,17688,
270.4471248207494,80165,882,1268,17688,
270.4510602784877,80165,881,1269,17688,
270.45157418666923,80165,881,1268,17689,
270.45652966138294,80165,880,1269,17689,
270.45747338584374,80165,879,1270,17689,
270.45794380361633,80165,879,1269,17690,
270.4587393543261,80165,878,1270,17690,
270.46503678750855,80165,877,1271,17690,
270.4674617844416,80165,877,1270,17691,
270.4677332808221,80164,878,1270,17691,
270.46827689877523,80164,878,1269,17692,
270.4718181276756,80163,879,1269,17692,
270.4754965418933,80162,880,1269,17692,
270.4763554136093,80161,881,1269,17692,
270.47674040279963,80161,880,1270,17692,
270.47755281738944,80160,881,1270,17692,
270.47900672945445,80160,880,1271,17692,
270.4808732196547,80159,881,1271,17692,
270.48119436803,80159,881,1270,17693,
270.48248639577037,80158,882,1270,17693,
270.4841395623193,80158,881,1271,17693,
270.48514560898946,80157,882,1271,17693,
270.4897572052019,80156,883,1271,17693,
270.49056000608743,80155,884,1271,17693,
270.49117186995875,80155,884,1270,17694,
270.4931447788318,80154,885,1270,17694,
270.49411934490615,80154,885,1269,17695,
270.49441599269056,80154,884,1270,17695,
270.49539343400863,80154,884,1269,17696,
270.4955005181408,80153,885,1269,17696,
270.4956791886776,80153,885,1268,17697,
270.49778359170335,80153,884,1269,17697,
270.498344806735,80152,885,1269,17697,
270.5006792753868,80151,886,1269,17697,
270.5048135338534,80151,886,1268,17698,
270.50658301936693,80151,886,1267,17699,
270.5075291384192,80151,886,1266,17700,
270.50777599727314,80150,887,1266,17700,
270.50803578229153,80150,887,1265,17701,
270.50846643864827,80150,887,1264,17702,
270.50911844886605,80149,888,1264,17702,
270.50912935177286,80148,889,1264,17702,
270.5105839746129,80148,888,1265,17702,
270.51217406947615,80148,888,1264,17703,
270.51416187904357,80147,889,1264,17703,
270.51488332498275,80147,888,1265,17703,
270.5173841733886,80146,889,1265,17703,
270.51850854404597,80145,890,1265,17703,
270.5208116737502,80145,890,1264,17704,
270.52293296047594,80145,889,1265,17704,
270.5234519155824,80144,890,1265,17704,
270.524603066141,80144,890,1264,17705,
270.5248133905768,80143,891,1264,17705,
270.5270745233039,80142,892,1264,17705,
270.5271235655197,80142,891,1265,17705,
270.52855677297447,80141,892,1265,17705,
270.5285822085475,80141,891,1266,17705,
270.52866441243407,80140,892,1266,17705,
270.52902204826114,80139,893,1266,17705,
270.5291462824624,80139,893,1265,17706,
270.53025808736976,80139,892,1266,17706,
270.5306424866895,80138,893,1266,17706,
270.5374696485279,80138,893,1265,17707,
270.53860397713686,80137,894,1265,17707,
270.5400728593038,80137,893,1266,17707,
270.5415411670318,80136,894,1266,17707,
270.5469540603499,80136,893,1267,17707,
270.54917142673696,80136,893,1266,17708,
270.54962959705915,80135,894,1266,17708,
270.5541493357527,80134,895,1266,17708,
270.5547479553124,80133,896,1266,17708,
270.5576572079983,80133,896,1265,17709,
270.5586813207775,80133,895,1266,17709,
270.55868768126646,80132,896,1266,17709,
270.563530258495,80132,895,1267,17709,
270.5659199067,80131,896,1267,17709,
270.56672340253584,80131,895,1268,17709,
270.5672692390219,80130,896,1268,17709,
270.5686170721935,80129,897,1268,17709,
270.57142329880276,80129,897,1267,17710,
270.57346049003246,80129,896,1268,17710,
270.57414545914276,80129,895,1269,17710,
270.57489263624484,80128,896,1269,17710,
270.57545734054025,80127,897,1269,17710,
270.5765888134754,80127,896,1270,17710,
270.5851907549819,80127,896,1269,17711,
270.5889818005201,80127,895,1270,17711,
270.58957692017884,80126,896,1270,17711,
270.5906489267421,80125,897,1270,17711,
270.5934928799122,80124,898,1270,17711,
270.595853689102,80124,898,1269,17712,
270.59595892439614,80124,898,1268,17713,
270.59756298662415,80123,899,1268,17713,
270.59758494913166,80123,898,1269,17713,
270.59904835097757,80123,898,1268,17714,
270.60230365784304,80123,897,1269,17714,
270.60425269817165,80123,897,1268,17715,
270.6043974216534,80122,898,1268,17715,
270.6082638539305,80122,897,1269,17715,
270.60864744273164,80122,897,1268,17716,
270.60926681197634,80122,897,1267,17717,
270.6112628123024,80122,897,1266,17718,
270.6126287231922,80121,898,1266,17718,
270.6150968434345,80120,899,1266,17718,
270.6160426268697,80119,900,1266,17718,
270.6164027276408,80119,899,1267,17718,
270.61728419269707,80118,900,1267,17718,
270.618079145081,80118,900,1266,17719,
270.61897771980193,80118,900,1265,17720,
270.6193414603392,80118,900,1264,17721,
270.6204600790012,80117,901,1264,17721,
270.6205265133886,80117,900,1265,17721,
270.6217881088199,80117,900,1264,17722,
270.6267835738972,80117,900,1263,17723,
270.63315523457806,80116,901,1263,17723,
270.6343110208022,80116,900,1264,17723,
270.63526296217543,80116,899,1265,17723,
270.6355280334189,80116,899,1264,17724,
270.6396837737354,80116,898,1265,17724,
270.65133762663623,80115,899,1265,17724,
270.65159733069765,80115,899,1264,17725,
270.6550585711119,80114,900,1264,17725,
270.6570081211665,80114,900,1263,17726,
270.65823123136266,80114,899,1264,17726,
270.6602479242522,80114,899,1263,17727,
270.66156859761116,80113,900,1263,17727,
270.66240873791185,80112,901,1263,17727,
270.66429208271563,80112,900,1264,17727,
270.6655580350472,80112,899,1265,17727,
270.6668924201509,80111,900,1265,17727,
270.6674963942361,80110,901,1265,17727,
270.671047747121,80109,902,1265,17727,
270.6731854844113,80108,903,1265,17727,
270.6739417817603,80108,903,1264,17728,
270.6744610210498,80108,902,1265,17728,
270.6747804683059,80107,903,1265,17728,
270.6758394415151,80107,902,1266,17728,
270.67677092077287,80106,903,1266,17728,
270.6771156387737,80106,902,1267,17728,
270.6797309476696,80106,901,1268,17728,
270.6803131842341,80105,902,1268,17728,
270.6819978131822,80105,901,1269,17728,
270.6822511664134,80105,901,1268,17729,
270.6827713718526,80104,902,1268,17729,
270.6829426369467,80104,902,1267,17730,
270.683244724923,80104,902,1266,17731,
270.68350183328823,80104,902,1265,17732,
270.68512824630227,80104,902,1264,17733,
270.6856917304175,80104,901,1265,17733,
270.68703433771697,80104,901,1264,17734,
270.68715610553903,80104,900,1265,17734,
270.69141010188264,80104,900,1264,17735,
270.6944960296765,80103,901,1264,17735,
270.6977179610176,80103,901,1263,17736,
270.70114556547566,80103,900,1264,17736,
270.70134512186735,80103,899,1265,17736,
270.70148357853367,80103,899,1264,17737,
270.70237526865503,80103,898,1265,17737,
270.7054559974453,80102,899,1265,17737,
270.7060146656394,80102,899,1264,17738,
270.70861043769594,80102,899,1263,17739,
270.7120284913848,80101,900,1263,17739,
270.7137899755583,80101,899,1264,17739,
270.7159961468818,80101,899,1263,17740,
270.7176354517122,80100,900,1263,17740,
270.717861500246,80100,899,1264,17740,
270.7196222356489,80100,898,1265,17740,
270.72046879091357,80099,899,1265,17740,
270.72292789503757,80099,898,1266,17740,
270.7244144312468,80099,897,1267,17740,
270.72545389720034,80099,897,1266,17741,
270.7259392511798,80099,896,1267,17741,
270.7315949606976,80098,897,1267,17741,
270.7326317770017,80098,896,1268,17741,
270.74042640402706,80097,897,1268,17741,
270.7411387490524,80096,898,1268,17741,
270.7412113574136,80096,897,1269,17741,
270.746418201301,80096,896,1270,17741,
270.74891662228623,80096,896,1269,17742,
270.75231929298997,80096,896,1268,17743,
270.7532626624248,80095,897,1268,17743,
270.75813870337134,80094,898,1268,17743,
270.7585536392916,80094,898,1267,17744,
270.7662570618109,80093,899,1267,17744,
270.76633102991156,80093,899,1266,17745,
270.7700009238763,80092,900,1266,17745,
270.77208323412077,80091,901,1266,17745,
270.7745684732033,80091,901,1265,17746,
270.77493797053387,80091,901,1264,17747,
270.7779653308652,80091,900,1265,17747,
270.77836517732885,80091,900,1264,17748,
270.7785152623039,80091,900,1263,17749,
270.78002541282063,80091,899,1264,17749,
270.78171471952885,80091,899,1263,17750,
270.78499714686393,80091,898,1264,17750,
270.78545956119694,80091,897,1265,17750,
270.78668407107824,80091,896,1266,17750,
270.7904738831603,80090,897,1266,17750,
270.7943546787572,80090,897,1265,17751,
270.7949271921626,80090,897,1264,17752,
270.7954253063007,80089,898,1264,17752,
270.79560150736904,80089,898,1263,17753,
270.7967049376752,80088,899,1263,17753,
270.7984182233049,80087,900,1263,17753,
270.805625627697,80087,899,1264,17753,
270.80666005364856,80087,898,1265,17753,
270.80676744598065,80087,898,1264,17754,
270.80913334111546,80086,899,1264,17754,
270.80978825112635,80086,899,1263,17755,
270.8100111835932,80085,900,1263,17755,
270.8121968398166,80085,899,1264,17755,
270.81361309423244,80084,900,1264,17755,
270.81672077101393,80084,900,1263,17756,
270.8194474990141,80084,900,1262,17757,
270.82259067014024,80084,899,1263,17757,
270.8227810370886,80083,900,1263,17757,
270.8241258886398,80083,899,1264,17757,
270.8262037667637,80083,898,1265,17757,
270.829553186611,80083,897,1266,17757,
270.8331019836541,80083,896,1267,17757,
270.8339738523914,80083,896,1266,17758,
270.8340464533984,80083,896,1265,17759,
270.83949177461096,80083,895,1266,17759,
270.8448658252761,80082,896,1266,17759,
270.8455843887791,80082,896,1265,17760,
270.84559807856516,80082,895,1266,17760,
270.8457439376194,80081,896,1266,17760,
270.8467110704435,80080,897,1266,17760,
270.85176189451596,80079,898,1266,17760,
270.8525643835102,80078,899,1266,17760,
270.8581529987123,80077,900,1266,17760,
270.8616885956484,80077,899,1267,17760,
270.86392073198977,80076,900,1267,17760,
270.8639236602313,80075,901,1267,17760,
270.86459227521135,80075,900,1268,17760,
270.8670207819441,80075,900,1267,17761,
270.8688659808488,80075,900,1266,17762,
270.86972354268823,80075,899,1267,17762,
270.87008266013436,80075,898,1268,17762,
270.8721368530416,80074,899,1268,17762,
270.8735360229336,80074,898,1269,17762,
270.87459096362704,80073,899,1269,17762,
270.8748198420593,80072,900,1269,17762,
270.8758195883974,80071,901,1269,17762,
270.87661070983785,80071,900,1270,17762,
270.8807366724324,80071,899,1271,17762,
270.88135700234443,80070,900,1271,17762,
270.881517874328,80070,899,1272,17762,
270.88594961533573,80070,899,1271,17763,
270.8958833400548,80070,899,1270,17764,
270.8961711696763,80070,899,1269,17765,
270.901472766483,80069,900,1269,17765,
270.9104116871356,80068,901,1269,17765,
270.9106479213608,80068,901,1268,17766,
270.9110926747905,80067,902,1268,17766,
270.9112583882472,80067,901,1269,17766,
270.9149876312011,80067,900,1270,17766,
270.9155823762416,80066,901,1270,17766,
270.91667111110945,80066,901,1269,17767,
270.91726889416645,80066,901,1268,17768,
270.9179358279076,80066,900,1269,17768,
270.9181749679063,80065,901,1269,17768,
270.9210324880814,80065,900,1270,17768,
270.9225126801787,80065,900,1269,17769,
270.9242556117882,80064,901,1269,17769,
270.9242925641687,80063,902,1269,17769,
270.9280329774443,80063,901,1270,17769,
270.93254740645256,80062,902,1270,17769,
270.93326457551893,80062,901,1271,17769,
270.9337859482419,80061,902,1271,17769,
270.93798522131385,80060,903,1271,17769,
270.93902889766565,80060,902,1272,17769,
270.93909782404637,80059,903,1272,17769,
270.9395464270669,80059,902,1273,17769,
270.9400882923165,80059,902,1272,17770,
270.94292841100804,80059,901,1273,17770,
270.94308792219124,80058,902,1273,17770,
270.94868633428626,80058,901,1274,17770,
270.95159660353613,80058,900,1275,17770,
270.95200564355684,80058,900,1274,17771,
270.9527483549441,80057,901,1274,17771,
270.95300899829897,80057,901,1273,17772,
270.9538000106856,80057,900,1274,17772,
270.95729551437216,80057,899,1275,17772,
270.96086182745773,80057,899,1274,17773,
270.9619235514046,80057,898,1275,17773,
270.96343759752745,80057,897,1276,17773,
270.96375309311355,80057,896,1277,17773,
270.9677510719607,80057,895,1278,17773,
270.9678252760343,80057,894,1279,17773,
270.96809558717473,80057,893,1280,17773,
270.9680970036815,80056,894,1280,17773,
270.9704076407411,80056,894,1279,17774,
270.97215273287287,80056,894,1278,17775,
270.9724822732686,80056,893,1279,17775,
270.9729695852964,80056,892,1280,17775,
270.97302912717817,80056,891,1281,17775,
270.9740661491778,80056,890,1282,17775,
270.97621527334155,80055,891,1282,17775,
270.9763130500575,80055,891,1281,17776,
270.9764744063668,80055,890,1282,17776,
270.9765070140369,80055,889,1283,17776,
270.9788640211417,80055,889,1282,17777,
270.97935372552405,80055,888,1283,17777,
270.97964709699096,80055,888,1282,17778,
270.98544119120584,80054,889,1282,17778,
270.98955251891846,80053,890,1282,17778,
270.99048835436685,80053,889,1283,17778,
270.99237272823217,80053,889,1282,17779,
270.993273174722,80053,889,1281,17780,
270.99821654277514,80052,890,1281,17780,
271.00180300940156,80051,891,1281,17780,
271.0028326080342,80050,892,1281,17780,
271.0038524401039,80050,892,1280,17781,
271.0069854234166,80050,892,1279,17782,
271.009804181044,80049,893,1279,17782,
271.0131978366917,80049,893,1278,17783,
271.01331087020736,80049,892,1279,17783,
271.0156175766564,80048,893,1279,17783,
271.018715531843,80048,893,1278,17784,
271.02114630887337,80047,894,1278,17784,
271.0227412035886,80046,895,1278,17784,
271.02699542294016,80046,894,1279,17784,
271.0302000303411,80045,895,1279,17784,
271.03086397111855,80045,894,1280,17784,
271.0317937495757,80045,893,1281,17784,
271.0328563541549,80044,894,1281,17784,
271.0346409946056,80044,894,1280,17785,
271.0352318405922,80044,893,1281,17785,
271.0358588037055,80043,894,1281,17785,
271.0370143842321,80043,894,1280,17786,
271.04125424630945,80043,894,1279,17787,
271.0462745763024,80042,895,1279,17787,
271.0467925179594,80042,894,1280,17787,
271.05078900942164,80042,894,1279,17788,
271.05244329085883,80041,895,1279,17788,
271.0550562466434,80040,896,1279,17788,
271.05648994634606,80040,895,1280,17788,
271.0585916265221,80039,896,1280,17788,
271.05969914369695,80038,897,1280,17788,
271.06039429723904,80038,897,1279,17789,
271.06307166130784,80038,896,1280,17789,
271.06388096404305,80037,897,1280,17789,
271.06728598140586,80037,896,1281,17789,
271.0686395772281,80036,897,1281,17789,
271.0738936428075,80036,897,1280,17790,
271.07489741006754,80035,898,1280,17790,
271.07664791763534,80035,897,1281,17790,
271.083789396838,80035,896,1282,17790,
271.08582901875303,80034,897,1282,17790,
271.0872155541676,80033,898,1282,17790,
271.08788699914857,80033,898,1281,17791,
271.0909179548047,80033,898,1280,17792,
271.0916248730119,80033,898,1279,17793,
271.0925834905665,80032,899,1279,17793,
271.093077684103,80032,898,1280,17793,
271.0937846798806,80031,899,1280,17793,
271.0970785501693,80030,900,1280,17793,
271.09947040148353,80029,901,1280,17793,
271.1028003391545,80029,900,1281,17793,
271.1034940270996,80029,900,1280,17794,
271.10739459214824,80029,899,1281,17794,
271.1074500434013,80028,900,1281,17794,
271.10806131307055,80027,901,1281,17794,
271.10869113159987,80027,901,1280,17795,
271.10946668998236,80027,900,1281,17795,
271.1110187424015,80027,899,1282,17795,
271.11378215111205,80027,899,1281,17796,
271.1161277725305,80026,900,1281,17796,
271.1163764890846,80026,900,1280,17797,
271.1176894917519,80026,900,1279,17798,
271.1191733115363,80026,900,1278,17799,
271.12983369826765,80025,901,1278,17799,
271.13023497566786,80025,901,1277,17800,
271.1335527274589,80025,900,1278,17800,
271.1346859822334,80024,901,1278,17800,
271.1346905501342,80024,900,1279,17800,
271.1368203216856,80023,901,1279,17800,
271.1376813460327,80023,900,1280,17800,
271.1397629188001,80023,899,1281,17800,
271.1431168769607,80023,899,1280,17801,
271.14367421772624,80023,898,1281,17801,
271.14442481027476,80023,897,1282,17801,
271.14608216499846,80023,897,1281,17802,
271.1484083497068,80023,897,1280,17803,
271.1484595801056,80022,898,1280,17803,
271.1504328478248,80021,899,1280,17803,
271.15595148914787,80021,898,1281,17803,
271.1593557141084,80021,898,1280,17804,
271.1637463953465,80020,899,1280,17804,
271.1644766206208,80020,899,1279,17805,
271.164663213582,80020,899,1278,17806,
271.16750404852377,80020,898,1279,17806,
271.1677273604715,80020,897,1280,17806,
271.1717417507163,80020,897,1279,17807,
271.1752445570095,80020,896,1280,17807,
271.1784616104839,80020,896,1279,17808,
271.17850225317903,80020,896,1278,17809,
271.1791348232755,80020,896,1277,17810,
271.18060399035284,80019,897,1277,17810,
271.18583086776425,80018,898,1277,17810,
271.1859257408521,80018,897,1278,17810,
271.1883940132597,80017,898,1278,17810,
271.19127590681927,80016,899,1278,17810,
271.1926901286176,80016,899,1277,17811,
271.19399084755594,80016,899,1276,17812,
271.19545596950206,80015,900,1276,17812,
271.19564332315844,80015,900,1275,17813,
271.19627854444127,80014,901,1275,17813,
271.1967202743355,80013,902,1275,17813,
271.1973722330506,80012,903,1275,17813,
271.1976868726051,80012,903,1274,17814,
271.20152318887824,80012,902,1275,17814,
271.20255172368576,80012,902,1274,17815,
271.2032446669313,80012,901,1275,17815,
271.2054470507703,80011,902,1275,17815,
271.2069467203296,80010,903,1275,17815,
271.2127937532582,80010,903,1274,17816,
271.2128443333194,80009,904,1274,17816,
271.213875661169,80009,903,1275,17816,
271.21389106676844,80009,902,1276,17816,
271.2154240698485,80008,903,1276,17816,
271.21696439154874,80008,902,1277,17816,
271.21902017272487,80008,901,1278,17816,
271.22068831300476,80008,900,1279,17816,
271.2223017164598,80007,901,1279,17816,
271.22294424355994,80007,900,1280,17816,
271.22527898400915,80006,901,1280,17816,
271.2258374082699,80006,901,1279,17817,
271.2284936143713,80006,901,1278,17818,
271.2288372412515,80005,902,1278,17818,
271.228912045034,80004,903,1278,17818,
271.23214426393434,80003,904,1278,17818,
271.2328788389325,80003,903,1279,17818,
271.2423278867087,80003,902,1280,17818,
271.244379067918,80002,903,1280,17818,
271.2461686982495,80002,902,1281,17818,
271.2466117513564,80002,902,1280,17819,
271.24786892093,80002,901,1281,17819,
271.2485246387605,80001,902,1281,17819,
271.24853934966416,80000,903,1281,17819,
271.2494331324521,80000,903,1280,17820,
271.2537365590154,80000,903,1279,17821,
271.25407581056527,80000,903,1278,17822,
271.2547248565612,80000,902,1279,17822,
271.25690915696254,80000,902,1278,17823,
271.2615324621746,79999,903,1278,17823,
271.2626232279222,79998,904,1278,17823,
271.26465360400687,79998,904,1277,17824,
271.26709255065225,79997,905,1277,17824,
271.2682072783654,79996,906,1277,17824,
271.26971906793193,79996,906,1276,17825,
271.27120240891253,79996,906,1275,17826,
271.27537289287403,79996,906,1274,17827,
271.28021816724953,79995,907,1274,17827,
271.28261855284427,79995,907,1273,17828,
271.28280196849266,79994,908,1273,17828,
271.2845696494418,79994,907,1274,17828,
271.2853701942746,79994,907,1273,17829,
271.285781812227,79994,907,1272,17830,
271.28669897633506,79994,907,1271,17831,
271.2921854641324,79994,907,1270,17832,
271.29285903586646,79993,908,1270,17832,
271.2962338417567,79992,909,1270,17832,
271.3017916518313,79992,908,1271,17832,
271.30491512269094,79991,909,1271,17832,
271.3051611082829,79990,910,1271,17832,
271.3058961559385,79990,910,1270,17833,
271.3078449763227,79989,911,1270,17833,
271.3093545475873,79989,910,1271,17833,
271.3094262148012,79988,911,1271,17833,
271.3100458360165,79988,910,1272,17833,
271.3160200340401,79988,909,1273,17833,
271.3161241516304,79988,909,1272,17834,
271.31651405076866,79987,910,1272,17834,
271.3195530494781,79987,909,1273,17834,
271.3212943778531,79987,908,1274,17834,
271.3236986030594,79987,907,1275,17834,
271.3281925159228,79986,908,1275,17834,
271.3283359592165,79985,909,1275,17834,
271.33362174469704,79985,909,1274,17835,
271.33526998929875,79985,908,1275,17835,
271.33578021214146,79985,907,1276,17835,
271.33729132817973,79984,908,1276,17835,
271.3400185046443,79984,907,1277,17835,
271.3415855629418,79984,907,1276,17836,
271.3457326015847,79984,907,1275,17837,
271.347303971129,79984,906,1276,17837,
271.34799579531773,79984,905,1277,17837,
271.35019094722225,79983,906,1277,17837,
271.3551004882812,79983,905,1278,17837,
271.3565263471406,79983,905,1277,17838,
271.35994691153456,79982,906,1277,17838,
271.3612709778844,79982,905,1278,17838,
271.36194295998234,79981,906,1278,17838,
271.36258350659284,79981,906,1277,17839,
271.3630559912443,79981,905,1278,17839,
271.3665017446046,79981,905,1277,17840,
271.366739555074,79981,905,1276,17841,
271.37213529985263,79980,906,1276,17841,
271.37338061611615,79980,906,1275,17842,
271.37701721545415,79980,905,1276,17842,
271.38075975067443,79980,905,1275,17843,
271.3846296327062,79980,904,1276,17843,
271.38760966561387,79980,904,1275,17844,
271.389434666448,79979,905,1275,17844,
271.39250222000516,79979,904,1276,17844,
271.39421892298617,79979,904,1275,17845,
271.3992203176865,79979,904,1274,17846,
271.39944268933334,79979,903,1275,17846,
271.3996312216642,79979,903,1274,17847,
271.3998921809414,79979,902,1275,17847,
271.40026342400773,79979,902,1274,17848,
271.4009525506984,79979,901,1275,17848,
271.40127089188286,79978,902,1275,17848,
271.40441794314245,79978,901,1276,17848,
271.40694951564655,79978,900,1277,17848,
271.41181116312254,79978,900,1276,17849,
271.4131240165606,79978,899,1277,17849,
271.4172218497875,79978,899,1276,17850,
271.42271903219967,79977,900,1276,17850,
271.4227641159721,79977,899,1277,17850,
271.4236675431567,79977,899,1276,17851,
271.4260789271463,79976,900,1276,17851,
271.42895355537246,79976,900,1275,17852,
271.44448244021163,79976,899,1276,17852,
271.44839163247315,79976,899,1275,17853,
271.44907397793276,79976,898,1276,17853,
271.4540120705482,79976,898,1275,17854,
271.4541839693906,79976,897,1276,17854,
271.454836334575,79975,898,1276,17854,
271.45621756216366,79975,897,1277,17854,
271.45632333465716,79975,896,1278,17854,
271.45657637257267,79975,895,1279,17854,
271.4600970178289,79975,895,1278,17855,
271.4611409314776,79975,895,1277,17856,
271.4641768873239,79975,895,1276,17857,
271.4646784032921,79974,896,1276,17857,
271.4670125411438,79973,897,1276,17857,
271.47482349607105,79973,896,1277,17857,
271.47670015807086,79973,895,1278,17857,
271.4843505261157,79973,894,1279,17857,
271.49046903805197,79973,893,1280,17857,
271.4915689482187,79973,893,1279,17858,
271.49230257052267,79973,892,1280,17858,
271.49250137963014,79972,893,1280,17858,
271.4941145869571,79972,893,1279,17859,
271.49434182981696,79971,894,1279,17859,
271.4956863908243,79970,895,1279,17859,
271.49915236216697,79969,896,1279,17859,
271.4992495863709,79969,896,1278,17860,
271.4999050042146,79969,896,1277,17861,
271.5034479648902,79969,896,1276,17862,
271.5043130384219,79968,897,1276,17862,
271.50641002776683,79967,898,1276,17862,
271.5076239980055,79966,899,1276,17862,
271.51180345510176,79965,900,1276,17862,
271.512775730452,79965,899,1277,17862,
271.5137085204868,79964,900,1277,17862,
271.5161995740536,79964,900,1276,17863,
271.5174685877907,79963,901,1276,17863,
271.51805380402766,79962,902,1276,17863,
271.518530010385,79962,901,1277,17863,
271.51904485706524,79962,900,1278,17863,
271.5206257030285,79962,900,1277,17864,
271.5236011834844,79962,899,1278,17864,
271.53156980295523,79962,898,1279,17864,
271.5315792947772,79961,899,1279,17864,
271.53422130989264,79960,900,1279,17864,
271.53852644746206,79960,899,1280,17864,
271.53909475961245,79959,900,1280,17864,
271.5391847733132,79958,901,1280,17864,
271.54205638174267,79958,900,1281,17864,
271.54231137188657,79958,899,1282,17864,
271.54258699208594,79958,898,1283,17864,
271.54530789770655,79957,899,1283,17864,
271.54809007167637,79956,900,1283,17864,
271.54941298141836,79955,901,1283,17864,
271.55031683529495,79954,902,1283,17864,
271.55265999311735,79954,902,1282,17865,
271.5542296736125,79954,902,1281,17866,
271.5550965583078,79953,903,1281,17866,
271.5551221288701,79953,902,1282,17866,
271.5565295696804,79953,901,1283,17866,
271.5569597279268,79952,902,1283,17866,
271.5574573807113,79951,903,1283,17866,
271.55955019112224,79951,903,1282,17867,
271.559964593648,79951,902,1283,17867,
271.5602516973275,79951,902,1282,17868,
271.56055096772786,79951,902,1281,17869,
271.5623808497448,79951,901,1282,17869,
271.56250218204156,79950,902,1282,17869,
271.5625380014287,79949,903,1282,17869,
271.56304821742435,79949,903,1281,17870,
271.5641057133373,79948,904,1281,17870,
271.56434737164005,79947,905,1281,17870,
271.5692476147262,79947,905,1280,17871,
271.57053472050575,79947,904,1281,17871,
271.5744250744995,79946,905,1281,17871,
271.5761384818845,79945,906,1281,17871,
271.5787380052743,79945,905,1282,17871,
271.5801564365158,79945,905,1281,17872,
271.58198091916444,79945,904,1282,17872,
271.5828736340807,79944,905,1282,17872,
271.58455233284235,79944,905,1281,17873,
271.58566278269757,79944,905,1280,17874,
271.5878217867475,79944,905,1279,17875,
271.5939438158169,79943,906,1279,17875,
271.5988395951653,79943,905,1280,17875,
271.6008351718116,79943,904,1281,17875,
271.60224915785346,79943,904,1280,17876,
271.6033783935174,79943,903,1281,17876,
271.6057783961679,79942,904,1281,17876,
271.607157088595,79941,905,1281,17876,
271.6081723372866,79941,904,1282,17876,
271.60839658889654,79941,903,1283,17876,
271.60890535234256,79940,904,1283,17876,
271.61910676149444,79939,905,1283,17876,
271.62135364408687,79939,904,1284,17876,
271.62199556670487,79938,905,1284,17876,
271.62411157027253,79938,904,1285,17876,
271.6252472859017,79938,904,1284,17877,
271.6273984697758,79938,904,1283,17878,
271.6288144626206,79938,903,1284,17878,
271.6305521658255,79938,903,1283,17879,
271.63215914243887,79937,904,1283,17879,
271.6324799451728,79937,904,1282,17880,
271.6336790701634,79936,905,1282,17880,
271.637307417271,79936,905,1281,17881,
271.64340011451196,79936,904,1282,17881,
271.6443509433128,79935,905,1282,17881,
271.6457703628823,79935,904,1283,17881,
271.64677372747695,79934,905,1283,17881,
271.647475728447,79933,906,1283,17881,
271.64751068808863,79933,905,1284,17881,
271.64841904180145,79933,905,1283,17882,
271.6524989644949,79933,904,1284,17882,
271.6553251696725,79933,903,1285,17882,
271.6584591718686,79933,903,1284,17883,
271.66034398662504,79932,904,1284,17883,
271.66079905864956,79932,904,1283,17884,
271.66087097256906,79932,904,1282,17885,
271.6681925247219,79932,904,1281,17886,
271.6691605728407,79932,904,1280,17887,
271.66946084709207,79931,905,1280,17887,
271.6699638651628,79930,906,1280,17887,
271.6712591555032,79930,906,1279,17888,
271.6736341508831,79930,906,1278,17889,
271.67468281357833,79930,905,1279,17889,
271.6758793210044,79930,904,1280,17889,
271.676687189935,79929,905,1280,17889,
271.67671408371154,79928,906,1280,17889,
271.6771601183479,79927,907,1280,17889,
271.6806762885759,79927,906,1281,17889,
271.68353279657714,79927,906,1280,17890,
271.6887789480627,79927,905,1281,17890,
271.6887842594505,79927,905,1280,17891,
271.68889459672954,79927,904,1281,17891,
271.68973172812304,79926,905,1281,17891,
271.6921786308761,79926,905,1280,17892,
271.6945397949318,79926,905,1279,17893,
271.6977383846854,79926,905,1278,17894,
271.70082923878886,79926,904,1279,17894,
271.70104539756267,79926,904,1278,17895,
271.7039627059805,79925,905,1278,17895,
271.7042955119095,79924,906,1278,17895,
271.7109346699621,79924,906,1277,17896,
271.71206423202136,79924,906,1276,17897,
271.7135159633706,79924,906,1275,17898,
271.7160175747129,79924,906,1274,17899,
271.71682263201126,79924,905,1275,17899,
271.71690662441154,79923,906,1275,17899,
271.72076460368396,79922,907,1275,17899,
271.720819089823,79921,908,1275,17899,
271.7223494735409,79920,909,1275,17899,
271.7256085448864,79919,910,1275,17899,
271.7256934390764,79918,911,1275,17899,
271.7257408343655,79918,910,1276,17899,
271.72589968784115,79918,909,1277,17899,
271.7319227709268,79918,908,1278,17899,
271.73684842973256,79917,909,1278,17899,
271.7371910850696,79916,910,1278,17899,
271.7372069108713,79916,909,1279,17899,
271.7418052091848,79916,908,1280,17899,
271.7428366938365,79916,907,1281,17899,
271.7446876219149,79916,907,1280,17900,
271.74487264080483,79915,908,1280,17900,
271.7450581555471,79914,909,1280,17900,
271.74626189906087,79914,909,1279,17901,
271.74647476584823,79913,910,1279,17901,
271.755973274285,79912,911,1279,17901,
271.75900408908535,79911,912,1279,17901,
271.76351117539224,79910,913,1279,17901,
271.76476897081386,79909,914,1279,17901,
271.76832488873623,79909,913,1280,17901,
271.77231808193864,79908,914,1280,17901,
271.77324670007374,79908,913,1281,17901,
271.77333134721584,79908,913,1280,17902,
271.773342520845,79908,912,1281,17902,
271.7749311940525,79908,911,1282,17902,
271.7753397893521,79907,912,1282,17902,
271.7754507323225,79907,911,1283,17902,
271.775744479585,79907,910,1284,17902,
271.78193483635556,79907,910,1283,17903,
271.78395354236426,79907,910,1282,17904,
271.78456546465,79907,909,1283,17904,
271.7854293724771,79907,908,1284,17904,
271.78602562548025,79907,907,1285,17904,
271.7868539075253,79907,907,1284,17905,
271.7880042017556,79907,906,1285,17905,
271.7894341722914,79907,906,1284,17906,
271.7903541162962,79906,907,1284,17906,
271.7908858519536,79905,908,1284,17906,
271.79305287346256,79905,907,1285,17906,
271.80035445562703,79904,908,1285,17906,
271.80060386274647,79903,909,1285,17906,
271.8015959813249,79902,910,1285,17906,
271.8036564347727,79902,909,1286,17906,
271.80838279133513,79902,908,1287,17906,
271.80843470535876,79901,909,1287,17906,
271.81037050921753,79901,908,1288,17906,
271.8105432484054,79901,907,1289,17906,
271.81256363853106,79901,906,1290,17906,
271.81335954040367,79900,907,1290,17906,
271.814933029617,79900,907,1289,17907,
271.8184567698541,79899,908,1289,17907,
271.81943404838336,79898,909,1289,17907,
271.82031828760137,79898,909,1288,17908,
271.82186399498653,79898,909,1287,17909,
271.8223606375241,79897,910,1287,17909,
271.82467927837274,79897,910,1286,17910,
271.82467927837274,79897,910,1286,17910,
271.82964765601736,79897,909,1287,17910,
271.83008665622,79897,909,1286,17911,
271.8404143742626,79897,908,1287,17911,
271.8414461454732,79897,907,1288,17911,
271.8429730091482,79897,906,1289,17911,
271.843239420368,79897,905,1290,17911,
271.84361927398794,79896,906,1290,17911,
271.84560841878744,79896,905,1291,17911,
271.84731920758776,79895,906,1291,17911,
271.84841632536364,79895,906,1290,17912,
271.85001436231914,79895,905,1291,17912,
271.8507003269996,79895,905,1290,17913,
271.8511947085455,79895,904,1291,17913,
271.8538215800598,79894,905,1291,17913,
271.8539763025707,79894,905,1290,17914,
271.8544461062428,79894,904,1291,17914,
271.85730149967685,79894,903,1292,17914,
271.85753284624286,79894,902,1293,17914,
271.8653719438281,79894,902,1292,17915,
271.8666057480523,79894,902,1291,17916,
271.8703421264856,79894,901,1292,17916,
271.87350494318406,79893,902,1292,17916,
271.8801511447667,79893,901,1293,17916,
271.88015141078426,79893,900,1294,17916,
271.88538376513117,79892,901,1294,17916,
271.88620452689423,79892,901,1293,17917,
271.89093575555665,79892,900,1294,17917,
271.89181670101044,79891,901,1294,17917,
271.89364918209384,79891,900,1295,17917,
271.90226772763725,79890,901,1295,17917,
271.90514325391683,79890,901,1294,17918,
271.90856988664547,79890,901,1293,17919,
271.9088258999908,79890,900,1294,17919,
271.91049630552044,79890,899,1295,17919,
271.91275975855706,79890,898,1296,17919,
271.91656233322317,79889,899,1296,17919,
271.92148851906416,79889,899,1295,17920,
271.9225854894758,79889,899,1294,17921,
271.9259451853432,79889,898,1295,17921,
271.92595293430355,79888,899,1295,17921,
271.9273664461694,79887,900,1295,17921,
271.9287995051286,79887,900,1294,17922,
271.9291603850353,79886,901,1294,17922,
271.93400631564793,79886,901,1293,17923,
271.9347523598905,79886,900,1294,17923,
271.93532210834127,79886,900,1293,17924,
271.9418364310285,79886,899,1294,17924,
271.9472698244454,79886,898,1295,17924,
271.94756716603695,79886,898,1294,17925,
271.95035881391084,79886,898,1293,17926,
271.95174373673746,79885,899,1293,17926,
271.95178740842783,79885,898,1294,17926,
271.95688890619994,79884,899,1294,17926,
271.96435304985226,79883,900,1294,17926,
271.9695383278108,79882,901,1294,17926,
271.969797352638,79881,902,1294,17926,
271.979058404959,79881,902,1293,17927,
271.9802354557014,79880,903,1293,17927,
271.98100080490366,79879,904,1293,17927,
271.9833694074111,79879,903,1294,17927,
271.98367749078426,79878,904,1294,17927,
271.9863994914589,79878,903,1295,17927,
271.98762778043556,79878,902,1296,17927,
271.99294162783434,79877,903,1296,17927,
271.9945493156657,79877,902,1297,17927,
271.9979317710965,79877,901,1298,17927,
271.9996848548173,79877,901,1297,17928,
272.00281855653753,79876,902,1297,17928,
272.00365584108226,79876,902,1296,17929,
272.0042131128249,79875,903,1296,17929,
272.0073033478235,79874,904,1296,17929,
272.0088650845021,79874,904,1295,17930,
272.01027471019296,79874,904,1294,17931,
272.0104634833601,79873,905,1294,17931,
272.0146079966768,79873,904,1295,17931,
272.0152247318025,79873,904,1294,17932,
272.0160761251808,79873,904,1293,17933,
272.0180592105658,79873,903,1294,17933,
272.01809017184416,79873,902,1295,17933,
272.0200611969143,79872,903,1295,17933,
272.0202248808101,79872,903,1294,17934,
272.0245915188642,79872,903,1293,17935,
272.0247484816679,79872,902,1294,17935,
272.0250696684429,79872,901,1295,17935,
272.0270733929215,79872,901,1294,17936,
272.03239047301076,79872,900,1295,17936,
272.0341824757916,79872,899,1296,17936,
272.0382883315377,79871,900,1296,17936,
272.0393200571592,79871,900,1295,17937,
272.03950383067314,79870,901,1295,17937,
272.04723329713875,79869,902,1295,17937,
272.0483783460006,79869,901,1296,17937,
272.0508973060293,79868,902,1296,17937,
272.05094272479454,79868,902,1295,17938,
272.0509507789047,79868,901,1296,17938,
272.0518615425221,79868,900,1297,17938,
272.05397056514687,79868,900,1296,17939,
272.0559839304965,79868,900,1295,17940,
272.0571260697591,79867,901,1295,17940,
272.05724450276966,79867,900,1296,17940,
272.0576875185807,79867,899,1297,17940,
272.05879054817393,79867,898,1298,17940,
272.05894480271274,79867,897,1299,17940,
272.0617314597547,79867,896,1300,17940,
272.0644831000702,79867,895,1301,17940,
272.06948286434937,79867,895,1300,17941,
272.0697799615851,79866,896,1300,17941,
272.07395008773324,79866,895,1301,17941,
272.07668656998203,79865,896,1301,17941,
272.07670737414367,79865,895,1302,17941,
272.0794643584155,79864,896,1302,17941,
272.0827601884474,79864,896,1301,17942,
272.08317535583905,79863,897,1301,17942,
272.08344725522716,79863,896,1302,17942,
272.0843600795322,79863,895,1303,17942,
272.087580710998,79863,895,1302,17943,
272.0880101298055,79862,896,1302,17943,
272.08943010557385,79861,897,1302,17943,
272.0927280541485,79860,898,1302,17943,
272.0945318375865,79860,897,1303,17943,
272.09815321864625,79859,898,1303,17943,
272.09897109415573,79859,898,1302,17944,
272.101503421612,79859,898,1301,17945,
272.10358682644113,79858,899,1301,17945,
272.10394712442695,79857,900,1301,17945,
272.1043914487515,79857,900,1300,17946,
272.1070979874846,79857,899,1301,17946,
272.10821843732253,79857,899,1300,17947,
272.1107029728019,79856,900,1300,17947,
272.113904722454,79856,900,1299,17948,
272.1157258503326,79856,899,1300,17948,
272.1157421706209,79855,900,1300,17948,
272.11804406194847,79855,899,1301,17948,
272.1180705682279,79855,899,1300,17949,
272.12311636572827,79855,898,1301,17949,
272.1239250304087,79854,899,1301,17949,
272.1350981802335,79854,899,1300,17950,
272.1364708904167,79854,898,1301,17950,
272.13836957538143,79854,898,1300,17951,
272.13918485508987,79854,898,1299,17952,
272.1402598302855,79853,899,1299,17952,
272.1435245988285,79853,899,1298,17953,
272.1461010926969,79853,899,1297,17954,
272.14910800478674,79853,899,1296,17955,
272.1515330158693,79853,898,1297,17955,
272.15246698661156,79852,899,1297,17955,
272.1584065511167,79852,899,1296,17956,
272.15951058079975,79852,898,1297,17956,
272.1597366210823,79851,899,1297,17956,
272.16576747562635,79851,899,1296,17957,
272.16857419182304,79850,900,1296,17957,
272.1719726278729,79849,901,1296,17957,
272.17247741567843,79849,900,1297,17957,
272.1795293188922,79849,899,1298,17957,
272.1836183443865,79848,900,1298,17957,
272.1846010683755,79848,899,1299,17957,
272.1858484120787,79847,900,1299,17957,
272.18777868867784,79846,901,1299,17957,
272.188248838437,79846,901,1298,17958,
272.18878364026045,79845,902,1298,17958,
272.1892180486984,79845,901,1299,17958,
272.1894035009515,79844,902,1299,17958,
272.1901225109707,79843,903,1299,17958,
272.1902479260346,79843,903,1298,17959,
272.19768112296225,79843,902,1299,17959,
272.1981249962297,79843,902,1298,17960,
272.1990466443398,79843,902,1297,17961,
272.20076621858504,79843,902,1296,17962,
272.20411323453226,79843,901,1297,17962,
272.20441397522234,79843,900,1298,17962,
272.2048632259977,79843,900,1297,17963,
272.204880239862,79843,900,1296,17964,
272.20582795754797,79843,900,1295,17965,
272.20617035535315,79842,901,1295,17965,
272.20894234135585,79842,901,1294,17966,
272.21138038868366,79842,901,1293,17967,
272.21326592343047,79842,900,1294,17967,
272.2145104866896,79842,899,1295,17967,
272.21793019520555,79842,898,1296,17967,
272.21971920076413,79841,899,1296,17967,
272.22038927770234,79841,899,1295,17968,
272.2208697099425,79841,899,1294,17969,
272.2224377144179,79841,898,1295,17969,
272.2230489827441,79841,897,1296,17969,
272.2255073786156,79841,897,1295,17970,
272.2294377959563,79841,896,1296,17970,
272.2306038769218,79841,896,1295,17971,
272.23106631771515,79840,897,1295,17971,
272.23206333954715,79839,898,1295,17971,
272.2367495459483,79839,897,1296,17971,
272.2406010653774,79839,897,1295,17972,
272.2416576109164,79838,898,1295,17972,
272.2418126019867,79838,897,1296,17972,
272.2421219903605,79838,897,1295,17973,
272.24445695866075,79838,896,1296,17973,
272.2518257256338,79837,897,1296,17973,
272.25460161670344,79837,897,1295,17974,
272.2584583164296,79836,898,1295,17974,
272.25940369157416,79835,899,1295,17974,
272.260810395648,79835,899,1294,17975,
272.26319585263366,79835,899,1293,17976,
272.2691337881363,79835,899,1292,17977,
272.26939739347563,79835,899,1291,17978,
272.27004404547,79835,898,1292,17978,
272.271166688586,79834,899,1292,17978,
272.27472413819027,79834,898,1293,17978,
272.27708594608674,79833,899,1293,17978,
272.2869943113559,79833,899,1292,17979,
272.2909038215968,79833,899,1291,17980,
272.29119641410546,79832,900,1291,17980,
272.2985449463668,79832,900,1290,17981,
272.2986135736551,79832,900,1289,17982,
272.30060874452664,79832,899,1290,17982,
272.30278992266045,79832,898,1291,17982,
272.3035699395523,79831,899,1291,17982,
272.30660651203635,79831,899,1290,17983,
272.3086027477882,79831,898,1291,17983,
272.30964188992937,79831,898,1290,17984,
272.3116531378203,79831,898,1289,17985,
272.31287340576796,79831,897,1290,17985,
272.3143533516711,79831,897,1289,17986,
272.31846065299413,79831,896,1290,17986,
272.31922453437306,79831,896,1289,17987,
272.31947557811816,79831,896,1288,17988,
272.3201343563838,79831,895,1289,17988,
272.3206002783276,79830,896,1289,17988,
272.3241674876912,79829,897,1289,17988,
272.32424651393063,79828,898,1289,17988,
272.32515049498426,79828,898,1288,17989,
272.3266302380794,79828,897,1289,17989,
272.3302708478176,79827,898,1289,17989,
272.33099468931005,79827,898,1288,17990,
272.33138243491544,79826,899,1288,17990,
272.33161394438923,79826,899,1287,17991,
272.33177049185974,79825,900,1287,17991,
272.3320444975069,79825,899,1288,17991,
272.33450954828965,79825,899,1287,17992,
272.3471445129119,79825,898,1288,17992,
272.34973154778373,79825,897,1289,17992,
272.3499903988713,79825,896,1290,17992,
272.3526449313446,79825,896,1289,17993,
272.35341478190054,79825,896,1288,17994,
272.3554597309125,79825,895,1289,17994,
272.35886982183865,79825,895,1288,17995,
272.3603383943056,79824,896,1288,17995,
272.366832658867,79824,896,1287,17996,
272.3681838678167,79824,895,1288,17996,
272.3766655647297,79824,894,1289,17996,
272.3857178957006,79824,894,1288,17997,
272.3880107060535,79824,894,1287,17998,
272.388213473445,79824,894,1286,17999,
272.38948298607056,79824,893,1287,17999,
272.3905732466189,79823,894,1287,17999,
272.39893913105334,79822,895,1287,17999,
272.40057113533953,79821,896,1287,17999,
272.40085671963556,79821,895,1288,17999,
272.4046931068805,79821,894,1289,17999,
272.4047146966122,79821,893,1290,17999,
272.4059948714466,79821,893,1289,18000,
272.4077344478964,79820,894,1289,18000,
272.40909471120403,79819,895,1289,18000,
272.410695951144,79819,895,1288,18001,
272.41271428241055,79819,894,1289,18001,
272.4132187048215,79819,894,1288,18002,
272.4153197756105,79819,894,1287,18003,
272.4166373026964,79818,895,1287,18003,
272.42222923917456,79818,894,1288,18003,
272.4264700739456,79817,895,1288,18003,
272.4267511580323,79816,896,1288,18003,
272.42817468614993,79815,897,1288,18003,
272.4296638417828,79815,897,1287,18004,
272.432546708317,79815,896,1288,18004,
272.43289859023105,79814,897,1288,18004,
272.43308683980905,79813,898,1288,18004,
272.43322106439626,79812,899,1288,18004,
272.43350188988916,79811,900,1288,18004,
272.4337902074362,79811,900,1287,18005,
272.4375926603422,79810,901,1287,18005,
272.4375968727944,79809,902,1287,18005,
272.4415035528415,79808,903,1287,18005,
272.4446917081055,79808,903,1286,18006,
272.44781256918964,79808,902,1287,18006,
272.4511448327144,79808,902,1286,18007,
272.4530558085984,79808,902,1285,18008,
272.45841813758943,79807,903,1285,18008,
272.4605755361668,79807,903,1284,18009,
272.46193764018716,79807,902,1285,18009,
272.46371065517326,79807,901,1286,18009,
272.46464377103143,79807,901,1285,18010,
272.4657031337242,79807,900,1286,18010,
272.46641724638835,79807,899,1287,18010,
272.46948279664804,79807,898,1288,18010,
272.47134890057913,79806,899,1288,18010,
272.4757691436999,79806,899,1287,18011,
272.47611708537573,79806,899,1286,18012,
272.4793630765892,79805,900,1286,18012,
272.48036449558026,79805,899,1287,18012,
272.48624909668735,79805,898,1288,18012,
272.4871671988081,79805,897,1289,18012,
272.48743460200467,79805,896,1290,18012,
272.4878006471113,79805,895,1291,18012,
272.48894858202226,79804,896,1291,18012,
272.48957639834606,79803,897,1291,18012,
272.49203992127775,79803,896,1292,18012,
272.4924441102701,79803,895,1293,18012,
272.4931505344941,79802,896,1293,18012,
272.4931700391763,79802,896,1292,18013,
272.4933974771283,79802,895,1293,18013,
272.4981729062577,79801,896,1293,18013,
272.49892882430265,79801,895,1294,18013,
272.4994693413001,79800,896,1294,18013,
272.501074662432,79800,895,1295,18013,
272.50166080020637,79800,895,1294,18014,
272.50575976843805,79799,896,1294,18014,
272.5068004545348,79799,895,1295,18014,
272.5074216640093,79799,895,1294,18015,
272.50768861674607,79798,896,1294,18015,
272.51028640914166,79798,895,1295,18015,
272.51115505520573,79798,895,1294,18016,
272.51172540225537,79798,894,1295,18016,
272.5135246699221,79797,895,1295,18016,
272.51530808005833,79797,894,1296,18016,
272.5163770037801,79797,894,1295,18017,
272.51702997905267,79796,895,1295,18017,
272.5176790828991,79796,894,1296,18017,
272.5214810455812,79795,895,1296,18017,
272.52645045558523,79795,894,1297,18017,
272.53239436882336,79795,894,1296,18018,
272.5341729380789,79795,894,1295,18019,
272.5344395405273,79794,895,1295,18019,
272.5349563558815,79794,894,1296,18019,
272.5360065279602,79794,893,1297,18019,
272.5400824345909,79794,893,1296,18020,
272.5446191082966,79794,893,1295,18021,
272.54470389662725,79793,894,1295,18021,
272.54653572322104,79792,895,1295,18021,
272.5483852415064,79792,894,1296,18021,
272.54956655335866,79792,894,1295,18022,
272.54964197195017,79791,895,1295,18022,
272.5507040174042,79791,895,1294,18023,
272.55074897629544,79791,894,1295,18023,
272.55159908348367,79791,894,1294,18024,
272.55200738745447,79790,895,1294,18024,
272.55369232069097,79790,895,1293,18025,
272.55468535098356,79789,896,1293,18025,
272.55628241664874,79789,895,1294,18025,
272.5569203559555,79788,896,1294,18025,
272.5575175152019,79788,896,1293,18026,
272.5575621482395,79788,896,1292,18027,
272.5587582183282,79788,895,1293,18027,
272.55969652596104,79788,895,1292,18028,
272.5602714165095,79788,894,1293,18028,
272.5606022089495,79788,893,1294,18028,
272.5611417081141,79788,893,1293,18029,
272.5631939496779,79788,893,1292,18030,
272.56330378605765,79788,892,1293,18030,
272.5671695495111,79787,893,1293,18030,
272.56828606066153,79786,894,1293,18030,
272.56956397457606,79786,893,1294,18030,
272.5709009750522,79786,892,1295,18030,
272.5710700697719,79786,891,1296,18030,
272.57140069479965,79785,892,1296,18030,
272.5748695461792,79785,891,1297,18030,
272.5779295705267,79785,891,1296,18031,
272.57835721202434,79785,891,1295,18032,
272.5813611268091,79785,890,1296,18032,
272.58213739028747,79785,890,1295,18033,
272.5844201003796,79784,891,1295,18033,
272.58668969133254,79783,892,1295,18033,
272.58672512689515,79782,893,1295,18033,
272.5901369216843,79782,893,1294,18034,
272.59399277500614,79782,892,1295,18034,
272.594160868928,79782,892,1294,18035,
272.5946496437116,79782,892,1293,18036,
272.5950058009266,79781,893,1293,18036,
272.59536258933105,79780,894,1293,18036,
272.59649502493073,79780,893,1294,18036,
272.59879504792474,79779,894,1294,18036,
272.60203576505256,79779,894,1293,18037,
272.6021299002698,79779,893,1294,18037,
272.60597341329327,79779,893,1293,18038,
272.6062415167675,79779,893,1292,18039,
272.6094982819138,79778,894,1292,18039,
272.6103884179555,79778,893,1293,18039,
272.6239736692287,79778,892,1294,18039,
272.6284676449567,79778,892,1293,18040,
272.62874230428974,79778,891,1294,18040,
272.63048989472554,79778,891,1293,18041,
272.632679845077,79778,890,1294,18041,
272.63583355223057,79778,890,1293,18042,
272.6390849167926,79778,889,1294,18042,
272.6414994229335,79778,889,1293,18043,
272.6421206434719,79777,890,1293,18043,
272.64312915143245,79777,889,1294,18043,
272.6434804747966,79776,890,1294,18043,
272.64463224562826,79776,890,1293,18044,
272.646162431669,79776,889,1294,18044,
272.64641129080815,79775,890,1294,18044,
272.6468259832781,79775,889,1295,18044,
272.65049338978633,79775,888,1296,18044,
272.65085673906873,79775,888,1295,18045,
272.652293357873,79775,888,1294,18046,
272.6537746006586,79775,887,1295,18046,
272.6564903511097,79775,887,1294,18047,
272.65720985829296,79775,886,1295,18047,
272.65799573572053,79775,885,1296,18047,
272.6648569453532,79775,884,1297,18047,
272.66735801382066,79775,883,1298,18047,
272.67042687594784,79775,882,1299,18047,
272.67444061034195,79775,882,1298,18048,
272.67655855881605,79775,882,1297,18049,
272.676651686143,79774,883,1297,18049,
272.685598573688,79774,882,1298,18049,
272.6865122428651,79774,881,1299,18049,
272.6873766419532,79774,880,1300,18049,
272.6907307509721,79774,879,1301,18049,
272.69297505824755,79774,878,1302,18049,
272.69490498860057,79774,877,1303,18049,
272.697830286441,79774,877,1302,18050,
272.70304039816637,79774,876,1303,18050,
272.703116435745,79773,877,1303,18050,
272.7042294248155,79773,876,1304,18050,
272.7045799737381,79773,875,1305,18050,
272.7048908355886,79772,876,1305,18050,
272.7062890103196,79771,877,1305,18050,
272.70710772946063,79771,877,1304,18051,
272.70835510808735,79770,878,1304,18051,
272.70901496999824,79769,879,1304,18051,
272.7104634802573,79769,878,1305,18051,
272.71166572557263,79769,877,1306,18051,
272.71209597914026,79768,878,1306,18051,
272.7121737786639,79767,879,1306,18051,
272.715715386925,79766,880,1306,18051,
272.7164682730514,79766,880,1305,18052,
272.7164729162463,79765,881,1305,18052,
272.7169732956749,79764,882,1305,18052,
272.71784444006835,79764,882,1304,18053,
272.71898675386905,79764,882,1303,18054,
272.7206014186689,79763,883,1303,18054,
272.72061283845085,79763,882,1304,18054,
272.72087499336277,79762,883,1304,18054,
272.72310967191737,79762,883,1303,18055,
272.7237112694831,79762,883,1302,18056,
272.72457886156906,79762,882,1303,18056,
272.7250488853267,79762,882,1302,18057,
272.7363966543195,79762,881,1303,18057,
272.74045193366686,79762,880,1304,18057,
272.74116592601604,79761,881,1304,18057,
272.7489609330308,79761,880,1305,18057,
272.74936348998705,79761,879,1306,18057,
272.7537775744131,79761,878,1307,18057,
272.7558753202434,79760,879,1307,18057,
272.75843918290315,79760,878,1308,18057,
272.75993084920634,79759,879,1308,18057,
272.76035049625375,79758,880,1308,18057,
272.76123660913674,79758,880,1307,18058,
272.76185311723094,79758,880,1306,18059,
272.7620113123346,79757,881,1306,18059,
272.76691211251625,79757,880,1307,18059,
272.76715800648395,79756,881,1307,18059,
272.76768174589,79755,882,1307,18059,
272.7711665968387,79754,883,1307,18059,
272.7720739310897,79754,882,1308,18059,
272.7750341447085,79754,882,1307,18060,
272.7759738779581,79753,883,1307,18060,
272.77625618005067,79753,882,1308,18060,
272.77988647181337,79752,883,1308,18060,
272.7801445449793,79752,882,1309,18060,
272.78116258633116,79752,881,1310,18060,
272.78128708851824,79752,880,1311,18060,
272.7823166935796,79752,879,1312,18060,
272.783012007347,79752,879,1311,18061,
272.78309683605545,79752,878,1312,18061,
272.7831104625028,79752,878,1311,18062,
272.78738658661194,79752,877,1312,18062,
272.78779844447615,79752,877,1311,18063,
272.7917454062372,79752,877,1310,18064,
272.7970998795938,79752,876,1311,18064,
272.7973001760595,79752,876,1310,18065,
272.8003558824221,79752,876,1309,18066,
272.8038084619717,79751,877,1309,18066,
272.8045577060217,79751,877,1308,18067,
272.80555587337443,79750,878,1308,18067,
272.8076608349501,79749,879,1308,18067,
272.8087890518979,79749,878,1309,18067,
272.81154249661216,79749,878,1308,18068,
272.81248580920686,79748,879,1308,18068,
272.81302913252176,79748,878,1309,18068,
272.8145160311417,79747,879,1309,18068,
272.81500603512495,79747,879,1308,18069,
272.81536784496626,79747,879,1307,18070,
272.8167852160218,79747,879,1306,18071,
272.81718377187525,79747,878,1307,18071,
272.8181583851074,79747,877,1308,18071,
272.82007923198785,79747,877,1307,18072,
272.82462859085393,79747,877,1306,18073,
272.8254074223616,79746,878,1306,18073,
272.8254860652619,79746,878,1305,18074,
272.82609093153826,79746,877,1306,18074,
272.82694561339383,79746,877,1305,18075,
272.8280447808128,79746,877,1304,18076,
272.82887147589724,79746,876,1305,18076,
272.8378997229918,79746,876,1304,18077,
272.83872214668037,79746,876,1303,18078,
272.84047032906096,79745,877,1303,18078,
272.84088032204136,79745,876,1304,18078,
272.8431561944043,79744,877,1304,18078,
272.8451310957878,79744,876,1305,18078,
272.84776499959247,79744,876,1304,18079,
272.8492110416544,79744,876,1303,18080,
272.84994021733195,79744,876,1302,18081,
272.85163577876136,79744,876,1301,18082,
272.8616547272381,79744,875,1302,18082,
272.86175076009437,79744,875,1301,18083,
272.8649366647309,79744,874,1302,18083,
272.8655717056036,79743,875,1302,18083,
272.8656602477248,79742,876,1302,18083,
272.8675104518855,79741,877,1302,18083,
272.8696101369383,79741,877,1301,18084,
272.8700590624202,79741,877,1300,18085,
272.8723287516267,79741,877,1299,18086,
272.8809524181276,79740,878,1299,18086,
272.88295701251684,79740,877,1300,18086,
272.8832541963692,79740,877,1299,18087,
272.8940054905109,79740,876,1300,18087,
272.90035148948385,79739,877,1300,18087,
272.9010532008664,79739,877,1299,18088,
272.90180943366374,79738,878,1299,18088,
272.90269541060707,79738,878,1298,18089,
272.90535909695006,79738,877,1299,18089,
272.9078626717423,79738,876,1300,18089,
272.9082065427248,79737,877,1300,18089,
272.90838012734395,79736,878,1300,18089,
272.91087563691474,79736,877,1301,18089,
272.9111512527795,79736,877,1300,18090,
272.91360146152374,79736,876,1301,18090,
272.9157756666487,79736,875,1302,18090,
272.91649475663166,79736,874,1303,18090,
272.92304992982423,79735,875,1303,18090,
272.92430334421664,79735,875,1302,18091,
272.92456477311623,79735,874,1303,18091,
272.9263672319138,79735,873,1304,18091,
272.92734409199716,79735,872,1305,18091,
272.9291660523551,79735,872,1304,18092,
272.929167027112,79734,873,1304,18092,
272.930200596589,79733,874,1304,18092,
272.9304064297524,79733,873,1305,18092,
272.9342211019027,79733,872,1306,18092,
272.9373302825365,79732,873,1306,18092,
272.9414462919985,79732,872,1307,18092,
272.9416228941367,79731,873,1307,18092,
272.9447399500485,79731,873,1306,18093,
272.95065130875065,79731,872,1307,18093,
272.954196212113,79731,872,1306,18094,
272.95458881649597,79731,871,1307,18094,
272.9565151266644,79731,870,1308,18094,
272.95752364226723,79730,871,1308,18094,
272.95775140236645,79730,871,1307,18095,
272.9581202410352,79729,872,1307,18095,
272.95921993717116,79729,871,1308,18095,
272.9600080893111,79729,871,1307,18096,
272.96032042886003,79728,872,1307,18096,
272.96209912005173,79728,871,1308,18096,
272.9661036281424,79728,870,1309,18096,
272.96681030792325,79728,870,1308,18097,
272.9719721203717,79728,870,1307,18098,
272.97652354762886,79727,871,1307,18098,
272.9779391689629,79727,870,1308,18098,
272.9805424443572,79727,869,1309,18098,
272.98155751991055,79726,870,1309,18098,
272.9848311959702,79725,871,1309,18098,
272.9853960055139,79725,870,1310,18098,
272.9886922711934,79725,869,1311,18098,
272.9915402403191,79724,870,1311,18098,
272.9932533614536,79724,869,1312,18098,
272.99608124291206,79724,868,1313,18098,
272.99819365605157,79724,867,1314,18098,
272.999795227253,79724,867,1313,18099,
273.0006922708879,79723,868,1313,18099,
273.00101968570135,79723,868,1312,18100,
273.0015745365541,79723,867,1313,18100,
273.0018506749809,79723,866,1314,18100,
273.00287827641773,79723,866,1313,18101,
273.00308004395725,79723,865,1314,18101,
273.0054207241453,79722,866,1314,18101,
273.0064295573426,79722,865,1315,18101,
273.0080992688641,79722,865,1314,18102,
273.0101101440448,79722,864,1315,18102,
273.0159355729597,79722,864,1314,18103,
273.0198974932477,79722,864,1313,18104,
273.0205112690253,79722,864,1312,18105,
273.0212219055487,79722,863,1313,18105,
273.0269735586406,79722,863,1312,18106,
273.0273795557967,79721,864,1312,18106,
273.0328018784058,79720,865,1312,18106,
273.0344395194882,79719,866,1312,18106,
273.03627111167054,79719,865,1313,18106,
273.037617319992,79719,865,1312,18107,
273.0376981167391,79719,865,1311,18108,
273.03914713817966,79718,866,1311,18108,
273.0423538098466,79718,866,1310,18109,
273.043268490127,79718,866,1309,18110,
273.044595738635,79717,867,1309,18110,
273.04685330455624,79717,867,1308,18111,
273.0489005060192,79717,867,1307,18112,
273.05141487252945,79717,867,1306,18113,
273.05443680407893,79716,868,1306,18113,
273.0559536138626,79716,867,1307,18113,
273.0575229126083,79715,868,1307,18113,
273.0597905398929,79715,867,1308,18113,
273.0619631266427,79715,866,1309,18113,
273.0731721368472,79715,865,1310,18113,
273.0735415342694,79715,865,1309,18114,
273.0738350637974,79715,864,1310,18114,
273.0847650986558,79715,863,1311,18114,
273.09004648563985,79715,862,1312,18114,
273.0912114784444,79714,863,1312,18114,
273.09145180975156,79714,862,1313,18114,
273.0949706103783,79714,862,1312,18115,
273.0971240344696,79714,861,1313,18115,
273.10261584152283,79713,862,1313,18115,
273.10474204717065,79713,862,1312,18116,
273.1055851178635,79712,863,1312,18116,
273.1170383201981,79712,863,1311,18117,
273.11912548207965,79712,863,1310,18118,
273.12369898901017,79712,862,1311,18118,
273.1249270684706,79712,862,1310,18119,
273.1254640230411,79712,861,1311,18119,
273.12552046594544,79711,862,1311,18119,
273.1260290606731,79711,861,1312,18119,
273.12734550514756,79711,860,1313,18119,
273.1301952841071,79710,861,1313,18119,
273.13305077436706,79710,860,1314,18119,
273.1330994482827,79710,859,1315,18119,
273.1337514225212,79710,858,1316,18119,
273.1385885479589,79709,859,1316,18119,
273.1400117484528,79709,859,1315,18120,
273.14017886910204,79708,860,1315,18120,
273.14876975567694,79707,861,1315,18120,
273.15601989586156,79707,860,1316,18120,
273.1563687354567,79707,859,1317,18120,
273.1572883619419,79707,859,1316,18121,
273.1587473807001,79707,859,1315,18122,
273.1589180140427,79706,860,1315,18122,
273.1589636311051,79705,861,1315,18122,
273.1595801893059,79704,862,1315,18122,
273.16489886599226,79704,861,1316,18122,
273.166085804208,79703,862,1316,18122,
273.16936561789123,79703,862,1315,18123,
273.17539920125324,79702,863,1315,18123,
273.1765821696022,79702,862,1316,18123,
273.1818326348365,79702,861,1317,18123,
273.18279269302803,79701,862,1317,18123,
273.18857088156415,79700,863,1317,18123,
273.1888009890151,79700,862,1318,18123,
273.1908287126271,79700,862,1317,18124,
273.1946477256845,79699,863,1317,18124,
273.1947831332919,79699,863,1316,18125,
273.19593993873025,79699,863,1315,18126,
273.19959758513795,79699,862,1316,18126,
273.2072492832448,79698,863,1316,18126,
273.20808285753725,79698,862,1317,18126,
273.2096177091888,79698,862,1316,18127,
273.21112944217913,79698,861,1317,18127,
273.2113672838919,79698,860,1318,18127,
273.2129244434106,79697,861,1318,18127,
273.2130851802614,79697,861,1317,18128,
273.2167118925185,79696,862,1317,18128,
273.21831855926973,79696,861,1318,18128,
273.2189327672599,79695,862,1318,18128,
273.2213081156712,79695,862,1317,18129,
273.2216094488786,79694,863,1317,18129,
273.2218895319894,79694,863,1316,18130,
273.2278422034022,79694,863,1315,18131,
273.23434082001694,79693,864,1315,18131,
273.2375355033212,79693,864,1314,18132,
273.2378799080883,79693,864,1313,18133,
273.2426033500514,79692,865,1313,18133,
273.24271614011724,79691,866,1313,18133,
273.242750911862,79691,866,1312,18134,
273.24275439436036,79691,865,1313,18134,
273.2467338705598,79691,865,1312,18135,
273.2473108210451,79691,864,1313,18135,
273.25023455041725,79690,865,1313,18135,
273.25049616527633,79690,864,1314,18135,
273.258991588493,79690,864,1313,18136,
273.25953078798875,79690,863,1314,18136,
273.2597672383136,79690,862,1315,18136,
273.25992172403795,79689,863,1315,18136,
273.2613662902787,79689,862,1316,18136,
273.2632195991987,79688,863,1316,18136,
273.2637034630005,79688,863,1315,18137,
273.26801587987694,79688,862,1316,18137,
273.26820378631396,79688,861,1317,18137,
273.2689055459336,79687,862,1317,18137,
273.2695304839125,79687,861,1318,18137,
273.2705986190667,79687,861,1317,18138,
273.27221891701237,79686,862,1317,18138,
273.2757684515768,79686,861,1318,18138,
273.2762545050739,79686,860,1319,18138,
273.2763288387813,79685,861,1319,18138,
273.27690247203986,79685,861,1318,18139,
273.2828388440042,79685,861,1317,18140,
273.285144954287,79684,862,1317,18140,
273.2860094212136,79684,862,1316,18141,
273.2863151947629,79683,863,1316,18141,
273.28657836573154,79682,864,1316,18141,
273.2868775574413,79682,864,1315,18142,
273.2899860882251,79682,864,1314,18143,
273.2956528212446,79682,864,1313,18144,
273.29697394717607,79682,864,1312,18145,
273.297436353047,79681,865,1312,18145,
273.2977966010393,79681,865,1311,18146,
273.29946292535834,79681,865,1310,18147,
273.29963794582426,79680,866,1310,18147,
273.3140631931234,79680,865,1311,18147,
273.31515619988505,79680,865,1310,18148,
273.3153881057102,79679,866,1310,18148,
273.3173545718509,79679,865,1311,18148,
273.32051304009974,79679,865,1310,18149,
273.3262460516361,79678,866,1310,18149,
273.32705544828866,79677,867,1310,18149,
273.32782851665905,79677,867,1309,18150,
273.3295407371363,79676,868,1309,18150,
273.33043251826473,79676,868,1308,18151,
273.33424119834945,79676,868,1307,18152,
273.3411153006352,79676,867,1308,18152,
273.3439893177496,79675,868,1308,18152,
273.34421868321846,79675,867,1309,18152,
273.34456266645924,79675,866,1310,18152,
273.34456375999866,79675,866,1309,18153,
273.3449722103084,79675,866,1308,18154,
273.34672919350487,79675,865,1309,18154,
273.34957886045345,79675,865,1308,18155,
273.3501339942546,79674,866,1308,18155,
273.3564880121528,79674,866,1307,18156,
273.3576270322556,79674,866,1306,18157,
273.3600031136848,79674,865,1307,18157,
273.36006725760615,79674,865,1306,18158,
273.36733456013224,79674,864,1307,18158,
273.3723039896705,79674,864,1306,18159,
273.3755785217911,79673,865,1306,18159,
273.3773746798868,79672,866,1306,18159,
273.3777679853855,79671,867,1306,18159,
273.3780609197919,79671,867,1305,18160,
273.38138411377247,79671,866,1306,18160,
273.3855749823234,79670,867,1306,18160,
273.38728951492516,79670,867,1305,18161,
273.38736697737806,79670,867,1304,18162,
273.3880146351763,79670,867,1303,18163,
273.3925737390078,79669,868,1303,18163,
273.39298769369594,79669,867,1304,18163,
273.395051829701,79669,866,1305,18163,
273.41040506252295,79669,865,1306,18163,
273.41321519130986,79669,865,1305,18164,
273.4140859499655,79668,866,1305,18164,
273.41756308510315,79668,866,1304,18165,
273.41786424050935,79668,866,1303,18166,
273.41786424748693,79668,866,1302,18167,
273.4219492011013,79668,866,1301,18168,
273.42584760565524,79667,867,1301,18168,
273.42708233322577,79666,868,1301,18168,
273.4280088919206,79666,867,1302,18168,
273.42950531210204,79666,866,1303,18168,
273.4295757921677,79666,866,1302,18169,
273.43070251437933,79666,865,1303,18169,
273.43077812061654,79666,864,1304,18169,
273.4311396866619,79665,865,1304,18169,
273.4318251757711,79665,865,1303,18170,
273.4345271970519,79665,865,1302,18171,
273.44062117135996,79665,865,1301,18172,
273.4503165630881,79665,864,1302,18172,
273.45129457777125,79665,864,1301,18173,
273.45232372800126,79664,865,1301,18173,
273.4534174478471,79663,866,1301,18173,
273.4540317695853,79662,867,1301,18173,
273.45545935019237,79662,866,1302,18173,
273.4554933868703,79662,865,1303,18173,
273.4585859465498,79662,864,1304,18173,
273.4598075304461,79662,864,1303,18174,
273.45986694947123,79661,865,1303,18174,
273.4625040827055,79661,864,1304,18174,
273.462857048361,79660,865,1304,18174,
273.46952273437586,79659,866,1304,18174,
273.47022140147425,79659,865,1305,18174,
273.47110951012945,79659,865,1304,18175,
273.4724533229211,79659,865,1303,18176,
273.472480051462,79658,866,1303,18176,
273.47558123288434,79658,866,1302,18177,
273.4755912385237,79658,865,1303,18177,
273.4766255125604,79658,865,1302,18178,
273.47790581151764,79658,864,1303,18178,
273.47914020853375,79657,865,1303,18178,
273.48472327291654,79657,864,1304,18178,
273.48516406356424,79657,864,1303,18179,
273.4861803532266,79657,863,1304,18179,
273.4899998733582,79657,863,1303,18180,
273.49343127145687,79656,864,1303,18180,
273.49359613201517,79656,864,1302,18181,
273.493651250248,79656,864,1301,18182,
273.4991528873709,79656,863,1302,18182,
273.5003405358963,79656,862,1303,18182,
273.5071672457479,79656,862,1302,18183,
273.5096865043093,79656,861,1303,18183,
273.5126489953308,79656,860,1304,18183,
273.5136738415881,79656,859,1305,18183,
273.518184948247,79656,859,1304,18184,
273.52871989314207,79655,860,1304,18184,
273.5291747785397,79655,859,1305,18184,
273.53083353731586,79655,859,1304,18185,
273.53306117715766,79654,860,1304,18185,
273.53525976734363,79654,860,1303,18186,
273.535792979601,79654,860,1302,18187,
273.53592186577214,79654,859,1303,18187,
273.53723912283624,79653,860,1303,18187,
273.54088164252227,79653,860,1302,18188,
273.54931699364306,79653,860,1301,18189,
273.5494239994331,79652,861,1301,18189,
273.552996050479,79652,860,1302,18189,
273.5543609815788,79651,861,1302,18189,
273.55800674535175,79651,860,1303,18189,
273.56056066738614,79650,861,1303,18189,
273.56306556324694,79650,861,1302,18190,
273.56323968362625,79650,861,1301,18191,
273.56700865640613,79650,861,1300,18192,
273.56759560736066,79650,860,1301,18192,
273.5694842030378,79650,860,1300,18193,
273.5718040887393,79649,861,1300,18193,
273.5765832111451,79648,862,1300,18193,
273.57735872973956,79647,863,1300,18193,
273.57740950207466,79647,863,1299,18194,
273.57743917437165,79646,864,1299,18194,
273.5775407903755,79645,865,1299,18194,
273.57915960889466,79644,866,1299,18194,
273.58104751044056,79644,865,1300,18194,
273.58128730765804,79644,865,1299,18195,
273.58173472902274,79644,864,1300,18195,
273.5817833485117,79643,865,1300,18195,
273.583242699538,79643,865,1299,18196,
273.5835870950182,79643,865,1298,18197,
273.5897257730755,79642,866,1298,18197,
273.59320856349376,79642,865,1299,18197,
273.59321744629636,79642,864,1300,18197,
273.6014787899995,79641,865,1300,18197,
273.6024530928245,79640,866,1300,18197,
273.6065561081229,79640,865,1301,18197,
273.6105301956818,79639,866,1301,18197,
273.6114984041759,79638,867,1301,18197,
273.6152522677378,79637,868,1301,18197,
273.6236193821725,79636,869,1301,18197,
273.6248651615425,79636,868,1302,18197,
273.6287782416493,79636,867,1303,18197,
273.62967591886195,79636,866,1304,18197,
273.6308140819511,79636,865,1305,18197,
273.6333038899546,79636,864,1306,18197,
273.64542057163027,79635,865,1306,18197,
273.64832248848376,79634,866,1306,18197,
273.6506665020286,79634,866,1305,18198,
273.6512899710562,79633,867,1305,18198,
273.6516208038267,79632,868,1305,18198,
273.65301304248334,79631,869,1305,18198,
273.65312762988674,79631,869,1304,18199,
273.6570988689536,79631,868,1305,18199,
273.65944673126285,79630,869,1305,18199,
273.6605758544434,79629,870,1305,18199,
273.66372431158555,79629,869,1306,18199,
273.66405585939464,79629,869,1305,18200,
273.6668321207104,79629,868,1306,18200,
273.66829395854427,79628,869,1306,18200,
273.669335226715,79628,868,1307,18200,
273.66990844783555,79627,869,1307,18200,
273.6735509561789,79627,869,1306,18201,
273.6745912726003,79627,869,1305,18202,
273.67601588356774,79626,870,1305,18202,
273.67817264454584,79626,870,1304,18203,
273.6792734809618,79626,870,1303,18204,
273.6861845309746,79625,871,1303,18204,
273.68656010367675,79625,870,1304,18204,
273.69661137368126,79625,869,1305,18204,
273.69835531261594,79625,868,1306,18204,
273.69854418350457,79624,869,1306,18204,
273.7006222811494,79623,870,1306,18204,
273.70252952656614,79622,871,1306,18204,
273.7032147097409,79622,871,1305,18205,
273.7042975799213,79622,870,1306,18205,
273.70481758313264,79621,871,1306,18205,
273.7053963262465,79621,870,1307,18205,
273.7065735837105,79621,870,1306,18206,
273.7080453081765,79621,869,1307,18206,
273.7121798981014,79620,870,1307,18206,
273.7124224496324,79620,870,1306,18207,
273.7161018515933,79619,871,1306,18207,
273.72173132218904,79619,871,1305,18208,
273.7242813368927,79619,870,1306,18208,
273.72444169060907,79618,871,1306,18208,
273.7281792152614,79617,872,1306,18208,
273.7304269587957,79617,871,1307,18208,
273.7326914590414,79616,872,1307,18208,
273.7354132951284,79616,872,1306,18209,
273.7354214850945,79616,871,1307,18209,
273.7359087391836,79616,870,1308,18209,
273.7416732121955,79615,871,1308,18209,
273.7433980683111,79614,872,1308,18209,
273.7460196927912,79613,873,1308,18209,
273.7472820989959,79612,874,1308,18209,
273.7508978149645,79612,874,1307,18210,
273.7510752787972,79612,873,1308,18210,
273.7517609091933,79612,873,1307,18211,
273.75347693878314,79612,873,1306,18212,
273.75650098994,79612,872,1307,18212,
273.76012666270447,79612,872,1306,18213,
273.76063392922595,79612,871,1307,18213,
273.7619642114432,79612,870,1308,18213,
273.7621163204433,79612,869,1309,18213,
273.76313997765556,79611,870,1309,18213,
273.7636962865944,79611,869,1310,18213,
273.76510621352725,79611,869,1309,18214,
273.76635314680846,79611,869,1308,18215,
273.76657406296977,79611,869,1307,18216,
273.7690410427855,79611,868,1308,18216,
273.7728137013938,79610,869,1308,18216,
273.7774534227497,79610,869,1307,18217,
273.77873193155614,79610,868,1308,18217,
273.7801783154847,79610,867,1309,18217,
273.7847808522537,79610,866,1310,18217,
273.7879474690914,79610,866,1309,18218,
273.79383909543975,79609,867,1309,18218,
273.7947936057615,79608,868,1309,18218,
273.79504837491845,79607,869,1309,18218,
273.7957515435795,79606,870,1309,18218,
273.7961643483713,79606,869,1310,18218,
273.79798657171926,79606,868,1311,18218,
273.80661914494675,79606,868,1310,18219,
273.80672055651854,79606,867,1311,18219,
273.8069534115661,79606,867,1310,18220,
273.80721854845956,79605,868,1310,18220,
273.8135519694541,79604,869,1310,18220,
273.8135601290162,79603,870,1310,18220,
273.8140789092882,79602,871,1310,18220,
273.8144611692978,79602,870,1311,18220,
273.8149058543156,79602,869,1312,18220,
273.81674692330034,79601,870,1312,18220,
273.81806027281726,79601,870,1311,18221,
273.8183925007643,79601,869,1312,18221,
273.8184513535105,79600,870,1312,18221,
273.8258515570715,79600,869,1313,18221,
273.82595854593256,79600,869,1312,18222,
273.8264746256098,79599,870,1312,18222,
273.82680657114724,79599,870,1311,18223,
273.83285757567654,79598,871,1311,18223,
273.83403744972225,79598,871,1310,18224,
273.8373199880633,79598,871,1309,18225,
273.83782731950686,79598,870,1310,18225,
273.83899893209605,79597,871,1310,18225,
273.8471532005597,79597,870,1311,18225,
273.8472948856625,79596,871,1311,18225,
273.84784060526124,79596,870,1312,18225,
273.84786068524767,79595,871,1312,18225,
273.8499919289431,79595,871,1311,18226,
273.85168055948753,79595,871,1310,18227,
273.85168906903164,79595,871,1309,18228,
273.85378372039503,79594,872,1309,18228,
273.85550930525443,79593,873,1309,18228,
273.859583090702,79593,872,1310,18228,
273.8601108783964,79593,872,1309,18229,
273.860419370087,79592,873,1309,18229,
273.8608301619268,79592,873,1308,18230,
273.8612710790205,79592,873,1307,18231,
273.86375917308715,79592,872,1308,18231,
273.8641012729511,79591,873,1308,18231,
273.86620403589353,79591,872,1309,18231,
273.86959366677587,79591,872,1308,18232,
273.87280789845306,79590,873,1308,18232,
273.8751264973554,79590,873,1307,18233,
273.8755807646533,79590,873,1306,18234,
273.87624809647315,79590,873,1305,18235,
273.87707271600704,79590,873,1304,18236,
273.87845041028424,79590,872,1305,18236,
273.8872897406879,79590,871,1306,18236,
273.89058224351334,79590,870,1307,18236,
273.8905954595745,79590,870,1306,18237,
273.89110992129065,79590,870,1305,18238,
273.89254872366143,79590,870,1304,18239,
273.89646134495104,79590,869,1305,18239,
273.8969065151634,79590,869,1304,18240,
273.89785154555017,79590,868,1305,18240,
273.89927706099337,79589,869,1305,18240,
273.90082947472524,79589,869,1304,18241,
273.9037065896909,79589,868,1305,18241,
273.9052613574719,79588,869,1305,18241,
273.90588535365026,79587,870,1305,18241,
273.9085661172111,79587,870,1304,18242,
273.9093179047105,79586,871,1304,18242,
273.91228499633235,79586,870,1305,18242,
273.91301369552025,79586,870,1304,18243,
273.9175289830802,79586,869,1305,18243,
273.9184264517376,79586,869,1304,18244,
273.9193539742241,79586,868,1305,18244,
273.9198692511478,79586,867,1306,18244,
273.9200993744156,79586,867,1305,18245,
273.9210175826371,79585,868,1305,18245,
273.92351655936085,79585,868,1304,18246,
273.9253953578976,79585,867,1305,18246,
273.92539864392296,79584,868,1305,18246,
273.92566589204375,79584,868,1304,18247,
273.92640484380416,79584,867,1305,18247,
273.92684141158486,79584,866,1306,18247,
273.9286782116164,79583,867,1306,18247,
273.9289304468266,79583,866,1307,18247,
273.930365454031,79583,866,1306,18248,
273.930806531055,79583,866,1305,18249,
273.93323120560825,79583,866,1304,18250,
273.93473382079753,79583,866,1303,18251,
273.9355840961435,79583,866,1302,18252,
273.9355933998986,79582,867,1302,18252,
273.9389114373841,79582,866,1303,18252,
273.9433503933394,79581,867,1303,18252,
273.9435694087667,79580,868,1303,18252,
273.9447525578315,79580,868,1302,18253,
273.9448499405858,79579,869,1302,18253,
273.94531562976044,79579,868,1303,18253,
273.94846976626127,79579,868,1302,18254,
273.95088600644664,79579,867,1303,18254,
273.95977754971653,79579,866,1304,18254,
273.96030891117243,79579,866,1303,18255,
273.96057985954235,79579,865,1304,18255,
273.96161699466603,79578,866,1304,18255,
273.96480884202583,79577,867,1304,18255,
273.9672289542412,79576,868,1304,18255,
273.9673195443617,79576,867,1305,18255,
273.9714533931601,79576,866,1306,18255,
273.97392989345104,79576,865,1307,18255,
273.9756110135922,79576,864,1308,18255,
273.97604303116054,79575,865,1308,18255,
273.9770588050122,79575,865,1307,18256,
273.98162222107766,79574,866,1307,18256,
273.9818714310058,79574,866,1306,18257,
273.9844911842416,79574,866,1305,18258,
273.9896939841991,79573,867,1305,18258,
273.9973954023147,79573,867,1304,18259,
274.0005252289306,79573,866,1305,18259,
274.00108284916274,79573,865,1306,18259,
274.0017729894663,79573,865,1305,18260,
274.0020959688358,79573,865,1304,18261,
274.0079143034445,79573,864,1305,18261,
274.0080522824081,79573,863,1306,18261,
274.0096644314445,79573,862,1307,18261,
274.0098333219998,79572,863,1307,18261,
274.0109555074424,79571,864,1307,18261,
274.0123599171224,79571,863,1308,18261,
274.01932026973986,79570,864,1308,18261,
274.02134881972427,79569,865,1308,18261,
274.02219269039256,79568,866,1308,18261,
274.0248100245573,79568,866,1307,18262,
274.0268307054017,79568,866,1306,18263,
274.03013645853457,79567,867,1306,18263,
274.03443370373407,79566,868,1306,18263,
274.03571509156836,79566,868,1305,18264,
274.03670772142607,79566,868,1304,18265,
274.039913553004,79565,869,1304,18265,
274.0416746084485,79565,869,1303,18266,
274.0432871990248,79564,870,1303,18266,
274.04489697711693,79563,871,1303,18266,
274.0467657944949,79563,871,1302,18267,
274.0469255453873,79563,870,1303,18267,
274.04770829704967,79563,870,1302,18268,
274.0486950122868,79562,871,1302,18268,
274.0502613999005,79561,872,1302,18268,
274.05412539121824,79561,871,1303,18268,
274.05513034228034,79560,872,1303,18268,
274.0566320692528,79560,872,1302,18269,
274.06453360326134,79560,871,1303,18269,
274.06826327054415,79560,870,1304,18269,
274.0711554784442,79559,871,1304,18269,
274.0712512992851,79559,870,1305,18269,
274.0713353388143,79558,871,1305,18269,
274.07137457537146,79557,872,1305,18269,
274.0718581580781,79556,873,1305,18269,
274.0727739314955,79556,873,1304,18270,
274.0734479408291,79556,873,1303,18271,
274.0746984732285,79556,872,1304,18271,
274.07857733172193,79555,873,1304,18271,
274.0810773620205,79555,872,1305,18271,
274.0881013871816,79554,873,1305,18271,
274.0961046720407,79554,873,1304,18272,
274.0964636095708,79554,872,1305,18272,
274.0993264859153,79554,871,1306,18272,
274.10051388529814,79554,871,1305,18273,
274.10134708480246,79553,872,1305,18273,
274.1030424849197,79553,872,1304,18274,
274.1047874313125,79552,873,1304,18274,
274.1066250354011,79552,872,1305,18274,
274.1066848177902,79552,872,1304,18275,
274.10798087901287,79552,871,1305,18275,
274.1097812182841,79552,871,1304,18276,
274.11053200517813,79551,872,1304,18276,
274.11100296164733,79551,871,1305,18276,
274.11440839659684,79550,872,1305,18276,
274.11683788286274,79550,872,1304,18277,
274.1198034042763,79549,873,1304,18277,
274.1203779317082,79549,873,1303,18278,
274.12474755370977,79549,873,1302,18279,
274.1252820684582,79548,874,1302,18279,
274.12575983219875,79547,875,1302,18279,
274.12672081016154,79547,874,1303,18279,
274.12851849144494,79547,874,1302,18280,
274.13308861663216,79547,873,1303,18280,
274.13409082032405,79547,872,1304,18280,
274.13591245543705,79547,871,1305,18280,
274.13625136786027,79546,872,1305,18280,
274.1381192455018,79546,872,1304,18281,
274.1395380086811,79546,871,1305,18281,
274.1423002263003,79546,870,1306,18281,
274.1475010168961,79546,870,1305,18282,
274.14918932682264,79545,871,1305,18282,
274.15476384422163,79545,871,1304,18283,
274.1575413879223,79544,872,1304,18283,
274.1578612287066,79543,873,1304,18283,
274.1596813196337,79542,874,1304,18283,
274.1694534231295,79542,874,1303,18284,
274.16992440380477,79542,874,1302,18285,
274.1707643583348,79542,874,1301,18286,
274.17377687741964,79542,873,1302,18286,
274.17557398694623,79542,873,1301,18287,
274.1766484872471,79541,874,1301,18287,
274.17748178798723,79541,874,1300,18288,
274.17884646548487,79541,873,1301,18288,
274.1790359132662,79540,874,1301,18288,
274.1899868698647,79540,873,1302,18288,
274.19150912325904,79540,872,1303,18288,
274.1969026818564,79539,873,1303,18288,
274.19781791271805,79538,874,1303,18288,
274.1996256903366,79537,875,1303,18288,
274.2006476937455,79537,874,1304,18288,
274.2020162317525,79536,875,1304,18288,
274.2075541193882,79536,874,1305,18288,
274.2219889549495,79536,874,1304,18289,
274.2257953195886,79536,874,1303,18290,
274.22593254842417,79535,875,1303,18290,
274.22755501088915,79535,875,1302,18291,
274.2281256917679,79535,875,1301,18292,
274.22982673616923,79535,875,1300,18293,
274.2300953714202,79535,874,1301,18293,
274.2307079231283,79535,873,1302,18293,
274.2308688983309,79535,872,1303,18293,
274.23121309913967,79535,872,1302,18294,
274.2347341565368,79534,873,1302,18294,
274.2356854528629,79534,872,1303,18294,
274.235972922281,79534,871,1304,18294,
274.24216917269126,79534,870,1305,18294,
274.24248938585674,79534,870,1304,18295,
274.24373893253426,79533,871,1304,18295,
274.25119416837634,79533,870,1305,18295,
274.2535158909105,79533,869,1306,18295,
274.2548305406007,79533,869,1305,18296,
274.2575872048184,79533,868,1306,18296,
274.26316661375546,79533,867,1307,18296,
274.26409357778033,79533,867,1306,18297,
274.26735161356333,79533,866,1307,18297,
274.26925600559645,79533,865,1308,18297,
274.27114314054324,79532,866,1308,18297,
274.2749839087023,79531,867,1308,18297,
274.2758283142524,79530,868,1308,18297,
274.278259796402,79530,868,1307,18298,
274.2784171805987,79529,869,1307,18298,
274.2831314851639,79529,869,1306,18299,
274.2842646759714,79529,868,1307,18299,
274.2894519900462,79529,868,1306,18300,
274.2910783858433,79528,869,1306,18300,
274.2918215728487,79528,869,1305,18301,
274.3023347068718,79528,869,1304,18302,
274.30585263383534,79528,869,1303,18303,
274.30630891060497,79528,869,1302,18304,
274.30747918451465,79528,868,1303,18304,
274.30813911712494,79527,869,1303,18304,
274.31012256734,79526,870,1303,18304,
274.31253033053014,79526,869,1304,18304,
274.31396835929246,79526,869,1303,18305,
274.31803301504897,79526,868,1304,18305,
274.32094282273147,79526,867,1305,18305,
274.32526152956933,79526,866,1306,18305,
274.32653556633693,79526,865,1307,18305,
274.32727979547104,79526,864,1308,18305,
274.3282805231057,79526,864,1307,18306,
274.33213268981444,79526,863,1308,18306,
274.3335842067713,79526,862,1309,18306,
274.33414411580804,79525,863,1309,18306,
274.3352116042036,79525,862,1310,18306,
274.33768215091214,79525,862,1309,18307,
274.33797269451134,79525,862,1308,18308,
274.3391463106519,79525,862,1307,18309,
274.33921277855586,79525,862,1306,18310,
274.34589085805806,79525,862,1305,18311,
274.34845281785346,79524,863,1305,18311,
274.3489201485258,79523,864,1305,18311,
274.3513941955182,79523,863,1306,18311,
274.3526022729342,79523,863,1305,18312,
274.3553903595357,79522,864,1305,18312,
274.3556302616185,79522,863,1306,18312,
274.3579399073054,79521,864,1306,18312,
274.358783908844,79521,863,1307,18312,
274.3591283727597,79520,864,1307,18312,
274.3610753440745,79520,863,1308,18312,
274.3615829865061,79519,864,1308,18312,
274.36259302864585,79518,865,1308,18312,
274.36462321458555,79517,866,1308,18312,
274.36969481116535,79517,866,1307,18313,
274.369925295901,79517,866,1306,18314,
274.37371858503525,79517,866,1305,18315,
274.3790290678735,79517,865,1306,18315,
274.3793054398805,79517,864,1307,18315,
274.3808179175963,79517,864,1306,18316,
274.38409569547565,79517,864,1305,18317,
274.3853519453332,79517,864,1304,18318,
274.3860491804156,79517,864,1303,18319,
274.39457035120455,79517,864,1302,18320,
274.3947066678248,79516,865,1302,18320,
274.39512043668367,79515,866,1302,18320,
274.39666417501934,79515,866,1301,18321,
274.399938816557,79515,866,1300,18322,
274.40613208011797,79515,865,1301,18322,
274.40656421324917,79514,866,1301,18322,
274.4148579532345,79513,867,1301,18322,
274.41511358000537,79513,866,1302,18322,
274.4161195025972,79513,865,1303,18322,
274.4170424967363,79512,866,1303,18322,
274.419082822127,79511,867,1303,18322,
274.42508302375654,79510,868,1303,18322,
274.42554604831923,79510,868,1302,18323,
274.427724976684,79510,867,1303,18323,
274.4346317005358,79509,868,1303,18323,
274.4373528661873,79509,868,1302,18324,
274.43861710019485,79509,867,1303,18324,
274.4390149987422,79509,866,1304,18324,
274.4395526882416,79509,865,1305,18324,
274.4413825175305,79509,865,1304,18325,
274.4420447005351,79509,864,1305,18325,
274.4429093436064,79508,865,1305,18325,
274.4476290152011,79508,864,1306,18325,
274.4507067428679,79507,865,1306,18325,
274.4507137946232,79507,865,1305,18326,
274.45157137573887,79507,865,1304,18327,
274.45205060316,79506,866,1304,18327,
274.45722676985224,79506,866,1303,18328,
274.4583997027742,79506,866,1302,18329,
274.4584449997187,79506,865,1303,18329,
274.45942573276415,79505,866,1303,18329,
274.4606603255188,79504,867,1303,18329,
274.46125042915475,79503,868,1303,18329,
274.4668293009481,79503,868,1302,18330,
274.46708270357226,79502,869,1302,18330,
274.4705495308005,79501,870,1302,18330,
274.4721324791904,79500,871,1302,18330,
274.47257894648016,79500,871,1301,18331,
274.47391098133494,79499,872,1301,18331,
274.4741595383982,79499,872,1300,18332,
274.4753198698268,79499,872,1299,18333,
274.4770067472817,79499,871,1300,18333,
274.47806427325685,79499,871,1299,18334,
274.4797730741965,79498,872,1299,18334,
274.4806685599343,79498,872,1298,18335,
274.48078047607265,79497,873,1298,18335,
274.4808855335077,79497,873,1297,18336,
274.4850106664557,79496,874,1297,18336,
274.48501560881004,79496,873,1298,18336,
274.48542559739315,79495,874,1298,18336,
274.485529946905,79495,873,1299,18336,
274.48731206417665,79494,874,1299,18336,
274.4888351794851,79494,873,1300,18336,
274.4947099876221,79493,874,1300,18336,
274.49527828499527,79493,874,1299,18337,
274.4957038225781,79493,873,1300,18337,
274.49661974539055,79493,873,1299,18338,
274.4993217859928,79493,872,1300,18338,
274.4998752835781,79493,872,1299,18339,
274.50215115359396,79493,872,1298,18340,
274.50492245294487,79493,872,1297,18341,
274.51291532838934,79493,871,1298,18341,
274.5137067961888,79493,870,1299,18341,
274.51496325311734,79493,870,1298,18342,
274.51788428159904,79493,869,1299,18342,
274.5201933268755,79493,869,1298,18343,
274.5266038333705,79493,868,1299,18343,
274.526615448091,79492,869,1299,18343,
274.528692863029,79492,868,1300,18343,
274.53897482421087,79492,867,1301,18343,
274.54045345205697,79492,867,1300,18344,
274.54439856370055,79492,867,1299,18345,
274.5446299850752,79492,866,1300,18345,
274.546441755992,79492,866,1299,18346,
274.5464835934696,79491,867,1299,18346,
274.5471990731283,79491,866,1300,18346,
274.5507975052249,79490,867,1300,18346,
274.55138391444865,79490,866,1301,18346,
274.55181130424353,79490,865,1302,18346,
274.5526093772674,79490,865,1301,18347,
274.55419137808013,79490,865,1300,18348,
274.55558243405676,79489,866,1300,18348,
274.5589901183905,79489,865,1301,18348,
274.5602676979621,79489,865,1300,18349,
274.56280472419456,79489,864,1301,18349,
274.5649354255863,79489,864,1300,18350,
274.56806870822817,79489,864,1299,18351,
274.56831466552694,79489,864,1298,18352,
274.5706421735945,79488,865,1298,18352,
274.5749126868217,79488,865,1297,18353,
274.57858961373046,79488,865,1296,18354,
274.58459048353893,79488,865,1295,18355,
274.58518614650137,79488,864,1296,18355,
274.5857299444674,79487,865,1296,18355,
274.5857482653973,79486,866,1296,18355,
274.58709954119155,79486,865,1297,18355,
274.5885715665741,79486,865,1296,18356,
274.5892426229758,79486,865,1295,18357,
274.59151612904185,79486,865,1294,18358,
274.5944534538504,79486,865,1293,18359,
274.59471221240676,79486,864,1294,18359,
274.5947939341655,79485,865,1294,18359,
274.5964728871576,79485,864,1295,18359,
274.6040632323139,79484,865,1295,18359,
274.60511620455924,79483,866,1295,18359,
274.6063002511178,79483,866,1294,18360,
274.6065523577938,79483,865,1295,18360,
274.60854256765083,79482,866,1295,18360,
274.60956480260904,79481,867,1295,18360,
274.6101668783249,79480,868,1295,18360,
274.6121177480675,79479,869,1295,18360,
274.61611043825116,79479,868,1296,18360,
274.61729543035426,79478,869,1296,18360,
274.62007433757185,79477,870,1296,18360,
274.620748003191,79476,871,1296,18360,
274.62103681417545,79476,870,1297,18360,
274.62163525094763,79476,869,1298,18360,
274.6234216616307,79475,870,1298,18360,
274.623904907553,79475,870,1297,18361,
274.62640243888126,79474,871,1297,18361,
274.62935476461234,79473,872,1297,18361,
274.6297190040306,79473,871,1298,18361,
274.6316333960323,79473,871,1297,18362,
274.6334420736773,79473,870,1298,18362,
274.6370113958807,79473,870,1297,18363,
274.6382753114059,79473,870,1296,18364,
274.63847236389637,79473,870,1295,18365,
274.64127115854825,79473,870,1294,18366,
274.6420558446192,79473,870,1293,18367,
274.6424544678723,79472,871,1293,18367,
274.6428002537414,79471,872,1293,18367,
274.6439696032335,79471,872,1292,18368,
274.6443525096367,79471,872,1291,18369,
274.6462468203939,79471,872,1290,18370,
274.6463460958057,79471,872,1289,18371,
274.6474889771142,79470,873,1289,18371,
274.64886098598777,79470,873,1288,18372,
274.6489626539075,79470,872,1289,18372,
274.6524031414601,79469,873,1289,18372,
274.6524768264843,79469,872,1290,18372,
274.65389901488913,79468,873,1290,18372,
274.6626053413134,79468,872,1291,18372,
274.66344600282787,79467,873,1291,18372,
274.6647919941515,79467,873,1290,18373,
274.66713091261397,79467,872,1291,18373,
274.67044213992466,79467,871,1292,18373,
274.6731404817782,79466,872,1292,18373,
274.67433819845235,79466,871,1293,18373,
274.67641393167906,79466,871,1292,18374,
274.67665655573177,79466,871,1291,18375,
274.67913982614306,79465,872,1291,18375,
274.6812903255762,79465,871,1292,18375,
274.68354868723054,79465,870,1293,18375,
274.6867207651459,79465,869,1294,18375,
274.6915198228469,79465,869,1293,18376,
274.691798948507,79465,868,1294,18376,
274.69373649254567,79465,867,1295,18376,
274.69519685890464,79465,866,1296,18376,
274.69607960453993,79464,867,1296,18376,
274.69814899644643,79464,867,1295,18377,
274.69963724908325,79463,868,1295,18377,
274.7004199257249,79463,867,1296,18377,
274.7016442105572,79462,868,1296,18377,
274.7038251441568,79461,869,1296,18377,
274.70481867078547,79461,869,1295,18378,
274.7064623696654,79460,870,1295,18378,
274.7069030835752,79459,871,1295,18378,
274.70696615240564,79459,871,1294,18379,
274.7089194702826,79459,871,1293,18380,
274.70980695217463,79458,872,1293,18380,
274.70992330508096,79458,872,1292,18381,
274.71288666366297,79458,872,1291,18382,
274.71326632047044,79457,873,1291,18382,
274.7138346975416,79457,873,1290,18383,
274.7142534298902,79456,874,1290,18383,
274.7176335214006,79455,875,1290,18383,
274.7214631728299,79455,874,1291,18383,
274.72406525320696,79454,875,1291,18383,
274.72607805727097,79454,875,1290,18384,
274.728829244557,79453,876,1290,18384,
274.7347277576454,79453,875,1291,18384,
274.7352168809335,79453,875,1290,18385,
274.7366866800481,79452,876,1290,18385,
274.7392292620635,79452,876,1289,18386,
274.7423129448822,79452,876,1288,18387,
274.7425288253965,79452,876,1287,18388,
274.74410293041853,79452,875,1288,18388,
274.7450933764742,79452,875,1287,18389,
274.745300991872,79451,876,1287,18389,
274.7475254700326,79451,876,1286,18390,
274.74827213609177,79451,875,1287,18390,
274.7501610300651,79450,876,1287,18390,
274.75209779972516,79450,876,1286,18391,
274.75711620513374,79449,877,1286,18391,
274.7608520315498,79449,877,1285,18392,
274.7609148426948,79449,877,1284,18393,
274.7612138059412,79449,876,1285,18393,
274.7705863736343,79448,877,1285,18393,
274.7737436958391,79448,876,1286,18393,
274.7738374800143,79447,877,1286,18393,
274.780745588003,79446,878,1286,18393,
274.7811221464983,79446,877,1287,18393,
274.781766898139,79446,876,1288,18393,
274.7856699184381,79446,876,1287,18394,
274.7897027769142,79445,877,1287,18394,
274.791035988459,79445,876,1288,18394,
274.79408508642234,79445,876,1287,18395,
274.7948226766843,79445,875,1288,18395,
274.7962448704137,79445,874,1289,18395,
274.79626851963843,79444,875,1289,18395,
274.7988583294462,79443,876,1289,18395,
274.80031283948495,79443,876,1288,18396,
274.80339619698935,79443,876,1287,18397,
274.80877729153957,79442,877,1287,18397,
274.81153763586997,79442,877,1286,18398,
274.81470786867476,79442,876,1287,18398,
274.8211360971562,79442,876,1286,18399,
274.8223730345629,79442,875,1287,18399,
274.82515283786466,79441,876,1287,18399,
274.8271219665195,79440,877,1287,18399,
274.8303953167757,79440,877,1286,18400,
274.8356010963901,79440,876,1287,18400,
274.8367932372622,79440,875,1288,18400,
274.84173564617953,79440,875,1287,18401,
274.8420247460647,79440,875,1286,18402,
274.8454675548014,79439,876,1286,18402,
274.8462409046837,79438,877,1286,18402,
274.84810407871777,79438,876,1287,18402,
274.84832114451575,79437,877,1287,18402,
274.85126549619474,79436,878,1287,18402,
274.8583753794087,79436,877,1288,18402,
274.85914483640846,79436,876,1289,18402,
274.85923786483,79435,877,1289,18402,
274.8602878057574,79435,877,1288,18403,
274.860308321358,79435,877,1287,18404,
274.8615995501894,79435,876,1288,18404,
274.86323352450654,79434,877,1288,18404,
274.8650782442584,79434,877,1287,18405,
274.8655044266617,79434,876,1288,18405,
274.86688116028216,79433,877,1288,18405,
274.8720124448591,79433,877,1287,18406,
274.872338327286,79432,878,1287,18406,
274.8832912126291,79431,879,1287,18406,
274.88553999597474,79431,879,1286,18407,
274.88677145405387,79430,880,1286,18407,
274.8868334251206,79430,879,1287,18407,
274.88936969224204,79430,879,1286,18408,
274.89209346211567,79430,878,1287,18408,
274.8933219712996,79430,878,1286,18409,
274.89560869702757,79430,877,1287,18409,
274.9053126238482,79430,876,1288,18409,
274.90731785931615,79430,876,1287,18410,
274.90734715692776,79430,876,1286,18411,
274.907926965544,79430,875,1287,18411,
274.910551575901,79429,876,1287,18411,
274.9113768254755,79429,875,1288,18411,
274.91246749776076,79429,875,1287,18412,
274.91324067559236,79429,874,1288,18412,
274.9162216476514,79429,873,1289,18412,
274.9176668926551,79429,872,1290,18412,
274.92356896456306,79429,871,1291,18412,
274.9247036961764,79429,871,1290,18413,
274.9282233728181,79429,871,1289,18414,
274.92856880587715,79429,871,1288,18415,
274.9350517146995,79429,871,1287,18416,
274.9386920587101,79429,871,1286,18417,
274.93989423962864,79428,872,1286,18417,
274.94141059517017,79428,871,1287,18417,
274.9420271351391,79427,872,1287,18417,
274.9444944440596,79427,871,1288,18417,
274.9457689292375,79427,871,1287,18418,
274.95128594423005,79426,872,1287,18418,
274.95221720881483,79425,873,1287,18418,
274.95490906336477,79425,873,1286,18419,
274.96185607933523,79425,873,1285,18420,
274.96309678938326,79424,874,1285,18420,
274.96407412557454,79424,874,1284,18421,
274.96457772745555,79424,873,1285,18421,
274.96552851877186,79424,873,1284,18422,
274.9661047464336,79424,872,1285,18422,
274.9680196845077,79423,873,1285,18422,
274.968814145104,79423,872,1286,18422,
274.97249432948496,79423,872,1285,18423,
274.9754007072328,79423,872,1284,18424,
274.9782373370481,79423,872,1283,18425,
274.9789827881955,79422,873,1283,18425,
274.98020362181995,79421,874,1283,18425,
274.9822290533063,79421,874,1282,18426,
274.9832640942319,79420,875,1282,18426,
274.984167577584,79419,876,1282,18426,
274.98508129912545,79419,876,1281,18427,
274.98586750935425,79419,875,1282,18427,
274.986175995294,79418,876,1282,18427,
274.9899165357271,79417,877,1282,18427,
274.990800805419,79417,877,1281,18428,
274.9914040248219,79417,876,1282,18428,
274.9947251934544,79417,876,1281,18429,
274.9953473131797,79417,875,1282,18429,
274.9954838767628,79416,876,1282,18429,
274.99676750066163,79416,876,1281,18430,
274.9979733957921,79416,875,1282,18430,
275.00037742791733,79416,874,1283,18430,
275.00292273350163,79415,875,1283,18430,
275.0044730950853,79415,874,1284,18430,
275.00508981716706,79414,875,1284,18430,
275.0055368105556,79413,876,1284,18430,
275.0072802814081,79413,876,1283,18431,
275.0084189470738,79413,875,1284,18431,
275.00887688457703,79412,876,1284,18431,
275.015434243078,79412,875,1285,18431,
275.01590787664617,79411,876,1285,18431,
275.0168046293913,79411,876,1284,18432,
275.0172930873957,79410,877,1284,18432,
275.01840808226245,79409,878,1284,18432,
275.0263858491081,79409,878,1283,18433,
275.03013650782015,79409,878,1282,18434,
275.0358435202861,79409,877,1283,18434,
275.03734857758093,79409,876,1284,18434,
275.0379033004763,79408,877,1284,18434,
275.03797239084514,79408,877,1283,18435,
275.04092676380634,79408,877,1282,18436,
275.04527986915446,79408,877,1281,18437,
275.0491010801012,79408,877,1280,18438,
275.05056888654417,79408,876,1281,18438,
275.0509502024418,79408,876,1280,18439,
275.05250377679647,79408,875,1281,18439,
275.0535969200961,79407,876,1281,18439,
275.0548621803067,79407,875,1282,18439,
275.0562454422148,79407,874,1283,18439,
275.0574128668682,79407,873,1284,18439,
275.06089734604626,79406,874,1284,18439,
275.0656065147158,79406,873,1285,18439,
275.0662598830844,79406,873,1284,18440,
275.066762333801,79406,873,1283,18441,
275.06729233307516,79406,873,1282,18442,
275.07545178808607,79406,873,1281,18443,
275.0786841820567,79405,874,1281,18443,
275.0788178392422,79405,874,1280,18444,
275.0790086922522,79405,874,1279,18445,
275.0806819883068,79405,873,1280,18445,
275.08113799866516,79405,873,1279,18446,
275.08391853708787,79404,874,1279,18446,
275.0850329248634,79404,874,1278,18447,
275.0854519588238,79404,873,1279,18447,
275.08557151685164,79403,874,1279,18447,
275.0867400604822,79402,875,1279,18447,
275.09392283327605,79402,874,1280,18447,
275.0942768475645,79401,875,1280,18447,
275.0944141733629,79401,875,1279,18448,
275.09449355750576,79400,876,1279,18448,
275.09711111213886,79400,875,1280,18448,
275.09863297256925,79399,876,1280,18448,
275.1004678335807,79399,875,1281,18448,
275.1011696312149,79399,875,1280,18449,
275.1067698644162,79398,876,1280,18449,
275.10928796596767,79397,877,1280,18449,
275.11226524320284,79397,877,1279,18450,
275.12044496612583,79397,877,1278,18451,
275.1224745688114,79397,877,1277,18452,
275.1234961608891,79396,878,1277,18452,
275.12450562863717,79395,879,1277,18452,
275.1265578976513,79395,878,1278,18452,
275.1281191689074,79395,878,1277,18453,
275.1281584634321,79395,877,1278,18453,
275.12818320278944,79395,876,1279,18453,
275.1316435090666,79394,877,1279,18453,
275.1318017082636,79393,878,1279,18453,
275.13313937033706,79393,878,1278,18454,
275.13368490254936,79393,877,1279,18454,
275.13478925062515,79393,876,1280,18454,
275.13730022395964,79393,876,1279,18455,
275.1380911560969,79393,876,1278,18456,
275.13944516801996,79392,877,1278,18456,
275.1460849119389,79392,876,1279,18456,
275.1499293725106,79392,875,1280,18456,
275.15198132854977,79392,875,1279,18457,
275.1589287693897,79392,874,1280,18457,
275.1600435826894,79392,874,1279,18458,
275.16104327130466,79391,875,1279,18458,
275.1640963708294,79391,875,1278,18459,
275.1644231700954,79391,875,1277,18460,
275.16465792097677,79390,876,1277,18460,
275.16500173894315,79390,876,1276,18461,
275.1656182957419,79389,877,1276,18461,
275.1682909757364,79388,878,1276,18461,
275.1684501570969,79388,878,1275,18462,
275.1712406135524,79387,879,1275,18462,
275.17346657371553,79386,880,1275,18462,
275.17460879462857,79386,880,1274,18463,
275.1781841813167,79386,879,1275,18463,
275.1826288240668,79385,880,1275,18463,
275.186821475234,79385,879,1276,18463,
275.1895336862242,79385,878,1277,18463,
275.1914344107304,79385,877,1278,18463,
275.19278572913447,79384,878,1278,18463,
275.1931329724605,79384,877,1279,18463,
275.19410385381315,79384,876,1280,18463,
275.1943310163294,79384,876,1279,18464,
275.19441754451077,79383,877,1279,18464,
275.19466091334795,79382,878,1279,18464,
275.1960515908225,79382,877,1280,18464,
275.19618718943815,79382,877,1279,18465,
275.1965572055002,79382,876,1280,18465,
275.19898468900067,79382,875,1281,18465,
275.1991168050118,79381,876,1281,18465,
275.2010001889351,79381,876,1280,18466,
275.2024975092691,79380,877,1280,18466,
275.20387651143176,79380,876,1281,18466,
275.2070847045103,79380,876,1280,18467,
275.20727969662545,79380,876,1279,18468,
275.20809887831933,79379,877,1279,18468,
275.21027029403774,79378,878,1279,18468,
275.21689673670954,79377,879,1279,18468,
275.2169806121998,79377,879,1278,18469,
275.2170247233183,79376,880,1278,18469,
275.217049467099,79376,879,1279,18469,
275.217654814324,79375,880,1279,18469,
275.21936963166013,79375,880,1278,18470,
275.22067821057055,79374,881,1278,18470,
275.2236781924637,79374,880,1279,18470,
275.22684395500295,79374,879,1280,18470,
275.22950290656104,79373,880,1280,18470,
275.2319827557425,79373,879,1281,18470,
275.2347695894929,79373,879,1280,18471,
275.236016195126,79373,879,1279,18472,
275.23799644863436,79373,879,1278,18473,
275.2448903429006,79372,880,1278,18473,
275.2460490994421,79372,880,1277,18474,
275.2505009341641,79372,879,1278,18474,
275.25450311185693,79371,880,1278,18474,
275.2547483849424,79371,879,1279,18474,
275.2572430046483,79371,879,1278,18475,
275.25953230936847,79371,879,1277,18476,
275.25987507307906,79371,879,1276,18477,
275.25988659876947,79371,879,1275,18478,
275.2599964477208,79371,878,1276,18478,
275.2666658970331,79371,878,1275,18479,
275.2688631874202,79370,879,1275,18479,
275.270752591302,79369,880,1275,18479,
275.2715599757884,79369,880,1274,18480,
275.2735327190271,79368,881,1274,18480,
275.2737005942723,79368,880,1275,18480,
275.2756684379416,79368,879,1276,18480,
275.27961533248566,79368,879,1275,18481,
275.27968982239497,79368,878,1276,18481,
275.2801448298003,79367,879,1276,18481,
275.2821873617054,79367,878,1277,18481,
275.2866753845645,79367,878,1276,18482,
275.28739306435347,79367,878,1275,18483,
275.28753695438405,79366,879,1275,18483,
275.2911875199719,79366,879,1274,18484,
275.2922379659941,79365,880,1274,18484,
275.29471584320453,79365,879,1275,18484,
275.29516506703595,79364,880,1275,18484,
275.2960552036452,79364,879,1276,18484,
275.2968265015894,79363,880,1276,18484,
275.29745799098197,79362,881,1276,18484,
275.307082561117,79362,881,1275,18485,
275.30960730208767,79362,881,1274,18486,
275.3114724657317,79362,881,1273,18487,
275.3135706056586,79362,880,1274,18487,
275.3141612325411,79361,881,1274,18487,
275.3175934146389,79361,880,1275,18487,
275.3218603403461,79361,879,1276,18487,
275.32268524872427,79361,879,1275,18488,
275.32354928730973,79361,879,1274,18489,
275.3243201226802,79361,878,1275,18489,
275.3246422401859,79360,879,1275,18489,
275.3259277821096,79359,880,1275,18489,
275.32614052342564,79358,881,1275,18489,
275.3272425169231,79358,881,1274,18490,
275.3274664478693,79357,882,1274,18490,
275.3278869123758,79357,881,1275,18490,
275.3309680987271,79357,880,1276,18490,
275.3319102977349,79357,879,1277,18490,
275.33349883874314,79357,878,1278,18490,
275.3358852975045,79356,879,1278,18490,
275.33819620729554,79356,878,1279,18490,
275.3413168603072,79356,877,1280,18490,
275.34283399075696,79356,877,1279,18491,
275.34350993597195,79355,878,1279,18491,
275.3504236146441,79355,878,1278,18492,
275.3539354640413,79355,878,1277,18493,
275.35500927020996,79355,877,1278,18493,
275.3567051374249,79355,876,1279,18493,
275.3578026332509,79355,875,1280,18493,
275.35970205687556,79354,876,1280,18493,
275.3610419460574,79353,877,1280,18493,
275.36471259185845,79353,876,1281,18493,
275.36890268262283,79353,876,1280,18494,
275.3694988159708,79353,876,1279,18495,
275.37198512966245,79352,877,1279,18495,
275.3770630822748,79352,877,1278,18496,
275.37730680374534,79352,876,1279,18496,
275.3816843003901,79352,875,1280,18496,
275.38280416212126,79352,874,1281,18496,
275.38376112225524,79352,874,1280,18497,
275.3850323086388,79352,873,1281,18497,
275.38563765293486,79352,872,1282,18497,
275.3878206091595,79352,872,1281,18498,
275.39086974068556,79351,873,1281,18498,
275.39376517529155,79351,873,1280,18499,
275.39491412960945,79351,872,1281,18499,
275.3961748685532,79350,873,1281,18499,
275.39945931093087,79350,873,1280,18500,
275.401324838358,79350,873,1279,18501,
275.404593099409,79350,872,1280,18501,
275.40502138748633,79350,872,1279,18502,
275.40554643427373,79350,871,1280,18502,
275.41113903380074,79350,870,1281,18502,
275.4125197511586,79349,871,1281,18502,
275.4134785130562,79348,872,1281,18502,
275.41663786174195,79348,871,1282,18502,
275.4210691355092,79348,870,1283,18502,
275.4278170581137,79348,870,1282,18503,
275.4296802437576,79348,869,1283,18503,
275.4315778984298,79347,870,1283,18503,
275.4334305185858,79346,871,1283,18503,
275.433559371894,79345,872,1283,18503,
275.43526833050447,79345,871,1284,18503,
275.45469167152123,79345,871,1283,18504,
275.4547154725454,79344,872,1283,18504,
275.4560085338829,79343,873,1283,18504,
275.45737559435753,79343,873,1282,18505,
275.457989532984,79342,874,1282,18505,
275.45932156411016,79342,874,1281,18506,
275.46011787547246,79341,875,1281,18506,
275.4611883446646,79341,874,1282,18506,
275.46389234660387,79340,875,1282,18506,
275.4640388914397,79340,874,1283,18506,
275.47081336785163,79340,874,1282,18507,
275.47318703546193,79339,875,1282,18507,
275.47624061669126,79339,874,1283,18507,
275.4768882373678,79338,875,1283,18507,
275.47742252152585,79337,876,1283,18507,
275.47744091859147,79337,876,1282,18508,
275.4784917631946,79337,876,1281,18509,
275.479588573314,79337,876,1280,18510,
275.48162627271824,79336,877,1280,18510,
275.4824115970936,79336,877,1279,18511,
275.4837688456163,79336,876,1280,18511,
275.4860658077035,79335,877,1280,18511,
275.48848641221315,79335,876,1281,18511,
275.4894664791948,79334,877,1281,18511,
275.4895040635145,79334,876,1282,18511,
275.49418336342256,79334,875,1283,18511,
275.4943515562159,79334,875,1282,18512,
275.49488299990463,79334,874,1283,18512,
275.495395963896,79333,875,1283,18512,
275.49592437875094,79333,875,1282,18513,
275.4966130281236,79333,875,1281,18514,
275.4976010994962,79332,876,1281,18514,
275.49785647117506,79332,876,1280,18515,
275.49975800279975,79332,875,1281,18515,
275.50026107494176,79332,875,1280,18516,
275.50097876178137,79332,874,1281,18516,
275.5012924384991,79332,873,1282,18516,
275.5027962521429,79332,873,1281,18517,
275.50554939933517,79332,872,1282,18517,
275.51038669241655,79332,872,1281,18518,
275.5146592843074,79332,872,1280,18519,
275.5158492249568,79332,871,1281,18519,
275.516818947735,79332,871,1280,18520,
275.51751124415694,79331,872,1280,18520,
275.51773773069317,79331,872,1279,18521,
275.523017652699,79330,873,1279,18521,
275.52389539350264,79330,872,1280,18521,
275.52560767875684,79329,873,1280,18521,
275.5304000487749,79329,873,1279,18522,
275.53390415545533,79329,873,1278,18523,
275.5355907988134,79329,873,1277,18524,
275.53589104615247,79329,872,1278,18524,
275.5368339565083,79329,872,1277,18525,
275.5379059265808,79329,872,1276,18526,
275.53821377511656,79328,873,1276,18526,
275.53995509251473,79328,872,1277,18526,
275.54567315073973,79327,873,1277,18526,
275.55010895352433,79327,872,1278,18526,
275.55096359730084,79326,873,1278,18526,
275.5528743584789,79325,874,1278,18526,
275.55544824720675,79325,874,1277,18527,
275.55714001094185,79325,874,1276,18528,
275.56798542687136,79324,875,1276,18528,
275.5689198864289,79323,876,1276,18528,
275.5741115895407,79322,877,1276,18528,
275.5744458775741,79322,876,1277,18528,
275.57542135047004,79321,877,1277,18528,
275.58041620308495,79321,877,1276,18529,
275.58424715347553,79321,876,1277,18529,
275.5845946880433,79321,876,1276,18530,
275.58474288170174,79321,875,1277,18530,
275.58542259203455,79321,874,1278,18530,
275.588494644443,79321,873,1279,18530,
275.59139029550096,79320,874,1279,18530,
275.59247806821884,79319,875,1279,18530,
275.5939509332635,79319,875,1278,18531,
275.59469415043554,79318,876,1278,18531,
275.59648829281207,79317,877,1278,18531,
275.59898683008856,79316,878,1278,18531,
275.600794600093,79316,877,1279,18531,
275.60164068168604,79316,876,1280,18531,
275.60281497081075,79316,876,1279,18532,
275.60285146855085,79316,876,1278,18533,
275.608332531149,79315,877,1278,18533,
275.60844288575555,79315,877,1277,18534,
275.6096323906196,79315,877,1276,18535,
275.6101659945562,79314,878,1276,18535,
275.6116457307622,79314,877,1277,18535,
275.61204402080324,79313,878,1277,18535,
275.6126184144406,79313,877,1278,18535,
275.6156505660436,79313,876,1279,18535,
275.62186984638004,79312,877,1279,18535,
275.6228339397642,79312,877,1278,18536,
275.6235763136829,79312,876,1279,18536,
275.6286406487401,79312,875,1280,18536,
275.6302317979528,79312,874,1281,18536,
275.6309472784055,79312,873,1282,18536,
275.6311831053352,79312,872,1283,18536,
275.6322330784007,79312,872,1282,18537,
275.6329573214004,79312,871,1283,18537,
275.6379571884121,79312,870,1284,18537,
275.6400213807922,79312,869,1285,18537,
275.6419499878933,79312,869,1284,18538,
275.6431408880086,79312,868,1285,18538,
275.644331992216,79312,868,1284,18539,
275.64588929671436,79312,867,1285,18539,
275.6464565925466,79311,868,1285,18539,
275.64724114607924,79311,867,1286,18539,
275.6474249129609,79311,866,1287,18539,
275.6491547997514,79311,865,1288,18539,
275.65330118467,79311,864,1289,18539,
275.6562851017033,79311,863,1290,18539,
275.65663068807356,79311,862,1291,18539,
275.65754649488304,79311,862,1290,18540,
275.6582812394423,79310,863,1290,18540,
275.6649276799703,79310,863,1289,18541,
275.6663499970365,79309,864,1289,18541,
275.6664590857995,79308,865,1289,18541,
275.66662373817144,79308,864,1290,18541,
275.6667555517615,79308,864,1289,18542,
275.66690878542516,79307,865,1289,18542,
275.6681228934716,79307,865,1288,18543,
275.6682498685288,79306,866,1288,18543,
275.66826880713535,79305,867,1288,18543,
275.67059093692274,79304,868,1288,18543,
275.671059578637,79304,868,1287,18544,
275.67128183403787,79304,867,1288,18544,
275.67192134006734,79303,868,1288,18544,
275.6725639316381,79302,869,1288,18544,
275.67631892536167,79302,868,1289,18544,
275.6779192903391,79301,869,1289,18544,
275.67863513782555,79301,868,1290,18544,
275.67894657805635,79301,868,1289,18545,
275.68133351072385,79301,867,1290,18545,
275.68261736333636,79300,868,1290,18545,
275.68625847867924,79300,868,1289,18546,
275.68784243633854,79300,867,1290,18546,
275.688478352453,79300,867,1289,18547,
275.6892007785133,79300,867,1288,18548,
275.69110743166016,79300,867,1287,18549,
275.69726259071797,79299,868,1287,18549,
275.69894842095755,79299,868,1286,18550,
275.7003121986618,79299,867,1287,18550,
275.7034577476446,79299,866,1288,18550,
275.70395406572453,79299,865,1289,18550,
275.7049592457099,79299,864,1290,18550,
275.70789733298244,79299,863,1291,18550,
275.7089828467407,79299,863,1290,18551,
275.7112609160665,79299,862,1291,18551,
275.71480335069157,79299,862,1290,18552,
275.7158776603634,79299,861,1291,18552,
275.72019508659207,79299,860,1292,18552,
275.72039229679933,79298,861,1292,18552,
275.7228009418743,79298,860,1293,18552,
275.7268817045596,79298,860,1292,18553,
275.72743022007694,79298,860,1291,18554,
275.7304596213045,79297,861,1291,18554,
275.7334930969552,79297,861,1290,18555,
275.73601587999343,79297,860,1291,18555,
275.73760007074566,79297,859,1292,18555,
275.7389261698725,79296,860,1292,18555,
275.7412751639733,79296,859,1293,18555,
275.74216328637465,79296,859,1292,18556,
275.7428231187761,79296,859,1291,18557,
275.74500589016156,79296,859,1290,18558,
275.7485269906374,79296,859,1289,18559,
275.7508214597574,79296,858,1290,18559,
275.7554602434183,79296,858,1289,18560,
275.75858130272826,79295,859,1289,18560,
275.7597806665799,79294,860,1289,18560,
275.76353402798225,79293,861,1289,18560,
275.7640015049268,79292,862,1289,18560,
275.76433714074307,79292,861,1290,18560,
275.7676885474422,79292,861,1289,18561,
275.7691201365049,79292,860,1290,18561,
275.772098301477,79291,861,1290,18561,
275.7737978529703,79291,860,1291,18561,
275.7747398218635,79291,860,1290,18562,
275.77608466950255,79290,861,1290,18562,
275.77811651180684,79289,862,1290,18562,
275.7889385508707,79289,861,1291,18562,
275.7936570469872,79289,861,1290,18563,
275.7969812870445,79288,862,1290,18563,
275.79721834767616,79288,861,1291,18563,
275.7995357307388,79287,862,1291,18563,
275.80482626238984,79287,862,1290,18564,
275.8051168773586,79287,862,1289,18565,
275.80584405010893,79287,862,1288,18566,
275.80865288068026,79287,861,1289,18566,
275.80975257808683,79287,861,1288,18567,
275.8141337716429,79287,860,1289,18567,
275.81452718511235,79287,860,1288,18568,
275.8194757232517,79286,861,1288,18568,
275.81951094117284,79285,862,1288,18568,
275.82091385692684,79285,862,1287,18569,
275.8212194859332,79285,861,1288,18569,
275.82473332667126,79285,860,1289,18569,
275.8263460326405,79284,861,1289,18569,
275.83601122053216,79284,860,1290,18569,
275.8388783278914,79284,859,1291,18569,
275.84043958206763,79284,859,1290,18570,
275.8415876950492,79284,859,1289,18571,
275.8504667132168,79284,858,1290,18571,
275.85233056438244,79283,859,1290,18571,
275.85376723027747,79283,858,1291,18571,
275.85499621208,79283,857,1292,18571,
275.8575599643212,79282,858,1292,18571,
275.85790280958184,79282,858,1291,18572,
275.8607313821573,79282,857,1292,18572,
275.8619228730854,79282,856,1293,18572,
275.8640775362377,79281,857,1293,18572,
275.86798861700163,79281,856,1294,18572,
275.86807380728715,79281,856,1293,18573,
275.86945321731304,79280,857,1293,18573,
275.87203502238566,79280,857,1292,18574,
275.87616768340627,79280,856,1293,18574,
275.8787089768016,79279,857,1293,18574,
275.8860907254654,79279,856,1294,18574,
275.89013351616575,79278,857,1294,18574,
275.8940432786265,79278,857,1293,18575,
275.89430325251533,79277,858,1293,18575,
275.896072343998,79277,857,1294,18575,
275.89961375308684,79277,857,1293,18576,
275.9003010654766,79277,856,1294,18576,
275.90109047994036,79276,857,1294,18576,
275.90362653513074,79276,856,1295,18576,
275.9057083463664,79276,856,1294,18577,
275.90920658811314,79275,857,1294,18577,
275.91076960520195,79275,857,1293,18578,
275.91115452206634,79274,858,1293,18578,
275.9117882168859,79274,858,1292,18579,
275.91637313609044,79273,859,1292,18579,
275.9175595789029,79273,859,1291,18580,
275.9180310792099,79272,860,1291,18580,
275.9185005553953,79272,860,1290,18581,
275.9201468849502,79272,859,1291,18581,
275.9205104017629,79272,858,1292,18581,
275.921059568618,79272,857,1293,18581,
275.92446630501314,79272,856,1294,18581,
275.92668592832155,79272,855,1295,18581,
275.9294882014256,79272,855,1294,18582,
275.92980990764346,79272,855,1293,18583,
275.9308550225148,79272,855,1292,18584,
275.9350115844554,79272,854,1293,18584,
275.9396472019,79271,855,1293,18584,
275.9517860302428,79271,855,1292,18585,
275.9528971256965,79270,856,1292,18585,
275.95799229018206,79269,857,1292,18585,
275.9591632986027,79269,857,1291,18586,
275.9609452654199,79269,856,1292,18586,
275.9612725985301,79269,856,1291,18587,
275.9640185079402,79269,855,1292,18587,
275.9656756036173,79269,854,1293,18587,
275.968591660518,79269,854,1292,18588,
275.9696541760237,79268,855,1292,18588,
275.97010360254063,79268,855,1291,18589,
275.97429356191094,79268,854,1292,18589,
275.9749711000342,79268,853,1293,18589,
275.97642421480145,79268,852,1294,18589,
275.9772247499532,79267,853,1294,18589,
275.98444947503737,79266,854,1294,18589,
275.98650697472164,79266,854,1293,18590,
275.9883176034009,79266,854,1292,18591,
275.9887724779494,79265,855,1292,18591,
276.0008150638943,79265,854,1293,18591,
276.0018307477066,79265,854,1292,18592,
276.0037294756112,79265,853,1293,18592,
276.00403675260696,79264,854,1293,18592,
276.00411095806214,79264,853,1294,18592,
276.00497282275234,79263,854,1294,18592,
276.0116940787595,79262,855,1294,18592,
276.0124485983513,79262,855,1293,18593,
276.01265512061286,79262,854,1294,18593,
276.0134983784298,79262,853,1295,18593,
276.0180897646549,79262,853,1294,18594,
276.0197462393391,79262,852,1295,18594,
276.02519924589393,79262,852,1294,18595,
276.02527599034534,79261,853,1294,18595,
276.0273703763517,79260,854,1294,18595,
276.0283888297749,79260,854,1293,18596,
276.02933321228574,79259,855,1293,18596,
276.03107639372803,79258,856,1293,18596,
276.0352004465292,79258,855,1294,18596,
276.0361254947551,79258,855,1293,18597,
276.03914688145215,79258,854,1294,18597,
276.03975741025306,79257,855,1294,18597,
276.04150132919006,79257,855,1293,18598,
276.0450011339154,79256,856,1293,18598,
276.0465629347527,79255,857,1293,18598,
276.0542323971847,79255,856,1294,18598,
276.0551867115298,79255,856,1293,18599,
276.05600090508926,79255,855,1294,18599,
276.05932301699227,79254,856,1294,18599,
276.06014681047117,79253,857,1294,18599,
276.06085200314425,79252,858,1294,18599,
276.06209172267296,79252,858,1293,18600,
276.06230414831504,79252,857,1294,18600,
276.0665716377603,79252,856,1295,18600,
276.0670006742737,79252,856,1294,18601,
276.0673497084973,79252,855,1295,18601,
276.0690948724314,79252,855,1294,18602,
276.0720238064483,79251,856,1294,18602,
276.072900689197,79250,857,1294,18602,
276.07393596675524,79250,856,1295,18602,
276.07424566334157,79249,857,1295,18602,
276.0779462570102,79248,858,1295,18602,
276.07992952467663,79248,857,1296,18602,
276.0804086905274,79247,858,1296,18602,
276.0817677243121,79246,859,1296,18602,
276.08389925798633,79246,859,1295,18603,
276.085206873439,79246,858,1296,18603,
276.08951324169465,79246,857,1297,18603,
276.0899067454099,79246,856,1298,18603,
276.0913452069204,79246,856,1297,18604,
276.091590040984,79246,856,1296,18605,
276.09580154510655,79246,856,1295,18606,
276.0964502354242,79246,856,1294,18607,
276.09974504776005,79245,857,1294,18607,
276.10288450120476,79244,858,1294,18607,
276.1030264029615,79244,857,1295,18607,
276.1037974195526,79244,856,1296,18607,
276.1039845653756,79244,855,1297,18607,
276.1048231209852,79243,856,1297,18607,
276.10522146140664,79243,855,1298,18607,
276.1100825539357,79243,855,1297,18608,
276.1120927588934,79242,856,1297,18608,
276.1144349377657,79242,855,1298,18608,
276.1156626937025,79242,854,1299,18608,
276.12418431239627,79242,853,1300,18608,
276.1242350139037,79242,853,1299,18609,
276.12523320872833,79241,854,1299,18609,
276.12541355637484,79241,854,1298,18610,
276.125763617494,79241,853,1299,18610,
276.13276507988706,79241,852,1300,18610,
276.13459423976633,79241,852,1299,18611,
276.13812780228585,79241,852,1298,18612,
276.13822764828103,79241,851,1299,18612,
276.1469423962528,79241,851,1298,18613,
276.14750902778945,79240,852,1298,18613,
276.15034695411686,79240,851,1299,18613,
276.1511193958835,79239,852,1299,18613,
276.1511347933061,79238,853,1299,18613,
276.1552028490776,79238,852,1300,18613,
276.1553458777911,79238,851,1301,18613,
276.1578902945185,79238,851,1300,18614,
276.1620643448426,79238,850,1301,18614,
276.1651324653757,79238,849,1302,18614,
276.1761178664149,79238,849,1301,18615,
276.17955989485176,79237,850,1301,18615,
276.1800983492806,79237,849,1302,18615,
276.18362891203896,79237,848,1303,18615,
276.1862853168794,79237,848,1302,18616,
276.18808584791503,79237,847,1303,18616,
276.1906778739364,79237,847,1302,18617,
276.19674463637597,79237,846,1303,18617,
276.1989101942915,79236,847,1303,18617,
276.2033846473422,79236,846,1304,18617,
276.2046223795271,79236,845,1305,18617,
276.2055177215413,79236,844,1306,18617,
276.20592702163776,79236,844,1305,18618,
276.2087381924678,79236,843,1306,18618,
276.2088038536836,79236,843,1305,18619,
276.2155416037319,79235,844,1305,18619,
276.2171185275202,79235,844,1304,18620,
276.2191192237191,79234,845,1304,18620,
276.22399520849683,79234,844,1305,18620,
276.22702598910973,79233,845,1305,18620,
276.22720082593594,79233,845,1304,18621,
276.22849923701375,79233,845,1303,18622,
276.2309482224746,79233,845,1302,18623,
276.23126936897046,79232,846,1302,18623,
276.23517899204467,79232,845,1303,18623,
276.23770429186607,79231,846,1303,18623,
276.2406733136023,79231,846,1302,18624,
276.24394498822875,79230,847,1302,18624,
276.2445041947197,79230,846,1303,18624,
276.24473434668016,79230,846,1302,18625,
276.24629253962917,79229,847,1302,18625,
276.2546286165627,79228,848,1302,18625,
276.2617224314137,79228,847,1303,18625,
276.2627251778234,79228,847,1302,18626,
276.26632985798915,79227,848,1302,18626,
276.26654061254936,79227,847,1303,18626,
276.2697780132145,79227,846,1304,18626,
276.27212275909636,79226,847,1304,18626,
276.27802953815444,79226,847,1303,18627,
276.27855091104436,79226,846,1304,18627,
276.28367882763024,79225,847,1304,18627,
276.2854143963841,79225,846,1305,18627,
276.2856779755097,79224,847,1305,18627,
276.2865975482975,79224,847,1304,18628,
276.28933467418864,79224,846,1305,18628,
276.29073889100084,79223,847,1305,18628,
276.2912006381695,79223,847,1304,18629,
276.2945331928442,79223,847,1303,18630,
276.29612706999706,79222,848,1303,18630,
276.2977424329616,79222,847,1304,18630,
276.30061793122496,79222,846,1305,18630,
276.3043031774221,79221,847,1305,18630,
276.3048505579011,79221,847,1304,18631,
276.3049183882845,79221,847,1303,18632,
276.3085124932506,79220,848,1303,18632,
276.3101444153002,79220,847,1304,18632,
276.3110510020065,79219,848,1304,18632,
276.3154864071443,79219,847,1305,18632,
276.3159631626521,79219,846,1306,18632,
276.31794515992925,79219,846,1305,18633,
276.3199630109563,79219,846,1304,18634,
276.3204480104392,79218,847,1304,18634,
276.321834687147,79218,847,1303,18635,
276.32418750392696,79218,847,1302,18636,
276.32427686922483,79218,847,1301,18637,
276.3282340293827,79218,847,1300,18638,
276.3324660243277,79218,846,1301,18638,
276.3329397519878,79218,845,1302,18638,
276.3330041077607,79217,846,1302,18638,
276.3340021099027,79216,847,1302,18638,
276.33598670110956,79216,846,1303,18638,
276.33603550410186,79216,845,1304,18638,
276.3362434943817,79216,844,1305,18638,
276.33699357689284,79215,845,1305,18638,
276.3370444292228,79215,845,1304,18639,
276.34000893798543,79214,846,1304,18639,
276.34077858416623,79214,845,1305,18639,
276.34315369979896,79213,846,1305,18639,
276.34375126032984,79213,845,1306,18639,
276.3445635176792,79213,845,1305,18640,
276.34866171572116,79212,846,1305,18640,
276.3524152399299,79212,846,1304,18641,
276.3525889157496,79212,845,1305,18641,
276.3562638866849,79212,845,1304,18642,
276.3568913216001,79212,845,1303,18643,
276.3604034801492,79212,844,1304,18643,
276.3623453672828,79212,843,1305,18643,
276.3689155350016,79212,843,1304,18644,
276.37372188736686,79212,843,1303,18645,
276.37566093131323,79212,843,1302,18646,
276.3756737122785,79212,843,1301,18647,
276.3762698160741,79212,842,1302,18647,
276.3778663040183,79212,842,1301,18648,
276.37991186383107,79212,841,1302,18648,
276.38144218133874,79212,840,1303,18648,
276.38278577394834,79212,840,1302,18649,
276.38294422396524,79211,841,1302,18649,
276.3834934504941,79211,840,1303,18649,
276.38371094599984,79211,840,1302,18650,
276.38426279335226,79211,840,1301,18651,
276.38468415158854,79210,841,1301,18651,
276.38560985356156,79210,840,1302,18651,
276.3864319958531,79210,840,1301,18652,
276.38791521197436,79209,841,1301,18652,
276.39465023892757,79209,840,1302,18652,
276.39486380085265,79209,839,1303,18652,
276.39758192072657,79209,839,1302,18653,
276.39975835356404,79209,838,1303,18653,
276.40592646682717,79209,838,1302,18654,
276.4076458103914,79209,838,1301,18655,
276.408810585374,79208,839,1301,18655,
276.4103744017954,79208,839,1300,18656,
276.4107836894629,79208,839,1299,18657,
276.4124620382487,79208,839,1298,18658,
276.4129599177501,79208,838,1299,18658,
276.4142477904309,79208,837,1300,18658,
276.4153059983501,79208,836,1301,18658,
276.41562026488117,79208,835,1302,18658,
276.4168788653903,79207,836,1302,18658,
276.4209802642203,79207,836,1301,18659,
276.4217315052774,79207,835,1302,18659,
276.42228468006135,79207,835,1301,18660,
276.4228000916018,79207,835,1300,18661,
276.4256682759568,79206,836,1300,18661,
276.42614554584844,79206,836,1299,18662,
276.42623354372046,79206,836,1298,18663,
276.42756288162906,79205,837,1298,18663,
276.4282277724977,79205,836,1299,18663,
276.42910390635006,79205,836,1298,18664,
276.43005791215694,79205,835,1299,18664,
276.43026316789445,79205,835,1298,18665,
276.4325674549873,79205,835,1297,18666,
276.43336708133296,79204,836,1297,18666,
276.43535643967834,79204,836,1296,18667,
276.4367942551265,79204,836,1295,18668,
276.43894363033394,79203,837,1295,18668,
276.44676217769296,79203,836,1296,18668,
276.44979987046366,79203,835,1297,18668,
276.45088094553785,79202,836,1297,18668,
276.4528113638001,79201,837,1297,18668,
276.4554353369251,79201,837,1296,18669,
276.45555228340305,79200,838,1296,18669,
276.4719362814519,79200,837,1297,18669,
276.4756904772066,79200,837,1296,18670,
276.4855817698774,79200,837,1295,18671,
276.488544219435,79200,836,1296,18671,
276.49245028941704,79200,835,1297,18671,
276.49461070802204,79200,834,1298,18671,
276.49612422389436,79200,834,1297,18672,
276.4972945021412,79199,835,1297,18672,
276.4998004873587,79199,835,1296,18673,
276.50026303757045,79198,836,1296,18673,
276.50305015543637,79197,837,1296,18673,
276.5033788995566,79197,836,1297,18673,
276.50386977346614,79196,837,1297,18673,
276.5058392898518,79196,837,1296,18674,
276.50741785841586,79196,837,1295,18675,
276.5190928579892,79196,836,1296,18675,
276.51972358892493,79196,835,1297,18675,
276.52330980794386,79196,834,1298,18675,
276.5269211689607,79196,833,1299,18675,
276.5318865580995,79196,832,1300,18675,
276.5319971916659,79196,832,1299,18676,
276.536653751946,79195,833,1299,18676,
276.5377361428091,79195,832,1300,18676,
276.5398055417057,79194,833,1300,18676,
276.54240406987645,79194,833,1299,18677,
276.54394073290587,79194,833,1298,18678,
276.55033508772686,79194,833,1297,18679,
276.55042732060235,79194,833,1296,18680,
276.553019630945,79194,832,1297,18680,
276.5559741894021,79194,832,1296,18681,
276.5576465586919,79194,831,1297,18681,
276.5656374805147,79194,830,1298,18681,
276.56781381840665,79193,831,1298,18681,
276.56869400597594,79193,831,1297,18682,
276.5687525779843,79192,832,1297,18682,
276.57171816796773,79192,832,1296,18683,
276.57944459711206,79192,832,1295,18684,
276.5826470777094,79192,832,1294,18685,
276.5836451618114,79192,832,1293,18686,
276.58526783259856,79192,832,1292,18687,
276.5865698375114,79192,832,1291,18688,
276.5949139061906,79192,831,1292,18688,
276.59521566681957,79192,831,1291,18689,
276.59570956395413,79191,832,1291,18689,
276.596348090617,79191,832,1290,18690,
276.5983643072617,79191,832,1289,18691,
276.59874485368823,79191,832,1288,18692,
276.60029775299836,79191,831,1289,18692,
276.60095749287694,79191,830,1290,18692,
276.6021347133672,79191,829,1291,18692,
276.60543762453193,79191,828,1292,18692,
276.60600372079654,79190,829,1292,18692,
276.6099411080403,79190,829,1291,18693,
276.6108062972096,79190,828,1292,18693,
276.61092961394877,79190,827,1293,18693,
276.6115242928666,79190,826,1294,18693,
276.61589847778146,79189,827,1294,18693,
276.61785642586733,79188,828,1294,18693,
276.6182187355354,79188,827,1295,18693,
276.6182274605779,79188,827,1294,18694,
276.6196286280738,79188,826,1295,18694,
276.6196316085133,79187,827,1295,18694,
276.62298974142385,79187,827,1294,18695,
276.6319094916088,79187,826,1295,18695,
276.63304423297836,79187,826,1294,18696,
276.63354783487495,79187,826,1293,18697,
276.6347133737931,79187,826,1292,18698,
276.63519141426866,79187,825,1293,18698,
276.6374373510231,79187,825,1292,18699,
276.6375007910399,79187,825,1291,18700,
276.6425853634071,79186,826,1291,18700,
276.6441492808018,79186,826,1290,18701,
276.6469647203035,79186,826,1289,18702,
276.64728179846605,79186,826,1288,18703,
276.6477380595471,79186,825,1289,18703,
276.650362443547,79186,825,1288,18704,
276.65251188108385,79186,824,1289,18704,
276.65524396843836,79185,825,1289,18704,
276.6562634119255,79185,824,1290,18704,
276.66163035882926,79184,825,1290,18704,
276.66766476635695,79184,825,1289,18705,
276.6700231959336,79184,825,1288,18706,
276.6704708299465,79184,825,1287,18707,
276.6714533222372,79184,825,1286,18708,
276.6726705897179,79184,824,1287,18708,
276.6729365817595,79183,825,1287,18708,
276.6733700320987,79183,825,1286,18709,
276.6745667470673,79183,825,1285,18710,
276.6746547836385,79183,825,1284,18711,
276.67528060258394,79183,825,1283,18712,
276.68302386786024,79183,824,1284,18712,
276.6877533892782,79183,824,1283,18713,
276.6917275077899,79182,825,1283,18713,
276.6931934162356,79181,826,1283,18713,
276.6939857476962,79181,825,1284,18713,
276.6957275235009,79180,826,1284,18713,
276.6961752972481,79180,825,1285,18713,
276.6982382325987,79180,824,1286,18713,
276.6986275685659,79179,825,1286,18713,
276.69875707661646,79179,825,1285,18714,
276.6991183400477,79178,826,1285,18714,
276.6997410923238,79177,827,1285,18714,
276.7003551650241,79177,826,1286,18714,
276.70219760059894,79177,826,1285,18715,
276.7022512236636,79177,826,1284,18716,
276.7028781514856,79177,825,1285,18716,
276.70488940506954,79177,825,1284,18717,
276.7071213745637,79177,825,1283,18718,
276.70804735436064,79176,826,1283,18718,
276.71241167154056,79176,825,1284,18718,
276.71704362378927,79175,826,1284,18718,
276.7176680519198,79175,825,1285,18718,
276.7179615160407,79175,824,1286,18718,
276.7181399889923,79175,824,1285,18719,
276.71916880875943,79174,825,1285,18719,
276.72232452142055,79173,826,1285,18719,
276.7264302992356,79172,827,1285,18719,
276.7323657327136,79172,826,1286,18719,
276.73727047852447,79172,826,1285,18720,
276.7388865857988,79172,825,1286,18720,
276.74001390777596,79172,825,1285,18721,
276.7410298441488,79171,826,1285,18721,
276.74118858890785,79171,826,1284,18722,
276.74154362585233,79170,827,1284,18722,
276.74203988347676,79169,828,1284,18722,
276.74442193520053,79169,828,1283,18723,
276.74536534837165,79168,829,1283,18723,
276.7462698101083,79167,830,1283,18723,
276.7484418641632,79167,830,1282,18724,
276.75081363950187,79167,830,1281,18725,
276.7554156817476,79167,830,1280,18726,
276.7640009491879,79167,829,1281,18726,
276.76656929728534,79166,830,1281,18726,
276.7677870925069,79166,830,1280,18727,
276.7680521607022,79165,831,1280,18727,
276.76893365710356,79165,831,1279,18728,
276.7722041422158,79165,831,1278,18729,
276.77551635712734,79164,832,1278,18729,
276.7756785839259,79164,831,1279,18729,
276.77662907281416,79163,832,1279,18729,
276.7773639838044,79163,831,1280,18729,
276.7800276150567,79162,832,1280,18729,
276.7804505257176,79162,831,1281,18729,
276.78046367231224,79162,831,1280,18730,
276.7829857133313,79161,832,1280,18730,
276.7834237381481,79160,833,1280,18730,
276.78643775763584,79159,834,1280,18730,
276.78910396710825,79158,835,1280,18730,
276.79244414632456,79157,836,1280,18730,
276.7926934606626,79157,835,1281,18730,
276.79276137612385,79156,836,1281,18730,
276.79389291970114,79155,837,1281,18730,
276.7948282575165,79154,838,1281,18730,
276.79505406703,79153,839,1281,18730,
276.79558471299856,79152,840,1281,18730,
276.79816256431275,79151,841,1281,18730,
276.7985176031992,79151,841,1280,18731,
276.80039261472297,79151,841,1279,18732,
276.80113632707264,79151,840,1280,18732,
276.80750451038756,79150,841,1280,18732,
276.80799008635756,79150,841,1279,18733,
276.8081592032382,79150,841,1278,18734,
276.81130300524904,79150,841,1277,18735,
276.81571970771927,79149,842,1277,18735,
276.8167464919402,79149,842,1276,18736,
276.8173704286677,79149,842,1275,18737,
276.8177697191423,79148,843,1275,18737,
276.81799098203504,79148,842,1276,18737,
276.8188430579134,79147,843,1276,18737,
276.8217031004892,79146,844,1276,18737,
276.822833106166,79145,845,1276,18737,
276.825195437852,79145,845,1275,18738,
276.82808063929195,79145,844,1276,18738,
276.83167800701665,79144,845,1276,18738,
276.8327100000599,79144,844,1277,18738,
276.83473098071835,79144,844,1276,18739,
276.841317455502,79144,844,1275,18740,
276.841965192882,79144,843,1276,18740,
276.84457384843245,79143,844,1276,18740,
276.8449337561942,79142,845,1276,18740,
276.84628093788217,79142,844,1277,18740,
276.8465018463183,79141,845,1277,18740,
276.8525870884999,79141,845,1276,18741,
276.8529773317128,79141,844,1277,18741,
276.8582301164667,79141,843,1278,18741,
276.86197602401745,79141,843,1277,18742,
276.8655891803131,79141,842,1278,18742,
276.8762450050522,79141,841,1279,18742,
276.8792727637316,79140,842,1279,18742,
276.8815543460411,79139,843,1279,18742,
276.88752681570315,79138,844,1279,18742,
276.88896379824644,79138,844,1278,18743,
276.8984783623501,79138,844,1277,18744,
276.89985990810914,79137,845,1277,18744,
276.9003011498502,79137,845,1276,18745,
276.9016469519717,79137,845,1275,18746,
276.9027218296031,79136,846,1275,18746,
276.9058207176843,79135,847,1275,18746,
276.90701476062355,79135,846,1276,18746,
276.907644419839,79134,847,1276,18746,
276.91231060114603,79134,847,1275,18747,
276.9156856724576,79134,846,1276,18747,
276.92156091482286,79134,846,1275,18748,
276.9218375826303,79134,846,1274,18749,
276.92319596824467,79133,847,1274,18749,
276.9237707539236,79133,847,1273,18750,
276.9250808564375,79133,846,1274,18750,
276.92695815275977,79133,845,1275,18750,
276.93232144655565,79133,845,1274,18751,
276.9333630968293,79132,846,1274,18751,
276.93394279613096,79131,847,1274,18751,
276.93402279400505,79130,848,1274,18751,
276.93481727842527,79130,847,1275,18751,
276.9376052071061,79130,846,1276,18751,
276.9394514345178,79130,846,1275,18752,
276.9407883740013,79129,847,1275,18752,
276.94575944965237,79129,847,1274,18753,
276.94711446297293,79129,846,1275,18753,
276.9475015658268,79129,845,1276,18753,
276.9487230371084,79129,845,1275,18754,
276.9495476915499,79128,846,1275,18754,
276.951737380439,79128,845,1276,18754,
276.9526539289256,79128,845,1275,18755,
276.95317957080874,79128,844,1276,18755,
276.9535090705639,79127,845,1276,18755,
276.95710525831987,79127,844,1277,18755,
276.9577855435867,79127,843,1278,18755,
276.957997141283,79127,842,1279,18755,
276.9581380668261,79127,841,1280,18755,
276.9584261542507,79127,840,1281,18755,
276.959704020565,79127,840,1280,18756,
276.9607388340219,79127,839,1281,18756,
276.96081938346373,79127,839,1280,18757,
276.96112292554227,79127,839,1279,18758,
276.9633684180972,79127,839,1278,18759,
276.9646628535799,79127,838,1279,18759,
276.96762160989067,79127,838,1278,18760,
276.9702528678407,79127,837,1279,18760,
276.9707961714495,79126,838,1279,18760,
276.97379699809176,79126,837,1280,18760,
276.97941869378246,79126,836,1281,18760,
276.98334790866153,79125,837,1281,18760,
276.98424264056035,79125,837,1280,18761,
276.98695529119885,79124,838,1280,18761,
276.98749077963487,79123,839,1280,18761,
276.9880143987166,79123,839,1279,18762,
276.99295839528924,79122,840,1279,18762,
276.9952572484947,79122,840,1278,18763,
276.9955419693372,79122,839,1279,18763,
276.9970886384288,79122,839,1278,18764,
276.99733851186596,79122,839,1277,18765,
276.9980186451048,79121,840,1277,18765,
276.99944652269636,79121,839,1278,18765,
276.9998120149116,79121,838,1279,18765,
277.0000106688279,79121,837,1280,18765,
277.0077855979176,79121,837,1279,18766,
277.01165147461444,79120,838,1279,18766,
277.01196024490315,79119,839,1279,18766,
277.0122071805604,79119,838,1280,18766,
277.015214652399,79119,838,1279,18767,
277.01555085349537,79118,839,1279,18767,
277.01939376691865,79117,840,1279,18767,
277.02051498479585,79117,839,1280,18767,
277.02176549155,79117,839,1279,18768,
277.0258667652705,79117,838,1280,18768,
277.0267836188053,79116,839,1280,18768,
277.02682334647443,79116,839,1279,18769,
277.02746174536236,79115,840,1279,18769,
277.0311785216647,79114,841,1279,18769,
277.03341435027806,79114,840,1280,18769,
277.03346804933074,79114,840,1279,18770,
277.0339073310345,79114,839,1280,18770,
277.03453050566674,79114,839,1279,18771,
277.0416083833592,79113,840,1279,18771,
277.04250191755756,79113,840,1278,18772,
277.0427519621776,79113,839,1279,18772,
277.0427711208286,79113,838,1280,18772,
277.04475953648296,79113,838,1279,18773,
277.0451325101804,79113,838,1278,18774,
277.0460568025056,79113,838,1277,18775,
277.04643110612324,79113,838,1276,18776,
277.04775464842055,79113,838,1275,18777,
277.0506818249635,79113,837,1276,18777,
277.05277135338986,79113,836,1277,18777,
277.05410505772653,79113,836,1276,18778,
277.05780781425045,79112,837,1276,18778,
277.05847513571985,79111,838,1276,18778,
277.06079284223534,79110,839,1276,18778,
277.0626039823781,79110,838,1277,18778,
277.0640951480013,79110,838,1276,18779,
277.0686900225314,79109,839,1276,18779,
277.0687423719927,79109,838,1277,18779,
277.0707121505823,79109,837,1278,18779,
277.07124752423397,79109,837,1277,18780,
277.0713760329147,79109,836,1278,18780,
277.07142098529255,79109,835,1279,18780,
277.07358624718125,79109,834,1280,18780,
277.07668199278265,79109,834,1279,18781,
277.0771722097936,79108,835,1279,18781,
277.0787724035457,79108,834,1280,18781,
277.080983765211,79108,834,1279,18782,
277.0822424072314,79108,834,1278,18783,
277.08969924925736,79108,834,1277,18784,
277.091204897617,79108,834,1276,18785,
277.0929490254783,79108,833,1277,18785,
277.0932156718127,79108,833,1276,18786,
277.10537816312063,79108,832,1277,18786,
277.10617686248685,79108,832,1276,18787,
277.10776375405555,79107,833,1276,18787,
277.1088917215695,79106,834,1276,18787,
277.112056064668,79106,834,1275,18788,
277.11312741887014,79106,833,1276,18788,
277.11703593643995,79106,833,1275,18789,
277.11725450224094,79105,834,1275,18789,
277.11886767984646,79104,835,1275,18789,
277.11966479200714,79104,835,1274,18790,
277.1198646641495,79104,834,1275,18790,
277.12412374841955,79104,833,1276,18790,
277.1280868670191,79103,834,1276,18790,
277.133757214945,79102,835,1276,18790,
277.1347037565545,79102,834,1277,18790,
277.13634373189245,79101,835,1277,18790,
277.13690935596946,79101,835,1276,18791,
277.13853102725614,79101,835,1275,18792,
277.1396615615585,79101,835,1274,18793,
277.13981418052066,79101,835,1273,18794,
277.1400814229241,79100,836,1273,18794,
277.14277973336175,79099,837,1273,18794,
277.14728350771236,79099,836,1274,18794,
277.14837677797016,79099,835,1275,18794,
277.1488849812788,79098,836,1275,18794,
277.1492556813718,79098,835,1276,18794,
277.1504535180896,79098,835,1275,18795,
277.15218776604894,79098,834,1276,18795,
277.1529664538433,79098,833,1277,18795,
277.1575373952396,79098,833,1276,18796,
277.15930445116743,79098,832,1277,18796,
277.1593144627236,79098,832,1276,18797,
277.15932384116684,79098,831,1277,18797,
277.16117213082293,79098,830,1278,18797,
277.16137646427006,79098,830,1277,18798,
277.16498158551616,79098,830,1276,18799,
277.16533587639327,79098,829,1277,18799,
277.1662490580085,79098,828,1278,18799,
277.16776450621796,79098,828,1277,18800,
277.1685557267032,79098,828,1276,18801,
277.1719472274606,79098,827,1277,18801,
277.1729782604354,79098,826,1278,18801,
277.1749547607794,79098,826,1277,18802,
277.1772234173668,79098,825,1278,18802,
277.1777643985063,79098,824,1279,18802,
277.17873988826454,79098,824,1278,18803,
277.18263224914364,79098,823,1279,18803,
277.1829189884274,79098,822,1280,18803,
277.1845846347169,79098,822,1279,18804,
277.185857621081,79098,821,1280,18804,
277.18594217873516,79097,822,1280,18804,
277.1909739050071,79096,823,1280,18804,
277.19175944012227,79096,822,1281,18804,
277.19298991722906,79096,821,1282,18804,
277.19371883764256,79095,822,1282,18804,
277.19592613931457,79094,823,1282,18804,
277.1979875723377,79094,822,1283,18804,
277.20675929403603,79093,823,1283,18804,
277.2078994244616,79092,824,1283,18804,
277.2127833294221,79091,825,1283,18804,
277.2144174854752,79091,824,1284,18804,
277.2198122018653,79090,825,1284,18804,
277.22373552091756,79090,824,1285,18804,
277.2265464675614,79090,824,1284,18805,
277.2267408777785,79090,824,1283,18806,
277.229109589963,79090,823,1284,18806,
277.2328865785072,79089,824,1284,18806,
277.23362025325457,79089,823,1285,18806,
277.23475317180487,79088,824,1285,18806,
277.2383377010181,79088,824,1284,18807,
277.2395706131601,79088,824,1283,18808,
277.2402609298245,79087,825,1283,18808,
277.2407407873569,79087,824,1284,18808,
277.24303829728643,79087,823,1285,18808,
277.2441060269607,79087,823,1284,18809,
277.2454236885996,79086,824,1284,18809,
277.2503665571574,79085,825,1284,18809,
277.2528634739834,79085,824,1285,18809,
277.2549069362648,79084,825,1285,18809,
277.25681556055787,79084,824,1286,18809,
277.25762306946234,79083,825,1286,18809,
277.2596599741686,79083,824,1287,18809,
277.2600525104898,79082,825,1287,18809,
277.26153978097824,79082,825,1286,18810,
277.2636706080799,79082,825,1285,18811,
277.2679548180105,79082,825,1284,18812,
277.26875307771013,79082,824,1285,18812,
277.2705626495758,79081,825,1285,18812,
277.27635136221636,79080,826,1285,18812,
277.2769109262878,79080,826,1284,18813,
277.2773366669484,79080,825,1285,18813,
277.27762855594574,79080,825,1284,18814,
277.28007865545374,79079,826,1284,18814,
277.2806057877159,79078,827,1284,18814,
277.287876457289,79078,826,1285,18814,
277.28941326514826,79077,827,1285,18814,
277.29076272491363,79077,827,1284,18815,
277.29576072484787,79077,827,1283,18816,
277.29761067065334,79076,828,1283,18816,
277.29842296479023,79076,827,1284,18816,
277.3001611830348,79076,826,1285,18816,
277.3005198589224,79076,826,1284,18817,
277.30299377588904,79075,827,1284,18817,
277.30356136783246,79075,827,1283,18818,
277.30372131235436,79075,827,1282,18819,
277.30488071819696,79075,826,1283,18819,
277.30862888796156,79075,826,1282,18820,
277.3092212883628,79075,826,1281,18821,
277.3126894169547,79074,827,1281,18821,
277.3165363251033,79073,828,1281,18821,
277.3174656116539,79073,828,1280,18822,
277.3181885821563,79073,828,1279,18823,
277.3192613315999,79072,829,1279,18823,
277.31956377851884,79072,828,1280,18823,
277.3201764931675,79072,828,1279,18824,
277.3206044366224,79072,828,1278,18825,
277.3243327665586,79072,828,1277,18826,
277.32583510410467,79071,829,1277,18826,
277.3269457837636,79071,829,1276,18827,
277.328819377118,79071,828,1277,18827,
277.3294168290294,79070,829,1277,18827,
277.33309984784734,79070,829,1276,18828,
277.3347161828493,79069,830,1276,18828,
277.33492232023866,79069,830,1275,18829,
277.33513732045026,79068,831,1275,18829,
277.33573311136024,79067,832,1275,18829,
277.33615070714956,79067,831,1276,18829,
277.3407919566738,79066,832,1276,18829,
277.3486864389636,79066,832,1275,18830,
277.35313686317403,79065,833,1275,18830,
277.3539109056681,79065,833,1274,18831,
277.35514075295106,79065,832,1275,18831,
277.35790585718377,79065,832,1274,18832,
277.3583815578599,79065,832,1273,18833,
277.3601607205411,79065,831,1274,18833,
277.36322259471393,79065,831,1273,18834,
277.3653837468744,79065,830,1274,18834,
277.3664596364906,79065,829,1275,18834,
277.36730582692525,79065,828,1276,18834,
277.37384593179013,79065,828,1275,18835,
277.37677160439125,79065,827,1276,18835,
277.38048110217176,79065,826,1277,18835,
277.3806185818298,79064,827,1277,18835,
277.38123472394176,79063,828,1277,18835,
277.38847023756495,79063,827,1278,18835,
277.39012924456034,79063,827,1277,18836,
277.3903211336204,79063,827,1276,18837,
277.39594405988373,79063,827,1275,18838,
277.39670136010693,79062,828,1275,18838,
277.3967980215652,79062,828,1274,18839,
277.39751504708806,79062,827,1275,18839,
277.3985430868884,79062,827,1274,18840,
277.4003740700105,79062,827,1273,18841,
277.4009424557008,79062,826,1274,18841,
277.4017316567186,79061,827,1274,18841,
277.4031184043391,79060,828,1274,18841,
277.4037024141041,79059,829,1274,18841,
277.4096733931014,79059,828,1275,18841,
277.4113381146403,79058,829,1275,18841,
277.4118595520635,79058,828,1276,18841,
277.412707012213,79058,828,1275,18842,
277.41302437402004,79057,829,1275,18842,
277.4150062050419,79057,828,1276,18842,
277.4169679157205,79057,828,1275,18843,
277.4176332169391,79056,829,1275,18843,
277.4176419562423,79056,828,1276,18843,
277.4180848138974,79056,827,1277,18843,
277.4191228184166,79055,828,1277,18843,
277.4208494435834,79055,827,1278,18843,
277.4209905739434,79055,826,1279,18843,
277.4222429665079,79054,827,1279,18843,
277.4224110492896,79054,827,1278,18844,
277.42658178352974,79053,828,1278,18844,
277.42711702666867,79053,828,1277,18845,
277.427731769862,79053,828,1276,18846,
277.42787147828557,79052,829,1276,18846,
277.4289411107475,79051,830,1276,18846,
277.4301274619085,79051,830,1275,18847,
277.4320100375775,79051,830,1274,18848,
277.43299464910166,79050,831,1274,18848,
277.43305275542167,79049,832,1274,18848,
277.43506076315856,79049,832,1273,18849,
277.4358924561185,79048,833,1273,18849,
277.44019198812384,79048,832,1274,18849,
277.4422882672918,79047,833,1274,18849,
277.44264899657577,79047,833,1273,18850,
277.4443764282361,79047,832,1274,18850,
277.4447934065269,79047,832,1273,18851,
277.4450695084308,79046,833,1273,18851,
277.4465754790095,79046,833,1272,18852,
277.4494243987215,79046,833,1271,18853,
277.45483538532955,79046,832,1272,18853,
277.4552513437036,79046,831,1273,18853,
277.45795246087755,79045,832,1273,18853,
277.46142020798834,79045,831,1274,18853,
277.4630882799658,79044,832,1274,18853,
277.4636925615414,79044,832,1273,18854,
277.46410062440026,79043,833,1273,18854,
277.4643935499734,79042,834,1273,18854,
277.47202409614323,79042,833,1274,18854,
277.4729748009924,79042,832,1275,18854,
277.474890442231,79042,831,1276,18854,
277.47521862185005,79042,830,1277,18854,
277.47531195424574,79042,829,1278,18854,
277.47628647702373,79042,829,1277,18855,
277.48332159422694,79042,828,1278,18855,
277.4846371574532,79042,828,1277,18856,
277.49025367104974,79042,827,1278,18856,
277.49037355032794,79042,827,1277,18857,
277.4914779406904,79042,827,1276,18858,
277.49169634789337,79042,827,1275,18859,
277.49174393738707,79042,826,1276,18859,
277.4923152975817,79041,827,1276,18859,
277.4924133924499,79041,827,1275,18860,
277.49483810888245,79041,827,1274,18861,
277.4968007467861,79041,827,1273,18862,
277.4969628661407,79040,828,1273,18862,
277.49744745012515,79039,829,1273,18862,
277.4987918377861,79039,828,1274,18862,
277.50166936684474,79038,829,1274,18862,
277.50362794070713,79038,828,1275,18862,
277.50393583365803,79038,827,1276,18862,
277.5052120878275,79038,826,1277,18862,
277.50565354783026,79038,825,1278,18862,
277.50823779494914,79038,825,1277,18863,
277.50839101452283,79038,825,1276,18864,
277.5111435909527,79037,826,1276,18864,
277.51472428936114,79037,825,1277,18864,
277.5168686400521,79037,824,1278,18864,
277.52219220598084,79037,824,1277,18865,
277.530501521177,79037,823,1278,18865,
277.5318503333921,79037,822,1279,18865,
277.54384827621345,79037,821,1280,18865,
277.54438622439636,79037,821,1279,18866,
277.5525156223871,79036,822,1279,18866,
277.55484947787977,79035,823,1279,18866,
277.55668410527437,79035,822,1280,18866,
277.55703141918826,79035,821,1281,18866,
277.55926949921906,79035,821,1280,18867,
277.5601126509059,79034,822,1280,18867,
277.563225717233,79034,821,1281,18867,
277.5741739747014,79033,822,1281,18867,
277.5742681568871,79033,821,1282,18867,
277.5752568606601,79032,822,1282,18867,
277.57550943234133,79032,822,1281,18868,
277.5759143545129,79032,821,1282,18868,
277.5788241125735,79032,820,1283,18868,
277.58642651570887,79032,819,1284,18868,
277.5864662774076,79032,818,1285,18868,
277.58784934530723,79032,818,1284,18869,
277.5894887222443,79032,818,1283,18870,
277.5905945257542,79032,818,1282,18871,
277.5920736163001,79032,818,1281,18872,
277.6007205437936,79032,817,1282,18872,
277.60076346442713,79031,818,1282,18872,
277.6009984720314,79031,817,1283,18872,
277.6023599066072,79031,816,1284,18872,
277.6024394874988,79030,817,1284,18872,
277.60761156441345,79030,816,1285,18872,
277.61070115401395,79030,816,1284,18873,
277.613636312816,79030,816,1283,18874,
277.61595927752484,79029,817,1283,18874,
277.6227954849782,79029,817,1282,18875,
277.62540342262196,79029,816,1283,18875,
277.62955363685325,79029,816,1282,18876,
277.6333115042765,79029,815,1283,18876,
277.6338949512222,79029,815,1282,18877,
277.63907495236134,79029,815,1281,18878,
277.6397658311482,79028,816,1281,18878,
277.6418224329125,79028,815,1282,18878,
277.6419229508376,79028,814,1283,18878,
277.6456515484684,79027,815,1283,18878,
277.64593441907726,79026,816,1283,18878,
277.64627700248343,79025,817,1283,18878,
277.6491315366818,79025,816,1284,18878,
277.6505439376888,79025,816,1283,18879,
277.65249812502265,79025,816,1282,18880,
277.6543053835085,79025,815,1283,18880,
277.65497554170895,79024,816,1283,18880,
277.65600566537626,79024,815,1284,18880,
277.65700983767414,79024,815,1283,18881,
277.65984556748003,79023,816,1283,18881,
277.6600048038771,79023,816,1282,18882,
277.6667888910051,79023,816,1281,18883,
277.66777769672353,79023,816,1280,18884,
277.6695591275909,79023,816,1279,18885,
277.67708522557837,79023,816,1278,18886,
277.678985051584,79022,817,1278,18886,
277.6793738859923,79022,817,1277,18887,
277.6812095597116,79022,817,1276,18888,
277.6852632407684,79021,818,1276,18888,
277.6867022348543,79021,818,1275,18889,
277.68746639789896,79021,817,1276,18889,
277.6881382077576,79021,816,1277,18889,
277.69109351341234,79021,815,1278,18889,
277.6915410571022,79020,816,1278,18889,
277.69181085654753,79020,815,1279,18889,
277.6985813580891,79020,814,1280,18889,
277.7008185910905,79019,815,1280,18889,
277.70116625711034,79019,815,1279,18890,
277.70196006478153,79019,814,1280,18890,
277.7031082571382,79019,813,1281,18890,
277.70377691108354,79019,812,1282,18890,
277.70460537764916,79019,812,1281,18891,
277.70501647513447,79019,812,1280,18892,
277.7105469990323,79018,813,1280,18892,
277.71329396759126,79018,812,1281,18892,
277.7135956159188,79017,813,1281,18892,
277.71416547710936,79017,812,1282,18892,
277.7193431520996,79017,811,1283,18892,
277.71973568347215,79017,810,1284,18892,
277.7208476125189,79017,810,1283,18893,
277.72096697037233,79017,809,1284,18893,
277.7213435632823,79017,808,1285,18893,
277.72177117459665,79016,809,1285,18893,
277.7218657030064,79016,809,1284,18894,
277.72253263399983,79016,808,1285,18894,
277.7247084101554,79016,807,1286,18894,
277.72586081369246,79015,808,1286,18894,
277.7292798704177,79015,808,1285,18895,
277.7311000613257,79015,807,1286,18895,
277.73127315540063,79015,806,1287,18895,
277.733846549935,79015,805,1288,18895,
277.7357498909032,79015,804,1289,18895,
277.7366264114602,79015,804,1288,18896,
277.7401702243059,79014,805,1288,18896,
277.74237335335556,79013,806,1288,18896,
277.74566377469995,79013,806,1287,18897,
277.74632170224174,79013,806,1286,18898,
277.7463829540399,79013,806,1285,18899,
277.7472093584955,79013,805,1286,18899,
277.74835479940356,79012,806,1286,18899,
277.7509198589508,79012,805,1287,18899,
277.7518204684583,79012,804,1288,18899,
277.7536751357529,79012,804,1287,18900,
277.7574919755938,79011,805,1287,18900,
277.76169815277694,79011,804,1288,18900,
277.7622594015759,79010,805,1288,18900,
277.76289647844766,79010,804,1289,18900,
277.76496310029773,79010,804,1288,18901,
277.76675933497023,79010,804,1287,18902,
277.7677939735805,79010,804,1286,18903,
277.7692413774963,79010,803,1287,18903,
277.7736065243437,79010,802,1288,18903,
277.77448534043566,79010,801,1289,18903,
277.7747324965367,79009,802,1289,18903,
277.7750614294757,79008,803,1289,18903,
277.7760942937635,79008,803,1288,18904,
277.77774067507414,79007,804,1288,18904,
277.7785465869631,79007,803,1289,18904,
277.7794935050728,79007,803,1288,18905,
277.7809237008469,79007,802,1289,18905,
277.78117752365137,79007,801,1290,18905,
277.7830025325667,79007,800,1291,18905,
277.79532411954864,79007,800,1290,18906,
277.7953574170165,79006,801,1290,18906,
277.80104389429493,79006,800,1291,18906,
277.80840868753245,79005,801,1291,18906,
277.8126905039705,79005,800,1292,18906,
277.8129671142535,79005,800,1291,18907,
277.81481022541317,79004,801,1291,18907,
277.8173170500636,79004,801,1290,18908,
277.818945345157,79004,800,1291,18908,
277.820412987224,79004,799,1292,18908,
277.8208246189562,79004,798,1293,18908,
277.8212831345655,79004,798,1292,18909,
277.8237064549367,79004,798,1291,18910,
277.8270199629815,79004,797,1292,18910,
277.82896697833525,79003,798,1292,18910,
277.8338983252798,79003,797,1293,18910,
277.8341385646972,79002,798,1293,18910,
277.83748433501086,79001,799,1293,18910,
277.8413103915289,79000,800,1293,18910,
277.8420137899319,78999,801,1293,18910,
277.84532893282295,78999,800,1294,18910,
277.84876629873526,78999,800,1293,18911,
277.8497327212791,78998,801,1293,18911,
277.85055447774795,78997,802,1293,18911,
277.85207522935605,78996,803,1293,18911,
277.85315429208407,78995,804,1293,18911,
277.85566055747535,78995,804,1292,18912,
277.8663335824315,78995,804,1291,18913,
277.86783512858193,78994,805,1291,18913,
277.87242239744955,78994,804,1292,18913,
277.88084762440707,78994,804,1291,18914,
277.8855926430459,78994,803,1292,18914,
277.8856948259197,78994,802,1293,18914,
277.88857902870615,78993,803,1293,18914,
277.8909819306742,78993,802,1294,18914,
277.89107771308267,78993,801,1295,18914,
277.8943750284931,78993,801,1294,18915,
277.89501305146933,78993,801,1293,18916,
277.895425382039,78993,801,1292,18917,
277.8956963862063,78993,801,1291,18918,
277.89771094764075,78992,802,1291,18918,
277.90487358984,78992,802,1290,18919,
277.9056373927305,78992,801,1291,18919,
277.90580197563673,78991,802,1291,18919,
277.90598401007384,78991,801,1292,18919,
277.9080433388462,78990,802,1292,18919,
277.9082574722355,78990,802,1291,18920,
277.9099693436546,78989,803,1291,18920,
277.9103401173822,78989,802,1292,18920,
277.9115564930138,78989,802,1291,18921,
277.91291095521086,78989,802,1290,18922,
277.91300211324454,78988,803,1290,18922,
277.91475534120224,78987,804,1290,18922,
277.9152878851187,78986,805,1290,18922,
277.92026066115005,78985,806,1290,18922,
277.92280621969337,78985,805,1291,18922,
277.9270347478115,78985,804,1292,18922,
277.9279204478502,78985,803,1293,18922,
277.92856792767356,78985,803,1292,18923,
277.933674776409,78985,802,1293,18923,
277.9349669419204,78984,803,1293,18923,
277.93792701827374,78984,802,1294,18923,
277.94188811496525,78984,802,1293,18924,
277.9449639386094,78984,802,1292,18925,
277.9508959698413,78983,803,1292,18925,
277.95293214255827,78983,803,1291,18926,
277.9554930071521,78983,802,1292,18926,
277.96182709008394,78982,803,1292,18926,
277.9689526190533,78982,802,1293,18926,
277.9693443933058,78981,803,1293,18926,
277.9696590470122,78981,802,1294,18926,
277.9714860870448,78980,803,1294,18926,
277.97813547409913,78980,803,1293,18927,
277.97940470435316,78980,803,1292,18928,
277.9866464047978,78980,802,1293,18928,
277.99199735206474,78980,801,1294,18928,
277.9928282505914,78979,802,1294,18928,
277.9947485651493,78979,801,1295,18928,
277.99480447453794,78979,801,1294,18929,
277.9962823991612,78979,801,1293,18930,
277.9963429314541,78979,801,1292,18931,
277.99736665692143,78979,800,1293,18931,
277.9976977557284,78979,800,1292,18932,
278.00038062012527,78978,801,1292,18932,
278.0016425234157,78978,800,1293,18932,
278.00183111160595,78977,801,1293,18932,
278.0058199639915,78976,802,1293,18932,
278.00627335001616,78976,802,1292,18933,
278.0094144769851,78976,802,1291,18934,
278.01270286848415,78976,802,1290,18935,
278.0145551261444,78976,801,1291,18935,
278.01543667195625,78975,802,1291,18935,
278.0216426530976,78975,801,1292,18935,
278.02899188526874,78975,800,1293,18935,
278.0291760590729,78975,799,1294,18935,
278.0318769364843,78975,799,1293,18936,
278.03358467737644,78975,799,1292,18937,
278.03465976726216,78975,799,1291,18938,
278.03506242536236,78974,800,1291,18938,
278.03549072987465,78974,800,1290,18939,
278.036095087742,78973,801,1290,18939,
278.0364527455847,78972,802,1290,18939,
278.0366506006279,78972,801,1291,18939,
278.0376404204833,78972,800,1292,18939,
278.0400056947361,78972,800,1291,18940,
278.0416689017165,78971,801,1291,18940,
278.04172104572024,78971,800,1292,18940,
278.04230145859884,78971,800,1291,18941,
278.0423750261372,78971,800,1290,18942,
278.0425290505196,78970,801,1290,18942,
278.0462477491017,78970,800,1291,18942,
278.05048495857085,78969,801,1291,18942,
278.0514529553274,78969,801,1290,18943,
278.052445252503,78968,802,1290,18943,
278.05382751682714,78968,802,1289,18944,
278.05757035208507,78968,802,1288,18945,
278.05789357729236,78967,803,1288,18945,
278.0682139048029,78966,804,1288,18945,
278.06831825196593,78965,805,1288,18945,
278.070447979057,78964,806,1288,18945,
278.07396525807593,78964,806,1287,18946,
278.0793468916485,78963,807,1287,18946,
278.0808070867619,78962,808,1287,18946,
278.0815572066719,78962,808,1286,18947,
278.08156636327357,78962,807,1287,18947,
278.08736066701715,78962,807,1286,18948,
278.0900115652967,78962,806,1287,18948,
278.0917323131353,78961,807,1287,18948,
278.09208016464964,78960,808,1287,18948,
278.0923593792065,78960,807,1288,18948,
278.1006326996802,78960,806,1289,18948,
278.10134922338426,78959,807,1289,18948,
278.10259421888617,78959,807,1288,18949,
278.10324658594317,78959,807,1287,18950,
278.1058493172526,78958,808,1287,18950,
278.10677188316635,78958,807,1288,18950,
278.10809510197754,78957,808,1288,18950,
278.1108396025336,78956,809,1288,18950,
278.11387062871626,78956,808,1289,18950,
278.1150113544368,78956,807,1290,18950,
278.1164903891729,78956,807,1289,18951,
278.11745225982236,78955,808,1289,18951,
278.11787276291096,78955,807,1290,18951,
278.12323902694044,78955,807,1289,18952,
278.1249346158864,78955,807,1288,18953,
278.13101226378757,78954,808,1288,18953,
278.1341907153948,78954,807,1289,18953,
278.13628744101726,78954,806,1290,18953,
278.1398126479847,78954,805,1291,18953,
278.1431567876687,78954,804,1292,18953,
278.14467034380635,78953,805,1292,18953,
278.14934288352754,78952,806,1292,18953,
278.1553585532294,78951,807,1292,18953,
278.15692837760423,78951,807,1291,18954,
278.1604029326793,78951,807,1290,18955,
278.16178584148673,78951,807,1289,18956,
278.16506973209283,78951,807,1288,18957,
278.16772992733473,78951,806,1289,18957,
278.17237881815964,78951,805,1290,18957,
278.17559841305706,78951,804,1291,18957,
278.1764107032202,78950,805,1291,18957,
278.17677732711655,78950,804,1292,18957,
278.180604051924,78950,804,1291,18958,
278.1825051489778,78950,803,1292,18958,
278.1846698999984,78950,803,1291,18959,
278.1848378757466,78949,804,1291,18959,
278.1851670164644,78949,803,1292,18959,
278.18543388066047,78949,802,1293,18959,
278.1875023884743,78949,802,1292,18960,
278.1879856404849,78949,801,1293,18960,
278.18843211830216,78949,801,1292,18961,
278.18866992701265,78949,800,1293,18961,
278.1886886637418,78949,799,1294,18961,
278.1904728897961,78949,798,1295,18961,
278.1906583163425,78948,799,1295,18961,
278.1911966449859,78948,798,1296,18961,
278.1998163697294,78948,797,1297,18961,
278.2043981186562,78948,797,1296,18962,
278.20470410009455,78948,796,1297,18962,
278.2049565753568,78947,797,1297,18962,
278.20935644149165,78947,796,1298,18962,
278.2106944568209,78947,796,1297,18963,
278.21267573842823,78947,795,1298,18963,
278.2150530365405,78947,794,1299,18963,
278.2161662946206,78947,794,1298,18964,
278.2167160137824,78947,794,1297,18965,
278.2192422265676,78947,793,1298,18965,
278.2196535213097,78947,793,1297,18966,
278.22018268078097,78947,793,1296,18967,
278.2210920884289,78947,792,1297,18967,
278.2215957975027,78947,792,1296,18968,
278.22332798913203,78946,793,1296,18968,
278.2288906126995,78946,792,1297,18968,
278.2291660837732,78945,793,1297,18968,
278.23262221905543,78945,793,1296,18969,
278.23331421666023,78945,792,1297,18969,
278.23938168656696,78944,793,1297,18969,
278.24119138497184,78944,792,1298,18969,
278.25085358270996,78943,793,1298,18969,
278.2545811512674,78943,793,1297,18970,
278.25536456617584,78943,792,1298,18970,
278.2557448334612,78943,791,1299,18970,
278.2581712680518,78943,790,1300,18970,
278.2587370389293,78943,790,1299,18971,
278.2589655735679,78943,789,1300,18971,
278.25954053628874,78943,788,1301,18971,
278.2622145909136,78943,787,1302,18971,
278.26278706481105,78943,786,1303,18971,
278.2640695193816,78943,785,1304,18971,
278.26440574701815,78943,784,1305,18971,
278.2649393586591,78943,784,1304,18972,
278.26737475753566,78942,785,1304,18972,
278.27523084069367,78941,786,1304,18972,
278.2766006371654,78941,785,1305,18972,
278.2767341232442,78940,786,1305,18972,
278.27683372049836,78940,785,1306,18972,
278.2770080414665,78940,784,1307,18972,
278.2803077494762,78939,785,1307,18972,
278.2804886944538,78939,784,1308,18972,
278.2814700997818,78939,784,1307,18973,
278.28313902742235,78939,783,1308,18973,
278.28415450925337,78939,782,1309,18973,
278.28644391349064,78938,783,1309,18973,
278.28864145898,78937,784,1309,18973,
278.28937588641764,78937,783,1310,18973,
278.2898285322565,78936,784,1310,18973,
278.2913571809336,78936,783,1311,18973,
278.2941586204685,78935,784,1311,18973,
278.2951541088171,78934,785,1311,18973,
278.2957218103318,78934,784,1312,18973,
278.2974454788277,78933,785,1312,18973,
278.29914274431445,78933,784,1313,18973,
278.3044401878122,78932,785,1313,18973,
278.3070877100929,78932,785,1312,18974,
278.3083695430287,78932,784,1313,18974,
278.31025597582544,78932,784,1312,18975,
278.3113269289029,78932,783,1313,18975,
278.31189732927106,78931,784,1313,18975,
278.3143872321506,78931,783,1314,18975,
278.31480179572264,78931,783,1313,18976,
278.3175681263188,78931,783,1312,18977,
278.32318261089284,78930,784,1312,18977,
278.32586350000025,78930,784,1311,18978,
278.3267065119278,78930,784,1310,18979,
278.3269664899314,78930,783,1311,18979,
278.32766917067227,78930,782,1312,18979,
278.3297921756151,78930,782,1311,18980,
278.33381453787916,78930,782,1310,18981,
278.3356218405669,78929,783,1310,18981,
278.3426405880353,78929,783,1309,18982,
278.34353261462854,78929,783,1308,18983,
278.3450010408339,78929,782,1309,18983,
278.3451154760878,78929,782,1308,18984,
278.34515152350303,78929,781,1309,18984,
278.34689318600107,78929,781,1308,18985,
278.348266042622,78929,781,1307,18986,
278.34993705057957,78928,782,1307,18986,
278.35251757992694,78928,782,1306,18987,
278.3531628931134,78927,783,1306,18987,
278.3572238229635,78927,783,1305,18988,
278.35764601398853,78927,783,1304,18989,
278.3603245672961,78926,784,1304,18989,
278.36122680353736,78926,784,1303,18990,
278.3658251629733,78925,785,1303,18990,
278.3694835691407,78924,786,1303,18990,
278.36998408433345,78924,785,1304,18990,
278.37047995064336,78924,784,1305,18990,
278.3718912680713,78924,784,1304,18991,
278.3723331730193,78924,783,1305,18991,
278.37390227976124,78923,784,1305,18991,
278.3755070261328,78922,785,1305,18991,
278.3780000543004,78922,785,1304,18992,
278.37824614008355,78922,785,1303,18993,
278.3814432538959,78921,786,1303,18993,
278.3820359261825,78921,785,1304,18993,
278.3871039935981,78921,785,1303,18994,
278.3919440029931,78921,785,1302,18995,
278.39249340431223,78921,785,1301,18996,
278.3925057103121,78921,784,1302,18996,
278.3926494830269,78921,783,1303,18996,
278.39283894899114,78921,782,1304,18996,
278.39550292381705,78921,781,1305,18996,
278.397248765007,78921,780,1306,18996,
278.3973043552887,78921,780,1305,18997,
278.3986895286775,78920,781,1305,18997,
278.4021200635563,78919,782,1305,18997,
278.40515610226385,78919,782,1304,18998,
278.40528824082617,78919,781,1305,18998,
278.4078426916064,78918,782,1305,18998,
278.4105746993441,78918,781,1306,18998,
278.41237734795897,78917,782,1306,18998,
278.41552857381726,78917,782,1305,18999,
278.4176235085957,78916,783,1305,18999,
278.41804281217827,78916,783,1304,19000,
278.42134266989905,78916,782,1305,19000,
278.4215836042757,78916,782,1304,19001,
278.42246639376265,78915,783,1304,19001,
278.4224665597977,78914,784,1304,19001,
278.42558719983174,78914,783,1305,19001,
278.427185683932,78914,783,1304,19002,
278.42910387713687,78914,783,1303,19003,
278.4303294781292,78913,784,1303,19003,
278.4314220386633,78912,785,1303,19003,
278.4348512697284,78911,786,1303,19003,
278.43974997874324,78911,786,1302,19004,
278.44728420578144,78911,786,1301,19005,
278.44861916647983,78911,786,1300,19006,
278.4531158920368,78911,785,1301,19006,
278.4536802579558,78910,786,1301,19006,
278.45380524888066,78910,786,1300,19007,
278.4542768009849,78910,785,1301,19007,
278.4611010067599,78910,784,1302,19007,
278.4694104737737,78909,785,1302,19007,
278.472421136203,78909,785,1301,19008,
278.4725882046437,78909,785,1300,19009,
278.4736456607141,78909,785,1299,19010,
278.47407763636147,78909,784,1300,19010,
278.47640764216624,78909,783,1301,19010,
278.4823155714776,78909,782,1302,19010,
278.4869391283487,78908,783,1302,19010,
278.4878914599914,78908,782,1303,19010,
278.49171151351646,78907,783,1303,19010,
278.49311086867027,78906,784,1303,19010,
278.4964343081925,78906,784,1302,19011,
278.4968269976576,78905,785,1302,19011,
278.49831538406426,78905,784,1303,19011,
278.500602338067,78905,784,1302,19012,
278.5044648707572,78904,785,1302,19012,
278.5086037447047,78904,785,1301,19013,
278.50982037658287,78903,786,1301,19013,
278.5117634000971,78902,787,1301,19013,
278.51180923548486,78902,786,1302,19013,
278.5123216525246,78902,785,1303,19013,
278.51356000485856,78902,784,1304,19013,
278.51988869493925,78902,784,1303,19014,
278.52213492959584,78901,785,1303,19014,
278.52774667639545,78900,786,1303,19014,
278.5305060371212,78900,786,1302,19015,
278.5308276468733,78900,786,1301,19016,
278.5345595799639,78900,785,1302,19016,
278.537793796864,78899,786,1302,19016,
278.5391432070235,78898,787,1302,19016,
278.5400267263335,78898,786,1303,19016,
278.5455443161447,78898,786,1302,19017,
278.54565710005164,78897,787,1302,19017,
278.5468189845199,78897,786,1303,19017,
278.5471170113914,78897,786,1302,19018,
278.5471852830497,78896,787,1302,19018,
278.54757585149775,78895,788,1302,19018,
278.5490262675314,78895,787,1303,19018,
278.54972550981233,78894,788,1303,19018,
278.55502243709174,78894,788,1302,19019,
278.55548383047363,78894,787,1303,19019,
278.5559713242944,78894,786,1304,19019,
278.5590205595561,78894,785,1305,19019,
278.5598211318399,78894,784,1306,19019,
278.56114339464733,78893,785,1306,19019,
278.5618657419664,78893,785,1305,19020,
278.5622015038169,78893,785,1304,19021,
278.5624587970238,78893,785,1303,19022,
278.5626679186318,78893,785,1302,19023,
278.5639668966778,78893,785,1301,19024,
278.5645931320803,78893,784,1302,19024,
278.5711520665313,78893,783,1303,19024,
278.57309957801306,78893,782,1304,19024,
278.57678607218446,78893,782,1303,19025,
278.5772260832168,78893,781,1304,19025,
278.5881783532673,78893,780,1305,19025,
278.59163066396536,78893,780,1304,19026,
278.5925933269274,78892,781,1304,19026,
278.59518813166585,78892,780,1305,19026,
278.59883583788246,78892,780,1304,19027,
278.5991111828846,78892,779,1305,19027,
278.59958910394533,78892,779,1304,19028,
278.6007986294479,78892,778,1305,19028,
278.6040417933762,78892,777,1306,19028,
278.6058700305426,78892,777,1305,19029,
278.60608478371546,78892,777,1304,19030,
278.610422154233,78892,777,1303,19031,
278.61211611872943,78892,776,1304,19031,
278.6128267784184,78892,776,1303,19032,
278.61697563571425,78892,776,1302,19033,
278.6195614046814,78892,776,1301,19034,
278.6214259947044,78892,776,1300,19035,
278.62159152859175,78891,777,1300,19035,
278.62226144769596,78891,777,1299,19036,
278.62435684853193,78891,776,1300,19036,
278.62661226037903,78891,776,1299,19037,
278.62765758082617,78891,775,1300,19037,
278.62805843271286,78891,775,1299,19038,
278.6293316954708,78891,775,1298,19039,
278.6317991133906,78891,774,1299,19039,
278.63591005199135,78891,774,1298,19040,
278.63671140744236,78890,775,1298,19040,
278.6392074081479,78890,774,1299,19040,
278.63958525922567,78890,774,1298,19041,
278.64359255492263,78890,773,1299,19041,
278.64461862351203,78890,773,1298,19042,
278.64620968777933,78890,772,1299,19042,
278.6469367977462,78890,771,1300,19042,
278.6503228769424,78889,772,1300,19042,
278.65170369023446,78889,771,1301,19042,
278.6534015288118,78888,772,1301,19042,
278.6541091529148,78888,771,1302,19042,
278.65543117731687,78888,771,1301,19043,
278.65667192488024,78888,771,1300,19044,
278.6566778578687,78888,770,1301,19044,
278.6646246170302,78887,771,1301,19044,
278.6649308581516,78887,770,1302,19044,
278.66595436539683,78887,769,1303,19044,
278.666158957491,78887,768,1304,19044,
278.6674673069064,78887,767,1305,19044,
278.67412591752475,78887,766,1306,19044,
278.6755153599905,78887,765,1307,19044,
278.67665423975643,78887,764,1308,19044,
278.6766704212899,78887,764,1307,19045,
278.68408361207594,78887,764,1306,19046,
278.6890848088189,78886,765,1306,19046,
278.68990871173014,78886,765,1305,19047,
278.69033312932373,78885,766,1305,19047,
278.6908887457337,78885,765,1306,19047,
278.6922983077875,78885,765,1305,19048,
278.6931891925905,78885,765,1304,19049,
278.6972883652984,78885,765,1303,19050,
278.69845540359785,78884,766,1303,19050,
278.69866892771796,78883,767,1303,19050,
278.7010685437478,78883,766,1304,19050,
278.70334970651646,78883,766,1303,19051,
278.7050289462781,78883,765,1304,19051,
278.7053979755528,78883,764,1305,19051,
278.70626470284054,78883,763,1306,19051,
278.7068114437515,78882,764,1306,19051,
278.7098299965048,78882,763,1307,19051,
278.7098325584911,78882,763,1306,19052,
278.7111816568492,78882,763,1305,19053,
278.7141132214168,78882,763,1304,19054,
278.7144028895752,78881,764,1304,19054,
278.71449476279935,78881,764,1303,19055,
278.72114735274295,78881,764,1302,19056,
278.7213149927475,78880,765,1302,19056,
278.7266497634735,78879,766,1302,19056,
278.7277066054539,78878,767,1302,19056,
278.7277348215349,78877,768,1302,19056,
278.72864997079057,78876,769,1302,19056,
278.73050722553074,78876,768,1303,19056,
278.73209101209943,78875,769,1303,19056,
278.7339724332191,78875,768,1304,19056,
278.73423990071177,78874,769,1304,19056,
278.7346537706685,78874,768,1305,19056,
278.7359463424523,78873,769,1305,19056,
278.7379950671542,78873,768,1306,19056,
278.7393685190086,78872,769,1306,19056,
278.74308155191267,78872,768,1307,19056,
278.74669337554104,78872,768,1306,19057,
278.74804222002666,78871,769,1306,19057,
278.7511441555309,78871,768,1307,19057,
278.75390169570727,78871,768,1306,19058,
278.75518893675337,78871,767,1307,19058,
278.75758545814216,78870,768,1307,19058,
278.75915257163336,78869,769,1307,19058,
278.76162545527393,78868,770,1307,19058,
278.7621141750813,78868,769,1308,19058,
278.7656834432749,78867,770,1308,19058,
278.76733013774776,78866,771,1308,19058,
278.76915143185744,78866,770,1309,19058,
278.7698824867072,78865,771,1309,19058,
278.7763213729257,78865,771,1308,19059,
278.7783610123932,78865,770,1309,19059,
278.7820120162252,78865,769,1310,19059,
278.7820987937314,78865,768,1311,19059,
278.7855293973248,78865,768,1310,19060,
278.7933918334303,78864,769,1310,19060,
278.7941218850788,78864,769,1309,19061,
278.7944236754365,78864,768,1310,19061,
278.79475079094715,78864,768,1309,19062,
278.7955163463159,78864,768,1308,19063,
278.79707196839394,78864,767,1309,19063,
278.7978017810112,78863,768,1309,19063,
278.79830111986746,78862,769,1309,19063,
278.79853221953124,78862,768,1310,19063,
278.799325806988,78862,768,1309,19064,
278.80041554144634,78862,768,1308,19065,
278.8018967810166,78862,768,1307,19066,
278.8020054381857,78862,767,1308,19066,
278.8075803818376,78862,767,1307,19067,
278.80945564456243,78862,767,1306,19068,
278.8118601609073,78861,768,1306,19068,
278.81474281257636,78860,769,1306,19068,
278.8176436321351,78860,768,1307,19068,
278.8200740690228,78860,768,1306,19069,
278.82278638227024,78860,768,1305,19070,
278.8230159776798,78859,769,1305,19070,
278.8333078975753,78858,770,1305,19070,
278.8346455014236,78858,769,1306,19070,
278.83608517984106,78857,770,1306,19070,
278.8372909796579,78857,769,1307,19070,
278.8397345274283,78857,769,1306,19071,
278.8447353790865,78857,768,1307,19071,
278.84841031274505,78857,768,1306,19072,
278.84968011017276,78856,769,1306,19072,
278.85108391890174,78856,768,1307,19072,
278.86075251312616,78856,768,1306,19073,
278.8629478596033,78855,769,1306,19073,
278.86452562352235,78855,768,1307,19073,
278.87127119790597,78854,769,1307,19073,
278.8717726963837,78854,769,1306,19074,
278.87215693386173,78854,768,1307,19074,
278.8755043928359,78853,769,1307,19074,
278.87753640986017,78853,769,1306,19075,
278.8825683251811,78853,769,1305,19076,
278.88666669197204,78853,769,1304,19077,
278.8878883427046,78853,768,1305,19077,
278.8898838565274,78853,768,1304,19078,
278.8931554360804,78853,767,1305,19078,
278.8949670916399,78852,768,1305,19078,
278.896623960524,78852,768,1304,19079,
278.90065709899716,78852,767,1305,19079,
278.9066119840829,78851,768,1305,19079,
278.90809158658453,78851,767,1306,19079,
278.91278236819477,78851,767,1305,19080,
278.9128429347312,78851,767,1304,19081,
278.9131009103571,78851,766,1305,19081,
278.91407910255634,78851,765,1306,19081,
278.91413342605244,78851,764,1307,19081,
278.9197557531326,78850,765,1307,19081,
278.92325260418613,78850,765,1306,19082,
278.92414158468927,78850,764,1307,19082,
278.9260301914858,78849,765,1307,19082,
278.9268068175886,78848,766,1307,19082,
278.9282824964624,78848,766,1306,19083,
278.93055855258933,78848,765,1307,19083,
278.93280281584043,78847,766,1307,19083,
278.9397583758248,78846,767,1307,19083,
278.94004452983523,78845,768,1307,19083,
278.94073367322164,78844,769,1307,19083,
278.9443723013786,78844,768,1308,19083,
278.9448847136441,78843,769,1308,19083,
278.945841136988,78843,768,1309,19083,
278.9484878469756,78843,767,1310,19083,
278.9531410141647,78843,766,1311,19083,
278.95867827161163,78843,765,1312,19083,
278.96009592486985,78843,765,1311,19084,
278.9614017679438,78843,765,1310,19085,
278.96188460471365,78843,764,1311,19085,
278.96495271151525,78843,763,1312,19085,
278.97037192009157,78843,763,1311,19086,
278.97116677030067,78842,764,1311,19086,
278.9761957898448,78842,763,1312,19086,
278.9850965235298,78842,763,1311,19087,
278.98597872009395,78842,762,1312,19087,
278.9875213981323,78842,761,1313,19087,
278.993786019473,78842,761,1312,19088,
278.99509614852127,78842,761,1311,19089,
278.995591901742,78842,760,1312,19089,
279.0004558111248,78842,759,1313,19089,
279.0100280058206,78842,758,1314,19089,
279.0118300271923,78842,758,1313,19090,
279.0133220785134,78841,759,1313,19090,
279.01397944686636,78841,758,1314,19090,
279.01430621230946,78841,758,1313,19091,
279.01785672885717,78841,758,1312,19092,
279.01790059765807,78841,757,1313,19092,
279.0190213310734,78841,756,1314,19092,
279.0194356815216,78840,757,1314,19092,
279.0207996886521,78840,757,1313,19093,
279.0245807731786,78839,758,1313,19093,
279.02503454165543,78839,758,1312,19094,
279.025237101177,78838,759,1312,19094,
279.02812939990633,78838,759,1311,19095,
279.0299952324616,78837,760,1311,19095,
279.0314662838659,78836,761,1311,19095,
279.03149465065235,78836,760,1312,19095,
279.0330975379591,78836,759,1313,19095,
279.0380369558081,78836,759,1312,19096,
279.04409871151637,78836,758,1313,19096,
279.04542530806026,78835,759,1313,19096,
279.04587059207245,78834,760,1313,19096,
279.0535014336829,78834,759,1314,19096,
279.0594797943447,78834,759,1313,19097,
279.06220956702924,78834,759,1312,19098,
279.06326172590065,78833,760,1312,19098,
279.0635582494178,78833,759,1313,19098,
279.0649161533767,78833,759,1312,19099,
279.06497347307976,78833,759,1311,19100,
279.06793558317884,78832,760,1311,19100,
279.06812416541567,78832,759,1312,19100,
279.07007974110644,78832,758,1313,19100,
279.07156053774116,78832,757,1314,19100,
279.0742044795625,78831,758,1314,19100,
279.0753829802777,78831,758,1313,19101,
279.0760923343658,78831,757,1314,19101,
279.07985433500954,78831,757,1313,19102,
279.0801982274967,78831,757,1312,19103,
279.082182526983,78830,758,1312,19103,
279.08253877177935,78830,757,1313,19103,
279.0827873727492,78830,756,1314,19103,
279.08738509629626,78830,755,1315,19103,
279.0901026718023,78830,754,1316,19103,
279.0917192411294,78829,755,1316,19103,
279.0960146489716,78829,755,1315,19104,
279.09889613027514,78829,754,1316,19104,
279.0993594453842,78829,754,1315,19105,
279.0995557444733,78829,753,1316,19105,
279.1016614918647,78829,753,1315,19106,
279.1018847723967,78829,753,1314,19107,
279.1029944770651,78828,754,1314,19107,
279.1087143265313,78828,754,1313,19108,
279.1088047043696,78827,755,1313,19108,
279.11023258784746,78827,755,1312,19109,
279.1119619750807,78826,756,1312,19109,
279.1129720601487,78826,756,1311,19110,
279.11330790450876,78825,757,1311,19110,
279.11360671596066,78825,756,1312,19110,
279.11435692209267,78825,756,1311,19111,
279.11583213469294,78825,755,1312,19111,
279.1204400539782,78824,756,1312,19111,
279.12794910877074,78823,757,1312,19111,
279.1307091663608,78822,758,1312,19111,
279.1311141764229,78822,758,1311,19112,
279.13139415772946,78822,757,1312,19112,
279.1333475154274,78821,758,1312,19112,
279.134727945132,78821,758,1311,19113,
279.13580067659217,78821,757,1312,19113,
279.1383745222442,78821,756,1313,19113,
279.1385635406867,78821,756,1312,19114,
279.140069063429,78820,757,1312,19114,
279.1401067537127,78820,757,1311,19115,
279.14312667894444,78820,757,1310,19116,
279.1454022863275,78820,757,1309,19117,
279.14700718108566,78819,758,1309,19117,
279.1471256836732,78819,758,1308,19118,
279.14766811146893,78819,758,1307,19119,
279.14787165870825,78819,757,1308,19119,
279.1488188641584,78818,758,1308,19119,
279.15080489842705,78818,757,1309,19119,
279.15606160793726,78818,756,1310,19119,
279.1573387852223,78818,756,1309,19120,
279.1575337999045,78818,755,1310,19120,
279.15770157419337,78818,754,1311,19120,
279.1587937381798,78817,755,1311,19120,
279.1593752494414,78817,755,1310,19121,
279.16041386125016,78817,755,1309,19122,
279.1633655639019,78817,755,1308,19123,
279.1643932159035,78816,756,1308,19123,
279.1667503313197,78816,756,1307,19124,
279.16688145209383,78815,757,1307,19124,
279.1719742024863,78815,757,1306,19125,
279.17225217381684,78815,756,1307,19125,
279.17590077757546,78815,755,1308,19125,
279.1762890292164,78814,756,1308,19125,
279.17748735902364,78814,756,1307,19126,
279.1781277456274,78813,757,1307,19126,
279.18413464351755,78813,757,1306,19127,
279.1852688264283,78813,756,1307,19127,
279.1896848483307,78812,757,1307,19127,
279.1897179887193,78811,758,1307,19127,
279.1897475400323,78811,757,1308,19127,
279.1902326435625,78810,758,1308,19127,
279.1908148164684,78810,758,1307,19128,
279.1917999900694,78809,759,1307,19128,
279.1940289383817,78808,760,1307,19128,
279.19543024805455,78807,761,1307,19128,
279.195848817485,78807,760,1308,19128,
279.1970182604593,78807,759,1309,19128,
279.1975232146793,78806,760,1309,19128,
279.19905134439585,78806,760,1308,19129,
279.1995203566432,78806,760,1307,19130,
279.1997366933898,78806,760,1306,19131,
279.1998838935674,78806,759,1307,19131,
279.2010643756588,78806,758,1308,19131,
279.20226190570946,78806,758,1307,19132,
279.2048912053613,78806,758,1306,19133,
279.20547396437325,78806,758,1305,19134,
279.2074012838347,78805,759,1305,19134,
279.21703649290333,78804,760,1305,19134,
279.2183716732518,78803,761,1305,19134,
279.2186906112562,78802,762,1305,19134,
279.21924952902566,78802,762,1304,19135,
279.2252667862263,78801,763,1304,19135,
279.2262421885125,78800,764,1304,19135,
279.2271992728357,78799,765,1304,19135,
279.22721766500445,78798,766,1304,19135,
279.2324377363483,78797,767,1304,19135,
279.2337048739438,78797,766,1305,19135,
279.23596087341275,78797,766,1304,19136,
279.240844267117,78797,765,1305,19136,
279.24239693285733,78797,764,1306,19136,
279.2434755686509,78797,763,1307,19136,
279.24390516310274,78796,764,1307,19136,
279.2453940455118,78796,764,1306,19137,
279.248506377236,78796,764,1305,19138,
279.2505435519599,78796,764,1304,19139,
279.25352719711833,78796,764,1303,19140,
279.2557675402022,78796,764,1302,19141,
279.25699251493427,78796,763,1303,19141,
279.25886291764385,78796,763,1302,19142,
279.2611663839492,78795,764,1302,19142,
279.26428983015364,78795,764,1301,19143,
279.2667907983842,78795,763,1302,19143,
279.2690723041272,78795,763,1301,19144,
279.27300260185467,78795,762,1302,19144,
279.27647810234185,78795,761,1303,19144,
279.27670479403963,78794,762,1303,19144,
279.2803526597232,78794,762,1302,19145,
279.28154106342083,78794,762,1301,19146,
279.2820436757834,78793,763,1301,19146,
279.2839675070789,78792,764,1301,19146,
279.2905107240818,78792,764,1300,19147,
279.2910513646642,78792,763,1301,19147,
279.2922500198839,78791,764,1301,19147,
279.300789866276,78790,765,1301,19147,
279.3014570219237,78790,764,1302,19147,
279.30244412154207,78789,765,1302,19147,
279.30407800815976,78789,765,1301,19148,
279.30719623205766,78789,764,1302,19148,
279.3092906259737,78788,765,1302,19148,
279.3123233975589,78788,765,1301,19149,
279.3162689150217,78788,764,1302,19149,
279.31698244770575,78788,763,1303,19149,
279.3178876887774,78788,762,1304,19149,
279.3185701047382,78787,763,1304,19149,
279.3199257508093,78787,762,1305,19149,
279.3212691272244,78786,763,1305,19149,
279.32422235851067,78786,763,1304,19150,
279.3258124860073,78785,764,1304,19150,
279.3271334001504,78784,765,1304,19150,
279.32846095133215,78783,766,1304,19150,
279.3287370865589,78782,767,1304,19150,
279.32877912135723,78782,767,1303,19151,
279.32965184352986,78782,767,1302,19152,
279.3296935455671,78782,766,1303,19152,
279.33296810108106,78782,765,1304,19152,
279.3333502020312,78782,765,1303,19153,
279.33509739075646,78782,764,1304,19153,
279.3351095659497,78782,764,1303,19154,
279.3440294305834,78782,763,1304,19154,
279.34724635950266,78781,764,1304,19154,
279.3476726337037,78780,765,1304,19154,
279.34792272827235,78779,766,1304,19154,
279.350214389649,78778,767,1304,19154,
279.3511769353252,78778,766,1305,19154,
279.35425211652483,78777,767,1305,19154,
279.35695408454296,78777,766,1306,19154,
279.3594489996554,78777,766,1305,19155,
279.3627914102646,78777,765,1306,19155,
279.3652166281945,78776,766,1306,19155,
279.3656698562499,78776,765,1307,19155,
279.3697883471044,78776,764,1308,19155,
279.3698724507738,78776,763,1309,19155,
279.3701059296145,78776,763,1308,19156,
279.37441407428435,78776,762,1309,19156,
279.3746647985353,78775,763,1309,19156,
279.3752982781249,78774,764,1309,19156,
279.3819680616881,78774,763,1310,19156,
279.3853955973869,78774,762,1311,19156,
279.38791972704365,78773,763,1311,19156,
279.3903939830977,78772,764,1311,19156,
279.39399205584226,78771,765,1311,19156,
279.3978279091608,78771,765,1310,19157,
279.40332312063344,78770,766,1310,19157,
279.4043703079822,78770,765,1311,19157,
279.40530850097207,78770,764,1312,19157,
279.4083703109066,78769,765,1312,19157,
279.4112956973688,78769,765,1311,19158,
279.41291486291163,78769,764,1312,19158,
279.4139318151836,78769,763,1313,19158,
279.41668006283214,78768,764,1313,19158,
279.41711389473545,78768,763,1314,19158,
279.41827981976166,78767,764,1314,19158,
279.4220589921557,78766,765,1314,19158,
279.4240753576558,78766,764,1315,19158,
279.4246187119554,78766,763,1316,19158,
279.42480181940755,78765,764,1316,19158,
279.42971256667215,78764,765,1316,19158,
279.4342896829839,78764,764,1317,19158,
279.4344663601737,78763,765,1317,19158,
279.4354927956126,78763,764,1318,19158,
279.4374576773485,78762,765,1318,19158,
279.44156324200225,78761,766,1318,19158,
279.44547615670086,78760,767,1318,19158,
279.4469511711746,78760,766,1319,19158,
279.4494023415514,78760,766,1318,19159,
279.454608615977,78760,765,1319,19159,
279.45566256889515,78759,766,1319,19159,
279.4571266757633,78759,766,1318,19160,
279.458887478623,78758,767,1318,19160,
279.459068671237,78758,767,1317,19161,
279.46314370268664,78758,766,1318,19161,
279.4637896083762,78757,767,1318,19161,
279.46782063255245,78757,766,1319,19161,
279.4706579501878,78757,765,1320,19161,
279.4748975834859,78756,766,1320,19161,
279.4800734022745,78756,766,1319,19162,
279.4835460465495,78756,766,1318,19163,
279.4839922901638,78756,766,1317,19164,
279.4846876493475,78756,766,1316,19165,
279.4876898941472,78755,767,1316,19165,
279.49222749763027,78754,768,1316,19165,
279.4980400233931,78754,767,1317,19165,
279.5010749746544,78754,766,1318,19165,
279.50160814189496,78754,765,1319,19165,
279.50181247031963,78753,766,1319,19165,
279.5020174676154,78753,766,1318,19166,
279.5046222410593,78753,766,1317,19167,
279.50633780217123,78753,766,1316,19168,
279.50938565773595,78753,766,1315,19169,
279.5109551401599,78752,767,1315,19169,
279.517524006993,78751,768,1315,19169,
279.5182269958798,78751,768,1314,19170,
279.5210252383572,78751,767,1315,19170,
279.52207122472964,78751,766,1316,19170,
279.5227780949524,78751,766,1315,19171,
279.5242508878278,78751,766,1314,19172,
279.52482594254974,78750,767,1314,19172,
279.5261822832199,78750,766,1315,19172,
279.52945219437635,78750,765,1316,19172,
279.53212757391805,78749,766,1316,19172,
279.5337724500817,78748,767,1316,19172,
279.53628163885855,78748,766,1317,19172,
279.53704644061406,78748,766,1316,19173,
279.5381453084678,78748,765,1317,19173,
279.54381337450076,78748,764,1318,19173,
279.55028687583564,78748,764,1317,19174,
279.55239608303526,78748,763,1318,19174,
279.5543313720641,78747,764,1318,19174,
279.55530651885755,78747,763,1319,19174,
279.56421506032586,78747,762,1320,19174,
279.56652971279874,78746,763,1320,19174,
279.5682635611527,78746,763,1319,19175,
279.56848578254505,78746,763,1318,19176,
279.56864289182886,78746,763,1317,19177,
279.5694471474738,78746,763,1316,19178,
279.56955481562676,78745,764,1316,19178,
279.5708601403378,78745,763,1317,19178,
279.57119274083533,78745,763,1316,19179,
279.57337012585276,78745,763,1315,19180,
279.5739565967497,78745,762,1316,19180,
279.5747182949355,78745,761,1317,19180,
279.5748019584489,78745,761,1316,19181,
279.5755206876732,78745,760,1317,19181,
279.57691994617204,78744,761,1317,19181,
279.578076345406,78743,762,1317,19181,
279.58048748424386,78742,763,1317,19181,
279.58108291517823,78742,763,1316,19182,
279.5818343917238,78742,762,1317,19182,
279.5830281065699,78741,763,1317,19182,
279.5861326514037,78741,762,1318,19182,
279.58614997422296,78741,762,1317,19183,
279.59030436192836,78741,761,1318,19183,
279.59484525775235,78741,761,1317,19184,
279.61024287583285,78741,761,1316,19185,
279.61445494612605,78740,762,1316,19185,
279.61472366622866,78740,762,1315,19186,
279.6181348825589,78740,761,1316,19186,
279.6190566656961,78740,761,1315,19187,
279.620193248197,78739,762,1315,19187,
279.62158327445013,78739,762,1314,19188,
279.62289629701803,78739,762,1313,19189,
279.6292039123281,78739,762,1312,19190,
279.63428324020515,78739,761,1313,19190,
279.6352409297469,78739,760,1314,19190,
279.6370900525303,78738,761,1314,19190,
279.64013535332066,78738,760,1315,19190,
279.6403063015934,78738,759,1316,19190,
279.6454852781229,78738,759,1315,19191,
279.65019363230505,78738,759,1314,19192,
279.65091285559805,78738,758,1315,19192,
279.65974503205626,78738,758,1314,19193,
279.66066740797635,78738,757,1315,19193,
279.66080957263875,78738,757,1314,19194,
279.66299619013796,78737,758,1314,19194,
279.66510747690256,78737,757,1315,19194,
279.6653223247503,78737,757,1314,19195,
279.6658529744503,78736,758,1314,19195,
279.66701222694627,78735,759,1314,19195,
279.66769584085796,78735,759,1313,19196,
279.66805596844927,78734,760,1313,19196,
279.6687992940577,78734,760,1312,19197,
279.6695184166236,78734,759,1313,19197,
279.6727716267404,78734,759,1312,19198,
279.67312512355136,78734,759,1311,19199,
279.6734743742213,78733,760,1311,19199,
279.6745024971608,78732,761,1311,19199,
279.6745091639927,78732,760,1312,19199,
279.676516522059,78731,761,1312,19199,
279.67970038347136,78731,761,1311,19200,
279.68123516887346,78730,762,1311,19200,
279.6861743885202,78730,761,1312,19200,
279.6862363412437,78730,760,1313,19200,
279.68644720419815,78729,761,1313,19200,
279.68806981483436,78729,761,1312,19201,
279.68904103071236,78728,762,1312,19201,
279.6893183118406,78728,762,1311,19202,
279.69964512611614,78728,761,1312,19202,
279.69968939167245,78727,762,1312,19202,
279.7007843242878,78727,761,1313,19202,
279.7039456091373,78727,761,1312,19203,
279.7077366898472,78727,760,1313,19203,
279.70790540425963,78726,761,1313,19203,
279.7103469807465,78726,761,1312,19204,
279.71186723121434,78725,762,1312,19204,
279.71368015758935,78725,762,1311,19205,
279.71392995501174,78725,762,1310,19206,
279.71824001854486,78725,762,1309,19207,
279.7225987490938,78725,761,1310,19207,
279.7299531243357,78725,760,1311,19207,
279.73724325480856,78725,760,1310,19208,
279.74254175351217,78725,759,1311,19208,
279.74466154536765,78724,760,1311,19208,
279.7462176276581,78723,761,1311,19208,
279.74839413431033,78723,761,1310,19209,
279.7498894629526,78722,762,1310,19209,
279.7534187017776,78722,762,1309,19210,
279.7550351222018,78721,763,1309,19210,
279.75768190474446,78720,764,1309,19210,
279.7577641049245,78720,763,1310,19210,
279.75935627987,78720,762,1311,19210,
279.7660686899295,78720,761,1312,19210,
279.7662296667528,78719,762,1312,19210,
279.76781779596644,78719,762,1311,19211,
279.76975963801243,78718,763,1311,19211,
279.77152166871457,78718,763,1310,19212,
279.77706989978134,78717,764,1310,19212,
279.779416226697,78717,764,1309,19213,
279.77969549647526,78716,765,1309,19213,
279.7824148606286,78715,766,1309,19213,
279.7840761077578,78714,767,1309,19213,
279.78741722961547,78714,767,1308,19214,
279.78818861208265,78714,766,1309,19214,
279.79051075237595,78714,765,1310,19214,
279.7930884976596,78714,764,1311,19214,
279.79761394231605,78714,763,1312,19214,
279.8079798595619,78713,764,1312,19214,
279.8097232487819,78712,765,1312,19214,
279.81013228431397,78711,766,1312,19214,
279.8102818308749,78711,765,1313,19214,
279.8127218148458,78711,764,1314,19214,
279.8162137056543,78710,765,1314,19214,
279.82328633268475,78710,764,1315,19214,
279.82546524772533,78710,764,1314,19215,
279.8297576913207,78710,763,1315,19215,
279.83194567316485,78710,762,1316,19215,
279.83764088514084,78710,761,1317,19215,
279.84147622555076,78710,761,1316,19216,
279.84745849586,78709,762,1316,19216,
279.8484963406554,78708,763,1316,19216,
279.85172066024273,78708,763,1315,19217,
279.85643647306676,78708,762,1316,19217,
279.8594299224489,78708,761,1317,19217,
279.8636006231614,78708,761,1316,19218,
279.86505849346656,78708,760,1317,19218,
279.8651664235381,78708,759,1318,19218,
279.86913382814083,78708,758,1319,19218,
279.87112243840954,78708,757,1320,19218,
279.87328672993374,78708,757,1319,19219,
279.8755053448059,78707,758,1319,19219,
279.8766245207562,78707,758,1318,19220,
279.877024038338,78707,757,1319,19220,
279.8777559802579,78707,756,1320,19220,
279.88205838720785,78707,756,1319,19221,
279.88258733864075,78706,757,1319,19221,
279.8850746255431,78706,756,1320,19221,
279.88549932844006,78706,755,1321,19221,
279.88656464580043,78706,754,1322,19221,
279.88835821729367,78706,753,1323,19221,
279.88948602406725,78705,754,1323,19221,
279.89524609686055,78705,754,1322,19222,
279.89840352351905,78705,754,1321,19223,
279.90391201738953,78705,753,1322,19223,
279.9044330429269,78705,752,1323,19223,
279.9077344973242,78705,751,1324,19223,
279.9128856387821,78705,751,1323,19224,
279.91466155854545,78705,750,1324,19224,
279.9157116915378,78705,750,1323,19225,
279.91708002215483,78705,750,1322,19226,
279.9172188598389,78704,751,1322,19226,
279.91724400878803,78704,751,1321,19227,
279.91828933414126,78704,750,1322,19227,
279.9191068664243,78704,750,1321,19228,
279.92021295126585,78704,750,1320,19229,
279.9216545473665,78703,751,1320,19229,
279.92229516423276,78702,752,1320,19229,
279.9227554066406,78702,752,1319,19230,
279.9256440505253,78702,751,1320,19230,
279.9270431750389,78701,752,1320,19230,
279.92731305999837,78700,753,1320,19230,
279.9299665770244,78700,753,1319,19231,
279.93881593524355,78699,754,1319,19231,
279.943087952948,78699,753,1320,19231,
279.94451019802904,78698,754,1320,19231,
279.95054766656864,78698,753,1321,19231,
279.9511168857481,78698,753,1320,19232,
279.9517454303921,78698,752,1321,19232,
279.9519881049443,78698,751,1322,19232,
279.9577222465843,78698,750,1323,19232,
279.95891981407624,78698,750,1322,19233,
279.95977007724184,78698,749,1323,19233,
279.9612116863195,78698,748,1324,19233,
279.96416736275546,78698,747,1325,19233,
279.97058949202835,78697,748,1325,19233,
279.9807230969687,78697,747,1326,19233,
279.98281550599245,78697,747,1325,19234,
279.98284637789385,78696,748,1325,19234,
279.9832579229965,78696,747,1326,19234,
279.98357765765286,78695,748,1326,19234,
279.9840252362085,78695,747,1327,19234,
279.9850162848408,78695,746,1328,19234,
279.98535446317527,78695,746,1327,19235,
279.98594400127377,78695,746,1326,19236,
279.987325538463,78695,745,1327,19236,
279.9875255896272,78695,745,1326,19237,
279.99004035800584,78695,744,1327,19237,
279.9903455618751,78694,745,1327,19237,
279.9908623797946,78693,746,1327,19237,
279.9924394213968,78692,747,1327,19237,
279.9941287565447,78691,748,1327,19237,
279.9978584955768,78691,748,1326,19238,
279.9980762867828,78691,748,1325,19239,
280.00041981194045,78691,748,1324,19240,
280.00100290178557,78691,748,1323,19241,
280.0059276861485,78690,749,1323,19241,
280.00660653781125,78690,749,1322,19242,
280.0081957241376,78690,749,1321,19243,
280.0096459425812,78689,750,1321,19243,
280.0174528522297,78689,750,1320,19244,
280.0180497975314,78689,749,1321,19244,
280.0227346622447,78689,749,1320,19245,
280.0249510463847,78689,748,1321,19245,
280.03169673640474,78689,747,1322,19245,
280.03265657997537,78689,746,1323,19245,
280.03289949023286,78688,747,1323,19245,
280.0350550863286,78688,747,1322,19246,
280.04003220969827,78687,748,1322,19246,
280.04012477475334,78687,748,1321,19247,
280.0442074757107,78686,749,1321,19247,
280.04430676691646,78686,748,1322,19247,
280.04974604098186,78685,749,1322,19247,
280.0506158282758,78684,750,1322,19247,
280.0514050292739,78684,750,1321,19248,
280.0522960072241,78684,750,1320,19249,
280.0527792780159,78684,749,1321,19249,
280.05294060403895,78684,749,1320,19250,
280.053130492692,78684,749,1319,19251,
280.05334960785996,78684,748,1320,19251,
280.0544521369683,78684,748,1319,19252,
280.0549321826839,78684,748,1318,19253,
280.05713876711644,78684,748,1317,19254,
280.0583074106966,78684,748,1316,19255,
280.05864271532835,78684,747,1317,19255,
280.06041535800637,78684,746,1318,19255,
280.0605275872762,78684,745,1319,19255,
280.0639821308195,78684,744,1320,19255,
280.0640471701305,78684,744,1319,19256,
280.0646419559982,78684,744,1318,19257,
280.0651934375227,78684,744,1317,19258,
280.0685233202897,78683,745,1317,19258,
280.0717517608611,78682,746,1317,19258,
280.0736718066701,78681,747,1317,19258,
280.0743561484269,78680,748,1317,19258,
280.07731832559017,78680,748,1316,19259,
280.0807749470895,78680,747,1317,19259,
280.08081471490937,78680,747,1316,19260,
280.08527699977657,78680,746,1317,19260,
280.08837838007497,78679,747,1317,19260,
280.0905397713608,78679,746,1318,19260,
280.0906285462436,78679,746,1317,19261,
280.0920277567533,78679,746,1316,19262,
280.0920289798552,78679,746,1315,19263,
280.09696225702106,78678,747,1315,19263,
280.0994116263617,78678,746,1316,19263,
280.10445874083575,78678,746,1315,19264,
280.1045939373068,78677,747,1315,19264,
280.10497169701614,78676,748,1315,19264,
280.10719827839506,78676,748,1314,19265,
280.107383659239,78676,748,1313,19266,
280.1096535150909,78676,747,1314,19266,
280.1105841995549,78676,746,1315,19266,
280.11455664287223,78676,745,1316,19266,
280.1164024879271,78675,746,1316,19266,
280.11755467931965,78675,746,1315,19267,
280.121086420371,78675,746,1314,19268,
280.12139645456455,78674,747,1314,19268,
280.1220775444036,78673,748,1314,19268,
280.1260180735423,78672,749,1314,19268,
280.1292697145596,78672,748,1315,19268,
280.12997195133016,78671,749,1315,19268,
280.132326700005,78671,748,1316,19268,
280.13341911725536,78671,748,1315,19269,
280.14153661116245,78671,747,1316,19269,
280.1434056990516,78671,747,1315,19270,
280.15001125950835,78671,747,1314,19271,
280.1533090895418,78671,747,1313,19272,
280.15349328825994,78671,747,1312,19273,
280.15888223781803,78671,746,1313,19273,
280.16144803832617,78670,747,1313,19273,
280.1620111812429,78670,746,1314,19273,
280.16203805954524,78670,746,1313,19274,
280.16299891742904,78670,745,1314,19274,
280.16496322086584,78670,744,1315,19274,
280.1671501685668,78669,745,1315,19274,
280.1675348365888,78669,745,1314,19275,
280.1681164625001,78668,746,1314,19275,
280.16901303193856,78667,747,1314,19275,
280.17278046218036,78666,748,1314,19275,
280.17290577244245,78666,747,1315,19275,
280.17425672625546,78665,748,1315,19275,
280.1743778292957,78665,747,1316,19275,
280.17997485106355,78665,746,1317,19275,
280.18069306204933,78664,747,1317,19275,
280.1817482533625,78663,748,1317,19275,
280.18478660385136,78663,748,1316,19276,
280.18762663070004,78663,748,1315,19277,
280.18768349429416,78663,748,1314,19278,
280.1895793253311,78663,748,1313,19279,
280.18992853605937,78663,748,1312,19280,
280.1908584360318,78663,748,1311,19281,
280.20079946019666,78663,748,1310,19282,
280.2011599441836,78663,747,1311,19282,
280.202147138262,78663,746,1312,19282,
280.20417031478956,78663,745,1313,19282,
280.20523098130235,78663,744,1314,19282,
280.20548890059666,78663,743,1315,19282,
280.21021537038774,78663,742,1316,19282,
280.21031874647167,78663,742,1315,19283,
280.210643169691,78662,743,1315,19283,
280.21336637834486,78661,744,1315,19283,
280.21398756753416,78661,744,1314,19284,
280.2143044904551,78661,743,1315,19284,
280.2161647010009,78661,743,1314,19285,
280.2199391230553,78661,742,1315,19285,
280.22486225358944,78661,741,1316,19285,
280.22623588006746,78660,742,1316,19285,
280.22635079450066,78659,743,1316,19285,
280.22758613329984,78659,742,1317,19285,
280.2296832062135,78659,742,1316,19286,
280.230076705385,78659,742,1315,19287,
280.2311157754386,78658,743,1315,19287,
280.23585855778094,78658,743,1314,19288,
280.2366681025072,78658,742,1315,19288,
280.24015565041515,78658,741,1316,19288,
280.2420309638501,78657,742,1316,19288,
280.24767510554057,78656,743,1316,19288,
280.2487051894508,78656,742,1317,19288,
280.25102236787376,78655,743,1317,19288,
280.2530226009679,78655,743,1316,19289,
280.2541515345814,78654,744,1316,19289,
280.25486341085866,78654,743,1317,19289,
280.2550848380983,78653,744,1317,19289,
280.26216986970746,78653,743,1318,19289,
280.26600782264876,78652,744,1318,19289,
280.26615970041513,78651,745,1318,19289,
280.26630932917897,78651,744,1319,19289,
280.2673332075818,78650,745,1319,19289,
280.2716144995598,78649,746,1319,19289,
280.27631969138804,78649,745,1320,19289,
280.27772616804475,78649,744,1321,19289,
280.2831794328337,78648,745,1321,19289,
280.28639337465347,78648,745,1320,19290,
280.28660050918603,78648,744,1321,19290,
280.2903617271929,78648,743,1322,19290,
280.2910691936731,78648,743,1321,19291,
280.29666109479587,78648,743,1320,19292,
280.2987611982669,78648,742,1321,19292,
280.3001078443024,78647,743,1321,19292,
280.3022339993946,78646,744,1321,19292,
280.30344559220913,78646,743,1322,19292,
280.3039387683594,78645,744,1322,19292,
280.30514608813166,78644,745,1322,19292,
280.30786684705583,78644,744,1323,19292,
280.3157052305668,78644,743,1324,19292,
280.3164161733162,78644,743,1323,19293,
280.3167521959173,78643,744,1323,19293,
280.317892462173,78643,743,1324,19293,
280.3196634987913,78642,744,1324,19293,
280.3223496332246,78642,743,1325,19293,
280.32611572099876,78642,743,1324,19294,
280.3273863612078,78641,744,1324,19294,
280.32783981593525,78641,743,1325,19294,
280.33244565297707,78641,742,1326,19294,
280.3331189625182,78641,741,1327,19294,
280.33713415729983,78640,742,1327,19294,
280.33813542263994,78639,743,1327,19294,
280.3416676753233,78639,742,1328,19294,
280.3452911851395,78639,741,1329,19294,
280.34771201467424,78639,740,1330,19294,
280.35061736337934,78638,741,1330,19294,
280.35215029937183,78638,740,1331,19294,
280.35226908965285,78638,739,1332,19294,
280.3530987384262,78638,738,1333,19294,
280.3557721582622,78637,739,1333,19294,
280.3603101771268,78637,739,1332,19295,
280.36117798042426,78637,738,1333,19295,
280.3650256782885,78637,737,1334,19295,
280.3674271638504,78637,737,1333,19296,
280.3698770503952,78637,736,1334,19296,
280.3717476127345,78637,735,1335,19296,
280.3755437552037,78637,735,1334,19297,
280.37764921194986,78637,734,1335,19297,
280.37846460303314,78637,733,1336,19297,
280.38080500520596,78637,733,1335,19298,
280.3830417361566,78636,734,1335,19298,
280.38761876272196,78635,735,1335,19298,
280.3876374558805,78635,734,1336,19298,
280.3881286090443,78635,733,1337,19298,
280.388319545276,78635,732,1338,19298,
280.38893088810624,78635,732,1337,19299,
280.39511011340005,78635,731,1338,19299,
280.39695696878596,78634,732,1338,19299,
280.3985481258075,78634,731,1339,19299,
280.3989357327881,78634,730,1340,19299,
280.40012196457826,78634,730,1339,19300,
280.40665682415414,78634,730,1338,19301,
280.4081834614109,78634,729,1339,19301,
280.410312923773,78634,728,1340,19301,
280.4104297114473,78634,728,1339,19302,
280.4110823281394,78634,727,1340,19302,
280.413322484749,78633,728,1340,19302,
280.41371724010276,78633,727,1341,19302,
280.4235539175222,78633,726,1342,19302,
280.427294154127,78632,727,1342,19302,
280.4294372347017,78631,728,1342,19302,
280.43370862913844,78631,727,1343,19302,
280.43379939697957,78631,727,1342,19303,
280.4349293973586,78631,726,1343,19303,
280.43744612049926,78631,726,1342,19304,
280.44321231560804,78631,725,1343,19304,
280.443961893146,78631,724,1344,19304,
280.44455196122743,78630,725,1344,19304,
280.4461131762911,78629,726,1344,19304,
280.4475587002951,78628,727,1344,19304,
280.4518296151255,78628,727,1343,19305,
280.4529710122517,78628,726,1344,19305,
280.4551954210275,78628,725,1345,19305,
280.45975181879845,78627,726,1345,19305,
280.46100195461077,78626,727,1345,19305,
280.4642503387053,78626,727,1344,19306,
280.4700984736586,78625,728,1344,19306,
280.4714181516281,78624,729,1344,19306,
280.4716055749535,78624,728,1345,19306,
280.4756347966817,78624,727,1346,19306,
280.4765924123121,78624,726,1347,19306,
280.4768668647752,78624,726,1346,19307,
280.4773334284208,78624,725,1347,19307,
280.47958204908485,78624,725,1346,19308,
280.48160298211553,78624,724,1347,19308,
280.48489233561935,78624,723,1348,19308,
280.4860004334361,78624,722,1349,19308,
280.4869092725139,78624,721,1350,19308,
280.49250257849826,78624,721,1349,19309,
280.4925536645899,78624,721,1348,19310,
280.49806288097676,78624,720,1349,19310,
280.5032935142622,78624,720,1348,19311,
280.50518786375096,78624,719,1349,19311,
280.5099203184014,78624,719,1348,19312,
280.5108138411075,78624,719,1347,19313,
280.51084045933146,78624,718,1348,19313,
280.51569965688896,78623,719,1348,19313,
280.5176763651951,78623,718,1349,19313,
280.51771984426307,78623,717,1350,19313,
280.52423941388724,78622,718,1350,19313,
280.5250198159282,78622,718,1349,19314,
280.5254422651655,78622,718,1348,19315,
280.5279202059667,78622,718,1347,19316,
280.52942860864584,78622,717,1348,19316,
280.53281815224665,78621,718,1348,19316,
280.53520279586934,78621,717,1349,19316,
280.5387311516292,78621,717,1348,19317,
280.5390382581983,78621,717,1347,19318,
280.5390597468818,78621,716,1348,19318,
280.539307637785,78620,717,1348,19318,
280.5401038588537,78619,718,1348,19318,
280.54126607630144,78619,717,1349,19318,
280.5425362603721,78619,716,1350,19318,
280.5438751711935,78619,715,1351,19318,
280.54421053106813,78618,716,1351,19318,
280.5466830335853,78618,716,1350,19319,
280.54689230488,78618,715,1351,19319,
280.5489659540391,78618,714,1352,19319,
280.5518935913459,78618,713,1353,19319,
280.55236833304957,78618,713,1352,19320,
280.55376434418815,78617,714,1352,19320,
280.55535859459263,78617,714,1351,19321,
280.55663146269944,78617,714,1350,19322,
280.55793148250126,78617,714,1349,19323,
280.558474372112,78617,713,1350,19323,
280.56054669424685,78616,714,1350,19323,
280.5615377883338,78616,713,1351,19323,
280.5617076659657,78615,714,1351,19323,
280.5621366779433,78615,714,1350,19324,
280.562178921626,78615,714,1349,19325,
280.56373420729415,78615,713,1350,19325,
280.56458688490414,78615,713,1349,19326,
280.5654171116399,78615,712,1350,19326,
280.56602904566057,78615,712,1349,19327,
280.56694793690906,78615,711,1350,19327,
280.56786081125057,78615,711,1349,19328,
280.57155093421875,78614,712,1349,19328,
280.5755021656709,78614,712,1348,19329,
280.5762578472278,78614,712,1347,19330,
280.5764088478095,78614,711,1348,19330,
280.5768375054909,78614,711,1347,19331,
280.57726815029184,78614,710,1348,19331,
280.5785965155805,78614,710,1347,19332,
280.58083421056455,78614,709,1348,19332,
280.58224805241207,78613,710,1348,19332,
280.5823729997343,78612,711,1348,19332,
280.587033899307,78612,711,1347,19333,
280.5886976203354,78611,712,1347,19333,
280.59152548563924,78610,713,1347,19333,
280.59178546944173,78610,712,1348,19333,
280.594642656127,78609,713,1348,19333,
280.5956152608837,78608,714,1348,19333,
280.5956484540474,78608,713,1349,19333,
280.59916694092146,78607,714,1349,19333,
280.6015025272657,78607,713,1350,19333,
280.60514316707594,78607,713,1349,19334,
280.6055712358495,78607,713,1348,19335,
280.60730852821916,78606,714,1348,19335,
280.6086173902133,78606,713,1349,19335,
280.6149037449124,78605,714,1349,19335,
280.61536818471706,78604,715,1349,19335,
280.6166266840167,78604,714,1350,19335,
280.6176472482151,78604,713,1351,19335,
280.6189439107796,78604,713,1350,19336,
280.62954731108636,78604,713,1349,19337,
280.6299591478248,78603,714,1349,19337,
280.63123135045373,78603,714,1348,19338,
280.632733204895,78602,715,1348,19338,
280.63503201984025,78602,714,1349,19338,
280.6384715474455,78601,715,1349,19338,
280.6409078786932,78601,715,1348,19339,
280.64507705521623,78601,714,1349,19339,
280.6471716001154,78601,713,1350,19339,
280.6486795104424,78600,714,1350,19339,
280.64880797675295,78599,715,1350,19339,
280.64960552647466,78599,714,1351,19339,
280.65067373095826,78599,713,1352,19339,
280.6527143743232,78598,714,1352,19339,
280.65331948431054,78597,715,1352,19339,
280.6618216565405,78597,715,1351,19340,
280.665281911271,78596,716,1351,19340,
280.6670807705686,78596,715,1352,19340,
280.66801081159673,78595,716,1352,19340,
280.67508305870723,78594,717,1352,19340,
280.68181150305344,78594,717,1351,19341,
280.6836004684633,78593,718,1351,19341,
280.6836908644146,78593,717,1352,19341,
280.68845592863687,78592,718,1352,19341,
280.69097262086603,78592,717,1353,19341,
280.69298911511817,78592,716,1354,19341,
280.692997884072,78592,715,1355,19341,
280.6946202206157,78591,716,1355,19341,
280.69632426395475,78591,716,1354,19342,
280.69890202087896,78591,715,1355,19342,
280.7024121482445,78590,716,1355,19342,
280.70754496319995,78590,716,1354,19343,
280.70771827238804,78589,717,1354,19343,
280.7113280017874,78589,716,1355,19343,
280.71179691826273,78588,717,1355,19343,
280.7125108135634,78588,717,1354,19344,
280.7140312866592,78587,718,1354,19344,
280.7140752223297,78587,718,1353,19345,
280.718672733551,78586,719,1353,19345,
280.71880778184277,78586,719,1352,19346,
280.7189169860927,78586,718,1353,19346,
280.7267063934618,78586,718,1352,19347,
280.7289695066541,78586,717,1353,19347,
280.7385471920768,78586,717,1352,19348,
280.7387352075388,78586,717,1351,19349,
280.7395166539162,78586,717,1350,19350,
280.7403170049904,78586,717,1349,19351,
280.7404377393504,78586,716,1350,19351,
280.74254231184074,78586,716,1349,19352,
280.7487094652087,78585,717,1349,19352,
280.75042166960077,78585,717,1348,19353,
280.75245092365225,78584,718,1348,19353,
280.7526929639043,78584,718,1347,19354,
280.7550380943473,78583,719,1347,19354,
280.75735416918747,78582,720,1347,19354,
280.7753407412814,78581,721,1347,19354,
280.78354365160834,78581,721,1346,19355,
280.7870596294124,78581,721,1345,19356,
280.7896584688543,78580,722,1345,19356,
280.79084027219125,78579,723,1345,19356,
280.79186209882454,78579,722,1346,19356,
280.7956681425349,78578,723,1346,19356,
280.7960038815505,78577,724,1346,19356,
280.79928876164627,78576,725,1346,19356,
280.8002429323233,78575,726,1346,19356,
280.8003010961483,78575,725,1347,19356,
280.80531977079374,78575,725,1346,19357,
280.8054734981411,78574,726,1346,19357,
280.8070820099752,78574,725,1347,19357,
280.81246966186234,78574,725,1346,19358,
280.81330414779706,78574,724,1347,19358,
280.8163359510214,78574,723,1348,19358,
280.8196570755145,78574,723,1347,19359,
280.82025468502616,78574,723,1346,19360,
280.821985350843,78574,723,1345,19361,
280.8228044955802,78573,724,1345,19361,
280.8258323745488,78573,724,1344,19362,
280.8333941962239,78572,725,1344,19362,
280.83468728149984,78572,724,1345,19362,
280.8350424167173,78571,725,1345,19362,
280.83562230053883,78570,726,1345,19362,
280.840444890112,78569,727,1345,19362,
280.84048145939784,78569,726,1346,19362,
280.84169085968796,78569,725,1347,19362,
280.84201925527566,78569,725,1346,19363,
280.8456026105016,78568,726,1346,19363,
280.848913222768,78568,725,1347,19363,
280.8491503894832,78568,724,1348,19363,
280.84931474157554,78567,725,1348,19363,
280.84953302682675,78566,726,1348,19363,
280.85080464216765,78566,725,1349,19363,
280.85383301344865,78566,725,1348,19364,
280.8550466559374,78565,726,1348,19364,
280.8568654159113,78565,725,1349,19364,
280.86098251795875,78565,725,1348,19365,
280.8642243689956,78565,725,1347,19366,
280.86738965505555,78565,724,1348,19366,
280.86810188856464,78564,725,1348,19366,
280.8685564031234,78564,724,1349,19366,
280.87027016589633,78564,723,1350,19366,
280.87269270570863,78564,723,1349,19367,
280.87338921211796,78564,722,1350,19367,
280.8789146781804,78563,723,1350,19367,
280.8795041213755,78563,722,1351,19367,
280.879523423037,78563,721,1352,19367,
280.8915861620749,78563,720,1353,19367,
280.8956990295648,78563,720,1352,19368,
280.89600289605966,78563,719,1353,19368,
280.89634647059574,78563,719,1352,19369,
280.89702810902605,78563,719,1351,19370,
280.9022619674536,78563,719,1350,19371,
280.9042966216216,78563,719,1349,19372,
280.9043800251658,78563,719,1348,19373,
280.9067151611593,78563,719,1347,19374,
280.9072916657663,78563,718,1348,19374,
280.9078936125176,78563,718,1347,19375,
280.9090897336487,78563,717,1348,19375,
280.91082167042117,78563,716,1349,19375,
280.9122422246667,78563,716,1348,19376,
280.9139579342105,78563,715,1349,19376,
280.9142479129078,78563,714,1350,19376,
280.91684712289964,78562,715,1350,19376,
280.91862016656233,78562,715,1349,19377,
280.9192166904504,78562,714,1350,19377,
280.9198178119884,78561,715,1350,19377,
280.9212513664906,78561,715,1349,19378,
280.9301107065401,78561,715,1348,19379,
280.93080074211207,78561,715,1347,19380,
280.9322953944023,78561,714,1348,19380,
280.9328532427502,78561,713,1349,19380,
280.9340637836043,78560,714,1349,19380,
280.93916025615135,78559,715,1349,19380,
280.94153119758533,78558,716,1349,19380,
280.9425604724196,78558,716,1348,19381,
280.9432801460583,78557,717,1348,19381,
280.94690866833537,78557,717,1347,19382,
280.9505710985328,78556,718,1347,19382,
280.9512330547195,78555,719,1347,19382,
280.95146945203015,78554,720,1347,19382,
280.95426285902687,78554,720,1346,19383,
280.95466315043967,78554,719,1347,19383,
280.9567616572927,78554,718,1348,19383,
280.95691956760913,78554,718,1347,19384,
280.9594554455008,78553,719,1347,19384,
280.96029348916676,78553,719,1346,19385,
280.96437990102663,78553,719,1345,19386,
280.96614491303876,78552,720,1345,19386,
280.9689193508981,78552,720,1344,19387,
280.9720867767734,78551,721,1344,19387,
280.9737592620501,78550,722,1344,19387,
280.9755625462699,78550,722,1343,19388,
280.97633441178596,78550,721,1344,19388,
280.9798142058487,78550,720,1345,19388,
280.98085654910017,78550,719,1346,19388,
280.98216482214355,78549,720,1346,19388,
280.98317788288904,78549,720,1345,19389,
280.98405384243637,78549,719,1346,19389,
280.98892474625984,78549,719,1345,19390,
280.989277992183,78549,718,1346,19390,
280.98996111805917,78548,719,1346,19390,
280.99164340941286,78548,719,1345,19391,
280.9928342410734,78548,718,1346,19391,
280.9949168428705,78548,718,1345,19392,
280.99586231904016,78548,717,1346,19392,
280.99773880160285,78548,717,1345,19393,
281.00056789966175,78548,717,1344,19394,
281.0012360338598,78548,716,1345,19394,
281.00161729824816,78547,717,1345,19394,
281.0023288094027,78547,716,1346,19394,
281.0065438417682,78546,717,1346,19394,
281.007098022003,78545,718,1346,19394,
281.008979240071,78544,719,1346,19394,
281.0093942687161,78544,719,1345,19395,
281.01238620326984,78544,719,1344,19396,
281.01539073623576,78543,720,1344,19396,
281.0188561780904,78543,720,1343,19397,
281.02027983723553,78543,719,1344,19397,
281.02737846807634,78543,718,1345,19397,
281.032824203256,78543,718,1344,19398,
281.0349275925957,78543,717,1345,19398,
281.0349625494972,78543,716,1346,19398,
281.03929723269323,78543,716,1345,19399,
281.0394994562237,78542,717,1345,19399,
281.0450463431977,78542,717,1344,19400,
281.0469500500804,78542,716,1345,19400,
281.04787850951726,78542,716,1344,19401,
281.04928916303953,78542,716,1343,19402,
281.0534090622949,78542,715,1344,19402,
281.05389268709666,78541,716,1344,19402,
281.0551476031465,78541,715,1345,19402,
281.0554093180283,78541,715,1344,19403,
281.0573861609303,78541,714,1345,19403,
281.0602359547013,78541,714,1344,19404,
281.0625050655846,78541,714,1343,19405,
281.06464048175474,78541,714,1342,19406,
281.0677852778706,78541,714,1341,19407,
281.06870424531456,78540,715,1341,19407,
281.0714148027307,78540,715,1340,19408,
281.07243827593084,78540,715,1339,19409,
281.0753211532174,78539,716,1339,19409,
281.0762246246631,78538,717,1339,19409,
281.07668962195305,78538,717,1338,19410,
281.07743081987553,78538,716,1339,19410,
281.07791712832983,78537,717,1339,19410,
281.07891891066055,78536,718,1339,19410,
281.08242916520504,78536,717,1340,19410,
281.08386520086145,78536,717,1339,19411,
281.0839726327202,78536,717,1338,19412,
281.0861774443255,78536,716,1339,19412,
281.08791116294316,78536,715,1340,19412,
281.0887899364788,78536,714,1341,19412,
281.0902210650641,78536,713,1342,19412,
281.09535325615803,78536,713,1341,19413,
281.1011526150817,78536,713,1340,19414,
281.1016182956018,78535,714,1340,19414,
281.10473855151696,78535,714,1339,19415,
281.1048871714431,78535,713,1340,19415,
281.10669203529545,78535,713,1339,19416,
281.1076692981989,78534,714,1339,19416,
281.1078708316542,78533,715,1339,19416,
281.1082911106234,78532,716,1339,19416,
281.10969171107774,78531,717,1339,19416,
281.1106398269362,78530,718,1339,19416,
281.1124318141877,78529,719,1339,19416,
281.1128880366998,78529,718,1340,19416,
281.1131902216633,78528,719,1340,19416,
281.1167550380319,78528,719,1339,19417,
281.11749146456174,78528,719,1338,19418,
281.11822902508106,78528,719,1337,19419,
281.11842125966297,78528,718,1338,19419,
281.12003961887706,78528,717,1339,19419,
281.1242490994593,78527,718,1339,19419,
281.1272792423601,78527,717,1340,19419,
281.12993466261446,78526,718,1340,19419,
281.13336378563497,78525,719,1340,19419,
281.13415598057026,78524,720,1340,19419,
281.13560976464174,78524,719,1341,19419,
281.13596974805995,78523,720,1341,19419,
281.1395275130142,78522,721,1341,19419,
281.14153741396825,78522,720,1342,19419,
281.1477023815034,78521,721,1342,19419,
281.1510183811684,78521,721,1341,19420,
281.1528933639546,78521,721,1340,19421,
281.1534966371564,78520,722,1340,19421,
281.1547435243653,78520,721,1341,19421,
281.1555480534966,78520,721,1340,19422,
281.1565827670022,78520,721,1339,19423,
281.15840935112976,78519,722,1339,19423,
281.1584913062766,78519,721,1340,19423,
281.16073322853174,78518,722,1340,19423,
281.16334370109075,78518,721,1341,19423,
281.16766533405377,78518,721,1340,19424,
281.17026281335245,78518,721,1339,19425,
281.1739983475257,78518,721,1338,19426,
281.1763392256499,78518,721,1337,19427,
281.17655005480697,78518,721,1336,19428,
281.17658020024913,78518,721,1335,19429,
281.18278798452025,78517,722,1335,19429,
281.18518237451104,78517,721,1336,19429,
281.18617614763997,78517,721,1335,19430,
281.1880909008524,78517,720,1336,19430,
281.19022948386885,78517,719,1337,19430,
281.19499817482864,78517,719,1336,19431,
281.19804596691023,78517,718,1337,19431,
281.2000741907402,78516,719,1337,19431,
281.2004630553129,78516,719,1336,19432,
281.2021016564489,78515,720,1336,19432,
281.2062724583317,78515,719,1337,19432,
281.2083158435951,78515,719,1336,19433,
281.2103720054435,78515,719,1335,19434,
281.21306559117596,78515,718,1336,19434,
281.2226089103378,78515,718,1335,19435,
281.224969644237,78515,718,1334,19436,
281.2249847209912,78514,719,1334,19436,
281.22657583789,78514,719,1333,19437,
281.2283844172334,78513,720,1333,19437,
281.2325112744651,78513,720,1332,19438,
281.2338295307049,78513,719,1333,19438,
281.23405322349726,78513,719,1332,19439,
281.23875096960336,78513,719,1331,19440,
281.2432208746057,78513,719,1330,19441,
281.2440854109447,78513,719,1329,19442,
281.2510427378522,78513,718,1330,19442,
281.2557593685386,78513,717,1331,19442,
281.25606151396624,78512,718,1331,19442,
281.257194906262,78512,718,1330,19443,
281.2575330190858,78512,717,1331,19443,
281.2579743884592,78512,717,1330,19444,
281.263839039708,78512,716,1331,19444,
281.2672105799202,78512,716,1330,19445,
281.26783900305253,78511,717,1330,19445,
281.2681074461104,78511,716,1331,19445,
281.2700439663555,78511,715,1332,19445,
281.2703009580613,78511,714,1333,19445,
281.27212341979055,78511,714,1332,19446,
281.2774381880287,78510,715,1332,19446,
281.27954328605983,78509,716,1332,19446,
281.27996226651135,78509,716,1331,19447,
281.2806670544549,78508,717,1331,19447,
281.28103198129236,78508,716,1332,19447,
281.2822790583564,78508,716,1331,19448,
281.2836492993484,78508,715,1332,19448,
281.289313606519,78508,714,1333,19448,
281.2898109466168,78508,713,1334,19448,
281.2922311878741,78507,714,1334,19448,
281.2926095469355,78507,714,1333,19449,
281.29353837309117,78507,714,1332,19450,
281.2958557309586,78506,715,1332,19450,
281.30155906300513,78505,716,1332,19450,
281.30237307998993,78504,717,1332,19450,
281.30847388665944,78504,717,1331,19451,
281.308529926941,78503,718,1331,19451,
281.3108360764734,78502,719,1331,19451,
281.31160150515814,78502,719,1330,19452,
281.3128748125853,78502,719,1329,19453,
281.3142389485749,78502,718,1330,19453,
281.31758405320346,78501,719,1330,19453,
281.3178188076023,78501,719,1329,19454,
281.3190700042304,78500,720,1329,19454,
281.3194576330487,78500,719,1330,19454,
281.32029889773486,78500,718,1331,19454,
281.3289318879894,78500,718,1330,19455,
281.33151013396906,78499,719,1330,19455,
281.33320585911747,78499,718,1331,19455,
281.33459740469743,78498,719,1331,19455,
281.33975650270884,78498,719,1330,19456,
281.3398062858165,78498,718,1331,19456,
281.3401729532976,78498,718,1330,19457,
281.3419395514539,78498,718,1329,19458,
281.3447348441399,78498,717,1330,19458,
281.3461839845871,78498,716,1331,19458,
281.3472670493689,78498,715,1332,19458,
281.34770727244097,78497,716,1332,19458,
281.3538448455501,78497,716,1331,19459,
281.3573619860471,78497,715,1332,19459,
281.36409568252196,78497,715,1331,19460,
281.3644126633689,78497,715,1330,19461,
281.367804768865,78497,715,1329,19462,
281.3688197920453,78496,716,1329,19462,
281.3713149769348,78495,717,1329,19462,
281.3752219348319,78495,717,1328,19463,
281.3797082105328,78495,716,1329,19463,
281.38209529398745,78494,717,1329,19463,
281.3835318490921,78493,718,1329,19463,
281.3835791573107,78492,719,1329,19463,
281.3840744163413,78491,720,1329,19463,
281.38762443835833,78491,720,1328,19464,
281.3915075717013,78491,719,1329,19464,
281.39244793648055,78491,719,1328,19465,
281.3939277312373,78490,720,1328,19465,
281.39396724454355,78489,721,1328,19465,
281.39522517311076,78489,720,1329,19465,
281.39690178748003,78488,721,1329,19465,
281.39952719772845,78487,722,1329,19465,
281.4039258468149,78487,721,1330,19465,
281.40523008527884,78486,722,1330,19465,
281.4061355116429,78486,721,1331,19465,
281.41127893793,78486,721,1330,19466,
281.4134850032789,78485,722,1330,19466,
281.4176762891604,78485,721,1331,19466,
281.4179377598229,78485,721,1330,19467,
281.4192965459824,78485,720,1331,19467,
281.4223895443903,78485,719,1332,19467,
281.42793900767197,78485,718,1333,19467,
281.4280883573777,78485,717,1334,19467,
281.4306952414032,78485,717,1333,19468,
281.43296801982177,78485,717,1332,19469,
281.43446934123534,78484,718,1332,19469,
281.4347454225767,78483,719,1332,19469,
281.4353057338899,78482,720,1332,19469,
281.43942834758116,78482,719,1333,19469,
281.4394931915751,78482,719,1332,19470,
281.44435400955325,78481,720,1332,19470,
281.44444316370164,78481,720,1331,19471,
281.4446563867033,78481,720,1330,19472,
281.4463403256502,78481,719,1331,19472,
281.4514561769196,78480,720,1331,19472,
281.4518461066299,78479,721,1331,19472,
281.4531571574076,78478,722,1331,19472,
281.45489410702544,78478,722,1330,19473,
281.4550223992563,78477,723,1330,19473,
281.4559974035191,78477,723,1329,19474,
281.46065784054105,78477,723,1328,19475,
281.46087344732564,78477,722,1329,19475,
281.4615892212411,78477,722,1328,19476,
281.464602319893,78476,723,1328,19476,
281.4655134862217,78475,724,1328,19476,
281.46606977259336,78475,723,1329,19476,
281.47183151852346,78474,724,1329,19476,
281.47206180525905,78474,724,1328,19477,
281.4724687579331,78473,725,1328,19477,
281.4785395118217,78473,725,1327,19478,
281.4883076793751,78473,724,1328,19478,
281.4898485433484,78472,725,1328,19478,
281.49032150290753,78472,724,1329,19478,
281.49149751653374,78471,725,1329,19478,
281.49160301398297,78470,726,1329,19478,
281.49165353736413,78470,726,1328,19479,
281.50385529966786,78470,726,1327,19480,
281.5042854812869,78470,726,1326,19481,
281.50725393649486,78470,725,1327,19481,
281.50986895269114,78470,724,1328,19481,
281.5110797895841,78470,723,1329,19481,
281.51176637034064,78469,724,1329,19481,
281.5120325510797,78469,723,1330,19481,
281.51366599577415,78469,722,1331,19481,
281.51464835847213,78469,722,1330,19482,
281.51614355919486,78469,721,1331,19482,
281.51723357165514,78469,720,1332,19482,
281.5175145408497,78469,720,1331,19483,
281.5175952505656,78469,720,1330,19484,
281.5180324281227,78469,720,1329,19485,
281.52146391605487,78468,721,1329,19485,
281.5225072657513,78467,722,1329,19485,
281.52341672290123,78467,722,1328,19486,
281.5246795216326,78466,723,1328,19486,
281.52496225362563,78465,724,1328,19486,
281.527797423219,78464,725,1328,19486,
281.52996139992354,78464,725,1327,19487,
281.53174063763953,78464,725,1326,19488,
281.53358812771097,78464,725,1325,19489,
281.533753819561,78464,725,1324,19490,
281.5339393608572,78464,725,1323,19491,
281.5348981824952,78464,725,1322,19492,
281.53551660690204,78464,725,1321,19493,
281.5378108953656,78463,726,1321,19493,
281.5389451827357,78463,726,1320,19494,
281.5410601901525,78462,727,1320,19494,
281.5421989364763,78462,726,1321,19494,
281.542296926297,78461,727,1321,19494,
281.54352843544683,78461,726,1322,19494,
281.5455844545656,78461,726,1321,19495,
281.5481970890353,78461,725,1322,19495,
281.55212866709513,78461,724,1323,19495,
281.55261602309264,78461,723,1324,19495,
281.5526946523371,78460,724,1324,19495,
281.5553955000447,78459,725,1324,19495,
281.55602543699473,78459,724,1325,19495,
281.5564518649829,78459,724,1324,19496,
281.5595769300103,78458,725,1324,19496,
281.5638425874528,78458,725,1323,19497,
281.5650680570212,78458,725,1322,19498,
281.56536412016936,78458,724,1323,19498,
281.56573528299333,78457,725,1323,19498,
281.56602705708735,78457,724,1324,19498,
281.5709643012732,78457,724,1323,19499,
281.5710973121694,78457,723,1324,19499,
281.5720743223134,78456,724,1324,19499,
281.57869977921206,78456,723,1325,19499,
281.5821281492488,78456,722,1326,19499,
281.584410698657,78456,721,1327,19499,
281.5887233894864,78456,720,1328,19499,
281.59214758202484,78456,719,1329,19499,
281.5937614991522,78456,718,1330,19499,
281.59441601491346,78455,719,1330,19499,
281.5944643426523,78454,720,1330,19499,
281.59481749667106,78453,721,1330,19499,
281.59556030231,78453,721,1329,19500,
281.59656814250366,78453,720,1330,19500,
281.6034875374784,78452,721,1330,19500,
281.60405334083333,78452,721,1329,19501,
281.6156822815819,78452,721,1328,19502,
281.6221504817144,78452,720,1329,19502,
281.6362976358967,78452,719,1330,19502,
281.6392937766102,78451,720,1330,19502,
281.6398733320269,78450,721,1330,19502,
281.6416114753837,78450,721,1329,19503,
281.64304288540336,78450,721,1328,19504,
281.64511015384534,78450,721,1327,19505,
281.64961071111617,78449,722,1327,19505,
281.6496218036319,78449,722,1326,19506,
281.6501603499429,78449,722,1325,19507,
281.65176801525126,78448,723,1325,19507,
281.6530698673147,78447,724,1325,19507,
281.6580920481569,78447,724,1324,19508,
281.6601122354518,78447,723,1325,19508,
281.66225365296344,78447,723,1324,19509,
281.6655015452617,78447,723,1323,19510,
281.66600283680543,78447,722,1324,19510,
281.6692760198714,78446,723,1324,19510,
281.66941731916745,78446,723,1323,19511,
281.6708423244798,78446,723,1322,19512,
281.6713541088459,78446,722,1323,19512,
281.67425738339256,78446,722,1322,19513,
281.6776631389876,78445,723,1322,19513,
281.68347269312875,78445,723,1321,19514,
281.68731393139615,78445,722,1322,19514,
281.6928950943168,78444,723,1322,19514,
281.6936529941766,78443,724,1322,19514,
281.6958876058246,78443,723,1323,19514,
281.69688391156285,78442,724,1323,19514,
281.6985657531666,78442,724,1322,19515,
281.6999265565028,78441,725,1322,19515,
281.7025858647264,78440,726,1322,19515,
281.7038464492282,78440,725,1323,19515,
281.7076462539756,78440,724,1324,19515,
281.7091650398247,78439,725,1324,19515,
281.7109163020259,78439,725,1323,19516,
281.72048238105975,78439,725,1322,19517,
281.7209182516498,78439,725,1321,19518,
281.7235644136662,78438,726,1321,19518,
281.7273757683301,78438,725,1322,19518,
281.72895658126913,78438,725,1321,19519,
281.72944359651007,78438,725,1320,19520,
281.73153263533317,78438,724,1321,19520,
281.73264536007326,78438,724,1320,19521,
281.7332452820939,78438,724,1319,19522,
281.7415167413681,78437,725,1319,19522,
281.74231998089607,78437,725,1318,19523,
281.74327464238644,78436,726,1318,19523,
281.7472119328442,78436,726,1317,19524,
281.7473918516745,78436,725,1318,19524,
281.74802692387794,78435,726,1318,19524,
281.7482166635515,78435,725,1319,19524,
281.75155100445784,78434,726,1319,19524,
281.75473275769014,78433,727,1319,19524,
281.75498599276284,78433,727,1318,19525,
281.7562080760217,78432,728,1318,19525,
281.760327490164,78431,729,1318,19525,
281.7623813586474,78431,729,1317,19526,
281.76495253139547,78431,728,1318,19526,
281.7650805567057,78431,728,1317,19527,
281.76671820517515,78430,729,1317,19527,
281.7674294991787,78430,729,1316,19528,
281.76876532176317,78429,730,1316,19528,
281.7689847532851,78429,729,1317,19528,
281.76989423911135,78429,729,1316,19529,
281.77015133551,78428,730,1316,19529,
281.77073372036085,78427,731,1316,19529,
281.7751697037683,78427,730,1317,19529,
281.7755693390318,78427,729,1318,19529,
281.77577124537873,78427,728,1319,19529,
281.7794389412187,78426,729,1319,19529,
281.7795767113201,78426,728,1320,19529,
281.7801677310687,78426,727,1321,19529,
281.7814683199836,78426,727,1320,19530,
281.7839032473627,78425,728,1320,19530,
281.7875500585513,78424,729,1320,19530,
281.789383507697,78424,728,1321,19530,
281.7915696467096,78424,728,1320,19531,
281.7921502547361,78424,727,1321,19531,
281.79613756035644,78423,728,1321,19531,
281.7961846309085,78423,727,1322,19531,
281.7976844862741,78422,728,1322,19531,
281.8032213518554,78422,727,1323,19531,
281.80481872879903,78422,726,1324,19531,
281.80541507277394,78421,727,1324,19531,
281.80600632533424,78421,726,1325,19531,
281.8060315549562,78420,727,1325,19531,
281.80740576592683,78420,727,1324,19532,
281.80801069115967,78420,727,1323,19533,
281.8082250370586,78420,727,1322,19534,
281.80957376779634,78420,726,1323,19534,
281.81068610340884,78420,725,1324,19534,
281.8140918451575,78420,724,1325,19534,
281.81429262525796,78420,723,1326,19534,
281.8145762834915,78420,722,1327,19534,
281.8158643765288,78419,723,1327,19534,
281.81717958068737,78418,724,1327,19534,
281.81831811129894,78418,723,1328,19534,
281.8197644797581,78418,723,1327,19535,
281.8223745676039,78417,724,1327,19535,
281.8234506350104,78417,724,1326,19536,
281.8251307234445,78417,724,1325,19537,
281.8257826779172,78417,723,1326,19537,
281.8303424205111,78417,722,1327,19537,
281.83354175690266,78417,721,1328,19537,
281.83561185811806,78417,720,1329,19537,
281.8401366089635,78416,721,1329,19537,
281.84073799425494,78416,720,1330,19537,
281.8419958368481,78416,719,1331,19537,
281.8420758351288,78416,718,1332,19537,
281.84226582721345,78416,717,1333,19537,
281.84321592857043,78416,716,1334,19537,
281.8452014060787,78416,716,1333,19538,
281.8457936582876,78416,715,1334,19538,
281.84817430626606,78416,714,1335,19538,
281.85031560872613,78416,714,1334,19539,
281.851306950301,78416,713,1335,19539,
281.8527433667117,78415,714,1335,19539,
281.8533617836326,78415,714,1334,19540,
281.85572135260963,78415,713,1335,19540,
281.8581325052687,78414,714,1335,19540,
281.8587915787208,78413,715,1335,19540,
281.8591660374113,78412,716,1335,19540,
281.86297462170756,78412,716,1334,19541,
281.8632626469664,78412,715,1335,19541,
281.8669389345315,78412,715,1334,19542,
281.8731274787031,78412,715,1333,19543,
281.8731649195295,78412,715,1332,19544,
281.87577830018176,78411,716,1332,19544,
281.87661398235224,78411,715,1333,19544,
281.8773865879506,78410,716,1333,19544,
281.8774121557214,78410,716,1332,19545,
281.8831157200552,78409,717,1332,19545,
281.8846353646937,78409,716,1333,19545,
281.88569632272936,78408,717,1333,19545,
281.8877415816186,78408,716,1334,19545,
281.8912014151909,78408,716,1333,19546,
281.89205438644467,78408,716,1332,19547,
281.8959497332783,78408,716,1331,19548,
281.8986688199367,78407,717,1331,19548,
281.89997216882415,78407,717,1330,19549,
281.9020167225673,78407,716,1331,19549,
281.90434480532065,78406,717,1331,19549,
281.90802707816147,78406,716,1332,19549,
281.90806812481054,78406,715,1333,19549,
281.9122944055549,78405,716,1333,19549,
281.9154718687188,78405,716,1332,19550,
281.91671011727215,78404,717,1332,19550,
281.9204670611797,78403,718,1332,19550,
281.9205085827387,78402,719,1332,19550,
281.9205320462443,78402,718,1333,19550,
281.920977886646,78401,719,1333,19550,
281.9252389234106,78401,718,1334,19550,
281.92537020404023,78401,717,1335,19550,
281.92870656477027,78400,718,1335,19550,
281.92915014132456,78400,718,1334,19551,
281.9291886858436,78400,717,1335,19551,
281.9320772374037,78400,716,1336,19551,
281.93259986404496,78400,716,1335,19552,
281.93861565402176,78400,715,1336,19552,
281.9395414407209,78399,716,1336,19552,
281.94173884228854,78399,716,1335,19553,
281.9423446455032,78399,716,1334,19554,
281.9440810380308,78398,717,1334,19554,
281.9451859336576,78397,718,1334,19554,
281.94743391963937,78397,718,1333,19555,
281.9487972317873,78396,719,1333,19555,
281.9497762485714,78396,719,1332,19556,
281.9505834422364,78395,720,1332,19556,
281.95278739105476,78394,721,1332,19556,
281.95513845280396,78394,721,1331,19557,
281.95811258224944,78393,722,1331,19557,
281.9625646136983,78393,721,1332,19557,
281.96328992979954,78393,720,1333,19557,
281.96432942284247,78393,719,1334,19557,
281.9644371004704,78393,718,1335,19557,
281.96454656224046,78393,718,1334,19558,
281.9658335679072,78393,718,1333,19559,
281.96590384763385,78393,717,1334,19559,
281.9708558403463,78393,716,1335,19559,
281.97089259219905,78393,715,1336,19559,
281.9766086094577,78392,716,1336,19559,
281.978647468231,78391,717,1336,19559,
281.97880371947326,78391,717,1335,19560,
281.9788147063827,78391,717,1334,19561,
281.98082888171353,78391,716,1335,19561,
281.9816038395394,78391,716,1334,19562,
281.9842872732959,78391,716,1333,19563,
281.9854268472462,78391,715,1334,19563,
281.98663983150556,78391,715,1333,19564,
281.9889075727912,78391,714,1334,19564,
281.9972915261802,78391,714,1333,19565,
281.99731139580456,78391,713,1334,19565,
281.99848853737655,78391,713,1333,19566,
282.0029896863607,78391,712,1334,19566,
282.0062990725222,78391,712,1333,19567,
282.0064229194231,78390,713,1333,19567,
282.0085032051401,78390,713,1332,19568,
282.0103282003524,78389,714,1332,19568,
282.01336606051143,78388,715,1332,19568,
282.01408070115775,78387,716,1332,19568,
282.0141821990453,78386,717,1332,19568,
282.01421650590066,78386,716,1333,19568,
282.0146889015655,78386,715,1334,19568,
282.01879971858074,78386,715,1333,19569,
282.0189504143072,78386,715,1332,19570,
282.02001970729924,78386,715,1331,19571,
282.02165114433,78385,716,1331,19571,
282.0216816865269,78385,716,1330,19572,
282.0226847935955,78385,716,1329,19573,
282.02675098415926,78384,717,1329,19573,
282.02885357509797,78384,717,1328,19574,
282.0302080569061,78384,716,1329,19574,
282.0302710703193,78384,716,1328,19575,
282.03354548895925,78384,716,1327,19576,
282.0423777639072,78383,717,1327,19576,
282.0432452684588,78382,718,1327,19576,
282.0442392819408,78382,717,1328,19576,
282.05201843176985,78381,718,1328,19576,
282.05366120488253,78380,719,1328,19576,
282.05436891976063,78380,718,1329,19576,
282.06129109260576,78380,717,1330,19576,
282.06301692966514,78380,716,1331,19576,
282.0694165175166,78380,715,1332,19576,
282.0694338409643,78380,715,1331,19577,
282.0698676685498,78380,714,1332,19577,
282.0706237366715,78379,715,1332,19577,
282.0726842502272,78379,714,1333,19577,
282.0759068397446,78379,714,1332,19578,
282.0772303662682,78378,715,1332,19578,
282.077628538167,78378,714,1333,19578,
282.07955244713196,78377,715,1333,19578,
282.07962141821633,78376,716,1333,19578,
282.08132482543505,78376,715,1334,19578,
282.0823518599924,78376,715,1333,19579,
282.08564008336776,78375,716,1333,19579,
282.08863557911866,78374,717,1333,19579,
282.0944961930203,78373,718,1333,19579,
282.0952879435077,78373,717,1334,19579,
282.098629636396,78373,717,1333,19580,
282.1001097959005,78373,716,1334,19580,
282.1016852046317,78373,716,1333,19581,
282.1051968860711,78372,717,1333,19581,
282.11118018143185,78372,716,1334,19581,
282.1112121998678,78372,715,1335,19581,
282.11572126261586,78371,716,1335,19581,
282.11829975744484,78371,716,1334,19582,
282.12075094228834,78371,716,1333,19583,
282.1214143763442,78371,715,1334,19583,
282.12268118306525,78370,716,1334,19583,
282.12298731774115,78369,717,1334,19583,
282.12352694877995,78368,718,1334,19583,
282.1244616325203,78368,718,1333,19584,
282.12602012073245,78368,718,1332,19585,
282.1272817410684,78368,718,1331,19586,
282.1277369755288,78368,718,1330,19587,
282.12823661902473,78368,717,1331,19587,
282.12866444306843,78368,717,1330,19588,
282.13042428414906,78367,718,1330,19588,
282.1361012370233,78367,718,1329,19589,
282.1369448777511,78366,719,1329,19589,
282.13849163099763,78365,720,1329,19589,
282.1390974998512,78364,721,1329,19589,
282.14198612944955,78364,720,1330,19589,
282.143779393037,78363,721,1330,19589,
282.1440482251361,78362,722,1330,19589,
282.144469424435,78361,723,1330,19589,
282.1452397858242,78360,724,1330,19589,
282.14601809261524,78359,725,1330,19589,
282.1463582717054,78359,724,1331,19589,
282.1475801265483,78358,725,1331,19589,
282.1481392407206,78358,725,1330,19590,
282.149924544571,78358,725,1329,19591,
282.15077161808176,78358,725,1328,19592,
282.1511568103595,78358,724,1329,19592,
282.15153666619807,78358,724,1328,19593,
282.15162278229496,78358,723,1329,19593,
282.15210556202015,78357,724,1329,19593,
282.15518578990316,78356,725,1329,19593,
282.15987502868614,78356,725,1328,19594,
282.1599875163557,78355,726,1328,19594,
282.16115235989747,78355,725,1329,19594,
282.16169823168343,78355,724,1330,19594,
282.1623178315046,78355,724,1329,19595,
282.1640709636249,78355,723,1330,19595,
282.1681228370693,78355,723,1329,19596,
282.17017784641854,78355,722,1330,19596,
282.1758113138889,78355,721,1331,19596,
282.17903012210775,78355,721,1330,19597,
282.17973378105154,78354,722,1330,19597,
282.18025404379415,78354,721,1331,19597,
282.18160230247344,78354,721,1330,19598,
282.18571203759257,78354,721,1329,19599,
282.1891599405315,78353,722,1329,19599,
282.19297606663855,78352,723,1329,19599,
282.1930397562265,78352,723,1328,19600,
282.1942209606864,78352,722,1329,19600,
282.1945248614175,78352,721,1330,19600,
282.1959471273619,78351,722,1330,19600,
282.1997164146913,78351,722,1329,19601,
282.19982593070495,78350,723,1329,19601,
282.20046248329834,78350,722,1330,19601,
282.2015097322329,78350,722,1329,19602,
282.2028593101646,78349,723,1329,19602,
282.20760385412365,78349,722,1330,19602,
282.2115719866367,78349,722,1329,19603,
282.2132535290036,78349,721,1330,19603,
282.2153629994094,78349,720,1331,19603,
282.2198265289889,78349,720,1330,19604,
282.2219864039949,78348,721,1330,19604,
282.22728152027054,78348,721,1329,19605,
282.23972005599774,78348,721,1328,19606,
282.2412798573347,78347,722,1328,19606,
282.2448465156409,78346,723,1328,19606,
282.24488658026104,78346,723,1327,19607,
282.24747081150036,78345,724,1327,19607,
282.24814900764454,78344,725,1327,19607,
282.2506152640306,78344,724,1328,19607,
282.2511621756456,78344,723,1329,19607,
282.2536705575662,78344,723,1328,19608,
282.2559194966232,78343,724,1328,19608,
282.2592223496113,78342,725,1328,19608,
282.2611981043828,78341,726,1328,19608,
282.26257416470906,78341,726,1327,19609,
282.2644278540023,78340,727,1327,19609,
282.26627441329424,78339,728,1327,19609,
282.2678821022819,78339,727,1328,19609,
282.2702607130956,78339,727,1327,19610,
282.2748398448515,78338,728,1327,19610,
282.2751119999135,78338,727,1328,19610,
282.27564742768243,78338,726,1329,19610,
282.282993363627,78338,726,1328,19611,
282.28319209042894,78337,727,1328,19611,
282.28380817807516,78337,727,1327,19612,
282.2885448489287,78337,726,1328,19612,
282.2898095053829,78337,725,1329,19612,
282.2921002311476,78336,726,1329,19612,
282.29558800194746,78336,725,1330,19612,
282.295820491293,78336,724,1331,19612,
282.2966391592557,78336,724,1330,19613,
282.297689354558,78336,724,1329,19614,
282.3017965101397,78336,723,1330,19614,
282.30526161244006,78336,722,1331,19614,
282.30949349922645,78336,721,1332,19614,
282.30960969129256,78336,720,1333,19614,
282.311800872785,78336,719,1334,19614,
282.3142895204348,78336,718,1335,19614,
282.3143174268401,78335,719,1335,19614,
282.31745412659984,78335,718,1336,19614,
282.3217316699988,78334,719,1336,19614,
282.32187992256416,78334,719,1335,19615,
282.32894422446986,78334,718,1336,19615,
282.33144805776806,78333,719,1336,19615,
282.3398524360057,78333,719,1335,19616,
282.34048914258096,78333,718,1336,19616,
282.3413497049993,78333,718,1335,19617,
282.3413573281358,78333,718,1334,19618,
282.3418425535202,78332,719,1334,19618,
282.3469123976841,78331,720,1334,19618,
282.34714212173344,78331,719,1335,19618,
282.3472835090921,78331,718,1336,19618,
282.34960140945407,78330,719,1336,19618,
282.3497752626957,78330,719,1335,19619,
282.3524121163017,78330,719,1334,19620,
282.35402402651675,78329,720,1334,19620,
282.3586770774333,78328,721,1334,19620,
282.3590326955043,78328,721,1333,19621,
282.3624637763882,78328,721,1332,19622,
282.3653719953621,78327,722,1332,19622,
282.37112882564116,78326,723,1332,19622,
282.372240182825,78326,722,1333,19622,
282.3807525884014,78326,721,1334,19622,
282.38259991876384,78326,720,1335,19622,
282.3839663059658,78325,721,1335,19622,
282.39505646603635,78324,722,1335,19622,
282.3977179007543,78324,722,1334,19623,
282.3982260226508,78323,723,1334,19623,
282.3986092519146,78323,722,1335,19623,
282.40321345973393,78323,722,1334,19624,
282.4045396450725,78322,723,1334,19624,
282.41223889064645,78322,723,1333,19625,
282.4127882352008,78321,724,1333,19625,
282.41323533545744,78321,724,1332,19626,
282.4146254581583,78321,724,1331,19627,
282.41543183304174,78321,724,1330,19628,
282.42104971186797,78320,725,1330,19628,
282.4213064372341,78320,725,1329,19629,
282.4216093006725,78320,724,1330,19629,
282.4227321574503,78320,723,1331,19629,
282.4258678816545,78319,724,1331,19629,
282.42709060135513,78318,725,1331,19629,
282.4284284014792,78318,724,1332,19629,
282.43015957769745,78318,724,1331,19630,
282.4308405785679,78318,724,1330,19631,
282.43503414730066,78318,723,1331,19631,
282.4444547709089,78317,724,1331,19631,
282.44759383790233,78317,723,1332,19631,
282.44832955205186,78317,722,1333,19631,
282.44845768778725,78317,722,1332,19632,
282.44897521918085,78317,721,1333,19632,
282.4532723608568,78316,722,1333,19632,
282.4572783683137,78316,721,1334,19632,
282.45858612789937,78315,722,1334,19632,
282.46034442961064,78315,721,1335,19632,
282.46084996504004,78315,720,1336,19632,
282.4613367750825,78315,720,1335,19633,
282.46165282693835,78315,720,1334,19634,
282.46394988622666,78315,720,1333,19635,
282.4687695994585,78314,721,1333,19635,
282.4719469389578,78313,722,1333,19635,
282.47417744978657,78313,722,1332,19636,
282.4763582082413,78312,723,1332,19636,
282.4784371813026,78312,723,1331,19637,
282.48079414134423,78311,724,1331,19637,
282.4810951916095,78311,724,1330,19638,
282.4847519390595,78311,724,1329,19639,
282.485211559296,78311,724,1328,19640,
282.48753967980304,78311,724,1327,19641,
282.49207156025335,78310,725,1327,19641,
282.4920935372953,78310,725,1326,19642,
282.4928737350603,78310,725,1325,19643,
282.49664310727616,78310,724,1326,19643,
282.49817571558253,78310,724,1325,19644,
282.50110910994675,78310,724,1324,19645,
282.50308796122397,78309,725,1324,19645,
282.50359596188554,78309,725,1323,19646,
282.50505441952686,78309,725,1322,19647,
282.50607625128725,78309,724,1323,19647,
282.5079989002898,78308,725,1323,19647,
282.51010024027204,78308,725,1322,19648,
282.5101008160026,78308,724,1323,19648,
282.5150909821499,78308,724,1322,19649,
282.51540138536984,78307,725,1322,19649,
282.5156559877438,78307,725,1321,19650,
282.51622608521586,78307,724,1322,19650,
282.5168052627401,78307,724,1321,19651,
282.5181511014424,78307,723,1322,19651,
282.5205852297803,78306,724,1322,19651,
282.52322597725697,78306,723,1323,19651,
282.5234143204904,78306,722,1324,19651,
282.52350432372333,78305,723,1324,19651,
282.5318590481202,78304,724,1324,19651,
282.5362217124455,78303,725,1324,19651,
282.5365640628347,78302,726,1324,19651,
282.5394239913089,78301,727,1324,19651,
282.5398525363103,78300,728,1324,19651,
282.542826775321,78299,729,1324,19651,
282.54588887271757,78298,730,1324,19651,
282.5463316859236,78298,730,1323,19652,
282.548045153344,78297,731,1323,19652,
282.5525472703151,78297,731,1322,19653,
282.5580587774299,78296,732,1322,19653,
282.55906373779777,78296,731,1323,19653,
282.5602378680879,78295,732,1323,19653,
282.5628748030264,78295,731,1324,19653,
282.56439615217636,78295,730,1325,19653,
282.56651792281855,78294,731,1325,19653,
282.56729384991394,78294,731,1324,19654,
282.5680649414068,78294,730,1325,19654,
282.56928219784277,78294,730,1324,19655,
282.5750593978035,78293,731,1324,19655,
282.5774339603151,78292,732,1324,19655,
282.5825105576691,78292,731,1325,19655,
282.5867596070612,78292,730,1326,19655,
282.5915516338562,78292,730,1325,19656,
282.5941659756134,78291,731,1325,19656,
282.5946937632651,78290,732,1325,19656,
282.6004457731678,78290,731,1326,19656,
282.60538091375,78290,731,1325,19657,
282.60551257561696,78290,731,1324,19658,
282.60593414699844,78290,730,1325,19658,
282.60931611600154,78290,729,1326,19658,
282.60983491836794,78290,729,1325,19659,
282.61050780016745,78290,729,1324,19660,
282.6107816617286,78289,730,1324,19660,
282.61135081458934,78289,730,1323,19661,
282.6141403318494,78289,730,1322,19662,
282.6251827973747,78289,729,1323,19662,
282.6290671713522,78289,728,1324,19662,
282.63323650519584,78289,728,1323,19663,
282.6354729543561,78289,727,1324,19663,
282.6356582427124,78288,728,1324,19663,
282.63608979117095,78288,727,1325,19663,
282.645655798295,78287,728,1325,19663,
282.6481131763154,78287,727,1326,19663,
282.6507635809709,78287,726,1327,19663,
282.6510434667819,78287,726,1326,19664,
282.65393561742246,78287,725,1327,19664,
282.65414921886014,78287,724,1328,19664,
282.6543242006249,78287,724,1327,19665,
282.6555260176265,78286,725,1327,19665,
282.6578722839969,78285,726,1327,19665,
282.6600380121548,78284,727,1327,19665,
282.66042472550146,78284,726,1328,19665,
282.66066952266306,78283,727,1328,19665,
282.6631569000471,78283,727,1327,19666,
282.6676358436823,78283,727,1326,19667,
282.67111782129996,78283,727,1325,19668,
282.67291863577464,78283,727,1324,19669,
282.6756963667113,78283,726,1325,19669,
282.6770439060839,78283,725,1326,19669,
282.67782659940616,78283,724,1327,19669,
282.6784489891021,78283,723,1328,19669,
282.68039724425995,78283,723,1327,19670,
282.68172211478765,78283,722,1328,19670,
282.6869760583376,78283,722,1327,19671,
282.6903139563001,78283,722,1326,19672,
282.6905312933697,78282,723,1326,19672,
282.6950864552029,78282,723,1325,19673,
282.6958705533193,78282,722,1326,19673,
282.6986910621732,78281,723,1326,19673,
282.69879905650606,78281,723,1325,19674,
282.7013095034744,78281,722,1326,19674,
282.7014484733376,78281,722,1325,19675,
282.7019929728285,78281,721,1326,19675,
282.70742198080626,78280,722,1326,19675,
282.70795964778864,78280,722,1325,19676,
282.71318459170357,78280,721,1326,19676,
282.7249456064736,78279,722,1326,19676,
282.72656461507836,78279,721,1327,19676,
282.72923828687436,78279,721,1326,19677,
282.7298974817235,78279,720,1327,19677,
282.73180403071905,78278,721,1327,19677,
282.7326597628591,78278,721,1326,19678,
282.73707831940993,78278,720,1327,19678,
282.7413358306518,78277,721,1327,19678,
282.74527017619624,78276,722,1327,19678,
282.7461462948071,78276,722,1326,19679,
282.7478928784864,78275,723,1326,19679,
282.7533971871808,78275,723,1325,19680,
282.75578976184477,78275,723,1324,19681,
282.7567814048322,78274,724,1324,19681,
282.7597552337478,78273,725,1324,19681,
282.76352528215784,78273,724,1325,19681,
282.76413281324255,78273,724,1324,19682,
282.7649078739428,78273,723,1325,19682,
282.76701913234643,78272,724,1325,19682,
282.7674289871992,78271,725,1325,19682,
282.76929298629415,78270,726,1325,19682,
282.77148275722965,78270,726,1324,19683,
282.77368105405594,78270,726,1323,19684,
282.77465776526446,78270,725,1324,19684,
282.7755346722044,78270,725,1323,19685,
282.7768917527457,78270,725,1322,19686,
282.77785354535695,78269,726,1322,19686,
282.77801452739243,78269,725,1323,19686,
282.78072353764,78268,726,1323,19686,
282.7831272307453,78268,725,1324,19686,
282.79217205806157,78267,726,1324,19686,
282.7943413453668,78267,726,1323,19687,
282.798708191761,78266,727,1323,19687,
282.80151876378324,78265,728,1323,19687,
282.803504752831,78265,727,1324,19687,
282.8035671533783,78264,728,1324,19687,
282.8045931655746,78264,727,1325,19687,
282.8097901407765,78263,728,1325,19687,
282.8105348520136,78262,729,1325,19687,
282.81262955189675,78261,730,1325,19687,
282.81303756680313,78260,731,1325,19687,
282.815033182399,78260,731,1324,19688,
282.81518964855974,78260,730,1325,19688,
282.8160157005058,78260,730,1324,19689,
282.81710534934285,78259,731,1324,19689,
282.82871207253186,78259,730,1325,19689,
282.83065248235744,78259,730,1324,19690,
282.83092751965773,78259,729,1325,19690,
282.8314362657088,78259,728,1326,19690,
282.83364500924677,78259,728,1325,19691,
282.83671179089475,78258,729,1325,19691,
282.83845227773094,78258,728,1326,19691,
282.8393295307998,78257,729,1326,19691,
282.84113861533865,78257,729,1325,19692,
282.8430210759939,78257,728,1326,19692,
282.84631478047845,78256,729,1326,19692,
282.8474347300834,78255,730,1326,19692,
282.8477335281559,78255,730,1325,19693,
282.8482505247244,78255,729,1326,19693,
282.85093024310197,78254,730,1326,19693,
282.85473360871737,78254,729,1327,19693,
282.85482710811175,78254,728,1328,19693,
282.8632395131971,78254,727,1329,19693,
282.8640560537209,78254,726,1330,19693,
282.86521827415294,78254,725,1331,19693,
282.8682019246368,78253,726,1331,19693,
282.87088288676705,78253,725,1332,19693,
282.87123842834177,78253,725,1331,19694,
282.8713264967675,78253,725,1330,19695,
282.8739664908904,78253,724,1331,19695,
282.875120281326,78253,723,1332,19695,
282.8833952961525,78252,724,1332,19695,
282.88425591194925,78252,723,1333,19695,
282.8855227531337,78252,723,1332,19696,
282.88827276035613,78252,722,1333,19696,
282.8901480558601,78252,722,1332,19697,
282.8940409083448,78252,721,1333,19697,
282.89444790042916,78251,722,1333,19697,
282.8950033248567,78250,723,1333,19697,
282.8980060496938,78250,722,1334,19697,
282.899855843169,78250,722,1333,19698,
282.9061758318147,78249,723,1333,19698,
282.91142717619175,78249,722,1334,19698,
282.9195550810463,78248,723,1334,19698,
282.92270433675077,78247,724,1334,19698,
282.9247587444342,78247,723,1335,19698,
282.92679557378966,78247,723,1334,19699,
282.9302032000458,78247,723,1333,19700,
282.9307750823413,78246,724,1333,19700,
282.93099090434896,78246,724,1332,19701,
282.9336360345041,78246,723,1333,19701,
282.9409734283204,78246,722,1334,19701,
282.9422416647545,78246,721,1335,19701,
282.9442825907454,78246,720,1336,19701,
282.94461326657927,78246,719,1337,19701,
282.94502659560965,78245,720,1337,19701,
282.9502191406745,78245,719,1338,19701,
282.9516326655952,78245,719,1337,19702,
282.9530537249965,78245,719,1336,19703,
282.9549027072446,78245,718,1337,19703,
282.9554048509183,78245,718,1336,19704,
282.95762163699806,78244,719,1336,19704,
282.9582132671061,78244,718,1337,19704,
282.95992733132624,78243,719,1337,19704,
282.9625345773945,78243,719,1336,19705,
282.9680597984282,78243,718,1337,19705,
282.9687622368073,78243,718,1336,19706,
282.97090537291984,78242,719,1336,19706,
282.9723933576382,78242,719,1335,19707,
282.97346117551166,78241,720,1335,19707,
282.97404646654,78241,720,1334,19708,
282.97599830998945,78240,721,1334,19708,
282.9762027364257,78240,720,1335,19708,
282.9769677291798,78239,721,1335,19708,
282.97697099522736,78239,721,1334,19709,
282.97757428466633,78239,720,1335,19709,
282.9781332340934,78238,721,1335,19709,
282.98774039306534,78238,720,1336,19709,
282.99090336382216,78238,719,1337,19709,
282.99284610468334,78238,719,1336,19710,
282.9941322988992,78237,720,1336,19710,
282.9964715049557,78237,719,1337,19710,
283.0004288722621,78236,720,1337,19710,
283.00292909717433,78236,719,1338,19710,
283.0034027546582,78235,720,1338,19710,
283.00640701867104,78235,720,1337,19711,
283.0094430389217,78235,719,1338,19711,
283.0100954022169,78234,720,1338,19711,
283.01103573526325,78233,721,1338,19711,
283.01311444428654,78232,722,1338,19711,
283.0152823701058,78232,722,1337,19712,
283.01846973836956,78232,721,1338,19712,
283.01951316445826,78231,722,1338,19712,
283.01983339481734,78231,721,1339,19712,
283.0209738966986,78231,721,1338,19713,
283.02392917027726,78231,720,1339,19713,
283.02455595647234,78230,721,1339,19713,
283.0286870700141,78229,722,1339,19713,
283.02888060397737,78229,721,1340,19713,
283.0303243349871,78229,720,1341,19713,
283.0351883880345,78228,721,1341,19713,
283.0397933342039,78227,722,1341,19713,
283.0518583733185,78226,723,1341,19713,
283.05329110088456,78226,723,1340,19714,
283.05336225795196,78226,723,1339,19715,
283.0550963147937,78225,724,1339,19715,
283.05625466420366,78224,725,1339,19715,
283.0562965326148,78223,726,1339,19715,
283.05658587999903,78223,726,1338,19716,
283.0586655917429,78223,725,1339,19716,
283.0599939380754,78223,724,1340,19716,
283.0627351588277,78222,725,1340,19716,
283.06422900267614,78222,724,1341,19716,
283.065526392257,78222,724,1340,19717,
283.0669527760698,78221,725,1340,19717,
283.06833161005375,78221,724,1341,19717,
283.07216125089445,78220,725,1341,19717,
283.0754189840312,78220,725,1340,19718,
283.08255474614987,78219,726,1340,19718,
283.0870579855829,78219,725,1341,19718,
283.0899645794432,78219,725,1340,19719,
283.0903969403593,78219,724,1341,19719,
283.09280881707645,78218,725,1341,19719,
283.0956741467664,78217,726,1341,19719,
283.0967660696245,78216,727,1341,19719,
283.09892142569174,78216,727,1340,19720,
283.11406368668173,78216,726,1341,19720,
283.11557539524824,78216,725,1342,19720,
283.1160246167738,78216,724,1343,19720,
283.11678309329557,78216,723,1344,19720,
283.12067895502685,78216,723,1343,19721,
283.1215381245506,78216,722,1344,19721,
283.1240705180592,78216,721,1345,19721,
283.1263969080951,78216,720,1346,19721,
283.12883498905256,78216,720,1345,19722,
283.13159628832665,78216,720,1344,19723,
283.1345642615199,78216,720,1343,19724,
283.1347117708497,78215,721,1343,19724,
283.1355053920941,78214,722,1343,19724,
283.1374526622752,78214,722,1342,19725,
283.13975520673597,78213,723,1342,19725,
283.14126486913653,78213,722,1343,19725,
283.1432891999166,78212,723,1343,19725,
283.1457640871161,78211,724,1343,19725,
283.1462835680843,78211,724,1342,19726,
283.1471833243965,78211,724,1341,19727,
283.15353317233735,78211,723,1342,19727,
283.15373883458244,78211,723,1341,19728,
283.15508787398545,78210,724,1341,19728,
283.1578995136619,78209,725,1341,19728,
283.15925749837044,78208,726,1341,19728,
283.1602956607215,78208,725,1342,19728,
283.1627145872603,78208,725,1341,19729,
283.16624303732164,78208,724,1342,19729,
283.16656785694755,78207,725,1342,19729,
283.1692514084472,78207,724,1343,19729,
283.1713489938172,78206,725,1343,19729,
283.1742990155151,78205,726,1343,19729,
283.17453121596765,78205,726,1342,19730,
283.1813452194682,78205,725,1343,19730,
283.1823340227888,78204,726,1343,19730,
283.18427098974723,78204,725,1344,19730,
283.1860849625925,78203,726,1344,19730,
283.19020578495815,78202,727,1344,19730,
283.19220884774444,78201,728,1344,19730,
283.193698573581,78201,728,1343,19731,
283.19726367591346,78201,727,1344,19731,
283.19888351742094,78201,726,1345,19731,
283.1996349683244,78201,725,1346,19731,
283.20451426095167,78200,726,1346,19731,
283.2060263567926,78200,725,1347,19731,
283.2076220024297,78200,725,1346,19732,
283.2088444383723,78200,725,1345,19733,
283.20892979293023,78200,724,1346,19733,
283.2119639093393,78199,725,1346,19733,
283.212433558865,78199,724,1347,19733,
283.2129239866287,78198,725,1347,19733,
283.2146992401205,78198,724,1348,19733,
283.21552153338655,78197,725,1348,19733,
283.21654597917444,78197,724,1349,19733,
283.2214602913623,78197,724,1348,19734,
283.2265841690911,78197,724,1347,19735,
283.22855582114585,78197,724,1346,19736,
283.2311489527313,78197,723,1347,19736,
283.23525304680066,78196,724,1347,19736,
283.23618824448096,78196,724,1346,19737,
283.2362111615854,78196,723,1347,19737,
283.2378813022129,78196,722,1348,19737,
283.24091168924934,78195,723,1348,19737,
283.24411130705414,78195,723,1347,19738,
283.24476842804705,78195,723,1346,19739,
283.24910004176263,78195,723,1345,19740,
283.25011106988654,78195,723,1344,19741,
283.2512936418531,78194,724,1344,19741,
283.25381643922697,78193,725,1344,19741,
283.25425216356143,78193,725,1343,19742,
283.2557941102053,78192,726,1343,19742,
283.2606077575724,78191,727,1343,19742,
283.2640825127223,78191,727,1342,19743,
283.2687778779898,78191,726,1343,19743,
283.2701499131323,78191,726,1342,19744,
283.2723205535894,78191,725,1343,19744,
283.27720745216965,78191,725,1342,19745,
283.2806158892454,78190,726,1342,19745,
283.28429939127005,78190,725,1343,19745,
283.28597242655894,78189,726,1343,19745,
283.288530553549,78189,725,1344,19745,
283.2907311950713,78189,725,1343,19746,
283.29192046677946,78188,726,1343,19746,
283.2933589338845,78188,726,1342,19747,
283.2959471057425,78187,727,1342,19747,
283.29694994802986,78187,726,1343,19747,
283.2970884403747,78187,726,1342,19748,
283.29796879761403,78186,727,1342,19748,
283.30229524144664,78185,728,1342,19748,
283.30237456374687,78185,727,1343,19748,
283.30356249440376,78184,728,1343,19748,
283.30446685084786,78184,728,1342,19749,
283.305234337206,78183,729,1342,19749,
283.30906355296383,78183,729,1341,19750,
283.30959034785513,78183,729,1340,19751,
283.31063346748846,78183,728,1341,19751,
283.31407224516073,78182,729,1341,19751,
283.3197955621936,78182,729,1340,19752,
283.3205335962498,78182,729,1339,19753,
283.32087980881414,78182,729,1338,19754,
283.3211697325098,78181,730,1338,19754,
283.3230324834677,78181,730,1337,19755,
283.32376305316205,78181,730,1336,19756,
283.32564110397317,78181,729,1337,19756,
283.33033508960625,78181,728,1338,19756,
283.3342685436887,78181,728,1337,19757,
283.33550903037093,78180,729,1337,19757,
283.3379562580014,78180,728,1338,19757,
283.33810281840664,78180,728,1337,19758,
283.33882583329216,78180,727,1338,19758,
283.34453519213554,78180,727,1337,19759,
283.34486791596754,78180,727,1336,19760,
283.34721845183924,78180,727,1335,19761,
283.3502927401092,78180,726,1336,19761,
283.35179172387836,78180,725,1337,19761,
283.3518543032776,78180,725,1336,19762,
283.35539598635086,78180,724,1337,19762,
283.3573839996442,78180,724,1336,19763,
283.3585505008618,78180,724,1335,19764,
283.3636534065452,78180,723,1336,19764,
283.3645054607937,78180,723,1335,19765,
283.36532773882465,78180,722,1336,19765,
283.37327322228936,78180,721,1337,19765,
283.37492709839034,78180,721,1336,19766,
283.37775865273244,78179,722,1336,19766,
283.3789328026567,78179,722,1335,19767,
283.3798999847939,78179,721,1336,19767,
283.3816014488689,78179,721,1335,19768,
283.38342769587865,78179,720,1336,19768,
283.38575183512717,78179,719,1337,19768,
283.3869330804498,78179,719,1336,19769,
283.38699401418785,78179,718,1337,19769,
283.3884321298203,78179,718,1336,19770,
283.3894369050619,78179,717,1337,19770,
283.40117018323895,78179,716,1338,19770,
283.40489918449526,78179,715,1339,19770,
283.4090918178118,78179,714,1340,19770,
283.4093405162001,78178,715,1340,19770,
283.4112616286193,78178,714,1341,19770,
283.41478730767784,78178,713,1342,19770,
283.4200571118797,78178,713,1341,19771,
283.4229619753182,78178,713,1340,19772,
283.4268807751102,78178,712,1341,19772,
283.4283440377933,78178,711,1342,19772,
283.4311885570859,78178,711,1341,19773,
283.43157516881126,78178,711,1340,19774,
283.43346226454537,78178,710,1341,19774,
283.4353240590589,78178,709,1342,19774,
283.43664144752586,78178,708,1343,19774,
283.4391197431976,78178,708,1342,19775,
283.4423128338701,78177,709,1342,19775,
283.44474468899654,78177,709,1341,19776,
283.44749397452415,78177,709,1340,19777,
283.4533827503326,78177,708,1341,19777,
283.46682728167673,78177,708,1340,19778,
283.4690000859159,78176,709,1340,19778,
283.46968827144,78176,709,1339,19779,
283.4727219797813,78176,709,1338,19780,
283.47361258143343,78175,710,1338,19780,
283.4737752247838,78174,711,1338,19780,
283.4741520337262,78173,712,1338,19780,
283.47420437390764,78173,711,1339,19780,
283.47526400773825,78173,711,1338,19781,
283.47644143602247,78173,711,1337,19782,
283.47656703298276,78172,712,1337,19782,
283.47727844208185,78171,713,1337,19782,
283.47781138974,78171,712,1338,19782,
283.480838950015,78170,713,1338,19782,
283.4809404283913,78170,713,1337,19783,
283.48161291705696,78170,712,1338,19783,
283.48212165893403,78170,712,1337,19784,
283.4832398470272,78170,711,1338,19784,
283.48504464327675,78170,711,1337,19785,
283.4861966235638,78169,712,1337,19785,
283.4863807404937,78169,712,1336,19786,
283.48669175197904,78168,713,1336,19786,
283.4874431262269,78168,712,1337,19786,
283.4879801706615,78168,711,1338,19786,
283.4880446907025,78168,710,1339,19786,
283.48963683224406,78167,711,1339,19786,
283.49686871976,78167,710,1340,19786,
283.4978998679836,78166,711,1340,19786,
283.50110964356577,78165,712,1340,19786,
283.51255641226106,78165,711,1341,19786,
283.51657290244464,78165,710,1342,19786,
283.5176176098634,78165,710,1341,19787,
283.51924918258806,78165,710,1340,19788,
283.52580942255634,78165,710,1339,19789,
283.5260659983585,78165,709,1340,19789,
283.52710696591436,78165,708,1341,19789,
283.5311467761309,78165,707,1342,19789,
283.5311839532589,78165,707,1341,19790,
283.53588091207394,78164,708,1341,19790,
283.53661914298004,78164,708,1340,19791,
283.5375671837323,78164,707,1341,19791,
283.5400983010809,78163,708,1341,19791,
283.5407891740703,78163,707,1342,19791,
283.5433620354386,78162,708,1342,19791,
283.545676871615,78162,707,1343,19791,
283.5498480221058,78162,707,1342,19792,
283.5570915712446,78162,707,1341,19793,
283.5586042620282,78162,706,1342,19793,
283.5614301675264,78162,706,1341,19794,
283.56157569654806,78162,706,1340,19795,
283.56313059128667,78161,707,1340,19795,
283.57147034038576,78161,707,1339,19796,
283.573765128585,78161,706,1340,19796,
283.57504795567684,78161,706,1339,19797,
283.5753969898082,78160,707,1339,19797,
283.57559783223434,78160,706,1340,19797,
283.5783257317845,78160,705,1341,19797,
283.58393904854086,78159,706,1341,19797,
283.59088201184505,78158,707,1341,19797,
283.59108249061495,78158,706,1342,19797,
283.592333305111,78157,707,1342,19797,
283.5977176418326,78157,706,1343,19797,
283.59928183582684,78156,707,1343,19797,
283.6000766374342,78155,708,1343,19797,
283.60088314418823,78155,708,1342,19798,
283.6042336849429,78155,707,1343,19798,
283.6043184508486,78155,707,1342,19799,
283.6045002973052,78155,706,1343,19799,
283.60512587283733,78155,705,1344,19799,
283.60756348775715,78155,705,1343,19800,
283.60816336413666,78155,704,1344,19800,
283.60853175790186,78155,704,1343,19801,
283.61633292817817,78155,704,1342,19802,
283.6164445959281,78155,703,1343,19802,
283.61712273853294,78155,702,1344,19802,
283.6243905274219,78155,702,1343,19803,
283.62633170530745,78154,703,1343,19803,
283.6271135191069,78154,703,1342,19804,
283.62898889358786,78154,703,1341,19805,
283.63088616863524,78153,704,1341,19805,
283.6309909293256,78152,705,1341,19805,
283.63229549212775,78152,704,1342,19805,
283.6323858233061,78151,705,1342,19805,
283.635379566872,78151,705,1341,19806,
283.6371377925866,78150,706,1341,19806,
283.6373046072906,78150,705,1342,19806,
283.6416981220577,78149,706,1342,19806,
283.64439611298883,78148,707,1342,19806,
283.64673479923164,78148,707,1341,19807,
283.64937659618204,78148,706,1342,19807,
283.64967794631104,78148,706,1341,19808,
283.65101547776953,78148,706,1340,19809,
283.6519578958664,78147,707,1340,19809,
283.652556818088,78146,708,1340,19809,
283.6557616218775,78146,708,1339,19810,
283.6562214985273,78145,709,1339,19810,
283.65630905825304,78145,708,1340,19810,
283.65902114432583,78144,709,1340,19810,
283.6606100704646,78143,710,1340,19810,
283.66301519242575,78143,709,1341,19810,
283.66306642428833,78143,708,1342,19810,
283.6633812132777,78142,709,1342,19810,
283.66759088547684,78142,709,1341,19811,
283.66854472614403,78142,709,1340,19812,
283.668813609089,78142,708,1341,19812,
283.669287241391,78142,708,1340,19813,
283.67057206956304,78141,709,1340,19813,
283.67311061316207,78141,708,1341,19813,
283.6782904491081,78141,708,1340,19814,
283.6789943184459,78140,709,1340,19814,
283.67918135408286,78139,710,1340,19814,
283.67994163847163,78139,709,1341,19814,
283.68030247190654,78138,710,1341,19814,
283.682503206848,78138,710,1340,19815,
283.6839422589582,78137,711,1340,19815,
283.6863674751714,78137,711,1339,19816,
283.68711381593727,78136,712,1339,19816,
283.68807977889117,78136,711,1340,19816,
283.6883493793624,78135,712,1340,19816,
283.68873588863636,78134,713,1340,19816,
283.6892119908546,78134,712,1341,19816,
283.6906872670173,78133,713,1341,19816,
283.69124155162075,78132,714,1341,19816,
283.69831224060727,78132,713,1342,19816,
283.6983566688438,78132,712,1343,19816,
283.69860061597166,78131,713,1343,19816,
283.7010781301503,78131,712,1344,19816,
283.7020281218201,78131,712,1343,19817,
283.7024522953741,78130,713,1343,19817,
283.7065516757399,78130,713,1342,19818,
283.7074747169642,78130,712,1343,19818,
283.7090141876721,78130,711,1344,19818,
283.70965549858283,78129,712,1344,19818,
283.7101979577897,78128,713,1344,19818,
283.7110451314996,78128,713,1343,19819,
283.71307311086133,78128,713,1342,19820,
283.7183141753752,78127,714,1342,19820,
283.71952846302514,78127,714,1341,19821,
283.721746119616,78127,713,1342,19821,
283.7218293308266,78127,712,1343,19821,
283.7229379253132,78127,712,1342,19822,
283.72417926237415,78127,712,1341,19823,
283.7248293104885,78127,712,1340,19824,
283.7316139614047,78126,713,1340,19824,
283.73170602037527,78126,713,1339,19825,
283.7338264289352,78126,713,1338,19826,
283.73435604724455,78126,713,1337,19827,
283.735636632042,78126,712,1338,19827,
283.7357492348591,78125,713,1338,19827,
283.7411594487935,78125,712,1339,19827,
283.74117918048967,78125,712,1338,19828,
283.7420577919997,78125,711,1339,19828,
283.754019420538,78125,711,1338,19829,
283.7559639080786,78124,712,1338,19829,
283.75633142345106,78124,712,1337,19830,
283.76076307558753,78124,712,1336,19831,
283.7610292577123,78124,712,1335,19832,
283.7610465231159,78124,711,1336,19832,
283.7613621741372,78124,710,1337,19832,
283.7629598934646,78123,711,1337,19832,
283.76499793071196,78123,710,1338,19832,
283.7685475889621,78123,709,1339,19832,
283.76988492799495,78122,710,1339,19832,
283.7718034570954,78121,711,1339,19832,
283.77346180603,78121,710,1340,19832,
283.77512255323074,78120,711,1340,19832,
283.77543943550904,78120,710,1341,19832,
283.7762268007142,78120,709,1342,19832,
283.77650774501603,78120,709,1341,19833,
283.77700873879695,78120,709,1340,19834,
283.7777658494661,78120,709,1339,19835,
283.77844726207644,78120,709,1338,19836,
283.7796326568417,78120,708,1339,19836,
283.7799300907635,78120,708,1338,19837,
283.7837788059781,78120,707,1339,19837,
283.7843021250624,78120,707,1338,19838,
283.78618284463494,78120,706,1339,19838,
283.7885043208212,78120,705,1340,19838,
283.78881843885796,78120,705,1339,19839,
283.7891143098198,78120,704,1340,19839,
283.79097375983736,78120,703,1341,19839,
283.7919689301026,78120,703,1340,19840,
283.79216307208634,78120,702,1341,19840,
283.79308130841264,78120,701,1342,19840,
283.7967468977669,78120,701,1341,19841,
283.8007918432768,78119,702,1341,19841,
283.8012303379591,78119,701,1342,19841,
283.8013833031715,78119,701,1341,19842,
283.8036310098287,78119,701,1340,19843,
283.8064607130459,78118,702,1340,19843,
283.8073279005455,78118,701,1341,19843,
283.807845677455,78118,701,1340,19844,
283.8081455147972,78117,702,1340,19844,
283.80908891370285,78116,703,1340,19844,
283.81142190991295,78116,703,1339,19845,
283.81589424295134,78116,702,1340,19845,
283.8172299301291,78116,701,1341,19845,
283.8173002261134,78116,701,1340,19846,
283.820972575329,78115,702,1340,19846,
283.82163299711783,78115,702,1339,19847,
283.82174234501184,78115,702,1338,19848,
283.8223204952221,78114,703,1338,19848,
283.8269047039435,78114,702,1339,19848,
283.82751847495786,78113,703,1339,19848,
283.8275583809554,78113,702,1340,19848,
283.82993097009023,78113,702,1339,19849,
283.83126095550597,78112,703,1339,19849,
283.8321495933776,78112,702,1340,19849,
283.83462999454093,78112,702,1339,19850,
283.83491071881014,78112,702,1338,19851,
283.83492399197195,78111,703,1338,19851,
283.83580633532694,78110,704,1338,19851,
283.8368460741007,78110,703,1339,19851,
283.83785686251395,78110,703,1338,19852,
283.83960399515615,78110,703,1337,19853,
283.84004071969105,78109,704,1337,19853,
283.8414078695689,78109,703,1338,19853,
283.84207681996253,78108,704,1338,19853,
283.84709855803806,78107,705,1338,19853,
283.85014548713355,78107,704,1339,19853,
283.85134952985374,78106,705,1339,19853,
283.85442034979894,78106,704,1340,19853,
283.8552190975871,78106,703,1341,19853,
283.858243501359,78106,702,1342,19853,
283.86067539597315,78106,702,1341,19854,
283.8631340067671,78106,702,1340,19855,
283.864220802189,78106,701,1341,19855,
283.87191821625385,78106,701,1340,19856,
283.87313680995135,78106,700,1341,19856,
283.8740476774848,78105,701,1341,19856,
283.8779075931146,78105,700,1342,19856,
283.87988631233344,78104,701,1342,19856,
283.8869238989352,78104,700,1343,19856,
283.888380264437,78104,700,1342,19857,
283.8940803037155,78104,699,1343,19857,
283.89584765158975,78103,700,1343,19857,
283.8972038158853,78103,700,1342,19858,
283.8975376070836,78103,700,1341,19859,
283.9040150411906,78103,700,1340,19860,
283.90690799098513,78103,699,1341,19860,
283.9081795505195,78102,700,1341,19860,
283.9098782087621,78102,699,1342,19860,
283.9181224000676,78102,698,1343,19860,
283.9183921623617,78102,698,1342,19861,
283.9219954075744,78102,698,1341,19862,
283.92228399898397,78102,698,1340,19863,
283.9245897590498,78102,698,1339,19864,
283.9291565714719,78102,697,1340,19864,
283.93066477354853,78102,697,1339,19865,
283.9316844026324,78102,696,1340,19865,
283.93302619751614,78102,696,1339,19866,
283.9349841061808,78101,697,1339,19866,
283.9351824013636,78101,697,1338,19867,
283.941821979649,78100,698,1338,19867,
283.94709023144077,78100,697,1339,19867,
283.9473797941624,78100,697,1338,19868,
283.94744250457666,78099,698,1338,19868,
283.9546656071404,78099,698,1337,19869,
283.96179487215227,78099,698,1336,19870,
283.9646934783246,78099,698,1335,19871,
283.9654269045575,78099,697,1336,19871,
283.96661012692005,78099,696,1337,19871,
283.97238668078995,78099,695,1338,19871,
283.97377759947415,78099,694,1339,19871,
283.97438658990313,78098,695,1339,19871,
283.97503451627006,78097,696,1339,19871,
283.9769247083821,78096,697,1339,19871,
283.97920865723114,78096,696,1340,19871,
283.9803209666888,78095,697,1340,19871,
283.98248060270066,78095,697,1339,19872,
283.9839579503087,78095,697,1338,19873,
283.98606493394504,78094,698,1338,19873,
283.9883338843357,78094,698,1337,19874,
283.9928416223815,78093,699,1337,19874,
283.99295149491627,78093,699,1336,19875,
283.9930516960662,78093,699,1335,19876,
283.99599313411085,78092,700,1335,19876,
284.0019813781844,78092,699,1336,19876,
284.00673310815876,78091,700,1336,19876,
284.0070290731761,78090,701,1336,19876,
284.0091224940829,78090,700,1337,19876,
284.01040575016214,78090,700,1336,19877,
284.01232813446995,78089,701,1336,19877,
284.01360033676013,78088,702,1336,19877,
284.0147514335298,78087,703,1336,19877,
284.0160741545119,78087,703,1335,19878,
284.01644373049993,78086,704,1335,19878,
284.01978806679506,78086,703,1336,19878,
284.0198316417765,78086,703,1335,19879,
284.021532825486,78086,703,1334,19880,
284.02803266827794,78086,703,1333,19881,
284.03046445510023,78086,703,1332,19882,
284.030613072158,78086,703,1331,19883,
284.0329999960392,78086,702,1332,19883,
284.0349142966221,78086,701,1333,19883,
284.03582838561744,78086,701,1332,19884,
284.03585033711215,78085,702,1332,19884,
284.03678235575245,78084,703,1332,19884,
284.0383223544717,78084,703,1331,19885,
284.03875693701593,78084,702,1332,19885,
284.04153813339724,78084,702,1331,19886,
284.0416449730603,78084,702,1330,19887,
284.0422186812403,78084,701,1331,19887,
284.0432941013036,78084,700,1332,19887,
284.04517701238603,78084,700,1331,19888,
284.0465712950148,78084,700,1330,19889,
284.0488327959471,78084,700,1329,19890,
284.05126026956157,78084,699,1330,19890,
284.0521054831305,78084,698,1331,19890,
284.0543965994915,78083,699,1331,19890,
284.0556232469338,78083,699,1330,19891,
284.0565564838067,78083,699,1329,19892,
284.05684810595255,78083,699,1328,19893,
284.0581395084513,78083,699,1327,19894,
284.05964549483525,78083,698,1328,19894,
284.06006031472094,78083,698,1327,19895,
284.06075236232056,78083,697,1328,19895,
284.0616766377502,78083,697,1327,19896,
284.0678757360132,78083,696,1328,19896,
284.06855591084644,78083,696,1327,19897,
284.06883410175203,78083,695,1328,19897,
284.0733039141803,78083,695,1327,19898,
284.07702655656874,78082,696,1327,19898,
284.0779776515899,78081,697,1327,19898,
284.079440060133,78080,698,1327,19898,
284.08096138565315,78080,697,1328,19898,
284.0817709593779,78080,697,1327,19899,
284.0834427370515,78079,698,1327,19899,
284.0837729991907,78078,699,1327,19899,
284.08495078813115,78078,699,1326,19900,
284.0857069130152,78078,698,1327,19900,
284.0902627254634,78077,699,1327,19900,
284.0928667528276,78077,698,1328,19900,
284.095973233688,78077,697,1329,19900,
284.09634682431374,78076,698,1329,19900,
284.0985443778194,78076,697,1330,19900,
284.1025138746919,78075,698,1330,19900,
284.10286786798457,78074,699,1330,19900,
284.10358637833684,78074,699,1329,19901,
284.1083347310203,78074,698,1330,19901,
284.111136595297,78074,698,1329,19902,
284.1128072771272,78073,699,1329,19902,
284.1129855122818,78073,699,1328,19903,
284.11687266987457,78073,699,1327,19904,
284.1196071373712,78073,699,1326,19905,
284.1198712107072,78073,699,1325,19906,
284.12245551717535,78073,698,1326,19906,
284.12275111793656,78073,697,1327,19906,
284.12293797208036,78073,697,1326,19907,
284.12401007095673,78073,696,1327,19907,
284.1261355063371,78073,695,1328,19907,
284.13042214721736,78073,695,1327,19908,
284.13262398270047,78073,695,1326,19909,
284.13469837234305,78072,696,1326,19909,
284.14561316640265,78072,695,1327,19909,
284.1511413537693,78072,694,1328,19909,
284.15134803050245,78071,695,1328,19909,
284.15180909279803,78071,695,1327,19910,
284.1518840391236,78071,694,1328,19910,
284.15416652332226,78071,693,1329,19910,
284.15596316314384,78070,694,1329,19910,
284.15854919783294,78070,694,1328,19911,
284.16168207738144,78070,693,1329,19911,
284.16194595414834,78070,692,1330,19911,
284.1620339718757,78069,693,1330,19911,
284.1627166249877,78069,692,1331,19911,
284.16641091046523,78069,691,1332,19911,
284.1697821916311,78069,690,1333,19911,
284.17001612287504,78069,689,1334,19911,
284.1731868452657,78069,689,1333,19912,
284.1766834084623,78068,690,1333,19912,
284.1792632775439,78067,691,1333,19912,
284.18360398781647,78066,692,1333,19912,
284.19030059515774,78066,691,1334,19912,
284.19039858806127,78065,692,1334,19912,
284.1942880937394,78065,691,1335,19912,
284.19465844664677,78065,691,1334,19913,
284.19789695019927,78065,690,1335,19913,
284.1984188007128,78065,689,1336,19913,
284.201973670936,78064,690,1336,19913,
284.20334535178597,78063,691,1336,19913,
284.2055116903063,78063,691,1335,19914,
284.20621972191987,78063,691,1334,19915,
284.2075989460948,78063,691,1333,19916,
284.20858559653163,78063,691,1332,19917,
284.2107085936037,78063,690,1333,19917,
284.21363640633695,78063,689,1334,19917,
284.2158241701544,78063,689,1333,19918,
284.21624885739595,78062,690,1333,19918,
284.21658857565285,78062,690,1332,19919,
284.2183084441057,78062,690,1331,19920,
284.2200128251546,78062,689,1332,19920,
284.2200789303369,78061,690,1332,19920,
284.2205126520096,78061,689,1333,19920,
284.22564800926756,78061,688,1334,19920,
284.22569357898647,78060,689,1334,19920,
284.227187158982,78059,690,1334,19920,
284.22816706179464,78059,689,1335,19920,
284.2342768816335,78059,688,1336,19920,
284.23443146703585,78059,688,1335,19921,
284.23627816534577,78058,689,1335,19921,
284.2423304209643,78057,690,1335,19921,
284.2465625243383,78057,690,1334,19922,
284.2501337870535,78056,691,1334,19922,
284.2503801868991,78056,691,1333,19923,
284.25048746676106,78056,691,1332,19924,
284.26061708708914,78055,692,1332,19924,
284.26229283845623,78055,691,1333,19924,
284.2636933638831,78055,691,1332,19925,
284.2692483452955,78055,691,1331,19926,
284.27223081618257,78055,690,1332,19926,
284.27281575140995,78054,691,1332,19926,
284.27471760561355,78053,692,1332,19926,
284.2755118159867,78052,693,1332,19926,
284.2826077312526,78051,694,1332,19926,
284.28701985361204,78050,695,1332,19926,
284.28758189717286,78050,694,1333,19926,
284.28943972963884,78050,693,1334,19926,
284.2900431769424,78050,693,1333,19927,
284.29005205806675,78050,692,1334,19927,
284.29584049380907,78049,693,1334,19927,
284.30216672100505,78049,693,1333,19928,
284.30591535129014,78049,692,1334,19928,
284.30734859784224,78049,692,1333,19929,
284.30964311323424,78049,691,1334,19929,
284.3114966536945,78049,691,1333,19930,
284.31512924233283,78049,691,1332,19931,
284.3180796301543,78049,691,1331,19932,
284.3210558353036,78049,691,1330,19933,
284.3254147193775,78048,692,1330,19933,
284.32684202239994,78047,693,1330,19933,
284.3268629141546,78046,694,1330,19933,
284.3277494878241,78046,694,1329,19934,
284.32872745524605,78045,695,1329,19934,
284.329918210381,78045,695,1328,19935,
284.3347980379906,78045,694,1329,19935,
284.3397280413838,78045,693,1330,19935,
284.35037438314384,78045,693,1329,19936,
284.3508591811522,78045,693,1328,19937,
284.3524743423369,78045,693,1327,19938,
284.370039757851,78045,692,1328,19938,
284.3708893012374,78045,692,1327,19939,
284.3728379607005,78044,693,1327,19939,
284.37435596747775,78044,693,1326,19940,
284.3797761191301,78043,694,1326,19940,
284.3798557956521,78042,695,1326,19940,
284.3820547693059,78041,696,1326,19940,
284.383935621953,78040,697,1326,19940,
284.39247332489487,78039,698,1326,19940,
284.3934537050001,78039,697,1327,19940,
284.4000269350181,78039,697,1326,19941,
284.4069622696194,78038,698,1326,19941,
284.416439556747,78038,698,1325,19942,
284.4172313273596,78037,699,1325,19942,
284.4185414270691,78037,698,1326,19942,
284.41981264164605,78037,698,1325,19943,
284.4205397235487,78037,698,1324,19944,
284.42414280096943,78036,699,1324,19944,
284.4243111013482,78035,700,1324,19944,
284.4264499482653,78035,699,1325,19944,
284.42781000888374,78035,698,1326,19944,
284.4288999235493,78034,699,1326,19944,
284.43068397438265,78033,700,1326,19944,
284.43244628650194,78033,699,1327,19944,
284.43559836959133,78032,700,1327,19944,
284.43719639972267,78031,701,1327,19944,
284.439550985712,78030,702,1327,19944,
284.4408334945669,78030,702,1326,19945,
284.44259945056854,78030,701,1327,19945,
284.44353073784276,78029,702,1327,19945,
284.44439347826585,78028,703,1327,19945,
284.44604540294415,78027,704,1327,19945,
284.4471833772438,78027,703,1328,19945,
284.4472834387698,78027,703,1327,19946,
284.4481976078904,78027,702,1328,19946,
284.4505366508627,78027,702,1327,19947,
284.45087848844514,78027,702,1326,19948,
284.45309465809174,78026,703,1326,19948,
284.45463446002526,78026,703,1325,19949,
284.4573951594202,78026,703,1324,19950,
284.45894089706724,78026,702,1325,19950,
284.4612521581853,78026,701,1326,19950,
284.46286557627803,78026,701,1325,19951,
284.4639070804622,78025,702,1325,19951,
284.4668331685449,78024,703,1325,19951,
284.4679261798424,78024,702,1326,19951,
284.47270116565414,78024,702,1325,19952,
284.4750493649848,78024,702,1324,19953,
284.47701871678237,78024,702,1323,19954,
284.47742024589706,78024,701,1324,19954,
284.47804926558865,78023,702,1324,19954,
284.4786897761115,78023,702,1323,19955,
284.4792499797888,78023,701,1324,19955,
284.47986523834714,78023,700,1325,19955,
284.4805118263552,78022,701,1325,19955,
284.4843060608559,78022,701,1324,19956,
284.4878270411359,78022,700,1325,19956,
284.48806903395223,78022,699,1326,19956,
284.4882704802008,78021,700,1326,19956,
284.4883419455152,78020,701,1326,19956,
284.4888064451296,78020,700,1327,19956,
284.4903840722487,78020,700,1326,19957,
284.49054847554163,78020,700,1325,19958,
284.49098581545667,78020,700,1324,19959,
284.4915593791386,78020,700,1323,19960,
284.49445930661443,78019,701,1323,19960,
284.49550578840973,78019,701,1322,19961,
284.50444003299486,78019,701,1321,19962,
284.50470682824,78019,701,1320,19963,
284.5053331104157,78019,700,1321,19963,
284.51105011679834,78019,700,1320,19964,
284.51242073908185,78019,699,1321,19964,
284.51307483675606,78019,699,1320,19965,
284.51378110482153,78018,700,1320,19965,
284.5161326271411,78017,701,1320,19965,
284.51929871440177,78017,701,1319,19966,
284.52710661242656,78017,701,1318,19967,
284.52760382372713,78017,701,1317,19968,
284.52797460690414,78016,702,1317,19968,
284.52811348194183,78015,703,1317,19968,
284.53381420652806,78015,702,1318,19968,
284.5344541085435,78015,701,1319,19968,
284.53739435458425,78014,702,1319,19968,
284.5384812610903,78014,701,1320,19968,
284.53885543243615,78014,700,1321,19968,
284.5393894647096,78014,700,1320,19969,
284.5401558991456,78014,700,1319,19970,
284.5454823724711,78014,700,1318,19971,
284.5461940635711,78013,701,1318,19971,
284.5466353655747,78013,701,1317,19972,
284.5503434226919,78012,702,1317,19972,
284.55165254134033,78012,702,1316,19973,
284.5526469935468,78011,703,1316,19973,
284.5533258663049,78011,702,1317,19973,
284.5568992376764,78011,702,1316,19974,
284.55785092958075,78010,703,1316,19974,
284.56205930757227,78010,703,1315,19975,
284.5644333408398,78009,704,1315,19975,
284.56471660421823,78009,703,1316,19975,
284.5671609716063,78009,702,1317,19975,
284.5678244464104,78009,702,1316,19976,
284.57116297769977,78009,702,1315,19977,
284.5757243101436,78008,703,1315,19977,
284.5765457095756,78007,704,1315,19977,
284.583190574726,78006,705,1315,19977,
284.58615671633476,78005,706,1315,19977,
284.5872961782659,78005,705,1316,19977,
284.58834841787274,78005,704,1317,19977,
284.5963278668848,78005,704,1316,19978,
284.6031800709895,78005,703,1317,19978,
284.6065819697901,78004,704,1317,19978,
284.6096662743178,78003,705,1317,19978,
284.6109287069596,78003,704,1318,19978,
284.61109782510914,78003,703,1319,19978,
284.6140618830194,78002,704,1319,19978,
284.6148029640691,78002,703,1320,19978,
284.619312223943,78002,702,1321,19978,
284.6196687018846,78001,703,1321,19978,
284.620959895715,78001,702,1322,19978,
284.6261968022446,78001,701,1323,19978,
284.6344789734725,78001,701,1322,19979,
284.63496887176797,78000,702,1322,19979,
284.6358435644304,77999,703,1322,19979,
284.63585492379383,77998,704,1322,19979,
284.6372125635263,77998,704,1321,19980,
284.6378304081143,77998,703,1322,19980,
284.6404556762143,77998,703,1321,19981,
284.64336361516575,77998,702,1322,19981,
284.6436099868218,77998,701,1323,19981,
284.6439860323543,77997,702,1323,19981,
284.6463152549867,77997,702,1322,19982,
284.6530883488303,77997,701,1323,19982,
284.6565296676476,77996,702,1323,19982,
284.6566834868385,77995,703,1323,19982,
284.65724136635237,77995,703,1322,19983,
284.6585502636908,77994,704,1322,19983,
284.66319325481703,77993,705,1322,19983,
284.66477823012195,77993,704,1323,19983,
284.6662703754351,77993,703,1324,19983,
284.66853245454,77992,704,1324,19983,
284.6772845164462,77992,704,1323,19984,
284.6822641222024,77992,704,1322,19985,
284.687051866891,77992,703,1323,19985,
284.69135952754607,77992,702,1324,19985,
284.6930246603815,77992,701,1325,19985,
284.69637775354676,77992,701,1324,19986,
284.69926645334874,77992,701,1323,19987,
284.7051920567178,77991,702,1323,19987,
284.71428364770367,77991,701,1324,19987,
284.71672061245647,77990,702,1324,19987,
284.71781784091576,77989,703,1324,19987,
284.71884881134395,77989,703,1323,19988,
284.71954121551397,77989,702,1324,19988,
284.72239300302255,77989,702,1323,19989,
284.7227454059524,77989,701,1324,19989,
284.7270718159653,77989,700,1325,19989,
284.7285146229844,77989,700,1324,19990,
284.7297394635768,77989,699,1325,19990,
284.73241549173997,77989,699,1324,19991,
284.7364070694082,77989,699,1323,19992,
284.7457966455055,77989,698,1324,19992,
284.74659763122185,77989,698,1323,19993,
284.7484037051845,77989,697,1324,19993,
284.7490807826675,77988,698,1324,19993,
284.75351206618336,77988,698,1323,19994,
284.75546409836363,77988,697,1324,19994,
284.7565195869662,77987,698,1324,19994,
284.75810515617974,77987,698,1323,19995,
284.7630568103498,77987,697,1324,19995,
284.76403746211156,77987,697,1323,19996,
284.76717257660204,77987,696,1324,19996,
284.769239907186,77987,695,1325,19996,
284.77003294057204,77987,695,1324,19997,
284.7704017808331,77987,694,1325,19997,
284.7726781085521,77987,693,1326,19997,
284.77383245840525,77986,694,1326,19997,
284.7761524551523,77986,693,1327,19997,
284.7776328888342,77985,694,1327,19997,
284.782313271397,77985,693,1328,19997,
284.7828209993763,77985,692,1329,19997,
284.78283908886664,77985,691,1330,19997,
284.78289682463173,77985,691,1329,19998,
284.78431987442184,77985,690,1330,19998,
284.78549844694567,77985,690,1329,19999,
284.7865465617412,77985,689,1330,19999,
284.7896941788976,77984,690,1330,19999,
284.7927036711284,77983,691,1330,19999,
284.793493060441,77983,690,1331,19999,
284.7964078791993,77983,690,1330,20000,
284.8060433589742,77983,689,1331,20000,
284.81064253789225,77983,688,1332,20000,
284.811508956065,77982,689,1332,20000,
284.8125860204735,77982,688,1333,20000,
284.8126430226995,77981,689,1333,20000,
284.8134132270432,77981,689,1332,20001,
284.81424433450826,77981,689,1331,20002,
284.8149757505662,77981,689,1330,20003,
284.81518004512674,77980,690,1330,20003,
284.81720277310967,77980,690,1329,20004,
284.8206466606986,77980,689,1330,20004,
284.82123024958383,77980,688,1331,20004,
284.8290613963974,77980,687,1332,20004,
284.8290999915979,77980,687,1331,20005,
284.82922973768547,77980,686,1332,20005,
284.8344270896895,77980,686,1331,20006,
284.8377530301571,77980,685,1332,20006,
284.84031124996545,77980,684,1333,20006,
284.84069246217234,77980,683,1334,20006,
284.8412287027881,77980,683,1333,20007,
284.8446911085181,77980,683,1332,20008,
284.8461985175876,77979,684,1332,20008,
284.8491797458239,77979,683,1333,20008,
284.8552908789769,77979,683,1332,20009,
284.8555741026415,77978,684,1332,20009,
284.85637268792976,77977,685,1332,20009,
284.8574840599533,77977,684,1333,20009,
284.86026962199395,77977,684,1332,20010,
284.86580141042947,77977,684,1331,20011,
284.8665123354389,77977,684,1330,20012,
284.8710559960766,77977,684,1329,20013,
284.8732222281695,77976,685,1329,20013,
284.8793061919971,77976,685,1328,20014,
284.88095475123725,77976,685,1327,20015,
284.8822423277984,77976,685,1326,20016,
284.8824745353035,77976,684,1327,20016,
284.88304066511694,77976,683,1328,20016,
284.88519728139806,77976,683,1327,20017,
284.8853148536829,77975,684,1327,20017,
284.8862658198581,77974,685,1327,20017,
284.8930938684357,77973,686,1327,20017,
284.9028870991973,77973,685,1328,20017,
284.90794359479,77973,684,1329,20017,
284.9127649246899,77973,683,1330,20017,
284.9143974253354,77972,684,1330,20017,
284.9149054153509,77972,684,1329,20018,
284.91526259395357,77971,685,1329,20018,
284.9170219980161,77970,686,1329,20018,
284.9205065185397,77970,686,1328,20019,
284.92448269237633,77969,687,1328,20019,
284.92460690339175,77969,686,1329,20019,
284.92632548264277,77968,687,1329,20019,
284.92990535494664,77968,687,1328,20020,
284.931262016883,77967,688,1328,20020,
284.9354579520416,77967,688,1327,20021,
284.94285788584773,77967,688,1326,20022,
284.9463578908481,77967,687,1327,20022,
284.9474997951862,77967,687,1326,20023,
284.9496821993813,77967,686,1327,20023,
284.94975750356696,77967,686,1326,20024,
284.9516360144756,77967,685,1327,20024,
284.9522024142957,77967,685,1326,20025,
284.9604406747179,77967,684,1327,20025,
284.9608158094531,77966,685,1327,20025,
284.9632516188262,77965,686,1327,20025,
284.96779366806226,77965,686,1326,20026,
284.9687228287469,77965,686,1325,20027,
284.9742003930864,77965,685,1326,20027,
284.974222343639,77964,686,1326,20027,
284.97478984021814,77964,686,1325,20028,
284.9755380138505,77963,687,1325,20028,
284.9756371011175,77962,688,1325,20028,
284.9768881989111,77962,688,1324,20029,
284.98050786889314,77961,689,1324,20029,
284.98108505433106,77961,689,1323,20030,
284.98392604983997,77961,688,1324,20030,
284.9861049752007,77960,689,1324,20030,
284.98699164152424,77959,690,1324,20030,
284.98829601127875,77959,690,1323,20031,
284.98873579513116,77959,689,1324,20031,
284.99130777361785,77959,688,1325,20031,
284.992116387204,77958,689,1325,20031,
284.9930051053284,77958,688,1326,20031,
284.99489931279214,77958,687,1327,20031,
284.9954837052625,77958,686,1328,20031,
284.9974946978162,77958,685,1329,20031,
284.9989927233808,77957,686,1329,20031,
285.00010084396087,77957,686,1328,20032,
285.0003577174721,77957,686,1327,20033,
285.00126560814874,77957,685,1328,20033,
285.0017656642815,77956,686,1328,20033,
285.00476942386126,77955,687,1328,20033,
285.0053763702658,77955,686,1329,20033,
285.0063988207087,77955,686,1328,20034,
285.0148299683703,77955,686,1327,20035,
285.0148518085651,77954,687,1327,20035,
285.0182710623769,77954,687,1326,20036,
285.01908530587224,77954,686,1327,20036,
285.0210077075507,77954,685,1328,20036,
285.0249298661754,77954,684,1329,20036,
285.0290322497024,77953,685,1329,20036,
285.02934008298126,77953,684,1330,20036,
285.0306338171973,77953,684,1329,20037,
285.0323997094272,77952,685,1329,20037,
285.03317165783346,77951,686,1329,20037,
285.0341128165128,77951,686,1328,20038,
285.0358458737612,77951,686,1327,20039,
285.04641083153655,77951,686,1326,20040,
285.04831660520085,77950,687,1326,20040,
285.0516913212159,77949,688,1326,20040,
285.0522870584323,77949,688,1325,20041,
285.05929844171624,77948,689,1325,20041,
285.05957306333096,77947,690,1325,20041,
285.05970207303994,77947,689,1326,20041,
285.06212884122215,77947,689,1325,20042,
285.06677676260085,77946,690,1325,20042,
285.0725668749482,77945,691,1325,20042,
285.07288233510434,77945,690,1326,20042,
285.0789843358415,77945,689,1327,20042,
285.0820251290776,77945,688,1328,20042,
285.0826322452708,77944,689,1328,20042,
285.0849733200672,77944,688,1329,20042,
285.08513052650864,77944,688,1328,20043,
285.0862138392116,77943,689,1328,20043,
285.0866383740181,77942,690,1328,20043,
285.0884560531729,77942,689,1329,20043,
285.09508370229446,77942,689,1328,20044,
285.0990675226898,77942,688,1329,20044,
285.09975414334485,77942,688,1328,20045,
285.1021066763138,77942,688,1327,20046,
285.10436169597176,77942,687,1328,20046,
285.1071473318797,77942,686,1329,20046,
285.1100223063748,77942,686,1328,20047,
285.11094234993436,77941,687,1328,20047,
285.1117285095636,77941,687,1327,20048,
285.1143875921974,77941,687,1326,20049,
285.11469673537016,77941,686,1327,20049,
285.11581196112337,77941,686,1326,20050,
285.1197352040842,77941,685,1327,20050,
285.1203396679633,77941,684,1328,20050,
285.12425554850284,77941,684,1327,20051,
285.12808111739423,77941,684,1326,20052,
285.13407166618197,77941,683,1327,20052,
285.13647113192263,77941,682,1328,20052,
285.14081570268525,77941,681,1329,20052,
285.14175731060817,77941,681,1328,20053,
285.1430154370016,77941,681,1327,20054,
285.1461798961826,77941,681,1326,20055,
285.1473860790042,77941,680,1327,20055,
285.1486280037809,77941,679,1328,20055,
285.1498113817234,77940,680,1328,20055,
285.1510016759944,77940,679,1329,20055,
285.151230001199,77940,679,1328,20056,
285.15206017207646,77940,679,1327,20057,
285.1590409610623,77940,678,1328,20057,
285.15984740786854,77940,678,1327,20058,
285.1614738464386,77939,679,1327,20058,
285.1619133078834,77939,679,1326,20059,
285.1634305430096,77939,678,1327,20059,
285.1646002749255,77939,677,1328,20059,
285.16758624822756,77938,678,1328,20059,
285.1677855281558,77938,678,1327,20060,
285.1741821218592,77938,678,1326,20061,
285.17513393888254,77938,677,1327,20061,
285.1763619330412,77938,676,1328,20061,
285.1804490774117,77938,676,1327,20062,
285.18877044017677,77938,676,1326,20063,
285.1895261377559,77938,676,1325,20064,
285.18960330225104,77938,676,1324,20065,
285.1909184440938,77937,677,1324,20065,
285.19153227171523,77937,677,1323,20066,
285.1919866953305,77936,678,1323,20066,
285.1978204630847,77936,677,1324,20066,
285.19782668556803,77936,676,1325,20066,
285.2060238560139,77936,675,1326,20066,
285.206235052847,77936,674,1327,20066,
285.2095065706847,77936,673,1328,20066,
285.210557541581,77935,674,1328,20066,
285.2126682790037,77935,674,1327,20067,
285.218057958136,77934,675,1327,20067,
285.2184078723955,77934,674,1328,20067,
285.2195762197136,77934,673,1329,20067,
285.2199119586066,77934,673,1328,20068,
285.2203464342638,77934,672,1329,20068,
285.2297976867085,77934,672,1328,20069,
285.23030544767647,77934,672,1327,20070,
285.2325113686592,77933,673,1327,20070,
285.233216289809,77933,672,1328,20070,
285.2383217197564,77933,672,1327,20071,
285.2385212200036,77933,671,1328,20071,
285.2404028670062,77933,670,1329,20071,
285.2432259595148,77932,671,1329,20071,
285.2471814114777,77932,671,1328,20072,
285.2501179028174,77932,671,1327,20073,
285.25557226061994,77932,671,1326,20074,
285.25826788816,77932,671,1325,20075,
285.2589171333318,77931,672,1325,20075,
285.25934367014383,77930,673,1325,20075,
285.25944094526005,77930,673,1324,20076,
285.2615408081878,77930,672,1325,20076,
285.26345661946453,77929,673,1325,20076,
285.26861722493913,77928,674,1325,20076,
285.27143927305065,77927,675,1325,20076,
285.2727348234226,77927,675,1324,20077,
285.2741783106856,77927,675,1323,20078,
285.281616274278,77927,674,1324,20078,
285.28386667237095,77927,674,1323,20079,
285.2841272636402,77926,675,1323,20079,
285.2909048222338,77926,674,1324,20079,
285.29684612955555,77926,674,1323,20080,
285.2970132283992,77926,674,1322,20081,
285.2987327397844,77925,675,1322,20081,
285.2989254376817,77924,676,1322,20081,
285.30092988516844,77924,676,1321,20082,
285.3015181926634,77923,677,1321,20082,
285.3022565211517,77923,676,1322,20082,
285.3060891965969,77922,677,1322,20082,
285.3089077033204,77921,678,1322,20082,
285.31043440539423,77920,679,1322,20082,
285.3120814559384,77920,678,1323,20082,
285.3136554805513,77919,679,1323,20082,
285.314300650471,77919,678,1324,20082,
285.31490196833374,77919,677,1325,20082,
285.31509110242763,77919,676,1326,20082,
285.31772516986075,77919,676,1325,20083,
285.32561019128775,77919,676,1324,20084,
285.32729525607806,77918,677,1324,20084,
285.327476479641,77918,676,1325,20084,
285.32862716204744,77918,675,1326,20084,
285.3380182660582,77918,675,1325,20085,
285.3381246369767,77918,675,1324,20086,
285.3419225966937,77918,675,1323,20087,
285.34394307893706,77918,675,1322,20088,
285.3462048457248,77917,676,1322,20088,
285.35021965860574,77917,676,1321,20089,
285.3551747219225,77916,677,1321,20089,
285.36183991746213,77916,676,1322,20089,
285.3702708568215,77916,676,1321,20090,
285.3748166683986,77916,676,1320,20091,
285.37542864071537,77916,676,1319,20092,
285.3760121438097,77916,676,1318,20093,
285.3788792167685,77916,676,1317,20094,
285.3806618353278,77916,675,1318,20094,
285.38325691377383,77916,675,1317,20095,
285.3837696945829,77915,676,1317,20095,
285.3851387577144,77914,677,1317,20095,
285.39170765796683,77913,678,1317,20095,
285.3924582095795,77912,679,1317,20095,
285.3928570338585,77912,679,1316,20096,
285.3952484083126,77912,678,1317,20096,
285.3966122834597,77912,678,1316,20097,
285.40027376183986,77912,677,1317,20097,
285.4019110621415,77912,676,1318,20097,
285.4086750835992,77912,675,1319,20097,
285.41073987784114,77911,676,1319,20097,
285.41650075794666,77910,677,1319,20097,
285.4167332592267,77909,678,1319,20097,
285.417599998753,77909,678,1318,20098,
285.4177992811941,77908,679,1318,20098,
285.41791431098443,77908,678,1319,20098,
285.4196362298012,77908,677,1320,20098,
285.4210311109791,77908,677,1319,20099,
285.4220884285851,77908,676,1320,20099,
285.4236924492731,77907,677,1320,20099,
285.42533190540365,77906,678,1320,20099,
285.4259052108255,77906,677,1321,20099,
285.4259244419659,77906,677,1320,20100,
285.4264336642958,77905,678,1320,20100,
285.4271892729018,77905,677,1321,20100,
285.43053708952846,77904,678,1321,20100,
285.4328161235147,77903,679,1321,20100,
285.4335009948712,77903,678,1322,20100,
285.4336417405829,77903,678,1321,20101,
285.43398716786265,77902,679,1321,20101,
285.43413288099447,77902,679,1320,20102,
285.43606064821836,77902,679,1319,20103,
285.4387939543536,77902,678,1320,20103,
285.4391614346253,77902,678,1319,20104,
285.4428889790929,77902,678,1318,20105,
285.44516103919267,77902,677,1319,20105,
285.44748056845197,77902,677,1318,20106,
285.4513864594049,77901,678,1318,20106,
285.4528531586183,77901,678,1317,20107,
285.4545479777962,77900,679,1317,20107,
285.45811145453723,77900,678,1318,20107,
285.45920478887126,77899,679,1318,20107,
285.4592353075849,77899,679,1317,20108,
285.4608318116827,77898,680,1317,20108,
285.461121010057,77897,681,1317,20108,
285.46507615395353,77897,680,1318,20108,
285.46559883825796,77896,681,1318,20108,
285.46561577907096,77896,680,1319,20108,
285.46590295353167,77896,680,1318,20109,
285.46784327713107,77896,680,1317,20110,
285.4727823183989,77895,681,1317,20110,
285.4727886618862,77895,680,1318,20110,
285.47365352987646,77895,679,1319,20110,
285.47503321550755,77895,679,1318,20111,
285.47871807166723,77895,679,1317,20112,
285.48188957375373,77895,679,1316,20113,
285.481967076516,77894,680,1316,20113,
285.48711663263043,77894,679,1317,20113,
285.4873289814404,77894,679,1316,20114,
285.48750549281976,77893,680,1316,20114,
285.4949653913909,77893,680,1315,20115,
285.4978383608037,77893,680,1314,20116,
285.4980049870784,77893,679,1315,20116,
285.499001986763,77893,678,1316,20116,
285.4993014291719,77893,677,1317,20116,
285.50452495879773,77893,677,1316,20117,
285.5046155759639,77892,678,1316,20117,
285.50899127539896,77892,677,1317,20117,
285.51504298929086,77891,678,1317,20117,
285.51705771024467,77891,678,1316,20118,
285.51777497678995,77891,678,1315,20119,
285.5189413732199,77890,679,1315,20119,
285.52153278399226,77890,678,1316,20119,
285.524074592351,77889,679,1316,20119,
285.5251141062377,77889,679,1315,20120,
285.5255777031346,77888,680,1315,20120,
285.5279655758641,77888,680,1314,20121,
285.52892638777774,77888,680,1313,20122,
285.53327914111907,77887,681,1313,20122,
285.5348845144111,77886,682,1313,20122,
285.53800192148196,77886,682,1312,20123,
285.5420165887397,77886,681,1313,20123,
285.543142119003,77886,681,1312,20124,
285.5438267120485,77886,680,1313,20124,
285.5447694102788,77885,681,1313,20124,
285.5480497302102,77885,680,1314,20124,
285.54952609403546,77885,680,1313,20125,
285.55097763344605,77885,680,1312,20126,
285.551022053175,77885,680,1311,20127,
285.551976721531,77884,681,1311,20127,
285.5566855348977,77883,682,1311,20127,
285.55739922336414,77883,682,1310,20128,
285.559690675574,77883,682,1309,20129,
285.5605544893939,77883,682,1308,20130,
285.56095780940836,77883,682,1307,20131,
285.56098968012435,77883,681,1308,20131,
285.5626760425895,77883,680,1309,20131,
285.5709354415069,77883,679,1310,20131,
285.5784319819679,77882,680,1310,20131,
285.58029959754566,77882,679,1311,20131,
285.5868482251964,77881,680,1311,20131,
285.5900912333661,77881,679,1312,20131,
285.5914711592573,77880,680,1312,20131,
285.59736188101476,77880,680,1311,20132,
285.59776479533775,77880,679,1312,20132,
285.59818592307664,77880,678,1313,20132,
285.5989950480735,77880,677,1314,20132,
285.60431897223697,77880,676,1315,20132,
285.60599791395276,77879,677,1315,20132,
285.6067880019094,77879,676,1316,20132,
285.60963296339577,77879,676,1315,20133,
285.61126209452874,77879,676,1314,20134,
285.6122321090036,77878,677,1314,20134,
285.6124353454489,77878,676,1315,20134,
285.61253579256095,77878,675,1316,20134,
285.6140921765877,77877,676,1316,20134,
285.6184501235366,77877,675,1317,20134,
285.62194463821703,77877,675,1316,20135,
285.6238033184963,77877,675,1315,20136,
285.624483379776,77876,676,1315,20136,
285.625603441009,77876,676,1314,20137,
285.62798659568,77875,677,1314,20137,
285.6289598252472,77874,678,1314,20137,
285.6309269285786,77874,678,1313,20138,
285.6315468697194,77874,678,1312,20139,
285.6326072393121,77874,678,1311,20140,
285.63442110571503,77874,678,1310,20141,
285.63461199202953,77873,679,1310,20141,
285.6353409220208,77873,678,1311,20141,
285.6373617375887,77872,679,1311,20141,
285.6376953997163,77872,678,1312,20141,
285.64261636654277,77872,677,1313,20141,
285.6426555190922,77872,676,1314,20141,
285.64308195604144,77872,675,1315,20141,
285.6442047305831,77872,675,1314,20142,
285.6474921623776,77871,676,1314,20142,
285.64850634274444,77871,675,1315,20142,
285.64951435860297,77870,676,1315,20142,
285.65284319581485,77869,677,1315,20142,
285.65831115632983,77868,678,1315,20142,
285.65934439513876,77868,678,1314,20143,
285.6639244957688,77868,678,1313,20144,
285.66408575756776,77868,677,1314,20144,
285.66729523612963,77868,676,1315,20144,
285.66847222657884,77867,677,1315,20144,
285.6689248379831,77867,676,1316,20144,
285.6714187605512,77866,677,1316,20144,
285.6737269347246,77866,676,1317,20144,
285.6753651217794,77866,675,1318,20144,
285.67580765549815,77866,675,1317,20145,
285.67609798391413,77865,676,1317,20145,
285.6772065126551,77865,676,1316,20146,
285.6807492952579,77865,676,1315,20147,
285.68136620751426,77864,677,1315,20147,
285.6819318303324,77863,678,1315,20147,
285.68394920112434,77863,678,1314,20148,
285.6844343939564,77863,678,1313,20149,
285.6850346559515,77863,678,1312,20150,
285.6897967669094,77863,677,1313,20150,
285.69308287138387,77862,678,1313,20150,
285.69637730545986,77862,678,1312,20151,
285.6974470803387,77862,677,1313,20151,
285.6987320799527,77861,678,1313,20151,
285.70188790494433,77861,678,1312,20152,
285.7071505210023,77861,678,1311,20153,
285.7108727163051,77860,679,1311,20153,
285.7121894135597,77860,678,1312,20153,
285.7123422237444,77859,679,1312,20153,
285.71839762463884,77859,679,1311,20154,
285.71858643588234,77859,678,1312,20154,
285.7196515941087,77859,678,1311,20155,
285.7211604867401,77859,677,1312,20155,
285.72186727153206,77859,677,1311,20156,
285.72195004687194,77858,678,1311,20156,
285.72290718306823,77858,677,1312,20156,
285.72511648948193,77858,677,1311,20157,
285.72547752903296,77858,676,1312,20157,
285.72947352729295,77857,677,1312,20157,
285.73031310860256,77857,677,1311,20158,
285.73252966945523,77857,677,1310,20159,
285.7326751225992,77857,676,1311,20159,
285.73309574826186,77857,676,1310,20160,
285.7342067639488,77857,675,1311,20160,
285.7379551419657,77857,675,1310,20161,
285.738194619752,77856,676,1310,20161,
285.74126529077796,77855,677,1310,20161,
285.7437001969917,77854,678,1310,20161,
285.7445413332183,77854,677,1311,20161,
285.7465939730736,77854,676,1312,20161,
285.7483721952986,77854,676,1311,20162,
285.7486692954963,77853,677,1311,20162,
285.7559583847884,77853,677,1310,20163,
285.7582913229883,77852,678,1310,20163,
285.76086929925594,77852,678,1309,20164,
285.7610954017117,77851,679,1309,20164,
285.7668870299546,77851,679,1308,20165,
285.7685901615398,77851,679,1307,20166,
285.76864494852276,77851,679,1306,20167,
285.7726993302899,77851,679,1305,20168,
285.7755848789956,77850,680,1305,20168,
285.77652183599804,77850,680,1304,20169,
285.7812011097992,77850,679,1305,20169,
285.78137662863026,77850,679,1304,20170,
285.7867649512814,77850,678,1305,20170,
285.7910869321844,77849,679,1305,20170,
285.7977961926117,77849,679,1304,20171,
285.79979692451985,77849,678,1305,20171,
285.80591141952186,77849,678,1304,20172,
285.81194572403547,77848,679,1304,20172,
285.8138629104412,77848,678,1305,20172,
285.8192933791282,77848,678,1304,20173,
285.82046854055596,77848,678,1303,20174,
285.82078155910364,77847,679,1303,20174,
285.821295625283,77847,679,1302,20175,
285.8291659858247,77847,679,1301,20176,
285.8328957748975,77847,678,1302,20176,
285.83295679181845,77847,678,1301,20177,
285.83455253882533,77847,677,1302,20177,
285.84087590206633,77846,678,1302,20177,
285.8472392273895,77846,678,1301,20178,
285.84886428539926,77846,678,1300,20179,
285.8671153617146,77846,677,1301,20179,
285.86886513510143,77846,676,1302,20179,
285.87066277986514,77846,676,1301,20180,
285.87717111483903,77846,675,1302,20180,
285.8779792205128,77846,675,1301,20181,
285.8784291477422,77846,675,1300,20182,
285.8785801331577,77845,676,1300,20182,
285.87895520856966,77845,676,1299,20183,
285.8793850883997,77844,677,1299,20183,
285.88026763704386,77844,677,1298,20184,
285.88126336340866,77843,678,1298,20184,
285.88672150221566,77843,677,1299,20184,
285.88697498349836,77842,678,1299,20184,
285.8894065834125,77841,679,1299,20184,
285.88996910264893,77841,679,1298,20185,
285.89962051760045,77841,679,1297,20186,
285.9013431715026,77841,678,1298,20186,
285.9025351170639,77840,679,1298,20186,
285.9037241703326,77839,680,1298,20186,
285.9042483901279,77839,679,1299,20186,
285.90526659435193,77839,678,1300,20186,
285.90570461684564,77838,679,1300,20186,
285.90672068142163,77838,679,1299,20187,
285.9154668862123,77838,679,1298,20188,
285.91569895408327,77837,680,1298,20188,
285.9227922924628,77836,681,1298,20188,
285.9232762733298,77836,681,1297,20189,
285.925243088497,77836,680,1298,20189,
285.9258774811512,77836,680,1297,20190,
285.92930953734225,77836,680,1296,20191,
285.93015480215917,77836,680,1295,20192,
285.93348744811493,77836,680,1294,20193,
285.9351343985379,77835,681,1294,20193,
285.93802389810776,77835,681,1293,20194,
285.93852922583056,77834,682,1293,20194,
285.93945114749,77834,682,1292,20195,
285.9428795328995,77834,681,1293,20195,
285.9469500831152,77834,681,1292,20196,
285.95213885668295,77833,682,1292,20196,
285.9528746739234,77833,682,1291,20197,
285.9528755472386,77833,682,1290,20198,
285.95299427613907,77832,683,1290,20198,
285.95304181263424,77832,683,1289,20199,
285.9530864312044,77832,682,1290,20199,
285.9546494503243,77832,682,1289,20200,
285.95912600071665,77832,681,1290,20200,
285.9619983798401,77832,681,1289,20201,
285.96211812052417,77832,681,1288,20202,
285.9626984050245,77832,680,1289,20202,
285.96306944302916,77831,681,1289,20202,
285.96330331409666,77831,680,1290,20202,
285.9659869287026,77830,681,1290,20202,
285.9674148989521,77829,682,1290,20202,
285.96970287147116,77829,682,1289,20203,
285.96980033670985,77829,682,1288,20204,
285.9701027744204,77828,683,1288,20204,
285.97081477191256,77828,682,1289,20204,
285.9741333459001,77827,683,1289,20204,
285.97514001510564,77827,683,1288,20205,
285.9777022534492,77826,684,1288,20205,
285.9823221561674,77826,684,1287,20206,
285.98404985351544,77825,685,1287,20206,
285.98471159646374,77825,685,1286,20207,
285.9853072886732,77825,685,1285,20208,
285.9893969334287,77825,685,1284,20209,
285.99152114647416,77824,686,1284,20209,
285.9927618732492,77824,686,1283,20210,
285.99479681108534,77824,685,1284,20210,
285.99530114370793,77824,685,1283,20211,
285.9964687217514,77824,685,1282,20212,
285.9987131790041,77824,685,1281,20213,
285.9990600448727,77824,685,1280,20214,
286.00035268554035,77824,685,1279,20215,
286.00113972334833,77824,685,1278,20216,
286.00465085556647,77824,684,1279,20216,
286.00470497553573,77824,684,1278,20217,
286.00705031126427,77823,685,1278,20217,
286.0085992317152,77822,686,1278,20217,
286.0088457678319,77822,686,1277,20218,
286.01343722778887,77822,685,1278,20218,
286.0135809969812,77822,684,1279,20218,
286.0165109406883,77822,684,1278,20219,
286.017705739205,77821,685,1278,20219,
286.0197902571996,77820,686,1278,20219,
286.0202491987998,77820,686,1277,20220,
286.020884640958,77820,685,1278,20220,
286.0214825818212,77819,686,1278,20220,
286.0246014573856,77819,685,1279,20220,
286.0290524526835,77818,686,1279,20220,
286.02910188071763,77817,687,1279,20220,
286.03005195826097,77817,686,1280,20220,
286.0325616965982,77816,687,1280,20220,
286.03262748232703,77816,687,1279,20221,
286.0356048966068,77815,688,1279,20221,
286.03710367472866,77815,688,1278,20222,
286.0375184031193,77815,688,1277,20223,
286.04211241766694,77815,687,1278,20223,
286.04337784546806,77815,687,1277,20224,
286.04636451562345,77815,686,1278,20224,
286.05002129055316,77815,686,1277,20225,
286.0505993314237,77814,687,1277,20225,
286.06036275223164,77814,687,1276,20226,
286.0627520192399,77814,686,1277,20226,
286.0653715377278,77814,686,1276,20227,
286.06552292211546,77814,685,1277,20227,
286.0665520011372,77814,685,1276,20228,
286.06717293529397,77814,684,1277,20228,
286.0674507649949,77813,685,1277,20228,
286.07155771544654,77812,686,1277,20228,
286.0790241189504,77812,685,1278,20228,
286.0826953149227,77811,686,1278,20228,
286.0846163779998,77811,686,1277,20229,
286.08738270412937,77811,686,1276,20230,
286.0919120473808,77810,687,1276,20230,
286.0932145932029,77809,688,1276,20230,
286.0968935653072,77809,688,1275,20231,
286.0983224870258,77809,687,1276,20231,
286.09971738262425,77808,688,1276,20231,
286.1076606454699,77807,689,1276,20231,
286.1131532274421,77807,689,1275,20232,
286.11478937702896,77807,688,1276,20232,
286.12345533797225,77807,688,1275,20233,
286.12578382712843,77806,689,1275,20233,
286.1309055276474,77806,688,1276,20233,
286.13130936702237,77806,687,1277,20233,
286.13160754228693,77805,688,1277,20233,
286.13420974239614,77805,687,1278,20233,
286.13432536922113,77804,688,1278,20233,
286.1354264689849,77804,687,1279,20233,
286.1354603051133,77804,687,1278,20234,
286.1452698528446,77804,687,1277,20235,
286.1474279258572,77803,688,1277,20235,
286.1507720187195,77803,687,1278,20235,
286.1533680950667,77803,687,1277,20236,
286.157142840247,77802,688,1277,20236,
286.172462077913,77802,688,1276,20237,
286.17607091397406,77802,688,1275,20238,
286.176484477963,77802,687,1276,20238,
286.18089488993365,77802,686,1277,20238,
286.18179682563346,77802,686,1276,20239,
286.18616957211066,77802,686,1275,20240,
286.18661141863174,77801,687,1275,20240,
286.18744072520224,77800,688,1275,20240,
286.1880209465032,77800,687,1276,20240,
286.18869001850857,77800,687,1275,20241,
286.18911464276573,77800,687,1274,20242,
286.1893379537273,77800,687,1273,20243,
286.18999452146846,77799,688,1273,20243,
286.19246388912825,77799,688,1272,20244,
286.19428632365924,77799,687,1273,20244,
286.195598977414,77798,688,1273,20244,
286.196949330091,77797,689,1273,20244,
286.19830892549226,77796,690,1273,20244,
286.2002423125079,77796,689,1274,20244,
286.2005699114101,77795,690,1274,20244,
286.20213484271596,77795,689,1275,20244,
286.2035566049164,77795,689,1274,20245,
286.2062009560798,77794,690,1274,20245,
286.2074133792817,77794,689,1275,20245,
286.20883510429604,77794,689,1274,20246,
286.2126752946022,77793,690,1274,20246,
286.21736403924444,77793,690,1273,20247,
286.21998510242105,77793,689,1274,20247,
286.22153942766346,77793,688,1275,20247,
286.2236153564406,77793,688,1274,20248,
286.22524753958425,77792,689,1274,20248,
286.2258919138741,77791,690,1274,20248,
286.23118862712755,77790,691,1274,20248,
286.2359701397523,77789,692,1274,20248,
286.2363618335124,77789,692,1273,20249,
286.2366176634669,77789,692,1272,20250,
286.23701226497616,77789,691,1273,20250,
286.2389459577764,77789,690,1274,20250,
286.2424466252765,77789,690,1273,20251,
286.24318118248124,77789,690,1272,20252,
286.24845115024846,77789,690,1271,20253,
286.24889431989413,77788,691,1271,20253,
286.25155446186,77788,690,1272,20253,
286.25559095997045,77788,690,1271,20254,
286.2574518479726,77788,690,1270,20255,
286.2587291139171,77788,690,1269,20256,
286.25966631536033,77788,690,1268,20257,
286.2622998931964,77787,691,1268,20257,
286.26245677981245,77787,690,1269,20257,
286.26646161575303,77786,691,1269,20257,
286.2694361065729,77786,690,1270,20257,
286.27493356147124,77786,689,1271,20257,
286.27570564491117,77786,689,1270,20258,
286.27623918089,77785,690,1270,20258,
286.27902312914654,77785,690,1269,20259,
286.2821833836415,77785,689,1270,20259,
286.28298780619883,77785,689,1269,20260,
286.28610128084665,77785,689,1268,20261,
286.2874014097523,77784,690,1268,20261,
286.28769946339065,77783,691,1268,20261,
286.29299840037896,77783,691,1267,20262,
286.29312767413086,77783,690,1268,20262,
286.29781198610647,77783,689,1269,20262,
286.30088715413495,77782,690,1269,20262,
286.30420014905775,77781,691,1269,20262,
286.3065053309745,77781,691,1268,20263,
286.309747231231,77781,691,1267,20264,
286.31114625996435,77781,690,1268,20264,
286.31824433410617,77781,690,1267,20265,
286.31845996785796,77780,691,1267,20265,
286.32267749261246,77780,691,1266,20266,
286.32294650009527,77779,692,1266,20266,
286.3243597629207,77778,693,1266,20266,
286.3244706423365,77777,694,1266,20266,
286.3305853433283,77776,695,1266,20266,
286.331716835935,77776,695,1265,20267,
286.33607331856695,77776,694,1266,20267,
286.33690456200685,77775,695,1266,20267,
286.3376325545356,77775,694,1267,20267,
286.3430807429766,77775,694,1266,20268,
286.34881913979,77775,694,1265,20269,
286.3495898392757,77775,693,1266,20269,
286.34978753581765,77775,692,1267,20269,
286.3601556677074,77775,691,1268,20269,
286.3658475054806,77775,691,1267,20270,
286.36878644790255,77774,692,1267,20270,
286.36995867261163,77774,692,1266,20271,
286.37000073727313,77773,693,1266,20271,
286.37638056880354,77772,694,1266,20271,
286.3773008431799,77772,693,1267,20271,
286.3817715010723,77771,694,1267,20271,
286.3824336945489,77771,693,1268,20271,
286.3838844155911,77771,693,1267,20272,
286.38468960418294,77771,692,1268,20272,
286.39136795523956,77770,693,1268,20272,
286.3928749984428,77770,693,1267,20273,
286.3989628709714,77770,692,1268,20273,
286.39955735310576,77770,692,1267,20274,
286.4020041988003,77769,693,1267,20274,
286.40234684736674,77769,692,1268,20274,
286.4031014265013,77768,693,1268,20274,
286.40913124993887,77768,692,1269,20274,
286.4097328007839,77768,691,1270,20274,
286.4108572271764,77767,692,1270,20274,
286.4172470504863,77767,692,1269,20275,
286.4185913842824,77766,693,1269,20275,
286.42254248670974,77766,692,1270,20275,
286.42373241550325,77766,691,1271,20275,
286.42530668028616,77766,690,1272,20275,
286.42791572085343,77766,690,1271,20276,
286.42828157772215,77766,690,1270,20277,
286.42995129844286,77765,691,1270,20277,
286.43086716837036,77765,691,1269,20278,
286.43654467983737,77764,692,1269,20278,
286.44016201512505,77763,693,1269,20278,
286.44220962744737,77762,694,1269,20278,
286.44606754329885,77762,694,1268,20279,
286.44660545270824,77762,694,1267,20280,
286.44867575413645,77762,694,1266,20281,
286.4510348956255,77761,695,1266,20281,
286.4525876965919,77761,695,1265,20282,
286.4555000631499,77761,695,1264,20283,
286.4595888124205,77761,695,1263,20284,
286.4597794144455,77761,694,1264,20284,
286.4667091037887,77761,693,1265,20284,
286.46936433373327,77760,694,1265,20284,
286.4704835208656,77760,694,1264,20285,
286.4712994269677,77760,694,1263,20286,
286.4793125436101,77760,693,1264,20286,
286.48082355649166,77759,694,1264,20286,
286.4827273518036,77759,694,1263,20287,
286.4867473797697,77759,694,1262,20288,
286.486790794176,77758,695,1262,20288,
286.48687244248555,77758,694,1263,20288,
286.48784261566135,77758,694,1262,20289,
286.48916870943464,77757,695,1262,20289,
286.4892675379405,77757,695,1261,20290,
286.491790277377,77757,694,1262,20290,
286.49264593879326,77756,695,1262,20290,
286.49309160165757,77756,695,1261,20291,
286.4958308327716,77756,695,1260,20292,
286.4967062611358,77755,696,1260,20292,
286.4971102901075,77755,696,1259,20293,
286.4979821102843,77755,696,1258,20294,
286.4988987575126,77755,695,1259,20294,
286.50056710964645,77755,694,1260,20294,
286.500811860493,77754,695,1260,20294,
286.5047703823199,77753,696,1260,20294,
286.5061806484572,77753,696,1259,20295,
286.5085946228508,77753,696,1258,20296,
286.5099506989834,77753,696,1257,20297,
286.5107001640733,77753,695,1258,20297,
286.5157010822568,77753,694,1259,20297,
286.51657943320913,77752,695,1259,20297,
286.5199932594297,77752,695,1258,20298,
286.52090977387934,77752,694,1259,20298,
286.52122645307907,77751,695,1259,20298,
286.52133420354915,77751,695,1258,20299,
286.52267368077855,77751,694,1259,20299,
286.52498970217124,77750,695,1259,20299,
286.52533727186375,77750,695,1258,20300,
286.52665806188634,77749,696,1258,20300,
286.5275989603912,77749,695,1259,20300,
286.52824676657707,77749,694,1260,20300,
286.5317218353601,77749,693,1261,20300,
286.5344154553522,77748,694,1261,20300,
286.5356461703306,77747,695,1261,20300,
286.53639694727997,77746,696,1261,20300,
286.53699300808785,77746,696,1260,20301,
286.5400745823688,77746,696,1259,20302,
286.54524875637736,77745,697,1259,20302,
286.54821406715104,77745,697,1258,20303,
286.54933883881756,77744,698,1258,20303,
286.5502492002601,77744,698,1257,20304,
286.55319672480215,77744,697,1258,20304,
286.555295156367,77743,698,1258,20304,
286.5571773979201,77743,698,1257,20305,
286.55980265480184,77743,698,1256,20306,
286.5602424009795,77743,697,1257,20306,
286.5676669148717,77743,697,1256,20307,
286.56804535496167,77743,697,1255,20308,
286.5696456822227,77743,696,1256,20308,
286.57494345445775,77742,697,1256,20308,
286.5758566921001,77742,697,1255,20309,
286.57846843429746,77741,698,1255,20309,
286.57900563798563,77741,698,1254,20310,
286.57984279749724,77741,698,1253,20311,
286.5798536482765,77741,698,1252,20312,
286.5807173701097,77741,698,1251,20313,
286.58263153779586,77741,697,1252,20313,
286.5833847044626,77741,696,1253,20313,
286.5837478541059,77740,697,1253,20313,
286.59453810118623,77739,698,1253,20313,
286.5946385439798,77739,698,1252,20314,
286.59557787469384,77739,698,1251,20315,
286.5975956505478,77739,698,1250,20316,
286.59889904255436,77739,697,1251,20316,
286.6071208563082,77739,696,1252,20316,
286.6083836461049,77738,697,1252,20316,
286.611645783922,77738,696,1253,20316,
286.6153130619104,77738,695,1254,20316,
286.6173608023294,77738,695,1253,20317,
286.62342998989493,77737,696,1253,20317,
286.6309150874979,77736,697,1253,20317,
286.6338676683409,77735,698,1253,20317,
286.6377179282949,77735,698,1252,20318,
286.639044293539,77735,698,1251,20319,
286.6472978620372,77735,698,1250,20320,
286.6503193379039,77735,697,1251,20320,
286.65050594572887,77735,696,1252,20320,
286.6507023118002,77735,696,1251,20321,
286.65552420122754,77734,697,1251,20321,
286.65572588966427,77734,697,1250,20322,
286.65742568175045,77734,696,1251,20322,
286.6577511235362,77734,696,1250,20323,
286.65800422544066,77733,697,1250,20323,
286.6587302979062,77732,698,1250,20323,
286.6599096565524,77732,697,1251,20323,
286.66020966853534,77732,697,1250,20324,
286.66154309799606,77732,697,1249,20325,
286.6648513373201,77732,696,1250,20325,
286.6686317790663,77732,696,1249,20326,
286.6725198771969,77731,697,1249,20326,
286.6728759412967,77731,697,1248,20327,
286.6739063730488,77731,697,1247,20328,
286.6775610040775,77731,697,1246,20329,
286.68515642153915,77731,696,1247,20329,
286.6869593202282,77730,697,1247,20329,
286.68740598756784,77730,696,1248,20329,
286.68829293951126,77729,697,1248,20329,
286.68947803284095,77728,698,1248,20329,
286.6915866334732,77728,698,1247,20330,
286.69286520947276,77728,697,1248,20330,
286.6939179551105,77728,696,1249,20330,
286.69529208819637,77728,696,1248,20331,
286.7028209524708,77728,696,1247,20332,
286.7045216463064,77727,697,1247,20332,
286.70713316336844,77726,698,1247,20332,
286.7085823181056,77725,699,1247,20332,
286.7099965559764,77725,699,1246,20333,
286.715012663346,77725,699,1245,20334,
286.7239333778135,77724,700,1245,20334,
286.72423243440693,77724,700,1244,20335,
286.72526989863417,77724,699,1245,20335,
286.72717789142416,77723,700,1245,20335,
286.728183452087,77722,701,1245,20335,
286.72861848279194,77722,701,1244,20336,
286.7290613498888,77721,702,1244,20336,
286.7301980572889,77721,701,1245,20336,
286.7302305488438,77721,700,1246,20336,
286.73103421366665,77721,700,1245,20337,
286.7342355987088,77720,701,1245,20337,
286.7347823125736,77720,700,1246,20337,
286.73704282768006,77720,700,1245,20338,
286.73846816645,77720,699,1246,20338,
286.73867061395396,77720,699,1245,20339,
286.7399761356827,77720,698,1246,20339,
286.74446093841084,77719,699,1246,20339,
286.7486541319524,77719,699,1245,20340,
286.7501411741315,77719,699,1244,20341,
286.7501657533928,77719,698,1245,20341,
286.7529429320035,77719,698,1244,20342,
286.7546816535894,77719,698,1243,20343,
286.7598001642659,77719,698,1242,20344,
286.76313802995634,77719,698,1241,20345,
286.7650585713991,77719,698,1240,20346,
286.76587245894694,77719,697,1241,20346,
286.7659002350212,77718,698,1241,20346,
286.766956802004,77718,698,1240,20347,
286.7687723277016,77718,698,1239,20348,
286.7693354175217,77718,697,1240,20348,
286.7702648400114,77718,697,1239,20349,
286.7726579397542,77718,697,1238,20350,
286.77290571094244,77718,697,1237,20351,
286.7735486443999,77718,697,1236,20352,
286.77623500530706,77717,698,1236,20352,
286.7769584695783,77717,697,1237,20352,
286.78487398621655,77716,698,1237,20352,
286.78935276764946,77716,698,1236,20353,
286.78983193191704,77716,698,1235,20354,
286.7909707185782,77716,697,1236,20354,
286.79187890596734,77716,697,1235,20355,
286.79205726485867,77716,696,1236,20355,
286.79276765229764,77716,696,1235,20356,
286.79286322228,77716,696,1234,20357,
286.793128591069,77716,695,1235,20357,
286.79697922728053,77715,696,1235,20357,
286.79922137304806,77715,695,1236,20357,
286.7994855710148,77715,695,1235,20358,
286.8071201440268,77714,696,1235,20358,
286.8092537677301,77714,696,1234,20359,
286.814613498346,77714,695,1235,20359,
286.8155549020969,77714,694,1236,20359,
286.81676582260116,77713,695,1236,20359,
286.81978931287154,77713,694,1237,20359,
286.82443984975134,77712,695,1237,20359,
286.824784869535,77711,696,1237,20359,
286.82534687113383,77711,695,1238,20359,
286.8259777486888,77711,695,1237,20360,
286.8305028385542,77710,696,1237,20360,
286.8384809465642,77710,696,1236,20361,
286.8386769682708,77709,697,1236,20361,
286.83930247658213,77709,696,1237,20361,
286.8400632556437,77709,696,1236,20362,
286.84065941808456,77708,697,1236,20362,
286.8424416666374,77708,697,1235,20363,
286.8431369024363,77708,696,1236,20363,
286.8466371412153,77708,696,1235,20364,
286.8493903600614,77707,697,1235,20364,
286.849903240986,77707,696,1236,20364,
286.85234885877077,77707,696,1235,20365,
286.85446569728276,77707,696,1234,20366,
286.8562504576246,77706,697,1234,20366,
286.85824024516546,77706,696,1235,20366,
286.86150462422006,77705,697,1235,20366,
286.8670446982026,77705,696,1236,20366,
286.8674471681591,77704,697,1236,20366,
286.8695645963382,77704,697,1235,20367,
286.8699557071699,77703,698,1235,20367,
286.87051199134567,77702,699,1235,20367,
286.87187852030337,77702,698,1236,20367,
286.8724899472931,77702,698,1235,20368,
286.8748015325258,77702,697,1236,20368,
286.8754143597972,77702,697,1235,20369,
286.8862109859285,77702,697,1234,20370,
286.88751521199487,77701,698,1234,20370,
286.88787294608363,77700,699,1234,20370,
286.8878929171713,77699,700,1234,20370,
286.8878954369055,77699,700,1233,20371,
286.88924846914745,77698,701,1233,20371,
286.8898835076415,77698,700,1234,20371,
286.8943336811911,77698,699,1235,20371,
286.89548811462817,77698,699,1234,20372,
286.8959844017449,77698,698,1235,20372,
286.9003200158992,77698,697,1236,20372,
286.9043694079382,77698,697,1235,20373,
286.9092684882372,77698,697,1234,20374,
286.9114145966271,77698,696,1235,20374,
286.91351088873347,77697,697,1235,20374,
286.914087663391,77697,697,1234,20375,
286.9167938529794,77697,696,1235,20375,
286.9169139190668,77696,697,1235,20375,
286.91854189093954,77696,697,1234,20376,
286.919313356139,77696,696,1235,20376,
286.91999762346336,77696,696,1234,20377,
286.9259255828261,77695,697,1234,20377,
286.92745437974844,77694,698,1234,20377,
286.92755407536833,77694,697,1235,20377,
286.9321354677687,77694,697,1234,20378,
286.9360491718089,77694,697,1233,20379,
286.9364604019598,77693,698,1233,20379,
286.93947506979987,77693,698,1232,20380,
286.94161076297246,77693,697,1233,20380,
286.943502450908,77693,696,1234,20380,
286.9452713009173,77692,697,1234,20380,
286.9580964660861,77692,696,1235,20380,
286.96020544202486,77692,695,1236,20380,
286.9610225305928,77691,696,1236,20380,
286.9642486710021,77690,697,1236,20380,
286.9697409636563,77689,698,1236,20380,
286.97031002908085,77689,697,1237,20380,
286.9706099757256,77689,697,1236,20381,
286.97156323162784,77689,697,1235,20382,
286.9719248061002,77689,696,1236,20382,
286.97255593877685,77689,695,1237,20382,
286.9730766891175,77688,696,1237,20382,
286.9771729693222,77688,695,1238,20382,
286.9780995598349,77687,696,1238,20382,
286.9811739514821,77686,697,1238,20382,
286.9813530527305,77686,696,1239,20382,
286.9835071384385,77686,696,1238,20383,
286.9842861023511,77686,696,1237,20384,
286.9854357424499,77685,697,1237,20384,
286.9855638748232,77685,696,1238,20384,
286.98870975612414,77685,695,1239,20384,
286.99059277023827,77684,696,1239,20384,
286.9918309029554,77684,695,1240,20384,
286.99310392405044,77683,696,1240,20384,
286.9968224155124,77683,695,1241,20384,
286.99971403807507,77683,695,1240,20385,
287.0000562623528,77683,695,1239,20386,
287.0003837086648,77683,695,1238,20387,
287.00403102491185,77682,696,1238,20387,
287.0063668063893,77682,696,1237,20388,
287.0076116875525,77682,695,1238,20388,
287.0082487018021,77681,696,1238,20388,
287.00914015553235,77680,697,1238,20388,
287.01005251763314,77680,697,1237,20389,
287.01084728454356,77679,698,1237,20389,
287.01295099777974,77679,698,1236,20390,
287.0150738328922,77678,699,1236,20390,
287.02155982971055,77678,699,1235,20391,
287.0221238953024,77678,699,1234,20392,
287.02485174951835,77678,699,1233,20393,
287.0248910176689,77678,698,1234,20393,
287.0256171487879,77678,698,1233,20394,
287.0264200320093,77677,699,1233,20394,
287.02852493233615,77677,698,1234,20394,
287.033201243861,77677,697,1235,20394,
287.03325874525297,77677,697,1234,20395,
287.03947501009435,77676,698,1234,20395,
287.0397815369967,77676,697,1235,20395,
287.0445727624335,77675,698,1235,20395,
287.0470793397729,77675,698,1234,20396,
287.0473070704581,77675,698,1233,20397,
287.04871568931037,77674,699,1233,20397,
287.05722653076816,77673,700,1233,20397,
287.05832886520034,77673,700,1232,20398,
287.0605740512948,77673,700,1231,20399,
287.0624465509837,77673,700,1230,20400,
287.0651220938986,77673,699,1231,20400,
287.07491728671187,77673,698,1232,20400,
287.07930246587983,77673,697,1233,20400,
287.080566651084,77673,697,1232,20401,
287.08130176451346,77673,697,1231,20402,
287.0813845707421,77673,696,1232,20402,
287.0815016297823,77673,695,1233,20402,
287.0828185955987,77673,694,1234,20402,
287.0847961675337,77672,695,1234,20402,
287.08601169272526,77671,696,1234,20402,
287.09010044375464,77670,697,1234,20402,
287.0903719334364,77670,696,1235,20402,
287.0944078803292,77669,697,1235,20402,
287.0969740760722,77669,697,1234,20403,
287.09958492099304,77669,697,1233,20404,
287.101957679826,77668,698,1233,20404,
287.10348792164785,77668,697,1234,20404,
287.1059933847829,77667,698,1234,20404,
287.10998816285934,77667,698,1233,20405,
287.110723829846,77667,698,1232,20406,
287.11556741980485,77666,699,1232,20406,
287.11956495418093,77665,700,1232,20406,
287.12400841482753,77665,700,1231,20407,
287.124113334203,77665,700,1230,20408,
287.1255064035483,77665,700,1229,20409,
287.13116106795394,77664,701,1229,20409,
287.1350627569135,77663,702,1229,20409,
287.13659652433665,77663,702,1228,20410,
287.14014699994556,77663,702,1227,20411,
287.14031283629345,77662,703,1227,20411,
287.144134411212,77662,703,1226,20412,
287.1472150961341,77662,702,1227,20412,
287.14792492292634,77661,703,1227,20412,
287.1561059702514,77660,704,1227,20412,
287.158227909382,77659,705,1227,20412,
287.15895799685694,77658,706,1227,20412,
287.16033485550486,77657,707,1227,20412,
287.16160109372026,77656,708,1227,20412,
287.16408491819243,77656,708,1226,20413,
287.1734330260616,77656,707,1227,20413,
287.1786632304149,77655,708,1227,20413,
287.17922980201945,77655,708,1226,20414,
287.1802304540388,77655,708,1225,20415,
287.1802818897419,77655,708,1224,20416,
287.1807979034264,77655,707,1225,20416,
287.1849316723852,77655,706,1226,20416,
287.1850578196275,77655,705,1227,20416,
287.18530084057284,77655,705,1226,20417,
287.18722013450156,77654,706,1226,20417,
287.18888362447836,77654,706,1225,20418,
287.18964133552345,77653,707,1225,20418,
287.1920410281364,77653,706,1226,20418,
287.1925032677109,77653,705,1227,20418,
287.19382989040713,77652,706,1227,20418,
287.1997510816175,77652,706,1226,20419,
287.2016965029041,77651,707,1226,20419,
287.2020164356604,77651,707,1225,20420,
287.2033477719849,77651,706,1226,20420,
287.20406770938956,77651,706,1225,20421,
287.20825335055815,77651,705,1226,20421,
287.21359538475326,77650,706,1226,20421,
287.2186361261648,77650,706,1225,20422,
287.2299781993695,77649,707,1225,20422,
287.24091357714855,77649,707,1224,20423,
287.24553471592185,77649,707,1223,20424,
287.25118369087403,77649,706,1224,20424,
287.2536810373497,77648,707,1224,20424,
287.2548713605324,77648,706,1225,20424,
287.2592047993633,77647,707,1225,20424,
287.2596939798803,77646,708,1225,20424,
287.2608355654555,77645,709,1225,20424,
287.26310476562776,77645,708,1226,20424,
287.2639229446553,77644,709,1226,20424,
287.2647905866882,77644,709,1225,20425,
287.2659545792763,77644,708,1226,20425,
287.26694831151525,77644,708,1225,20426,
287.2701661297732,77643,709,1225,20426,
287.2704449854291,77643,709,1224,20427,
287.27096344725715,77643,708,1225,20427,
287.27383079406303,77643,707,1226,20427,
287.27737842848273,77643,706,1227,20427,
287.27749128928696,77643,705,1228,20427,
287.2790632944304,77643,705,1227,20428,
287.2794854829286,77643,704,1228,20428,
287.28151416347197,77643,704,1227,20429,
287.28244279762265,77643,703,1228,20429,
287.29043073252785,77643,702,1229,20429,
287.29045698025334,77643,702,1228,20430,
287.29163989217017,77643,702,1227,20431,
287.29320601122583,77643,702,1226,20432,
287.2938527906633,77642,703,1226,20432,
287.29819444307304,77642,703,1225,20433,
287.3039021340022,77642,702,1226,20433,
287.307159776694,77642,701,1227,20433,
287.3099321264233,77641,702,1227,20433,
287.3100006242874,77641,701,1228,20433,
287.31526170425576,77641,701,1227,20434,
287.3186486511256,77641,701,1226,20435,
287.3188292165338,77641,701,1225,20436,
287.3200033918232,77641,700,1226,20436,
287.32117963221145,77641,700,1225,20437,
287.32190450215387,77641,700,1224,20438,
287.3222036559188,77641,699,1225,20438,
287.3250945172707,77641,698,1226,20438,
287.3261565954815,77641,698,1225,20439,
287.32825094317417,77641,698,1224,20440,
287.32876552227566,77641,698,1223,20441,
287.3309291711771,77641,697,1224,20441,
287.3313364999577,77641,697,1223,20442,
287.33378093719995,77641,696,1224,20442,
287.3358309131223,77641,696,1223,20443,
287.33980265422224,77641,696,1222,20444,
287.3443242016867,77641,696,1221,20445,
287.3453754495576,77641,695,1222,20445,
287.34654451762435,77641,695,1221,20446,
287.34704330874007,77640,696,1221,20446,
287.3492061372082,77640,695,1222,20446,
287.34988940415406,77640,695,1221,20447,
287.3525897269662,77639,696,1221,20447,
287.3528053169915,77639,696,1220,20448,
287.3538695538955,77639,695,1221,20448,
287.3541286681784,77638,696,1221,20448,
287.35417662452426,77638,696,1220,20449,
287.3545795238388,77638,695,1221,20449,
287.3638555432174,77637,696,1221,20449,
287.3643209301766,77636,697,1221,20449,
287.36459361761206,77636,696,1222,20449,
287.36476598231076,77636,695,1223,20449,
287.36904652040397,77636,694,1224,20449,
287.36983930683203,77636,693,1225,20449,
287.3731220902121,77636,692,1226,20449,
287.3817575342912,77636,692,1225,20450,
287.38439331115825,77636,691,1226,20450,
287.3876092956591,77636,690,1227,20450,
287.3936541965575,77635,691,1227,20450,
287.3937528173085,77635,690,1228,20450,
287.3971918293003,77634,691,1228,20450,
287.39749892167964,77633,692,1228,20450,
287.4028051310123,77632,693,1228,20450,
287.40403163549945,77632,693,1227,20451,
287.4049686188828,77632,693,1226,20452,
287.4051409968896,77632,693,1225,20453,
287.4073345038187,77632,693,1224,20454,
287.410675245438,77632,692,1225,20454,
287.4175136524559,77632,692,1224,20455,
287.421238253936,77632,692,1223,20456,
287.42558543284605,77632,692,1222,20457,
287.42883944720523,77631,693,1222,20457,
287.4289880377303,77631,693,1221,20458,
287.42952641690806,77631,692,1222,20458,
287.4302373728335,77631,692,1221,20459,
287.4322860997398,77631,692,1220,20460,
287.4327822298581,77631,692,1219,20461,
287.4406782805972,77630,693,1219,20461,
287.4421409748249,77630,693,1218,20462,
287.4454025765351,77630,693,1217,20463,
287.4511928650691,77630,693,1216,20464,
287.45126685018636,77630,692,1217,20464,
287.455128147838,77630,691,1218,20464,
287.4554540938963,77629,692,1218,20464,
287.4646527292039,77629,691,1219,20464,
287.46741953673734,77629,691,1218,20465,
287.4692117364965,77629,691,1217,20466,
287.47021702708616,77628,692,1217,20466,
287.4727226474739,77627,693,1217,20466,
287.47792448378533,77627,692,1218,20466,
287.478193703615,77627,691,1219,20466,
287.48447775466286,77626,692,1219,20466,
287.4850853585708,77625,693,1219,20466,
287.4861404486692,77625,693,1218,20467,
287.48798982985016,77625,692,1219,20467,
287.4894262396165,77625,691,1220,20467,
287.4974480462643,77625,690,1221,20467,
287.4974702629782,77625,689,1222,20467,
287.4998577892112,77625,689,1221,20468,
287.50161105355176,77625,688,1222,20468,
287.5019440227187,77625,688,1221,20469,
287.5025003422668,77625,688,1220,20470,
287.505129030594,77624,689,1220,20470,
287.5142689564897,77624,688,1221,20470,
287.5153331968907,77624,688,1220,20471,
287.5172380322891,77624,688,1219,20472,
287.5216029333728,77624,688,1218,20473,
287.5220929331607,77623,689,1218,20473,
287.52284880556437,77623,689,1217,20474,
287.52363781697557,77623,688,1218,20474,
287.5272699389389,77622,689,1218,20474,
287.53045769059503,77622,689,1217,20475,
287.5306112707826,77622,689,1216,20476,
287.5343596174531,77622,688,1217,20476,
287.53636455174785,77622,688,1216,20477,
287.53640395364397,77622,687,1217,20477,
287.54433883906285,77622,687,1216,20478,
287.5489702296076,77622,686,1217,20478,
287.54933855095965,77621,687,1217,20478,
287.5514290621045,77621,686,1218,20478,
287.554679008184,77620,687,1218,20478,
287.55734988322166,77620,687,1217,20479,
287.5574595380194,77620,686,1218,20479,
287.5674347769012,77620,686,1217,20480,
287.56972554855054,77619,687,1217,20480,
287.571578858412,77618,688,1217,20480,
287.57252524972347,77618,687,1218,20480,
287.5748299147535,77617,688,1218,20480,
287.575423981373,77616,689,1218,20480,
287.5758904436989,77616,688,1219,20480,
287.57596832169884,77615,689,1219,20480,
287.5768546939311,77614,690,1219,20480,
287.5773784860357,77613,691,1219,20480,
287.5788851919113,77612,692,1219,20480,
287.58031785108716,77611,693,1219,20480,
287.5812025113922,77610,694,1219,20480,
287.58418491105556,77610,693,1220,20480,
287.58629381177695,77609,694,1220,20480,
287.586906153786,77609,694,1219,20481,
287.5917951485779,77608,695,1219,20481,
287.5954614752139,77608,695,1218,20482,
287.5968589883285,77607,696,1218,20482,
287.59721789429676,77607,695,1219,20482,
287.59745211196423,77606,696,1219,20482,
287.6009248223607,77606,695,1220,20482,
287.6044673819463,77605,696,1220,20482,
287.6063421798807,77605,695,1221,20482,
287.608515000736,77605,695,1220,20483,
287.6090379628649,77605,695,1219,20484,
287.6124869331983,77605,695,1218,20485,
287.6156174406374,77605,694,1219,20485,
287.616316617464,77605,694,1218,20486,
287.622632432061,77605,694,1217,20487,
287.622888816659,77605,693,1218,20487,
287.62624692724387,77605,693,1217,20488,
287.6305033852824,77605,693,1216,20489,
287.63186309435685,77605,693,1215,20490,
287.63465411206244,77605,693,1214,20491,
287.6364169360192,77605,693,1213,20492,
287.63791038639704,77605,692,1214,20492,
287.63866257251277,77605,692,1213,20493,
287.6395842084883,77605,691,1214,20493,
287.6403261668358,77605,690,1215,20493,
287.64134694271564,77605,690,1214,20494,
287.6418052632655,77604,691,1214,20494,
287.64506806172824,77604,691,1213,20495,
287.64525503678385,77603,692,1213,20495,
287.6486458049544,77602,693,1213,20495,
287.6497148894037,77602,693,1212,20496,
287.6512318442058,77602,693,1211,20497,
287.65210440169267,77602,692,1212,20497,
287.6527505720591,77602,691,1213,20497,
287.65609344531964,77602,691,1212,20498,
287.6573373481311,77601,692,1212,20498,
287.658787890859,77601,691,1213,20498,
287.66024144728027,77600,692,1213,20498,
287.6630644292263,77600,691,1214,20498,
287.6636197887961,77600,691,1213,20499,
287.66781290366106,77600,691,1212,20500,
287.66830424231813,77599,692,1212,20500,
287.6702878235033,77598,693,1212,20500,
287.6732770516895,77598,693,1211,20501,
287.6781737991427,77598,693,1210,20502,
287.681205405545,77598,693,1209,20503,
287.682207173844,77598,692,1210,20503,
287.68359436944996,77598,692,1209,20504,
287.68406629702514,77598,691,1210,20504,
287.6846918616367,77597,692,1210,20504,
287.68823744012866,77596,693,1210,20504,
287.69197520769063,77596,692,1211,20504,
287.6993300847471,77595,693,1211,20504,
287.69968062793737,77595,693,1210,20505,
287.70055938948735,77595,692,1211,20505,
287.70149965392926,77595,691,1212,20505,
287.70820921959665,77595,691,1211,20506,
287.71450624520145,77595,691,1210,20507,
287.7160678118861,77595,690,1211,20507,
287.71664141194765,77595,689,1212,20507,
287.71805561960923,77595,688,1213,20507,
287.7246577576856,77594,689,1213,20507,
287.7263023110292,77594,689,1212,20508,
287.73160919249443,77593,690,1212,20508,
287.73176779928207,77593,689,1213,20508,
287.73309918355824,77592,690,1213,20508,
287.73451229396744,77591,691,1213,20508,
287.7384636907817,77590,692,1213,20508,
287.74549476108723,77590,691,1214,20508,
287.7464062852549,77590,691,1213,20509,
287.74907207346905,77590,691,1212,20510,
287.751879174519,77590,691,1211,20511,
287.7521512739945,77590,691,1210,20512,
287.76138222034257,77589,692,1210,20512,
287.7622217992591,77589,692,1209,20513,
287.764173109365,77589,691,1210,20513,
287.7646517602423,77589,690,1211,20513,
287.7653346213115,77589,689,1212,20513,
287.7707158922126,77589,689,1211,20514,
287.77438496094413,77589,689,1210,20515,
287.7769925321237,77589,688,1211,20515,
287.77769024885276,77589,687,1212,20515,
287.780557337811,77589,687,1211,20516,
287.78168177358026,77588,688,1211,20516,
287.78507121938526,77588,688,1210,20517,
287.78814051358063,77587,689,1210,20517,
287.7964024799281,77586,690,1210,20517,
287.8016832968905,77585,691,1210,20517,
287.80407608499786,77584,692,1210,20517,
287.80513981041236,77583,693,1210,20517,
287.80550655130696,77583,692,1211,20517,
287.8078994103815,77583,692,1210,20518,
287.8096069079322,77582,693,1210,20518,
287.8114054415662,77582,693,1209,20519,
287.81252700408226,77582,692,1210,20519,
287.813591048309,77582,692,1209,20520,
287.81586880785153,77582,692,1208,20521,
287.8172490573521,77582,692,1207,20522,
287.820066198149,77581,693,1207,20522,
287.82338554923007,77581,693,1206,20523,
287.82361826834625,77581,693,1205,20524,
287.82441309194445,77581,693,1204,20525,
287.82680943163285,77581,693,1203,20526,
287.82703018271275,77580,694,1203,20526,
287.8276735980124,77580,694,1202,20527,
287.82831925348376,77580,693,1203,20527,
287.83094803424973,77580,693,1202,20528,
287.83222881215613,77580,693,1201,20529,
287.83333567821535,77579,694,1201,20529,
287.8340257124888,77579,694,1200,20530,
287.83456569474174,77578,695,1200,20530,
287.8354341067844,77578,695,1199,20531,
287.8357262311885,77578,694,1200,20531,
287.8360457607537,77578,693,1201,20531,
287.83748412826,77577,694,1201,20531,
287.8405808326139,77577,693,1202,20531,
287.84068586737794,77576,694,1202,20531,
287.8465898682188,77575,695,1202,20531,
287.8482064196078,77574,696,1202,20531,
287.84899459081504,77574,695,1203,20531,
287.8518322638752,77573,696,1203,20531,
287.85228858625266,77572,697,1203,20531,
287.8536283005951,77571,698,1203,20531,
287.8554928050815,77571,698,1202,20532,
287.8572278271873,77570,699,1202,20532,
287.86234364850765,77570,699,1201,20533,
287.8624332121202,77570,698,1202,20533,
287.8661617290121,77570,697,1203,20533,
287.86756613390736,77570,697,1202,20534,
287.87029442647804,77569,698,1202,20534,
287.8775946474097,77569,698,1201,20535,
287.8794290893339,77568,699,1201,20535,
287.88193903845024,77568,698,1202,20535,
287.8874820940598,77568,698,1201,20536,
287.88801323697146,77568,698,1200,20537,
287.8903973573892,77568,697,1201,20537,
287.89556501159404,77567,698,1201,20537,
287.89571259076524,77566,699,1201,20537,
287.89675122607366,77566,698,1202,20537,
287.8980489365105,77565,699,1202,20537,
287.90301649560183,77564,700,1202,20537,
287.90431888397643,77564,699,1203,20537,
287.9071596508114,77564,699,1202,20538,
287.9075278855549,77564,699,1201,20539,
287.9089090086608,77563,700,1201,20539,
287.90926179404465,77562,701,1201,20539,
287.90994767574034,77561,702,1201,20539,
287.91114683830915,77561,702,1200,20540,
287.91365071311094,77561,702,1199,20541,
287.91402613652866,77561,702,1198,20542,
287.9222518329053,77560,703,1198,20542,
287.92253602993503,77560,702,1199,20542,
287.92403450086846,77559,703,1199,20542,
287.9249110803106,77559,703,1198,20543,
287.9270592955496,77558,704,1198,20543,
287.9293284046729,77558,703,1199,20543,
287.9309999712077,77558,702,1200,20543,
287.9333183742873,77558,702,1199,20544,
287.9453306593984,77557,703,1199,20544,
287.94630588318944,77557,703,1198,20545,
287.94690977506076,77556,704,1198,20545,
287.95338324845255,77555,705,1198,20545,
287.95822029233227,77554,706,1198,20545,
287.96010194868603,77554,706,1197,20546,
287.9643545138392,77554,705,1198,20546,
287.9693184641119,77554,704,1199,20546,
287.97016874301994,77554,704,1198,20547,
287.97098255533643,77554,704,1197,20548,
287.97764847878085,77553,705,1197,20548,
287.97995189710247,77553,704,1198,20548,
287.9811582820511,77553,704,1197,20549,
287.98164706396227,77553,704,1196,20550,
287.98560578636324,77552,705,1196,20550,
287.98788075944225,77552,704,1197,20550,
287.9894646228775,77552,703,1198,20550,
287.9934349612038,77552,702,1199,20550,
288.00071207603264,77551,703,1199,20550,
288.0038710619124,77551,703,1198,20551,
288.00870726128693,77551,703,1197,20552,
288.00875157984916,77550,704,1197,20552,
288.01030431008866,77550,703,1198,20552,
288.01161218188366,77549,704,1198,20552,
288.0140786738395,77549,704,1197,20553,
288.0158353602013,77548,705,1197,20553,
288.01640673286613,77548,704,1198,20553,
288.01646356879525,77547,705,1198,20553,
288.0230374763574,77547,705,1197,20554,
288.024700199592,77547,705,1196,20555,
288.0255753289363,77546,706,1196,20555,
288.0260663630324,77545,707,1196,20555,
288.0295725261938,77545,707,1195,20556,
288.03047713557277,77544,708,1195,20556,
288.03306743379864,77544,708,1194,20557,
288.0348775320093,77544,707,1195,20557,
288.034960785958,77544,706,1196,20557,
288.04021216054605,77544,705,1197,20557,
288.0443823247861,77544,704,1198,20557,
288.0498905559956,77544,704,1197,20558,
288.05140582174255,77544,704,1196,20559,
288.056138173387,77543,705,1196,20559,
288.0575013304427,77543,705,1195,20560,
288.05811431851976,77543,705,1194,20561,
288.06020988851594,77543,704,1195,20561,
288.0608988388201,77542,705,1195,20561,
288.061779666969,77542,704,1196,20561,
288.0650504752259,77542,704,1195,20562,
288.0652199104126,77541,705,1195,20562,
288.06710035873414,77541,704,1196,20562,
288.06719984218574,77541,703,1197,20562,
288.0676058934899,77540,704,1197,20562,
288.06774107117405,77540,704,1196,20563,
288.0697794794037,77540,704,1195,20564,
288.0700610368548,77539,705,1195,20564,
288.07047996476444,77539,705,1194,20565,
288.0741625175266,77539,704,1195,20565,
288.07547619601553,77538,705,1195,20565,
288.0808492317715,77538,705,1194,20566,
288.0824023913995,77537,706,1194,20566,
288.08456852754733,77536,707,1194,20566,
288.0852566397502,77535,708,1194,20566,
288.08736353813316,77534,709,1194,20566,
288.09237906629824,77534,708,1195,20566,
288.09722856015054,77534,707,1196,20566,
288.10560026935326,77534,707,1195,20567,
288.1106954162208,77534,707,1194,20568,
288.11505434588247,77533,708,1194,20568,
288.11540284192535,77533,708,1193,20569,
288.1166146280443,77533,708,1192,20570,
288.11747592376867,77533,707,1193,20570,
288.11857803170926,77533,706,1194,20570,
288.122741727685,77532,707,1194,20570,
288.1280042949037,77532,706,1195,20570,
288.1290069795669,77531,707,1195,20570,
288.13219707284446,77531,706,1196,20570,
288.13493557168607,77531,705,1197,20570,
288.1359802933588,77530,706,1197,20570,
288.137307271846,77530,706,1196,20571,
288.1376873899525,77529,707,1196,20571,
288.13848562165697,77529,706,1197,20571,
288.14036384218184,77529,706,1196,20572,
288.14114472704364,77528,707,1196,20572,
288.14309120700307,77528,707,1195,20573,
288.1454872089297,77528,706,1196,20573,
288.14764946033387,77528,705,1197,20573,
288.151094041959,77528,704,1198,20573,
288.1535530131098,77528,704,1197,20574,
288.15598748747817,77527,705,1197,20574,
288.15663289222226,77527,705,1196,20575,
288.15702067006384,77527,704,1197,20575,
288.15894240949183,77527,703,1198,20575,
288.15901791962546,77526,704,1198,20575,
288.16401455106075,77525,705,1198,20575,
288.16531683662015,77524,706,1198,20575,
288.16627016136505,77524,705,1199,20575,
288.170420620032,77524,704,1200,20575,
288.18103169724316,77523,705,1200,20575,
288.18543747421023,77523,705,1199,20576,
288.18838761759184,77522,706,1199,20576,
288.1935157259216,77522,706,1198,20577,
288.19455321289973,77522,705,1199,20577,
288.1966786842324,77522,705,1198,20578,
288.1989251455442,77522,704,1199,20578,
288.20028734882493,77522,704,1198,20579,
288.20152650050653,77522,703,1199,20579,
288.20320240546823,77521,704,1199,20579,
288.208021693963,77521,703,1200,20579,
288.2089071023704,77520,704,1200,20579,
288.21088357744776,77520,704,1199,20580,
288.2121159533585,77519,705,1199,20580,
288.2150127073322,77519,705,1198,20581,
288.21519136150346,77518,706,1198,20581,
288.2164107202864,77518,705,1199,20581,
288.2175718003185,77518,705,1198,20582,
288.2200366901019,77517,706,1198,20582,
288.2232729635949,77516,707,1198,20582,
288.22408262677214,77515,708,1198,20582,
288.22566812703076,77515,707,1199,20582,
288.2256952057661,77515,707,1198,20583,
288.2268387139492,77515,707,1197,20584,
288.2282730465478,77515,706,1198,20584,
288.2292792599862,77515,705,1199,20584,
288.2299327031153,77515,704,1200,20584,
288.23563789617685,77515,704,1199,20585,
288.2376402117368,77515,704,1198,20586,
288.23940478284095,77514,705,1198,20586,
288.2395533919864,77514,704,1199,20586,
288.23962879342554,77514,703,1200,20586,
288.24111631929975,77513,704,1200,20586,
288.24139237342234,77513,703,1201,20586,
288.2438798433439,77513,702,1202,20586,
288.2491364772597,77512,703,1202,20586,
288.257794626028,77512,703,1201,20587,
288.26177179477605,77511,704,1201,20587,
288.2627082959263,77510,705,1201,20587,
288.2667196520961,77510,705,1200,20588,
288.26793899487103,77510,704,1201,20588,
288.2832584665326,77509,705,1201,20588,
288.2835698340842,77509,705,1200,20589,
288.2836881442037,77509,705,1199,20590,
288.2881874033522,77508,706,1199,20590,
288.28923037816213,77508,705,1200,20590,
288.2894542675999,77508,704,1201,20590,
288.28985294439696,77507,705,1201,20590,
288.292609853009,77507,704,1202,20590,
288.2936760466325,77506,705,1202,20590,
288.2957826465066,77506,704,1203,20590,
288.30341994319315,77506,703,1204,20590,
288.308843826068,77505,704,1204,20590,
288.3122562541745,77505,704,1203,20591,
288.31288807076214,77504,705,1203,20591,
288.31312148181405,77503,706,1203,20591,
288.31449013873276,77503,706,1202,20592,
288.31450126827644,77503,706,1201,20593,
288.31501935881107,77503,705,1202,20593,
288.31808660268473,77503,704,1203,20593,
288.3192899133113,77503,703,1204,20593,
288.3201012751497,77502,704,1204,20593,
288.3218433099012,77502,704,1203,20594,
288.3250133145326,77502,704,1202,20595,
288.3343684461258,77502,703,1203,20595,
288.33705704329947,77502,703,1202,20596,
288.3373512441465,77501,704,1202,20596,
288.3375844408645,77500,705,1202,20596,
288.34062378733927,77499,706,1202,20596,
288.3414543288331,77499,706,1201,20597,
288.3427754636528,77499,705,1202,20597,
288.34834154426085,77498,706,1202,20597,
288.3534037569595,77498,705,1203,20597,
288.36175004699606,77497,706,1203,20597,
288.3661032300122,77497,706,1202,20598,
288.3696228007066,77497,705,1203,20598,
288.3714493636826,77497,704,1204,20598,
288.3756235438507,77497,704,1203,20599,
288.3807126636397,77497,703,1204,20599,
288.3829122885343,77497,703,1203,20600,
288.3830413290376,77497,703,1202,20601,
288.38655863473593,77497,703,1201,20602,
288.3868804136117,77497,703,1200,20603,
288.39137905645,77496,704,1200,20603,
288.3948346519656,77496,703,1201,20603,
288.40057844460205,77495,704,1201,20603,
288.40076210487047,77495,703,1202,20603,
288.40343768225864,77495,703,1201,20604,
288.4047746737109,77495,703,1200,20605,
288.40777270277937,77495,703,1199,20606,
288.4097553816061,77495,703,1198,20607,
288.40976581103814,77495,703,1197,20608,
288.41496724781797,77494,704,1197,20608,
288.4168479380445,77494,704,1196,20609,
288.41755824707064,77494,703,1197,20609,
288.4181452968571,77493,704,1197,20609,
288.4218909289979,77493,704,1196,20610,
288.42733964500906,77493,704,1195,20611,
288.4334061315511,77493,703,1196,20611,
288.434341582012,77493,702,1197,20611,
288.4385896320333,77493,701,1198,20611,
288.4392400022135,77493,700,1199,20611,
288.44257823165407,77492,701,1199,20611,
288.4513383679621,77492,700,1200,20611,
288.4542840603416,77492,699,1201,20611,
288.4558689018861,77492,698,1202,20611,
288.46026283797795,77492,698,1201,20612,
288.4613406257138,77492,698,1200,20613,
288.4615332868832,77491,699,1200,20613,
288.46515498773,77491,698,1201,20613,
288.4689186780645,77491,698,1200,20614,
288.47083439690806,77491,697,1201,20614,
288.4721754503876,77491,696,1202,20614,
288.4729562182648,77491,696,1201,20615,
288.4778327852186,77491,696,1200,20616,
288.4824691332464,77490,697,1200,20616,
288.48298047365904,77489,698,1200,20616,
288.4843247210958,77488,699,1200,20616,
288.4850908063051,77487,700,1200,20616,
288.490997987178,77487,700,1199,20617,
288.4945897119648,77487,700,1198,20618,
288.4979097935173,77486,701,1198,20618,
288.4979599457127,77486,701,1197,20619,
288.5016542390224,77485,702,1197,20619,
288.5049854389127,77484,703,1197,20619,
288.50911673510535,77483,704,1197,20619,
288.5100696746648,77483,704,1196,20620,
288.51470357384073,77483,703,1197,20620,
288.51488371223246,77482,704,1197,20620,
288.518509177092,77482,703,1198,20620,
288.52008176889893,77482,703,1197,20621,
288.5203696964201,77481,704,1197,20621,
288.5217298530644,77481,703,1198,20621,
288.5222621435792,77481,702,1199,20621,
288.52302052348506,77481,701,1200,20621,
288.5236354712945,77481,701,1199,20622,
288.5287458451474,77481,700,1200,20622,
288.5307951329898,77481,700,1199,20623,
288.53359705050553,77481,700,1198,20624,
288.5336820082556,77481,700,1197,20625,
288.53918634821025,77481,699,1198,20625,
288.53969662192867,77480,700,1198,20625,
288.5400865348624,77479,701,1198,20625,
288.54453109612086,77478,702,1198,20625,
288.5458953072545,77477,703,1198,20625,
288.54901762229036,77476,704,1198,20625,
288.55455430576245,77476,704,1197,20626,
288.56048665270674,77475,705,1197,20626,
288.561124119275,77475,705,1196,20627,
288.5634265931384,77475,705,1195,20628,
288.5646531762083,77475,705,1194,20629,
288.5676477363834,77475,705,1193,20630,
288.5697553919178,77474,706,1193,20630,
288.5721963890663,77474,705,1194,20630,
288.5724125026559,77474,704,1195,20630,
288.5737660407382,77474,703,1196,20630,
288.5761825153918,77474,703,1195,20631,
288.57735337040987,77474,702,1196,20631,
288.5776800365642,77474,701,1197,20631,
288.5814779560292,77474,701,1196,20632,
288.5847137505167,77473,702,1196,20632,
288.5855640445818,77473,702,1195,20633,
288.5897478966617,77472,703,1195,20633,
288.59585603481145,77472,703,1194,20634,
288.59806698753926,77472,702,1195,20634,
288.5986040228978,77472,702,1194,20635,
288.5997450965912,77472,702,1193,20636,
288.60009282935675,77472,702,1192,20637,
288.60284162924404,77472,701,1193,20637,
288.60349234901554,77472,700,1194,20637,
288.60375276606857,77471,701,1194,20637,
288.60461969861734,77471,700,1195,20637,
288.6101479067199,77471,700,1194,20638,
288.6120794211435,77471,700,1193,20639,
288.6159995197917,77471,699,1194,20639,
288.61617123136375,77470,700,1194,20639,
288.6168437589661,77469,701,1194,20639,
288.6217315971202,77469,701,1193,20640,
288.62238080992677,77469,701,1192,20641,
288.6233404987851,77469,700,1193,20641,
288.6308993019985,77468,701,1193,20641,
288.6384810304771,77468,701,1192,20642,
288.6418126043819,77468,700,1193,20642,
288.6425758416136,77468,699,1194,20642,
288.64441482395847,77467,700,1194,20642,
288.64802106547563,77467,700,1193,20643,
288.6517551915677,77466,701,1193,20643,
288.6538820612572,77466,700,1194,20643,
288.6567003437677,77466,700,1193,20644,
288.6568967621843,77466,699,1194,20644,
288.6597106221251,77466,699,1193,20645,
288.66127885132755,77465,700,1193,20645,
288.66167126579035,77465,699,1194,20645,
288.66635483146405,77464,700,1194,20645,
288.666995010316,77464,700,1193,20646,
288.66760507846567,77463,701,1193,20646,
288.66816593709154,77463,700,1194,20646,
288.66964771091415,77463,700,1193,20647,
288.6719757175547,77463,700,1192,20648,
288.67649249205107,77463,699,1193,20648,
288.6787271344616,77463,698,1194,20648,
288.6800642160202,77463,698,1193,20649,
288.6851602567648,77463,697,1194,20649,
288.68955285228753,77463,696,1195,20649,
288.6918628379718,77463,695,1196,20649,
288.69321568385254,77463,694,1197,20649,
288.69753690202634,77463,693,1198,20649,
288.69934966963604,77463,692,1199,20649,
288.7033701113807,77463,691,1200,20649,
288.70798310745755,77463,690,1201,20649,
288.71055320632763,77462,691,1201,20649,
288.712187872617,77461,692,1201,20649,
288.71795867585604,77461,691,1202,20649,
288.721255667595,77460,692,1202,20649,
288.72165404317946,77460,692,1201,20650,
288.7234961048428,77459,693,1201,20650,
288.7266181511113,77459,693,1200,20651,
288.7283319426865,77458,694,1200,20651,
288.7311015003218,77458,693,1201,20651,
288.7321097498329,77457,694,1201,20651,
288.7340381398422,77457,694,1200,20652,
288.7356010913293,77456,695,1200,20652,
288.7419401328635,77456,694,1201,20652,
288.74317534595065,77456,693,1202,20652,
288.74409827861007,77456,692,1203,20652,
288.7443214362021,77455,693,1203,20652,
288.74637721274235,77455,692,1204,20652,
288.7471059124165,77455,692,1203,20653,
288.74772939008886,77455,691,1204,20653,
288.74878904007227,77455,691,1203,20654,
288.7505568687341,77455,690,1204,20654,
288.7586214705816,77455,690,1203,20655,
288.7644134545129,77454,691,1203,20655,
288.7667409386609,77453,692,1203,20655,
288.77664149671307,77452,693,1203,20655,
288.7842975391365,77452,693,1202,20656,
288.78535298661427,77451,694,1202,20656,
288.788605941623,77451,693,1203,20656,
288.79160644794104,77450,694,1203,20656,
288.793667080666,77450,693,1204,20656,
288.7963333521659,77449,694,1204,20656,
288.7986826969431,77449,694,1203,20657,
288.7993396479642,77449,693,1204,20657,
288.7996131805472,77449,692,1205,20657,
288.8000240010882,77449,692,1204,20658,
288.80139492257206,77449,692,1203,20659,
288.8024372422372,77449,691,1204,20659,
288.80302725036756,77449,691,1203,20660,
288.803464913072,77448,692,1203,20660,
288.8053561498799,77448,692,1202,20661,
288.80643582383414,77448,691,1203,20661,
288.8084431770601,77447,692,1203,20661,
288.80931079254486,77447,691,1204,20661,
288.8131891775749,77446,692,1204,20661,
288.81470912647427,77445,693,1204,20661,
288.8164423500019,77445,693,1203,20662,
288.81844805623643,77444,694,1203,20662,
288.8212142604717,77444,693,1204,20662,
288.82178516200463,77443,694,1204,20662,
288.8221777663296,77442,695,1204,20662,
288.8318301197091,77442,695,1203,20663,
288.8344155540449,77442,694,1204,20663,
288.8384174549008,77442,694,1203,20664,
288.84312598859515,77442,693,1204,20664,
288.8432740794643,77441,694,1204,20664,
288.84415741675815,77441,693,1205,20664,
288.8448511872065,77440,694,1205,20664,
288.8450051676585,77440,694,1204,20665,
288.84531833744614,77439,695,1204,20665,
288.8458919704475,77439,695,1203,20666,
288.85399245150336,77439,695,1202,20667,
288.8575642946766,77439,694,1203,20667,
288.87269434237686,77438,695,1203,20667,
288.8739584987867,77438,694,1204,20667,
288.8848115378242,77438,694,1203,20668,
288.8853257332162,77438,693,1204,20668,
288.88965709228705,77437,694,1204,20668,
288.8898318710078,77437,693,1205,20668,
288.89198613946076,77437,693,1204,20669,
288.89802862113726,77437,693,1203,20670,
288.9029224219451,77437,693,1202,20671,
288.9048016863914,77437,693,1201,20672,
288.90784699585646,77437,692,1202,20672,
288.9090112522331,77436,693,1202,20672,
288.90910126581264,77436,693,1201,20673,
288.9114247952751,77436,693,1200,20674,
288.91471339259937,77436,692,1201,20674,
288.91834739979544,77436,691,1202,20674,
288.91854683173625,77436,690,1203,20674,
288.9215144705778,77435,691,1203,20674,
288.92403323986866,77435,691,1202,20675,
288.9257374150524,77434,692,1202,20675,
288.9264576727086,77434,692,1201,20676,
288.92701859957646,77434,691,1202,20676,
288.9279505918482,77434,690,1203,20676,
288.92999705192403,77434,690,1202,20677,
288.93306230447405,77433,691,1202,20677,
288.93390597989804,77432,692,1202,20677,
288.93809274958073,77432,691,1203,20677,
288.9388802451256,77432,691,1202,20678,
288.939669461551,77432,691,1201,20679,
288.94184944454764,77432,691,1200,20680,
288.9422497571048,77432,690,1201,20680,
288.9423149313561,77431,691,1201,20680,
288.9436008720896,77431,690,1202,20680,
288.946516685389,77431,690,1201,20681,
288.9468850834804,77430,691,1201,20681,
288.94747722250764,77430,690,1202,20681,
288.94820721502526,77429,691,1202,20681,
288.9515858548314,77428,692,1202,20681,
288.9523090009864,77428,691,1203,20681,
288.9524569076255,77428,690,1204,20681,
288.95313957135437,77428,690,1203,20682,
288.95489505035323,77427,691,1203,20682,
288.95547627791603,77427,691,1202,20683,
288.9601542994473,77427,690,1203,20683,
288.9651437589571,77427,689,1204,20683,
288.9658550805555,77427,689,1203,20684,
288.9674390186253,77427,689,1202,20685,
288.97027692471653,77426,690,1202,20685,
288.9737941996209,77425,691,1202,20685,
288.97402217672345,77425,690,1203,20685,
288.97625839426695,77425,689,1204,20685,
288.9768035987711,77425,689,1203,20686,
288.9775179387951,77425,689,1202,20687,
288.9858087622373,77424,690,1202,20687,
288.98625233113324,77424,689,1203,20687,
288.9867114596629,77423,690,1203,20687,
288.98751069514515,77423,689,1204,20687,
288.98829467089314,77422,690,1204,20687,
288.9894843067152,77422,689,1205,20687,
288.9976631027796,77422,688,1206,20687,
288.9994868165113,77422,688,1205,20688,
289.002969717269,77422,688,1204,20689,
289.00610784836056,77422,687,1205,20689,
289.0065342241733,77422,686,1206,20689,
289.015967679812,77421,687,1206,20689,
289.016914663892,77420,688,1206,20689,
289.01755421982364,77420,688,1205,20690,
289.0187265854965,77420,687,1206,20690,
289.02292190093976,77419,688,1206,20690,
289.0235021600099,77418,689,1206,20690,
289.02412075576297,77418,688,1207,20690,
289.0247821747568,77417,689,1207,20690,
289.0278597638602,77417,688,1208,20690,
289.0280547432842,77417,688,1207,20691,
289.02918012028084,77417,687,1208,20691,
289.0309301709208,77416,688,1208,20691,
289.0355418038427,77415,689,1208,20691,
289.0395844262113,77415,689,1207,20692,
289.03962162609855,77414,690,1207,20692,
289.04211611841833,77414,690,1206,20693,
289.04234287353256,77414,689,1207,20693,
289.04291272425576,77414,689,1206,20694,
289.04337457556323,77414,689,1205,20695,
289.0434225304339,77414,689,1204,20696,
289.0450286065089,77414,689,1203,20697,
289.0499706969945,77413,690,1203,20697,
289.0518307914012,77412,691,1203,20697,
289.0578719883313,77412,690,1204,20697,
289.06004326495685,77412,690,1203,20698,
289.0608886435122,77412,690,1202,20699,
289.06375012251846,77412,689,1203,20699,
289.0665792362055,77412,689,1202,20700,
289.06895858322633,77412,689,1201,20701,
289.0700177361368,77412,688,1202,20701,
289.0709923605931,77412,688,1201,20702,
289.071982256587,77411,689,1201,20702,
289.0725445999552,77411,688,1202,20702,
289.07481666392914,77411,687,1203,20702,
289.07512743914623,77411,686,1204,20702,
289.0805824169209,77410,687,1204,20702,
289.0829634129023,77410,686,1205,20702,
289.09175528722176,77410,686,1204,20703,
289.09214379089,77410,685,1205,20703,
289.0971574080921,77410,685,1204,20704,
289.09911990604974,77410,684,1205,20704,
289.0995984464105,77410,683,1206,20704,
289.102388471745,77410,683,1205,20705,
289.1068101027388,77410,683,1204,20706,
289.10687724194537,77410,683,1203,20707,
289.1081141982563,77410,683,1202,20708,
289.10909317661356,77409,684,1202,20708,
289.11212091358794,77409,684,1201,20709,
289.1132928360987,77409,683,1202,20709,
289.1156836075493,77408,684,1202,20709,
289.1184932904063,77408,684,1201,20710,
289.12037604662436,77408,684,1200,20711,
289.12209341376047,77408,683,1201,20711,
289.12409119613454,77407,684,1201,20711,
289.12427300478316,77406,685,1201,20711,
289.1287578778022,77406,684,1202,20711,
289.13004906561747,77406,683,1203,20711,
289.13036735043596,77406,682,1204,20711,
289.1305673127803,77406,682,1203,20712,
289.1395042005542,77405,683,1203,20712,
289.1403912428634,77405,682,1204,20712,
289.14143230548507,77405,681,1205,20712,
289.1433234333757,77405,680,1206,20712,
289.14581544801075,77405,679,1207,20712,
289.1466630393637,77405,679,1206,20713,
289.14749635417326,77405,679,1205,20714,
289.150630354724,77405,679,1204,20715,
289.1507681626707,77404,680,1204,20715,
289.15454183768435,77404,680,1203,20716,
289.15472611133225,77404,679,1204,20716,
289.1616898219749,77404,678,1205,20716,
289.16377958642784,77404,678,1204,20717,
289.16510719797685,77404,678,1203,20718,
289.16731378083006,77403,679,1203,20718,
289.17040367261,77403,678,1204,20718,
289.1759532852463,77403,678,1203,20719,
289.1765682288726,77403,678,1202,20720,
289.1831510098229,77403,678,1201,20721,
289.1837824188831,77402,679,1201,20721,
289.18913914030713,77401,680,1201,20721,
289.19170373004647,77401,679,1202,20721,
289.19420751316017,77400,680,1202,20721,
289.1948494075979,77400,680,1201,20722,
289.1975821715634,77400,680,1200,20723,
289.19973689385085,77400,680,1199,20724,
289.20422024037606,77400,679,1200,20724,
289.2043113581503,77400,679,1199,20725,
289.2056962933266,77400,679,1198,20726,
289.2061254807335,77400,678,1199,20726,
289.20656031964575,77400,678,1198,20727,
289.20941524481987,77399,679,1198,20727,
289.21467658526075,77399,678,1199,20727,
289.22000855630927,77399,677,1200,20727,
289.22045925284834,77399,677,1199,20728,
289.22055722426376,77399,676,1200,20728,
289.22564308523425,77398,677,1200,20728,
289.22838751939935,77398,676,1201,20728,
289.2292757815542,77398,676,1200,20729,
289.2317286829672,77397,677,1200,20729,
289.2331234971632,77397,677,1199,20730,
289.2355754336527,77396,678,1199,20730,
289.2395973919535,77396,677,1200,20730,
289.24019398382814,77396,677,1199,20731,
289.2415759035343,77396,676,1200,20731,
289.242644046823,77396,675,1201,20731,
289.2456703187217,77395,676,1201,20731,
289.24675062490815,77395,676,1200,20732,
289.2467562516323,77395,675,1201,20732,
289.2486153868619,77394,676,1201,20732,
289.2493028033276,77393,677,1201,20732,
289.25210272770636,77393,677,1200,20733,
289.2600585138209,77393,676,1201,20733,
289.26290550313615,77393,676,1200,20734,
289.2648898431161,77392,677,1200,20734,
289.26565096706713,77391,678,1200,20734,
289.26853435756027,77390,679,1200,20734,
289.27298570147326,77390,678,1201,20734,
289.27510916733485,77389,679,1201,20734,
289.27611588934246,77389,679,1200,20735,
289.2871417535355,77389,679,1199,20736,
289.2931997921748,77389,678,1200,20736,
289.29435697245486,77389,677,1201,20736,
289.2992849997604,77389,677,1200,20737,
289.3091749061237,77388,678,1200,20737,
289.31161906435545,77387,679,1200,20737,
289.3127351995657,77386,680,1200,20737,
289.3155693412515,77385,681,1200,20737,
289.31865263232874,77385,680,1201,20737,
289.32082986964673,77384,681,1201,20737,
289.32089270023414,77384,680,1202,20737,
289.3217190158639,77383,681,1202,20737,
289.322091510733,77383,681,1201,20738,
289.33350517176666,77383,680,1202,20738,
289.3337138870456,77383,679,1203,20738,
289.33793435265443,77382,680,1203,20738,
289.34092098600786,77381,681,1203,20738,
289.3426615779182,77381,681,1202,20739,
289.3433689058109,77380,682,1202,20739,
289.34768305007185,77380,682,1201,20740,
289.3481941771601,77380,681,1202,20740,
289.35075949310857,77379,682,1202,20740,
289.35349872093946,77379,682,1201,20741,
289.3540552329433,77379,681,1202,20741,
289.35496319977256,77378,682,1202,20741,
289.3582361277065,77378,681,1203,20741,
289.3638036082698,77378,680,1204,20741,
289.3687021046843,77378,679,1205,20741,
289.36923123593573,77378,679,1204,20742,
289.37002319775286,77378,679,1203,20743,
289.37304901048765,77378,679,1202,20744,
289.37365735926073,77377,680,1202,20744,
289.37404348656224,77376,681,1202,20744,
289.3784187033353,77376,681,1201,20745,
289.381358700998,77376,681,1200,20746,
289.3851318824522,77376,681,1199,20747,
289.38939401101925,77376,680,1200,20747,
289.39338036783346,77376,679,1201,20747,
289.3983584166025,77376,678,1202,20747,
289.39900702148566,77376,678,1201,20748,
289.4018584985583,77376,678,1200,20749,
289.4023027021398,77376,677,1201,20749,
289.40237520194506,77375,678,1201,20749,
289.4056589247973,77374,679,1201,20749,
289.407445863282,77374,679,1200,20750,
289.4087618047355,77374,678,1201,20750,
289.41332335652385,77374,678,1200,20751,
289.41432041247657,77374,677,1201,20751,
289.4159798256465,77374,676,1202,20751,
289.41599274007655,77374,676,1201,20752,
289.41751309081894,77374,675,1202,20752,
289.4180373455764,77373,676,1202,20752,
289.4213361109891,77373,676,1201,20753,
289.4233134932057,77373,676,1200,20754,
289.4253995404257,77372,677,1200,20754,
289.426191359976,77372,677,1199,20755,
289.42991260209646,77372,676,1200,20755,
289.43388200432986,77371,677,1200,20755,
289.43693479241097,77370,678,1200,20755,
289.437575955991,77370,678,1199,20756,
289.4395393222205,77369,679,1199,20756,
289.440596726916,77369,679,1198,20757,
289.4409209286162,77369,679,1197,20758,
289.44124039984274,77369,678,1198,20758,
289.44587100340897,77368,679,1198,20758,
289.4461026499104,77368,679,1197,20759,
289.44731972156393,77367,680,1197,20759,
289.4483615999592,77367,680,1196,20760,
289.45221965216126,77367,680,1195,20761,
289.45314393251005,77367,680,1194,20762,
289.45351009665046,77367,679,1195,20762,
289.4614237056005,77367,679,1194,20763,
289.46594153330966,77366,680,1194,20763,
289.4661855034717,77365,681,1194,20763,
289.4676719993411,77364,682,1194,20763,
289.4733831302831,77364,681,1195,20763,
289.4784742873308,77363,682,1195,20763,
289.48417119311455,77362,683,1195,20763,
289.4879325221977,77362,682,1196,20763,
289.489947820145,77362,682,1195,20764,
289.495491826812,77361,683,1195,20764,
289.5003634816511,77361,682,1196,20764,
289.5049627894626,77361,682,1195,20765,
289.5060063867295,77361,682,1194,20766,
289.50644017648534,77361,681,1195,20766,
289.50707141926364,77361,680,1196,20766,
289.50900203262626,77361,680,1195,20767,
289.51083004579704,77360,681,1195,20767,
289.51281847034755,77359,682,1195,20767,
289.5141790562387,77359,681,1196,20767,
289.5187521168493,77359,680,1197,20767,
289.52552522214773,77359,679,1198,20767,
289.5318030878071,77359,678,1199,20767,
289.5409646161103,77359,677,1200,20767,
289.54162308329546,77359,677,1199,20768,
289.5450543520517,77359,676,1200,20768,
289.55635193286764,77358,677,1200,20768,
289.55740818907725,77358,676,1201,20768,
289.5615471533257,77358,676,1200,20769,
289.5695651511647,77358,676,1199,20770,
289.57156550256013,77358,676,1198,20771,
289.5766848783077,77357,677,1198,20771,
289.5797979409648,77357,677,1197,20772,
289.58061851760516,77357,677,1196,20773,
289.58094094294506,77356,678,1196,20773,
289.5847055562242,77356,678,1195,20774,
289.5853381597947,77355,679,1195,20774,
289.59115072767753,77354,680,1195,20774,
289.59360322825245,77354,679,1196,20774,
289.5942165670725,77354,678,1197,20774,
289.59482518570917,77353,679,1197,20774,
289.5962579270075,77353,679,1196,20775,
289.59863176932083,77353,678,1197,20775,
289.59941543721874,77353,677,1198,20775,
289.604017658867,77353,677,1197,20776,
289.610296437772,77353,677,1196,20777,
289.6105597621831,77352,678,1196,20777,
289.61084942856365,77352,677,1197,20777,
289.6109014470395,77351,678,1197,20777,
289.6156525474954,77350,679,1197,20777,
289.61840833869604,77350,679,1196,20778,
289.6199553518367,77350,678,1197,20778,
289.62320805951794,77349,679,1197,20778,
289.6255444268295,77349,678,1198,20778,
289.632783857432,77349,677,1199,20778,
289.6332846538528,77349,676,1200,20778,
289.63608075702626,77349,675,1201,20778,
289.64165880636,77348,676,1201,20778,
289.6417223113972,77348,676,1200,20779,
289.64294423623875,77348,675,1201,20779,
289.6447972210413,77348,674,1202,20779,
289.64836467591147,77347,675,1202,20779,
289.6500031647517,77347,674,1203,20779,
289.6519350250381,77347,673,1204,20779,
289.652490609012,77347,672,1205,20779,
289.6547330294424,77347,671,1206,20779,
289.6554735591242,77347,671,1205,20780,
289.65603271270277,77347,671,1204,20781,
289.66279391208866,77346,672,1204,20781,
289.66764035801583,77345,673,1204,20781,
289.6717996880283,77345,673,1203,20782,
289.6730001192014,77344,674,1203,20782,
289.6742136935838,77344,674,1202,20783,
289.6806225981255,77344,674,1201,20784,
289.6809263128332,77343,675,1201,20784,
289.6822120914685,77343,675,1200,20785,
289.6838466652788,77343,675,1199,20786,
289.68513808655393,77342,676,1199,20786,
289.6854978341036,77342,676,1198,20787,
289.68652007746834,77342,675,1199,20787,
289.68842939689165,77341,676,1199,20787,
289.6949030298834,77340,677,1199,20787,
289.6978383095558,77340,677,1198,20788,
289.6990516252484,77340,677,1197,20789,
289.6999025221024,77340,677,1196,20790,
289.70265314639323,77339,678,1196,20790,
289.70746009791765,77339,677,1197,20790,
289.7167211619977,77339,676,1198,20790,
289.72480579580076,77339,675,1199,20790,
289.7357959858592,77339,675,1198,20791,
289.7379307561114,77339,674,1199,20791,
289.73898210139106,77338,675,1199,20791,
289.7397463771403,77338,675,1198,20792,
289.7437931173754,77337,676,1198,20792,
289.7500044691116,77337,676,1197,20793,
289.7505667529408,77337,675,1198,20793,
289.7520496186437,77337,674,1199,20793,
289.75400716970233,77336,675,1199,20793,
289.7542719870696,77336,674,1200,20793,
289.7559752320608,77336,674,1199,20794,
289.7561486353974,77336,674,1198,20795,
289.7572217883524,77335,675,1198,20795,
289.757433378238,77334,676,1198,20795,
289.7591473526532,77333,677,1198,20795,
289.7593753607705,77333,677,1197,20796,
289.7682032791108,77333,676,1198,20796,
289.7687109337353,77332,677,1198,20796,
289.77666992771964,77332,677,1197,20797,
289.78269872084195,77332,677,1196,20798,
289.78417751136334,77331,678,1196,20798,
289.78517640230626,77331,677,1197,20798,
289.7900767248605,77331,676,1198,20798,
289.7926798990894,77331,676,1197,20799,
289.7930305030189,77331,675,1198,20799,
289.7940296052754,77331,674,1199,20799,
289.7961840811572,77331,674,1198,20800,
289.80102097947923,77330,675,1198,20800,
289.80119654219067,77329,676,1198,20800,
289.8016684589936,77329,675,1199,20800,
289.807896441598,77329,674,1200,20800,
289.8087164372969,77328,675,1200,20800,
289.81107948226855,77328,675,1199,20801,
289.8143551417136,77327,676,1199,20801,
289.8145152378143,77327,675,1200,20801,
289.8160153072083,77326,676,1200,20801,
289.81625965588415,77326,675,1201,20801,
289.817567214088,77326,675,1200,20802,
289.8182718193654,77325,676,1200,20802,
289.8191441506146,77324,677,1200,20802,
289.8218943432463,77323,678,1200,20802,
289.8220937787361,77323,678,1199,20803,
289.82580394717087,77323,677,1200,20803,
289.8320641969637,77323,677,1199,20804,
289.8335257853771,77323,676,1200,20804,
289.8374190323978,77323,676,1199,20805,
289.84121827520306,77323,676,1198,20806,
289.8422095573697,77322,677,1198,20806,
289.84328903355873,77322,676,1199,20806,
289.84451050989435,77322,676,1198,20807,
289.8446376291346,77322,675,1199,20807,
289.8475837937994,77322,675,1198,20808,
289.8548826984214,77322,675,1197,20809,
289.85771855313266,77322,674,1198,20809,
289.86131071635845,77321,675,1198,20809,
289.86334388678193,77320,676,1198,20809,
289.87666839982376,77319,677,1198,20809,
289.8806541517821,77318,678,1198,20809,
289.88123473147016,77318,677,1199,20809,
289.8820409153271,77318,677,1198,20810,
289.8825308248393,77317,678,1198,20810,
289.89120939088,77316,679,1198,20810,
289.90262298201395,77316,678,1199,20810,
289.90377772471044,77315,679,1199,20810,
289.9079352758192,77314,680,1199,20810,
289.90940694535595,77314,679,1200,20810,
289.9122852722491,77314,678,1201,20810,
289.9211747241441,77313,679,1201,20810,
289.9268037644326,77312,680,1201,20810,
289.9294718885401,77311,681,1201,20810,
289.9294777742009,77310,682,1201,20810,
289.9324040154575,77310,682,1200,20811,
289.93279318261585,77309,683,1200,20811,
289.93289395615705,77308,684,1200,20811,
289.9358661061058,77308,683,1201,20811,
289.93842743845033,77308,683,1200,20812,
289.9412010692079,77308,682,1201,20812,
289.9459278364781,77308,681,1202,20812,
289.9469496635805,77307,682,1202,20812,
289.9475380362107,77306,683,1202,20812,
289.9512045066529,77306,682,1203,20812,
289.9591781876898,77306,682,1202,20813,
289.9704162448223,77306,681,1203,20813,
289.97088909984063,77305,682,1203,20813,
289.97636425011035,77305,682,1202,20814,
289.9807452766763,77304,683,1202,20814,
289.98306330919917,77304,683,1201,20815,
289.98356372057134,77304,682,1202,20815,
289.99225828235546,77304,682,1201,20816,
289.9928258008106,77304,682,1200,20817,
289.99341140812436,77304,682,1199,20818,
289.99343025798777,77304,681,1200,20818,
289.9940487114552,77304,681,1199,20819,
289.99409424048804,77303,682,1199,20819,
289.9964962966036,77302,683,1199,20819,
289.9966781043693,77302,682,1200,20819,
289.99861845103237,77302,681,1201,20819,
290.0002051770302,77302,681,1200,20820,
290.014845370802,77302,680,1201,20820,
290.01715664821285,77302,679,1202,20820,
290.0261949083109,77302,679,1201,20821,
290.0331694782043,77302,679,1200,20822,
290.0339893517282,77302,678,1201,20822,
290.0361819847003,77302,678,1200,20823,
290.0377235407178,77302,678,1199,20824,
290.0397657624264,77302,677,1200,20824,
290.04684727727226,77302,676,1201,20824,
290.0502303956854,77302,675,1202,20824,
290.0518156021508,77302,675,1201,20825,
290.05288908344266,77301,676,1201,20825,
290.0532900542529,77301,675,1202,20825,
290.0534520674237,77301,675,1201,20826,
290.0550209151732,77300,676,1201,20826,
290.05844825182226,77300,676,1200,20827,
290.05857735799236,77299,677,1200,20827,
290.05983868075316,77298,678,1200,20827,
290.0601614487237,77298,678,1199,20828,
290.06259251754767,77297,679,1199,20828,
290.07539308316086,77297,679,1198,20829,
290.0761930677932,77297,679,1197,20830,
290.0802100601217,77297,679,1196,20831,
290.0804557201942,77297,678,1197,20831,
290.0825303654391,77297,677,1198,20831,
290.097788245678,77297,677,1197,20832,
290.09896833630165,77297,677,1196,20833,
290.10179759027096,77297,676,1197,20833,
290.1022596115146,77297,676,1196,20834,
290.10242642407223,77297,676,1195,20835,
290.1030835147617,77296,677,1195,20835,
290.1057041295989,77295,678,1195,20835,
290.1070730568213,77294,679,1195,20835,
290.10824865099295,77294,678,1196,20835,
290.10961680605885,77293,679,1196,20835,
290.11149874647964,77292,680,1196,20835,
290.11846013337185,77292,679,1197,20835,
290.1213279276058,77292,679,1196,20836,
290.1247492033866,77292,679,1195,20837,
290.125896651717,77291,680,1195,20837,
290.1264189167879,77291,680,1194,20838,
290.12954901733,77291,680,1193,20839,
290.130701103936,77291,679,1194,20839,
290.13468140041937,77291,678,1195,20839,
290.13644448879364,77291,677,1196,20839,
290.1370800481491,77290,678,1196,20839,
290.13765603965686,77290,678,1195,20840,
290.14328787655774,77290,677,1196,20840,
290.14476862481564,77290,676,1197,20840,
290.1467653858651,77289,677,1197,20840,
290.1526625163908,77288,678,1197,20840,
290.15615936780915,77288,677,1198,20840,
290.15647354131096,77288,677,1197,20841,
290.1573884808838,77287,678,1197,20841,
290.15954940269387,77286,679,1197,20841,
290.1596857899812,77286,679,1196,20842,
290.16686656656236,77286,679,1195,20843,
290.1672886005829,77286,678,1196,20843,
290.1696865752141,77286,677,1197,20843,
290.17225802064485,77285,678,1197,20843,
290.17325449104544,77284,679,1197,20843,
290.1744103108255,77284,678,1198,20843,
290.174877554981,77284,677,1199,20843,
290.1764880576155,77284,676,1200,20843,
290.1773125520241,77284,675,1201,20843,
290.1851258260995,77283,676,1201,20843,
290.18893151963795,77283,675,1202,20843,
290.1892116551913,77283,675,1201,20844,
290.1906590822075,77283,675,1200,20845,
290.19088127290956,77283,674,1201,20845,
290.19823697026686,77283,674,1200,20846,
290.2000783538601,77283,673,1201,20846,
290.203821335835,77282,674,1201,20846,
290.2084042872388,77281,675,1201,20846,
290.2110600268248,77280,676,1201,20846,
290.2127887538022,77280,676,1200,20847,
290.2178825378548,77280,675,1201,20847,
290.2186466505822,77280,674,1202,20847,
290.2188675816767,77279,675,1202,20847,
290.22419257726557,77279,675,1201,20848,
290.22913793164366,77279,674,1202,20848,
290.229958468791,77279,673,1203,20848,
290.23090780074193,77279,673,1202,20849,
290.2320361498942,77279,672,1203,20849,
290.23239361703935,77278,673,1203,20849,
290.2330310355528,77278,673,1202,20850,
290.23340830535216,77278,673,1201,20851,
290.2355267250243,77278,672,1202,20851,
290.2397882143439,77278,672,1201,20852,
290.2419632215621,77278,671,1202,20852,
290.2435225184598,77277,672,1202,20852,
290.24389254438967,77277,671,1203,20852,
290.25012930788193,77277,671,1202,20853,
290.2524524611998,77277,670,1203,20853,
290.2571088674552,77277,669,1204,20853,
290.2591218562934,77277,669,1203,20854,
290.2594566029376,77277,669,1202,20855,
290.2604839049796,77277,668,1203,20855,
290.2609871891738,77277,668,1202,20856,
290.2620704624452,77277,667,1203,20856,
290.26314585096253,77276,668,1203,20856,
290.26401917429627,77275,669,1203,20856,
290.2648205870268,77274,670,1203,20856,
290.26598027363156,77274,669,1204,20856,
290.26618635876895,77274,668,1205,20856,
290.26625088811574,77274,668,1204,20857,
290.26903542224545,77274,668,1203,20858,
290.2699533367467,77274,667,1204,20858,
290.27380585799693,77274,666,1205,20858,
290.2773339793092,77274,665,1206,20858,
290.2793342804806,77274,664,1207,20858,
290.28282937221013,77273,665,1207,20858,
290.2841854998882,77272,666,1207,20858,
290.28626233896523,77271,667,1207,20858,
290.28819321982695,77270,668,1207,20858,
290.2888793598639,77269,669,1207,20858,
290.289179626002,77269,669,1206,20859,
290.2941784177361,77269,669,1205,20860,
290.30104736657273,77268,670,1205,20860,
290.30500165405977,77268,669,1206,20860,
290.3050785002121,77268,668,1207,20860,
290.3071304270604,77268,668,1206,20861,
290.30904081930095,77268,667,1207,20861,
290.3091745355211,77267,668,1207,20861,
290.31806008181945,77266,669,1207,20861,
290.3203226031217,77266,669,1206,20862,
290.3268790659681,77266,668,1207,20862,
290.3284108971687,77266,668,1206,20863,
290.3339006802378,77266,667,1207,20863,
290.333958524608,77265,668,1207,20863,
290.33430208192755,77264,669,1207,20863,
290.3366164841303,77264,669,1206,20864,
290.3449635109472,77264,669,1205,20865,
290.3470752127704,77264,669,1204,20866,
290.3473862354634,77264,669,1203,20867,
290.3487765267026,77264,669,1202,20868,
290.3491655080219,77264,669,1201,20869,
290.354260338118,77263,670,1201,20869,
290.3561354116635,77263,670,1200,20870,
290.36055379669176,77263,670,1199,20871,
290.36138252710015,77263,670,1198,20872,
290.36564110991395,77263,670,1197,20873,
290.37070616586516,77263,670,1196,20874,
290.37586574528586,77262,671,1196,20874,
290.3795813771307,77261,672,1196,20874,
290.38067198215765,77260,673,1196,20874,
290.38247565131013,77260,672,1197,20874,
290.384873604018,77260,672,1196,20875,
290.3891392668738,77260,671,1197,20875,
290.39033379968674,77260,670,1198,20875,
290.39916553129876,77260,670,1197,20876,
290.4011220361424,77260,670,1196,20877,
290.40572771814044,77260,669,1197,20877,
290.4154765736688,77260,668,1198,20877,
290.4190713168364,77260,668,1197,20878,
290.42152102580985,77260,667,1198,20878,
290.42463099951055,77259,668,1198,20878,
290.42551731497275,77258,669,1198,20878,
290.4258355600364,77258,669,1197,20879,
290.42692527263006,77258,669,1196,20880,
290.4276023485048,77258,668,1197,20880,
290.4336172421132,77257,669,1197,20880,
290.4346459628235,77256,670,1197,20880,
290.4393062957093,77256,669,1198,20880,
290.43956324000584,77256,669,1197,20881,
290.44980025148374,77256,669,1196,20882,
290.4529555789479,77255,670,1196,20882,
290.4536403204029,77255,670,1195,20883,
290.4560586814096,77255,670,1194,20884,
290.46472430200663,77254,671,1194,20884,
290.4690606768665,77254,670,1195,20884,
290.472649188234,77254,669,1196,20884,
290.47447302280926,77254,668,1197,20884,
290.4755994448984,77253,669,1197,20884,
290.4774347364556,77253,669,1196,20885,
290.47911148381866,77252,670,1196,20885,
290.4805282276059,77252,670,1195,20886,
290.48163709350956,77251,671,1195,20886,
290.4866622010714,77251,671,1194,20887,
290.48687140435504,77250,672,1194,20887,
290.4874118170799,77249,673,1194,20887,
290.49066385419854,77248,674,1194,20887,
290.4911413967214,77248,674,1193,20888,
290.49138893408116,77247,675,1193,20888,
290.49419468240484,77247,674,1194,20888,
290.4942728976368,77247,674,1193,20889,
290.49884418025164,77247,674,1192,20890,
290.4991092076608,77246,675,1192,20890,
290.4993552041441,77246,675,1191,20891,
290.500074308485,77246,674,1192,20891,
290.50077028173587,77245,675,1192,20891,
290.5032316696608,77245,674,1193,20891,
290.5089440413191,77244,675,1193,20891,
290.5119301746224,77243,676,1193,20891,
290.5145416854349,77243,675,1194,20891,
290.5151335796345,77242,676,1194,20891,
290.51530882144425,77242,675,1195,20891,
290.5193299000601,77241,676,1195,20891,
290.5194134627944,77241,676,1194,20892,
290.52484900901794,77241,676,1193,20893,
290.52668825520493,77241,675,1194,20893,
290.53068948417194,77241,675,1193,20894,
290.53485544190664,77240,676,1193,20894,
290.5399361441231,77239,677,1193,20894,
290.54113472423376,77239,677,1192,20895,
290.5430569108487,77239,676,1193,20895,
290.5433828930485,77238,677,1193,20895,
290.5453792953017,77238,677,1192,20896,
290.54696440889137,77237,678,1192,20896,
290.54740283508113,77236,679,1192,20896,
290.5474847518791,77236,679,1191,20897,
290.5514181474939,77236,678,1192,20897,
290.55172281491537,77236,678,1191,20898,
290.5547829793442,77235,679,1191,20898,
290.5590765683056,77235,678,1192,20898,
290.56390951476277,77235,678,1191,20899,
290.56623756366764,77235,677,1192,20899,
290.56800805222247,77235,677,1191,20900,
290.5709042868094,77235,677,1190,20901,
290.5720194384237,77234,678,1190,20901,
290.5722560502989,77233,679,1190,20901,
290.57337630426963,77233,679,1189,20902,
290.5754793638559,77233,679,1188,20903,
290.57548140958943,77232,680,1188,20903,
290.57635623075157,77232,680,1187,20904,
290.5799871966115,77232,679,1188,20904,
290.58707532938035,77232,678,1189,20904,
290.58836045665976,77232,678,1188,20905,
290.5900020613359,77232,678,1187,20906,
290.5978210933392,77232,678,1186,20907,
290.597842608964,77232,678,1185,20908,
290.60496126777343,77232,678,1184,20909,
290.6125234621429,77231,679,1184,20909,
290.6149569402964,77231,678,1185,20909,
290.6156955226383,77231,678,1184,20910,
290.61727166629987,77230,679,1184,20910,
290.6205802232182,77229,680,1184,20910,
290.62251229424237,77229,680,1183,20911,
290.62257223370835,77229,679,1184,20911,
290.6264216459036,77228,680,1184,20911,
290.6282625068269,77228,680,1183,20912,
290.62881627305376,77228,679,1184,20912,
290.63579240801147,77228,678,1185,20912,
290.638055433533,77228,678,1184,20913,
290.63892836000554,77228,677,1185,20913,
290.64027333392556,77227,678,1185,20913,
290.6456843044316,77226,679,1185,20913,
290.6462301786051,77226,679,1184,20914,
290.650107929558,77226,678,1185,20914,
290.6523545245491,77226,678,1184,20915,
290.65350100796167,77225,679,1184,20915,
290.65409311926356,77224,680,1184,20915,
290.6552581160694,77223,681,1184,20915,
290.65593662137445,77223,680,1185,20915,
290.6565190067739,77223,680,1184,20916,
290.65784883350875,77223,679,1185,20916,
290.6594668420084,77223,678,1186,20916,
290.6606096005638,77223,678,1185,20917,
290.66205015790905,77222,679,1185,20917,
290.66519509185383,77221,680,1185,20917,
290.67080721638445,77220,681,1185,20917,
290.6727536695527,77219,682,1185,20917,
290.6740232571907,77219,682,1184,20918,
290.6798159532484,77218,683,1184,20918,
290.68485885860633,77218,682,1185,20918,
290.6868214221317,77218,681,1186,20918,
290.6880408685531,77218,680,1187,20918,
290.6888699499244,77218,680,1186,20919,
290.68956880217013,77218,680,1185,20920,
290.6901023727004,77218,680,1184,20921,
290.69115151722855,77218,679,1185,20921,
290.6918127536825,77218,679,1184,20922,
290.69976804213104,77218,679,1183,20923,
290.7013198152901,77217,680,1183,20923,
290.70164845430173,77216,681,1183,20923,
290.71712460092704,77216,681,1182,20924,
290.7236866806688,77216,681,1181,20925,
290.729777901595,77215,682,1181,20925,
290.72991426593177,77214,683,1181,20925,
290.73229377604855,77214,682,1182,20925,
290.7327265576489,77214,682,1181,20926,
290.73421291028495,77214,681,1182,20926,
290.7348033253519,77214,680,1183,20926,
290.73681558375574,77214,680,1182,20927,
290.7436897303169,77213,681,1182,20927,
290.7446383847821,77213,680,1183,20927,
290.7447849368811,77213,679,1184,20927,
290.74547169518627,77213,679,1183,20928,
290.74593454680837,77213,679,1182,20929,
290.74700144226836,77212,680,1182,20929,
290.74842208674545,77212,680,1181,20930,
290.75143849437313,77211,681,1181,20930,
290.7565265087295,77211,680,1182,20930,
290.7594824206804,77211,679,1183,20930,
290.7646262795376,77211,679,1182,20931,
290.76475626965936,77211,678,1183,20931,
290.76664089996143,77211,678,1182,20932,
290.76725980703816,77211,677,1183,20932,
290.771365476135,77210,678,1183,20932,
290.7731360359311,77210,677,1184,20932,
290.7801460595354,77210,676,1185,20932,
290.78204665737815,77210,675,1186,20932,
290.7824450665922,77210,674,1187,20932,
290.78298567639615,77210,674,1186,20933,
290.78388244608055,77210,674,1185,20934,
290.7844155809826,77210,674,1184,20935,
290.7917952668094,77209,675,1184,20935,
290.79637776139106,77209,675,1183,20936,
290.797424423538,77209,674,1184,20936,
290.7999079418517,77209,674,1183,20937,
290.80123905207375,77209,674,1182,20938,
290.8022971550282,77209,673,1183,20938,
290.8129346458475,77209,673,1182,20939,
290.8139824619883,77209,673,1181,20940,
290.81994025557253,77209,673,1180,20941,
290.8257753879916,77209,673,1179,20942,
290.82826738953696,77209,672,1180,20942,
290.8305573740356,77208,673,1180,20942,
290.832105941673,77208,673,1179,20943,
290.8332771892813,77208,673,1178,20944,
290.8343724432522,77208,673,1177,20945,
290.8362258777175,77207,674,1177,20945,
290.83746255607844,77207,673,1178,20945,
290.8381842627314,77206,674,1178,20945,
290.8383709955397,77205,675,1178,20945,
290.841056456027,77205,675,1177,20946,
290.8413300949844,77204,676,1177,20946,
290.8423898140761,77203,677,1177,20946,
290.8499931366843,77203,676,1178,20946,
290.85342706545305,77203,675,1179,20946,
290.858106516505,77203,675,1178,20947,
290.86112638848863,77203,675,1177,20948,
290.87454813492576,77203,674,1178,20948,
290.87685272352303,77203,674,1177,20949,
290.87937475527644,77203,673,1178,20949,
290.88223298866984,77203,672,1179,20949,
290.88384222199653,77202,673,1179,20949,
290.88435302340093,77202,673,1178,20950,
290.8931815158195,77202,673,1177,20951,
290.8953032332372,77201,674,1177,20951,
290.8977411508007,77201,674,1176,20952,
290.8978756392545,77201,674,1175,20953,
290.8982562666797,77201,674,1174,20954,
290.89849023008713,77200,675,1174,20954,
290.89890804053147,77199,676,1174,20954,
290.9013219931148,77198,677,1174,20954,
290.90641465266964,77197,678,1174,20954,
290.91392043609204,77196,679,1174,20954,
290.91547195083257,77196,678,1175,20954,
290.9170115501587,77195,679,1175,20954,
290.9201567795325,77195,678,1176,20954,
290.921282628237,77195,678,1175,20955,
290.92499066894214,77194,679,1175,20955,
290.928094316868,77193,680,1175,20955,
290.93052790718644,77193,680,1174,20956,
290.93126706464994,77193,679,1175,20956,
290.9315943339979,77192,680,1175,20956,
290.9339020575831,77191,681,1175,20956,
290.9340724789726,77191,680,1176,20956,
290.93466190933975,77191,679,1177,20956,
290.9385424661921,77190,680,1177,20956,
290.93985001674787,77190,679,1178,20956,
290.94519806064005,77189,680,1178,20956,
290.9454880088395,77188,681,1178,20956,
290.94853417428993,77187,682,1178,20956,
290.9508139700534,77187,681,1179,20956,
290.9509267955751,77187,680,1180,20956,
290.95119310867074,77187,679,1181,20956,
290.9561217848258,77187,678,1182,20956,
290.9571045957732,77187,678,1181,20957,
290.95751472085647,77186,679,1181,20957,
290.95825460304866,77186,679,1180,20958,
290.96224187446904,77186,678,1181,20958,
290.9631768737471,77186,677,1182,20958,
290.9658711568641,77186,677,1181,20959,
290.967457944129,77185,678,1181,20959,
290.97101610663873,77185,678,1180,20960,
290.9771653180479,77185,677,1181,20960,
290.97919878434067,77185,676,1182,20960,
290.9818489834141,77185,676,1181,20961,
290.98574905192874,77185,675,1182,20961,
290.98600099278747,77185,674,1183,20961,
290.9933394683701,77184,675,1183,20961,
290.9941139930032,77183,676,1183,20961,
290.99453379416474,77183,676,1182,20962,
290.9970426350721,77183,676,1181,20963,
290.99895922686744,77182,677,1181,20963,
291.00514180973624,77182,676,1182,20963,
291.0067830969474,77182,675,1183,20963,
291.0093011731203,77182,675,1182,20964,
291.00998997073407,77181,676,1182,20964,
291.010273570758,77180,677,1182,20964,
291.0111037380073,77180,676,1183,20964,
291.01264467130017,77180,676,1182,20965,
291.0264929792195,77180,676,1181,20966,
291.0267905363571,77180,676,1180,20967,
291.0307982978538,77180,676,1179,20968,
291.03129406767243,77180,676,1178,20969,
291.03170418536445,77180,675,1179,20969,
291.03426222226176,77179,676,1179,20969,
291.0371322522686,77178,677,1179,20969,
291.038630711521,77178,676,1180,20969,
291.0388310599396,77177,677,1180,20969,
291.04148309486203,77176,678,1180,20969,
291.04552149864486,77176,677,1181,20969,
291.04621889018904,77176,677,1180,20970,
291.0463525987942,77176,677,1179,20971,
291.0482254650679,77176,676,1180,20971,
291.04831273206804,77175,677,1180,20971,
291.0486103187247,77174,678,1180,20971,
291.0513562583517,77174,677,1181,20971,
291.0519222291224,77174,677,1180,20972,
291.052718442542,77173,678,1180,20972,
291.05543122898683,77173,677,1181,20972,
291.0554574651718,77173,677,1180,20973,
291.0574011396288,77173,677,1179,20974,
291.0575426663649,77173,677,1178,20975,
291.0633580812517,77173,677,1177,20976,
291.06666344654815,77173,677,1176,20977,
291.0668116586394,77172,678,1176,20977,
291.0679397477114,77172,678,1175,20978,
291.0679400237372,77172,678,1174,20979,
291.06801244683527,77171,679,1174,20979,
291.06816431152953,77170,680,1174,20979,
291.0736376807602,77170,679,1175,20979,
291.07556312950686,77170,679,1174,20980,
291.0771791544669,77169,680,1174,20980,
291.0789843257722,77168,681,1174,20980,
291.0804236672503,77168,681,1173,20981,
291.0863264388471,77167,682,1173,20981,
291.08938968608663,77166,683,1173,20981,
291.089738016597,77165,684,1173,20981,
291.0918361988578,77164,685,1173,20981,
291.0962153868211,77164,684,1174,20981,
291.09738968260814,77164,684,1173,20982,
291.0978782888157,77164,683,1174,20982,
291.0995299092438,77164,682,1175,20982,
291.10212531430255,77164,681,1176,20982,
291.1026693899386,77164,681,1175,20983,
291.10336196631056,77164,681,1174,20984,
291.1045615904593,77164,681,1173,20985,
291.1092571307017,77163,682,1173,20985,
291.1099302663362,77162,683,1173,20985,
291.11088156954037,77162,682,1174,20985,
291.1182714636114,77161,683,1174,20985,
291.12058723377066,77161,682,1175,20985,
291.1251354067882,77160,683,1175,20985,
291.12683033162534,77159,684,1175,20985,
291.127604749949,77159,683,1176,20985,
291.1321402649536,77158,684,1176,20985,
291.13549056007747,77158,683,1177,20985,
291.13709208434915,77158,682,1178,20985,
291.1414044139125,77158,682,1177,20986,
291.14308394897853,77158,681,1178,20986,
291.14511583831137,77157,682,1178,20986,
291.1452217106029,77157,682,1177,20987,
291.14748256917835,77156,683,1177,20987,
291.15090117161924,77155,684,1177,20987,
291.15240183584655,77154,685,1177,20987,
291.1524452839867,77154,685,1176,20988,
291.15580683845235,77153,686,1176,20988,
291.15850282732214,77152,687,1176,20988,
291.1622181515768,77152,686,1177,20988,
291.1636603141308,77152,685,1178,20988,
291.164409746046,77152,684,1179,20988,
291.1660897356712,77152,683,1180,20988,
291.1670515669622,77152,683,1179,20989,
291.1678526509835,77152,682,1180,20989,
291.17609822990295,77152,681,1181,20989,
291.1825433113335,77151,682,1181,20989,
291.1860248554134,77150,683,1181,20989,
291.1861541078029,77150,683,1180,20990,
291.18798169645294,77149,684,1180,20990,
291.19195782492875,77149,684,1179,20991,
291.1921215924373,77149,684,1178,20992,
291.19237372365336,77149,684,1177,20993,
291.20333933055446,77149,683,1178,20993,
291.20393932381,77149,683,1177,20994,
291.2086419111424,77149,682,1178,20994,
291.21337095845115,77149,681,1179,20994,
291.21386210189985,77148,682,1179,20994,
291.21496465318734,77147,683,1179,20994,
291.2153337713862,77147,682,1180,20994,
291.21551831197894,77147,681,1181,20994,
291.21808940754096,77146,682,1181,20994,
291.2190645090492,77146,682,1180,20995,
291.22141570528174,77146,682,1179,20996,
291.223585164844,77146,682,1178,20997,
291.2285149066863,77146,682,1177,20998,
291.2306283810477,77146,681,1178,20998,
291.2306785234259,77145,682,1178,20998,
291.2326605380034,77145,681,1179,20998,
291.23369221891596,77145,681,1178,20999,
291.24036865759876,77145,681,1177,21000,
291.24604145266613,77145,681,1176,21001,
291.24659792139556,77145,680,1177,21001,
291.24904833568974,77145,679,1178,21001,
291.25188650505504,77145,678,1179,21001,
291.2546213083055,77145,677,1180,21001,
291.2557298221475,77144,678,1180,21001,
291.25575924339466,77144,677,1181,21001,
291.25654344158755,77144,677,1180,21002,
291.25684213567905,77143,678,1180,21002,
291.25989662098743,77142,679,1180,21002,
291.2652205493341,77142,678,1181,21002,
291.26596906549776,77142,678,1180,21003,
291.266393960685,77142,677,1181,21003,
291.2666482361127,77142,677,1180,21004,
291.2668595571199,77141,678,1180,21004,
291.2700392690402,77141,678,1179,21005,
291.2722286606765,77141,678,1178,21006,
291.27228794408126,77140,679,1178,21006,
291.27432861180887,77140,679,1177,21007,
291.27588358642345,77140,678,1178,21007,
291.2765275359524,77140,678,1177,21008,
291.2781539408019,77140,678,1176,21009,
291.2783010921231,77140,678,1175,21010,
291.28220396875884,77139,679,1175,21010,
291.28462700395085,77138,680,1175,21010,
291.2865309099009,77138,680,1174,21011,
291.2888511391561,77138,680,1173,21012,
291.29082245983875,77138,679,1174,21012,
291.2936476184012,77137,680,1174,21012,
291.2947523799614,77137,680,1173,21013,
291.2978656728443,77137,679,1174,21013,
291.302310548925,77137,679,1173,21014,
291.30847971101565,77137,679,1172,21015,
291.3145913255291,77137,678,1173,21015,
291.3165813068572,77137,678,1172,21016,
291.3204863544835,77137,678,1171,21017,
291.32549812194634,77137,677,1172,21017,
291.3265290808457,77136,678,1172,21017,
291.32686576719425,77135,679,1172,21017,
291.3275576747285,77135,679,1171,21018,
291.32885972399987,77135,678,1172,21018,
291.3315303038356,77135,677,1173,21018,
291.33311873571125,77135,677,1172,21019,
291.3361095935608,77134,678,1172,21019,
291.3384403647298,77133,679,1172,21019,
291.3393018720403,77133,678,1173,21019,
291.3442815936566,77133,678,1172,21020,
291.3452923876183,77132,679,1172,21020,
291.34541249136663,77131,680,1172,21020,
291.34720404684293,77131,680,1171,21021,
291.34831167596496,77131,679,1172,21021,
291.3495838399507,77131,678,1173,21021,
291.35331042238033,77130,679,1173,21021,
291.3556895869314,77130,678,1174,21021,
291.3581714375024,77130,678,1173,21022,
291.3694718796907,77130,677,1174,21022,
291.37003899922655,77129,678,1174,21022,
291.3724046782713,77129,678,1173,21023,
291.37654511202754,77128,679,1173,21023,
291.38058625762545,77128,679,1172,21024,
291.3850192843371,77128,678,1173,21024,
291.38647483036334,77128,678,1172,21025,
291.3867377493727,77128,677,1173,21025,
291.38725508483697,77127,678,1173,21025,
291.3878519922675,77127,677,1174,21025,
291.3916184788285,77126,678,1174,21025,
291.39201511952626,77126,677,1175,21025,
291.3961539935058,77126,676,1176,21025,
291.3990779174554,77126,675,1177,21025,
291.40127831773975,77125,676,1177,21025,
291.4014397096211,77124,677,1177,21025,
291.4037554198339,77124,676,1178,21025,
291.40438332255115,77124,675,1179,21025,
291.4048871123954,77123,676,1179,21025,
291.4051781628069,77122,677,1179,21025,
291.4061105275692,77121,678,1179,21025,
291.4085860062901,77121,678,1178,21026,
291.40931970976897,77120,679,1178,21026,
291.41199743310693,77119,680,1178,21026,
291.41289786836063,77119,680,1177,21027,
291.41356776419224,77118,681,1177,21027,
291.4181974713859,77118,681,1176,21028,
291.4185637151991,77117,682,1176,21028,
291.4197182999002,77116,683,1176,21028,
291.420417620401,77116,682,1177,21028,
291.42204925265787,77116,682,1176,21029,
291.42243831767325,77116,682,1175,21030,
291.4235862661296,77115,683,1175,21030,
291.4242462706132,77115,682,1176,21030,
291.42644874030043,77115,682,1175,21031,
291.427285685427,77115,681,1176,21031,
291.43002339044466,77115,680,1177,21031,
291.43477368474953,77114,681,1177,21031,
291.43714548701706,77114,681,1176,21032,
291.4449529833373,77113,682,1176,21032,
291.44565487879754,77113,682,1175,21033,
291.4458192724861,77113,681,1176,21033,
291.4502777700556,77113,680,1177,21033,
291.4537243368599,77112,681,1177,21033,
291.4540832416938,77112,680,1178,21033,
291.4564676410767,77112,679,1179,21033,
291.4570128093694,77111,680,1179,21033,
291.460464606972,77110,681,1179,21033,
291.4621650519003,77110,680,1180,21033,
291.46347920024925,77109,681,1180,21033,
291.4646135845601,77108,682,1180,21033,
291.46629160848727,77108,681,1181,21033,
291.46838072247493,77107,682,1181,21033,
291.47009162110743,77107,681,1182,21033,
291.4713487383369,77107,680,1183,21033,
291.4751213303121,77106,681,1183,21033,
291.4757074845549,77106,680,1184,21033,
291.4785804592696,77106,680,1183,21034,
291.4792269429738,77105,681,1183,21034,
291.48148210772445,77105,680,1184,21034,
291.4905214890781,77105,679,1185,21034,
291.4974058069243,77105,678,1186,21034,
291.49797017872106,77105,678,1185,21035,
291.50153599747955,77105,677,1186,21035,
291.50275638267703,77105,676,1187,21035,
291.50565828974175,77105,676,1186,21036,
291.50609351119425,77105,675,1187,21036,
291.50922776524385,77105,675,1186,21037,
291.51212748434136,77104,676,1186,21037,
291.51880309271866,77104,675,1187,21037,
291.51907391402324,77104,674,1188,21037,
291.52102705956077,77104,673,1189,21037,
291.5220786685965,77104,672,1190,21037,
291.5247196547665,77103,673,1190,21037,
291.53002357942717,77103,673,1189,21038,
291.53538150948305,77103,672,1190,21038,
291.5356769137946,77102,673,1190,21038,
291.5377021462893,77102,672,1191,21038,
291.53991470070065,77102,671,1192,21038,
291.54043104461897,77102,671,1191,21039,
291.54358558842335,77102,670,1192,21039,
291.5480010956837,77101,671,1192,21039,
291.554713789869,77101,670,1193,21039,
291.5610695783936,77100,671,1193,21039,
291.56651226334543,77100,671,1192,21040,
291.5735595242087,77100,671,1191,21041,
291.5758800276763,77100,671,1190,21042,
291.5764097810677,77099,672,1190,21042,
291.5767708272089,77098,673,1190,21042,
291.57844507253753,77097,674,1190,21042,
291.5801260424909,77097,674,1189,21043,
291.58135024865084,77096,675,1189,21043,
291.58949158925185,77096,674,1190,21043,
291.5898880180847,77096,674,1189,21044,
291.5981304928967,77095,675,1189,21044,
291.5995745008412,77094,676,1189,21044,
291.6061428205815,77094,676,1188,21045,
291.6146370767122,77093,677,1188,21045,
291.61909109131614,77093,677,1187,21046,
291.62252485349734,77092,678,1187,21046,
291.6228086945061,77092,678,1186,21047,
291.6259582915567,77092,678,1185,21048,
291.6271382760455,77092,677,1186,21048,
291.6283799419963,77092,676,1187,21048,
291.62943243367187,77091,677,1187,21048,
291.63295005797113,77090,678,1187,21048,
291.6366987586081,77090,677,1188,21048,
291.6371376173454,77089,678,1188,21048,
291.63749948700354,77088,679,1188,21048,
291.6376649378213,77088,679,1187,21049,
291.64078637297297,77088,678,1188,21049,
291.64120244999833,77087,679,1188,21049,
291.64427164504093,77086,680,1188,21049,
291.6465026518622,77086,680,1187,21050,
291.6490206053476,77086,679,1188,21050,
291.65191436551896,77086,678,1189,21050,
291.65500679887674,77086,677,1190,21050,
291.65801486146347,77086,676,1191,21050,
291.6607351282905,77086,676,1190,21051,
291.66452505189574,77086,675,1191,21051,
291.6647078936648,77086,675,1190,21052,
291.67163648038326,77086,675,1189,21053,
291.6740283986296,77086,675,1188,21054,
291.67652501722165,77086,675,1187,21055,
291.67687292323484,77086,674,1188,21055,
291.6780831594068,77086,674,1187,21056,
291.6785200441754,77085,675,1187,21056,
291.67864441031156,77085,675,1186,21057,
291.6809151109709,77085,674,1187,21057,
291.6809837778588,77085,674,1186,21058,
291.68233404299605,77085,674,1185,21059,
291.68785204677073,77085,674,1184,21060,
291.6936774948657,77085,674,1183,21061,
291.69751084671583,77085,673,1184,21061,
291.7054498786376,77085,672,1185,21061,
291.70805488971115,77085,672,1184,21062,
291.70812714602124,77085,672,1183,21063,
291.7084546500544,77084,673,1183,21063,
291.7108245963895,77083,674,1183,21063,
291.7123356746212,77083,673,1184,21063,
291.71388803494847,77083,672,1185,21063,
291.7139256429018,77082,673,1185,21063,
291.71406047635327,77082,672,1186,21063,
291.7145531421217,77082,672,1185,21064,
291.7146997146609,77082,671,1186,21064,
291.7168817355114,77081,672,1186,21064,
291.7174641625321,77081,672,1185,21065,
291.7204169985537,77080,673,1185,21065,
291.720445774814,77079,674,1185,21065,
291.72659355906,77079,674,1184,21066,
291.72693924387085,77078,675,1184,21066,
291.7361715456245,77078,674,1185,21066,
291.7376973418652,77078,673,1186,21066,
291.7383949476007,77077,674,1186,21066,
291.7450305633897,77077,673,1187,21066,
291.75198006669063,77077,672,1188,21066,
291.75215932358964,77077,672,1187,21067,
291.75539685680656,77077,672,1186,21068,
291.7557108968117,77076,673,1186,21068,
291.7562761063398,77076,673,1185,21069,
291.76086717606495,77076,673,1184,21070,
291.7612731252206,77075,674,1184,21070,
291.76309187914063,77074,675,1184,21070,
291.7638678877363,77073,676,1184,21070,
291.7661293527025,77073,676,1183,21071,
291.77161978317173,77073,676,1182,21072,
291.77167097587545,77073,676,1181,21073,
291.7722901526561,77073,675,1182,21073,
291.7744903809055,77073,674,1183,21073,
291.7791759889976,77072,675,1183,21073,
291.78200483193746,77072,675,1182,21074,
291.78215255972987,77072,674,1183,21074,
291.78393343999676,77071,675,1183,21074,
291.78626857061045,77071,674,1184,21074,
291.7878705223771,77070,675,1184,21074,
291.78796153179377,77069,676,1184,21074,
291.7893358262652,77069,675,1185,21074,
291.7929213554032,77069,675,1184,21075,
291.7977357033394,77069,675,1183,21076,
291.8013431913795,77068,676,1183,21076,
291.8028785646475,77068,676,1182,21077,
291.80366689700315,77068,675,1183,21077,
291.81190167421636,77067,676,1183,21077,
291.81685633261134,77067,675,1184,21077,
291.81760398901207,77066,676,1184,21077,
291.8235302809465,77066,675,1185,21077,
291.82392109830096,77066,674,1186,21077,
291.8276156138946,77065,675,1186,21077,
291.8307861718718,77065,675,1185,21078,
291.8377250557541,77064,676,1185,21078,
291.8449049230362,77064,676,1184,21079,
291.8451175013688,77064,675,1185,21079,
291.8453574153052,77064,674,1186,21079,
291.84706302109726,77064,674,1185,21080,
291.8472224669785,77064,673,1186,21080,
291.8477484353584,77064,673,1185,21081,
291.8488318828347,77063,674,1185,21081,
291.84958419201024,77062,675,1185,21081,
291.852409285084,77061,676,1185,21081,
291.8537173362542,77060,677,1185,21081,
291.862329182366,77060,677,1184,21082,
291.8673213489567,77059,678,1184,21082,
291.87350328687467,77058,679,1184,21082,
291.87468781316375,77058,679,1183,21083,
291.87969780531864,77057,680,1183,21083,
291.88004243065143,77057,680,1182,21084,
291.88010203351683,77057,679,1183,21084,
291.88309019359343,77057,679,1182,21085,
291.88656206876476,77057,678,1183,21085,
291.88734378790457,77057,678,1182,21086,
291.888257969726,77056,679,1182,21086,
291.88889248776024,77055,680,1182,21086,
291.8907864724412,77055,679,1183,21086,
291.8923392011107,77055,678,1184,21086,
291.8945505910834,77055,678,1183,21087,
291.89617510261866,77055,677,1184,21087,
291.8997628601179,77054,678,1184,21087,
291.9006323009135,77054,678,1183,21088,
291.90347357240506,77054,678,1182,21089,
291.9044030871105,77054,677,1183,21089,
291.90443532950485,77053,678,1183,21089,
291.9072879695188,77053,677,1184,21089,
291.91432394271914,77052,678,1184,21089,
291.9150280978245,77051,679,1184,21089,
291.91699051955413,77051,679,1183,21090,
291.9201005286083,77050,680,1183,21090,
291.92194285998903,77050,680,1182,21091,
291.9236943829047,77050,679,1183,21091,
291.92439387838436,77050,679,1182,21092,
291.9300126458118,77050,679,1181,21093,
291.93476914881523,77049,680,1181,21093,
291.9363116211021,77048,681,1181,21093,
291.94072599187257,77047,682,1181,21093,
291.94078897593766,77046,683,1181,21093,
291.941485410488,77045,684,1181,21093,
291.9422486414188,77044,685,1181,21093,
291.94351253456864,77044,684,1182,21093,
291.94646214627164,77043,685,1182,21093,
291.95353433827137,77042,686,1182,21093,
291.95431578749935,77042,685,1183,21093,
291.9553455972766,77042,684,1184,21093,
291.9553983350591,77041,685,1184,21093,
291.9603488934835,77041,684,1185,21093,
291.963135174617,77041,684,1184,21094,
291.96517944603806,77041,684,1183,21095,
291.967080385435,77041,683,1184,21095,
291.9687350042949,77041,683,1183,21096,
291.9701930853553,77041,683,1182,21097,
291.97439525546054,77041,682,1183,21097,
291.97459664436474,77041,681,1184,21097,
291.978629547677,77040,682,1184,21097,
291.9786443959113,77040,681,1185,21097,
291.98113255106955,77040,680,1186,21097,
291.98196728311143,77040,679,1187,21097,
291.9828722296219,77040,678,1188,21097,
291.9841159590747,77039,679,1188,21097,
291.98562821714773,77039,678,1189,21097,
291.9884951230205,77039,677,1190,21097,
291.9932051763427,77039,676,1191,21097,
291.99367067482956,77038,677,1191,21097,
291.99624553896405,77037,678,1191,21097,
292.00026289775485,77037,677,1192,21097,
292.00084742392403,77036,678,1192,21097,
292.0017984039421,77036,678,1191,21098,
292.0024880153544,77035,679,1191,21098,
292.0071189346007,77035,678,1192,21098,
292.0176953566698,77035,678,1191,21099,
292.02005051991995,77035,678,1190,21100,
292.024769597065,77035,678,1189,21101,
292.0314115216139,77034,679,1189,21101,
292.03419745647125,77033,680,1189,21101,
292.0343797678169,77033,680,1188,21102,
292.0346822885186,77033,680,1187,21103,
292.0394897153616,77032,681,1187,21103,
292.0442885033669,77031,682,1187,21103,
292.04678948925385,77031,681,1188,21103,
292.04693525433544,77031,680,1189,21103,
292.0476559709749,77031,679,1190,21103,
292.0493174786174,77030,680,1190,21103,
292.05078175711236,77030,679,1191,21103,
292.05521162877716,77029,680,1191,21103,
292.05813035011795,77028,681,1191,21103,
292.05948882598153,77028,681,1190,21104,
292.0599368850259,77028,681,1189,21105,
292.06040751085607,77027,682,1189,21105,
292.0637108195829,77027,681,1190,21105,
292.06403616198725,77027,681,1189,21106,
292.0675695434444,77027,681,1188,21107,
292.072251586515,77027,680,1189,21107,
292.07468183064475,77026,681,1189,21107,
292.07578988190306,77026,681,1188,21108,
292.0764821284897,77025,682,1188,21108,
292.0785468166055,77024,683,1188,21108,
292.0792716609003,77024,683,1187,21109,
292.0796655037531,77024,683,1186,21110,
292.08489671353937,77024,682,1187,21110,
292.08592912479133,77024,682,1186,21111,
292.08612174596277,77024,682,1185,21112,
292.0949086427904,77024,682,1184,21113,
292.09609412919485,77024,681,1185,21113,
292.0984730958106,77023,682,1185,21113,
292.1041730647581,77023,681,1186,21113,
292.10486536691405,77022,682,1186,21113,
292.10497462955334,77021,683,1186,21113,
292.106112785836,77021,682,1187,21113,
292.1086162900732,77021,681,1188,21113,
292.1134343119723,77021,680,1189,21113,
292.11833072199386,77021,679,1190,21113,
292.1223972318884,77021,678,1191,21113,
292.1236041151825,77020,679,1191,21113,
292.12876770541754,77019,680,1191,21113,
292.1314059791655,77019,680,1190,21114,
292.1315148819314,77019,679,1191,21114,
292.1336300825836,77018,680,1191,21114,
292.13399096570885,77017,681,1191,21114,
292.13693212114765,77016,682,1191,21114,
292.1403508667865,77016,682,1190,21115,
292.1403809827653,77016,682,1189,21116,
292.14403569310485,77016,681,1190,21116,
292.1454652441843,77016,681,1189,21117,
292.15119671512696,77016,680,1190,21117,
292.15163936793545,77015,681,1190,21117,
292.1535370595857,77015,680,1191,21117,
292.15567322209955,77015,679,1192,21117,
292.15606721203864,77014,680,1192,21117,
292.1563056420239,77014,680,1191,21118,
292.1612987595577,77013,681,1191,21118,
292.1638204047814,77013,681,1190,21119,
292.16726749486594,77013,681,1189,21120,
292.16957735128483,77012,682,1189,21120,
292.1714130430235,77012,682,1188,21121,
292.17229276821166,77011,683,1188,21121,
292.1732763597257,77010,684,1188,21121,
292.17933342789036,77010,683,1189,21121,
292.1834423538377,77009,684,1189,21121,
292.1857614894005,77008,685,1189,21121,
292.1921895326094,77008,685,1188,21122,
292.19569428760286,77007,686,1188,21122,
292.19573119801936,77007,686,1187,21123,
292.2006888959099,77007,686,1186,21124,
292.20126167122,77007,685,1187,21124,
292.2140248456924,77007,684,1188,21124,
292.2140848013982,77007,683,1189,21124,
292.21673600026554,77006,684,1189,21124,
292.2178199428109,77005,685,1189,21124,
292.2193749470475,77004,686,1189,21124,
292.22126233055246,77004,686,1188,21125,
292.22797766733976,77004,686,1187,21126,
292.23002092001974,77004,685,1188,21126,
292.2309544043537,77004,685,1187,21127,
292.23507965992303,77004,685,1186,21128,
292.23818137169644,77004,685,1185,21129,
292.2411772652659,77004,685,1184,21130,
292.24393508618306,77004,684,1185,21130,
292.2507669156414,77004,683,1186,21130,
292.2556667502571,77004,683,1185,21131,
292.2562769840708,77004,683,1184,21132,
292.26114300787845,77004,683,1183,21133,
292.2614942950923,77004,682,1184,21133,
292.262539497385,77004,681,1185,21133,
292.26664086271813,77003,682,1185,21133,
292.2683980607948,77003,682,1184,21134,
292.26859960220776,77003,682,1183,21135,
292.27219792849183,77003,681,1184,21135,
292.27255368152476,77003,680,1185,21135,
292.2776844262253,77003,680,1184,21136,
292.28060974917025,77003,679,1185,21136,
292.2822846897295,77003,678,1186,21136,
292.2876379151062,77003,678,1185,21137,
292.29456558987107,77003,678,1184,21138,
292.29714313176385,77003,677,1185,21138,
292.30195576611106,77003,676,1186,21138,
292.3076415568452,77003,676,1185,21139,
292.30798573303514,77002,677,1185,21139,
292.3128753223166,77002,676,1186,21139,
292.31582021008535,77002,676,1185,21140,
292.31775902691334,77001,677,1185,21140,
292.3189117608931,77001,676,1186,21140,
292.3193625138786,77000,677,1186,21140,
292.3199067356948,77000,676,1187,21140,
292.3204520231554,77000,676,1186,21141,
292.32832528266437,77000,676,1185,21142,
292.32955350990744,77000,675,1186,21142,
292.33150813752627,77000,674,1187,21142,
292.3339952456547,76999,675,1187,21142,
292.3347033545332,76999,675,1186,21143,
292.33506196676296,76999,674,1187,21143,
292.33506423821194,76999,674,1186,21144,
292.3357632441434,76999,673,1187,21144,
292.33580797965624,76998,674,1187,21144,
292.3444955996745,76998,674,1186,21145,
292.3480514646939,76998,674,1185,21146,
292.3524305217692,76997,675,1185,21146,
292.3547417747011,76996,676,1185,21146,
292.35741016375397,76996,676,1184,21147,
292.35756884308796,76996,675,1185,21147,
292.3586968405973,76996,674,1186,21147,
292.3593160414033,76996,674,1185,21148,
292.3673753148117,76996,673,1186,21148,
292.3730299983048,76996,673,1185,21149,
292.3734279202166,76996,673,1184,21150,
292.3765535777444,76996,673,1183,21151,
292.3773982560149,76996,672,1184,21151,
292.377789717169,76996,672,1183,21152,
292.38107622713176,76996,672,1182,21153,
292.3863891268601,76996,671,1183,21153,
292.38647730635427,76996,670,1184,21153,
292.3881151770376,76995,671,1184,21153,
292.3882395582305,76994,672,1184,21153,
292.38921943538406,76994,672,1183,21154,
292.39017036153905,76993,673,1183,21154,
292.39796878337097,76993,672,1184,21154,
292.3985005026302,76993,671,1185,21154,
292.4030129359346,76993,671,1184,21155,
292.40462988621283,76993,670,1185,21155,
292.4128403019649,76993,670,1184,21156,
292.4150352187071,76993,670,1183,21157,
292.4168077110901,76993,669,1184,21157,
292.41831031769476,76992,670,1184,21157,
292.41959728765505,76991,671,1184,21157,
292.4211444295745,76991,670,1185,21157,
292.42183366867096,76991,669,1186,21157,
292.4265216840189,76990,670,1186,21157,
292.4349563730712,76989,671,1186,21157,
292.43545826835964,76989,670,1187,21157,
292.4436471018577,76988,671,1187,21157,
292.44705157964756,76988,670,1188,21157,
292.4472595366764,76988,669,1189,21157,
292.448517019188,76988,668,1190,21157,
292.4488911332854,76988,668,1189,21158,
292.45021957343505,76987,669,1189,21158,
292.4574801946374,76987,669,1188,21159,
292.4593356834713,76987,669,1187,21160,
292.4632130534353,76987,668,1188,21160,
292.4634115967021,76987,668,1187,21161,
292.4656477650735,76987,667,1188,21161,
292.46930958703746,76987,667,1187,21162,
292.47174753844047,76986,668,1187,21162,
292.4763628720529,76985,669,1187,21162,
292.4787149023015,76984,670,1187,21162,
292.47896248997176,76983,671,1187,21162,
292.4799154453074,76983,670,1188,21162,
292.4812497143533,76983,669,1189,21162,
292.48261748013687,76983,669,1188,21163,
292.48462063030615,76983,669,1187,21164,
292.4855569180463,76983,669,1186,21165,
292.4872975904719,76983,669,1185,21166,
292.49499059966587,76983,669,1184,21167,
292.4950525696743,76983,669,1183,21168,
292.49555955831363,76983,669,1182,21169,
292.4971652450987,76983,668,1183,21169,
292.49741743822244,76983,668,1182,21170,
292.49872205883094,76983,668,1181,21171,
292.5049242625851,76983,667,1182,21171,
292.5087017211828,76982,668,1182,21171,
292.5096774019037,76982,667,1183,21171,
292.51074574149527,76982,667,1182,21172,
292.5111395368997,76982,666,1183,21172,
292.5115692555638,76982,665,1184,21172,
292.5215970485879,76982,665,1183,21173,
292.52309447044905,76982,664,1184,21173,
292.5232556096544,76982,664,1183,21174,
292.52552214426584,76981,665,1183,21174,
292.52765044118263,76980,666,1183,21174,
292.5309421016522,76980,666,1182,21175,
292.5319081993124,76979,667,1182,21175,
292.5323933275936,76979,666,1183,21175,
292.5379057019725,76979,666,1182,21176,
292.5448206177043,76979,665,1183,21176,
292.54497457319957,76979,664,1184,21176,
292.55090978033974,76979,663,1185,21176,
292.5524208897211,76979,662,1186,21176,
292.5550446230803,76979,662,1185,21177,
292.55578130681187,76979,662,1184,21178,
292.5594874032925,76978,663,1184,21178,
292.5631523497171,76978,663,1183,21179,
292.5657689971361,76977,664,1183,21179,
292.5671097444363,76977,663,1184,21179,
292.57236783880666,76976,664,1184,21179,
292.5732738755504,76975,665,1184,21179,
292.5741927462289,76975,665,1183,21180,
292.58360373027097,76975,665,1182,21181,
292.5867238169402,76975,664,1183,21181,
292.5877882803067,76975,663,1184,21181,
292.5881561900727,76975,662,1185,21181,
292.5899072235928,76974,663,1185,21181,
292.59089706133545,76974,662,1186,21181,
292.5934693573932,76973,663,1186,21181,
292.596169264249,76972,664,1186,21181,
292.6027605043865,76972,663,1187,21181,
292.60332043100703,76972,662,1188,21181,
292.6045978480911,76972,661,1189,21181,
292.60743455971914,76971,662,1189,21181,
292.60890541833413,76971,662,1188,21182,
292.60911208163714,76971,661,1189,21182,
292.61602825444487,76971,661,1188,21183,
292.6183463128755,76971,660,1189,21183,
292.61847372500443,76970,661,1189,21183,
292.62500542233823,76970,661,1188,21184,
292.6288876718491,76970,661,1187,21185,
292.63057641522533,76969,662,1187,21185,
292.6370590308096,76968,663,1187,21185,
292.6380122115655,76968,662,1188,21185,
292.6406952796982,76967,663,1188,21185,
292.6410817683076,76967,663,1187,21186,
292.64426147487467,76967,663,1186,21187,
292.645341833821,76967,663,1185,21188,
292.6485863537579,76967,662,1186,21188,
292.65049932021003,76967,662,1185,21189,
292.6516502046523,76967,662,1184,21190,
292.6588110762983,76967,662,1183,21191,
292.6606027550718,76967,662,1182,21192,
292.66251343251275,76967,662,1181,21193,
292.663176967917,76967,662,1180,21194,
292.663682963534,76967,661,1181,21194,
292.6645940784439,76966,662,1181,21194,
292.66806235358285,76965,663,1181,21194,
292.6683745797105,76965,662,1182,21194,
292.67514177743215,76965,662,1181,21195,
292.6787563607224,76965,662,1180,21196,
292.6801913412835,76965,662,1179,21197,
292.6802228776748,76965,662,1178,21198,
292.6822924652347,76965,661,1179,21198,
292.6833218396239,76964,662,1179,21198,
292.6872188291404,76963,663,1179,21198,
292.68735312459347,76963,662,1180,21198,
292.6941600250842,76963,661,1181,21198,
292.6964604825744,76963,661,1180,21199,
292.6969863768534,76962,662,1180,21199,
292.6981207823102,76961,663,1180,21199,
292.698898294661,76961,662,1181,21199,
292.70171328560383,76961,662,1180,21200,
292.70491578272845,76961,662,1179,21201,
292.7058243578087,76961,662,1178,21202,
292.70711036146326,76961,662,1177,21203,
292.71348860515695,76960,663,1177,21203,
292.7144555043707,76959,664,1177,21203,
292.71685755136514,76959,664,1176,21204,
292.7216123152258,76959,664,1175,21205,
292.72475118031616,76959,664,1174,21206,
292.72606766964066,76958,665,1174,21206,
292.7270575465601,76958,664,1175,21206,
292.73694919191684,76957,665,1175,21206,
292.74078284288396,76957,664,1176,21206,
292.7449469364976,76957,663,1177,21206,
292.7467038473751,76956,664,1177,21206,
292.7470495025526,76955,665,1177,21206,
292.7481803718871,76954,666,1177,21206,
292.7572869394968,76954,665,1178,21206,
292.7585252713975,76953,666,1178,21206,
292.76574088221224,76953,665,1179,21206,
292.76616364752687,76953,665,1178,21207,
292.77317003816376,76953,664,1179,21207,
292.7767699753974,76953,663,1180,21207,
292.7784510642375,76953,662,1181,21207,
292.78012280633396,76952,663,1181,21207,
292.7831809715497,76952,663,1180,21208,
292.78318553025724,76952,663,1179,21209,
292.7841085079915,76952,663,1178,21210,
292.7857748319244,76952,662,1179,21210,
292.7868904388881,76952,661,1180,21210,
292.788960911771,76951,662,1180,21210,
292.791135553192,76951,661,1181,21210,
292.8009135813189,76951,661,1180,21211,
292.8014842230446,76951,661,1179,21212,
292.80864141033095,76951,661,1178,21213,
292.809714709626,76951,660,1179,21213,
292.8109000248894,76950,661,1179,21213,
292.81109734518566,76949,662,1179,21213,
292.8120780712522,76949,661,1180,21213,
292.81280289489393,76949,660,1181,21213,
292.81364286110994,76949,660,1180,21214,
292.8235501291474,76949,659,1181,21214,
292.8248162453496,76949,658,1182,21214,
292.8273341184643,76948,659,1182,21214,
292.8299215822509,76948,659,1181,21215,
292.83070009986,76947,660,1181,21215,
292.83315873556506,76946,661,1181,21215,
292.8413878987343,76945,662,1181,21215,
292.84274272218886,76945,662,1180,21216,
292.84305704587115,76945,661,1181,21216,
292.84341101035074,76945,661,1180,21217,
292.8435332704193,76945,660,1181,21217,
292.8441695603352,76945,659,1182,21217,
292.8475793280358,76945,659,1181,21218,
292.8491488036061,76945,659,1180,21219,
292.85069018063035,76944,660,1180,21219,
292.86063351426554,76943,661,1180,21219,
292.868278844538,76943,661,1179,21220,
292.87147352041,76943,661,1178,21221,
292.8717915242651,76943,661,1177,21222,
292.87468314887076,76942,662,1177,21222,
292.877706254275,76942,661,1178,21222,
292.8779773301992,76942,661,1177,21223,
292.8817917971516,76942,660,1178,21223,
292.8904794329389,76942,660,1177,21224,
292.8934125963868,76942,659,1178,21224,
292.8959062178685,76941,660,1178,21224,
292.896804856148,76941,659,1179,21224,
292.9003603847457,76941,658,1180,21224,
292.9017083705526,76941,657,1181,21224,
292.90526752100465,76941,657,1180,21225,
292.90678728406607,76941,656,1181,21225,
292.90965451881914,76940,657,1181,21225,
292.9108387845886,76940,657,1180,21226,
292.91230442094366,76940,657,1179,21227,
292.9125851821326,76940,657,1178,21228,
292.91634726262697,76939,658,1178,21228,
292.9203678513574,76939,657,1179,21228,
292.9241271580014,76939,656,1180,21228,
292.9297556540698,76938,657,1180,21228,
292.9331222117585,76937,658,1180,21228,
292.9338040225396,76937,657,1181,21228,
292.93934805411953,76936,658,1181,21228,
292.9437044423655,76936,658,1180,21229,
292.9475438078813,76936,657,1181,21229,
292.9499083215998,76935,658,1181,21229,
292.95302588026516,76935,658,1180,21230,
292.9542129634931,76935,657,1181,21230,
292.9550032943426,76935,656,1182,21230,
292.958878629001,76934,657,1182,21230,
292.9675682272716,76933,658,1182,21230,
292.9716348576101,76932,659,1182,21230,
292.9731999242712,76932,659,1181,21231,
292.9754150630084,76932,659,1180,21232,
292.9755731740308,76931,660,1180,21232,
292.97574621611733,76931,660,1179,21233,
292.97786278342494,76931,660,1178,21234,
292.9789044568442,76931,660,1177,21235,
292.97966597818396,76931,659,1178,21235,
292.9866906424276,76930,660,1178,21235,
292.9895871532039,76930,660,1177,21236,
292.9899010405554,76930,660,1176,21237,
292.9964739918198,76929,661,1176,21237,
292.997739289558,76929,661,1175,21238,
293.0029365240488,76929,660,1176,21238,
293.00317396959235,76929,659,1177,21238,
293.0058802442045,76928,660,1177,21238,
293.0069408625402,76928,660,1176,21239,
293.0081023408892,76928,660,1175,21240,
293.00975878399026,76928,660,1174,21241,
293.01191629934215,76928,660,1173,21242,
293.01293260983067,76927,661,1173,21242,
293.0137903887706,76927,661,1172,21243,
293.0193896802681,76927,660,1173,21243,
293.0204619677205,76926,661,1173,21243,
293.0240969907116,76925,662,1173,21243,
293.0255948888602,76924,663,1173,21243,
293.03150757474793,76924,663,1172,21244,
293.0383621304178,76923,664,1172,21244,
293.04199421161195,76922,665,1172,21244,
293.04443563224606,76922,665,1171,21245,
293.04856828723393,76922,665,1170,21246,
293.0506173851182,76921,666,1170,21246,
293.0511500580251,76921,665,1171,21246,
293.05244931441007,76921,664,1172,21246,
293.0556852013509,76920,665,1172,21246,
293.0592849404352,76920,665,1171,21247,
293.0608542196537,76919,666,1171,21247,
293.068593070798,76918,667,1171,21247,
293.0693038516485,76918,667,1170,21248,
293.0737449595912,76917,668,1170,21248,
293.0813170410549,76916,669,1170,21248,
293.08481132479045,76916,668,1171,21248,
293.0852444317776,76916,668,1170,21249,
293.0853476436913,76916,667,1171,21249,
293.0871789293544,76916,667,1170,21250,
293.0889730410433,76915,668,1170,21250,
293.0899604104801,76915,668,1169,21251,
293.0900499700864,76915,667,1170,21251,
293.0926248403017,76915,666,1171,21251,
293.0936087586586,76914,667,1171,21251,
293.09437430995246,76913,668,1171,21251,
293.0948104290736,76912,669,1171,21251,
293.0980687496888,76912,669,1170,21252,
293.098928885686,76912,669,1169,21253,
293.09949228977734,76912,669,1168,21254,
293.10130023402473,76912,669,1167,21255,
293.1021023351417,76911,670,1167,21255,
293.1036496863317,76911,670,1166,21256,
293.1042456471237,76910,671,1166,21256,
293.10915112891007,76910,670,1167,21256,
293.1112682369095,76910,669,1168,21256,
293.1113218965586,76910,668,1169,21256,
293.1121108545353,76910,668,1168,21257,
293.11285325749276,76909,669,1168,21257,
293.11303546646417,76909,668,1169,21257,
293.1130605564452,76908,669,1169,21257,
293.121305187552,76908,669,1168,21258,
293.1224831098852,76908,669,1167,21259,
293.14307702083676,76907,670,1167,21259,
293.14507920904174,76907,670,1166,21260,
293.1507778235676,76907,669,1167,21260,
293.16134244010686,76907,668,1168,21260,
293.1645690333897,76907,667,1169,21260,
293.1783267286834,76907,666,1170,21260,
293.1791002241901,76907,665,1171,21260,
293.1838164611785,76906,666,1171,21260,
293.1855156876751,76906,666,1170,21261,
293.19262948176635,76905,667,1170,21261,
293.19862746542424,76904,668,1170,21261,
293.20337446563025,76904,667,1171,21261,
293.20575766673267,76904,666,1172,21261,
293.20737507150255,76904,665,1173,21261,
293.20856008219977,76903,666,1173,21261,
293.20972751745205,76903,666,1172,21262,
293.21213776684857,76903,666,1171,21263,
293.2149168792227,76902,667,1171,21263,
293.2177764709765,76901,668,1171,21263,
293.2178016783905,76901,668,1170,21264,
293.21875951719613,76901,668,1169,21265,
293.22086281997895,76901,667,1170,21265,
293.2225805209769,76900,668,1170,21265,
293.2260577373725,76900,667,1171,21265,
293.2265874211809,76900,667,1170,21266,
293.2290294526772,76899,668,1170,21266,
293.2315989926583,76899,667,1171,21266,
293.2360211725708,76898,668,1171,21266,
293.2395572857409,76898,668,1170,21267,
293.2418423791983,76898,667,1171,21267,
293.24382023923033,76897,668,1171,21267,
293.2459013966977,76896,669,1171,21267,
293.2474972410962,76896,668,1172,21267,
293.24851811751887,76895,669,1172,21267,
293.2520551632395,76894,670,1172,21267,
293.2618101539816,76894,669,1173,21267,
293.2681493508103,76893,670,1173,21267,
293.2703025600607,76892,671,1173,21267,
293.27084975527947,76891,672,1173,21267,
293.27297057334766,76890,673,1173,21267,
293.2735737890798,76890,672,1174,21267,
293.27847704683364,76889,673,1174,21267,
293.2790881566282,76889,673,1173,21268,
293.2796716481032,76888,674,1173,21268,
293.2817483740903,76888,674,1172,21269,
293.2824192035873,76887,675,1172,21269,
293.2828712555938,76887,675,1171,21270,
293.2838830391493,76887,674,1172,21270,
293.285378871209,76887,673,1173,21270,
293.291303821328,76886,674,1173,21270,
293.2925985547722,76885,675,1173,21270,
293.29272915568345,76885,674,1174,21270,
293.29796135550055,76884,675,1174,21270,
293.3004493243013,76884,675,1173,21271,
293.30257404933883,76884,674,1174,21271,
293.3052921936763,76883,675,1174,21271,
293.3064633505249,76882,676,1174,21271,
293.3145514608733,76882,675,1175,21271,
293.3206992988406,76881,676,1175,21271,
293.3211660881702,76881,675,1176,21271,
293.3273307322743,76880,676,1176,21271,
293.3276944700026,76879,677,1176,21271,
293.3281662890219,76879,676,1177,21271,
293.33607555435754,76879,675,1178,21271,
293.3407511148409,76879,675,1177,21272,
293.3411480226896,76879,675,1176,21273,
293.3422595499652,76879,674,1177,21273,
293.34507596618545,76879,673,1178,21273,
293.34575173347747,76879,673,1177,21274,
293.3467300279738,76879,672,1178,21274,
293.3475356927776,76879,672,1177,21275,
293.34846720121544,76878,673,1177,21275,
293.34913004966626,76877,674,1177,21275,
293.3645585021349,76877,673,1178,21275,
293.36918509174586,76877,673,1177,21276,
293.37023129354475,76876,674,1177,21276,
293.3736364509195,76875,675,1177,21276,
293.3772369135113,76874,676,1177,21276,
293.3858135937826,76873,677,1177,21276,
293.3861730010341,76873,677,1176,21277,
293.3898717072579,76873,677,1175,21278,
293.39535789054395,76873,677,1174,21279,
293.3957158169277,76872,678,1174,21279,
293.4034470709665,76872,678,1173,21280,
293.40664572608154,76872,677,1174,21280,
293.41035187542764,76871,678,1174,21280,
293.41177538563807,76871,677,1175,21280,
293.41449315056434,76871,677,1174,21281,
293.4180120134061,76871,676,1175,21281,
293.4188075880287,76870,677,1175,21281,
293.4212818203715,76870,677,1174,21282,
293.42728450400256,76869,678,1174,21282,
293.4338325296248,76869,678,1173,21283,
293.4354984888187,76869,678,1172,21284,
293.43861822513776,76869,677,1173,21284,
293.4400719921865,76869,677,1172,21285,
293.4433052327108,76869,676,1173,21285,
293.44407377451927,76868,677,1173,21285,
293.44516410461733,76868,677,1172,21286,
293.4455942029804,76868,676,1173,21286,
293.446433577841,76868,675,1174,21286,
293.44673007616734,76868,674,1175,21286,
293.4502390497174,76868,674,1174,21287,
293.45059174234933,76868,673,1175,21287,
293.45571865936176,76868,673,1174,21288,
293.46260011407793,76868,672,1175,21288,
293.46500838509945,76868,671,1176,21288,
293.46745332374275,76868,670,1177,21288,
293.4710821776617,76868,670,1176,21289,
293.47179425275226,76868,669,1177,21289,
293.4756232976054,76868,669,1176,21290,
293.4759983320665,76868,669,1175,21291,
293.4794601619046,76867,670,1175,21291,
293.4804657048562,76867,670,1174,21292,
293.4808577311553,76867,670,1173,21293,
293.4814725098496,76866,671,1173,21293,
293.48291932166507,76865,672,1173,21293,
293.483949188585,76864,673,1173,21293,
293.48451679650407,76864,672,1174,21293,
293.4903778797602,76864,672,1173,21294,
293.4986665820777,76864,671,1174,21294,
293.4997004684426,76863,672,1174,21294,
293.5069391431715,76863,672,1173,21295,
293.50741646475785,76862,673,1173,21295,
293.50936001190956,76861,674,1173,21295,
293.5109678008964,76861,673,1174,21295,
293.51309460925074,76860,674,1174,21295,
293.51528621200447,76860,674,1173,21296,
293.5168630386931,76860,674,1172,21297,
293.5168669223144,76860,674,1171,21298,
293.5169962590437,76859,675,1171,21298,
293.51710412684207,76859,675,1170,21299,
293.5201465809701,76859,675,1169,21300,
293.5237196815259,76859,674,1170,21300,
293.52387772644846,76858,675,1170,21300,
293.527958110294,76858,674,1171,21300,
293.5309366329958,76858,674,1170,21301,
293.5326317771567,76857,675,1170,21301,
293.53265519188665,76856,676,1170,21301,
293.53327778102357,76855,677,1170,21301,
293.5384201904499,76855,677,1169,21302,
293.5409579682826,76854,678,1169,21302,
293.5422465449622,76854,678,1168,21303,
293.5434560958525,76854,678,1167,21304,
293.5470717440206,76854,677,1168,21304,
293.556804985758,76854,677,1167,21305,
293.5600137888323,76853,678,1167,21305,
293.56423352264574,76853,678,1166,21306,
293.56544498545077,76853,678,1165,21307,
293.5660200899452,76852,679,1165,21307,
293.5705918880849,76851,680,1165,21307,
293.5773673934949,76850,681,1165,21307,
293.5787471762677,76850,680,1166,21307,
293.5827324669111,76849,681,1166,21307,
293.5871398437459,76849,681,1165,21308,
293.5890630974048,76848,682,1165,21308,
293.5891963004731,76847,683,1165,21308,
293.590780212121,76846,684,1165,21308,
293.59550507817323,76845,685,1165,21308,
293.60205040601056,76845,684,1166,21308,
293.60499184074934,76845,684,1165,21309,
293.6056238607266,76845,684,1164,21310,
293.6117790290241,76845,683,1165,21310,
293.62128992252957,76844,684,1165,21310,
293.626196587366,76844,683,1166,21310,
293.62733492297264,76844,683,1165,21311,
293.63312206565604,76843,684,1165,21311,
293.63470292527984,76842,685,1165,21311,
293.6385706189724,76842,684,1166,21311,
293.63863153423733,76841,685,1166,21311,
293.63863270603616,76841,685,1165,21312,
293.6428282460096,76841,685,1164,21313,
293.64370251499986,76841,685,1163,21314,
293.64386755259187,76841,684,1164,21314,
293.64658904912415,76840,685,1164,21314,
293.6498381185549,76839,686,1164,21314,
293.65073251730047,76839,685,1165,21314,
293.6608380496388,76839,684,1166,21314,
293.66088399150954,76839,683,1167,21314,
293.6612962655805,76839,682,1168,21314,
293.6613357103091,76839,682,1167,21315,
293.66221563869556,76839,681,1168,21315,
293.6639269590646,76839,680,1169,21315,
293.6667222760043,76838,681,1169,21315,
293.67299430978056,76838,680,1170,21315,
293.6730618966208,76838,680,1169,21316,
293.6757666305623,76837,681,1169,21316,
293.67877414678884,76837,681,1168,21317,
293.6792195080486,76837,681,1167,21318,
293.6819505179546,76837,680,1168,21318,
293.6823167274448,76836,681,1168,21318,
293.68563514034315,76836,681,1167,21319,
293.68620994086103,76836,681,1166,21320,
293.6870602644424,76836,680,1167,21320,
293.68882559181026,76836,679,1168,21320,
293.69038750658655,76836,679,1167,21321,
293.692761900464,76836,679,1166,21322,
293.6948974799547,76836,679,1165,21323,
293.6961594866276,76836,678,1166,21323,
293.6963069376065,76836,678,1165,21324,
293.7007908408087,76836,677,1166,21324,
293.70465711880615,76836,676,1167,21324,
293.70604355840766,76836,675,1168,21324,
293.70673096553037,76835,676,1168,21324,
293.7073942817359,76834,677,1168,21324,
293.71178030768726,76833,678,1168,21324,
293.7127291184614,76833,678,1167,21325,
293.71288435316296,76832,679,1167,21325,
293.716606176671,76832,679,1166,21326,
293.7188041705507,76832,679,1165,21327,
293.7205811163674,76832,678,1166,21327,
293.72674276670216,76832,678,1165,21328,
293.72735177944963,76832,678,1164,21329,
293.7277603437253,76831,679,1164,21329,
293.72926566033186,76830,680,1164,21329,
293.73132388582343,76830,680,1163,21330,
293.73906298929217,76830,679,1164,21330,
293.7396238535791,76830,678,1165,21330,
293.7428985866676,76829,679,1165,21330,
293.7446206875889,76829,678,1166,21330,
293.7475756769211,76829,678,1165,21331,
293.748703553857,76829,678,1164,21332,
293.7488321792778,76828,679,1164,21332,
293.7509589174457,76828,679,1163,21333,
293.7510653912713,76828,679,1162,21334,
293.75425810451725,76828,678,1163,21334,
293.75474025254516,76828,678,1162,21335,
293.75526628415906,76828,678,1161,21336,
293.75853377375194,76828,677,1162,21336,
293.7587020128277,76828,677,1161,21337,
293.7588547615215,76828,676,1162,21337,
293.7658005328571,76828,676,1161,21338,
293.767643169246,76828,676,1160,21339,
293.76812096818924,76828,676,1159,21340,
293.76817072268756,76828,676,1158,21341,
293.7700745855657,76828,676,1157,21342,
293.77101439642615,76828,676,1156,21343,
293.77717326480024,76827,677,1156,21343,
293.78376318645104,76827,677,1155,21344,
293.7841486970256,76827,677,1154,21345,
293.7843945074177,76827,676,1155,21345,
293.7868695630369,76826,677,1155,21345,
293.78995461497266,76825,678,1155,21345,
293.7953909810449,76825,677,1156,21345,
293.79746636751855,76825,676,1157,21345,
293.80303812012494,76824,677,1157,21345,
293.807115742194,76824,677,1156,21346,
293.8126854957387,76823,678,1156,21346,
293.81817339426146,76822,679,1156,21346,
293.8205884198904,76821,680,1156,21346,
293.8223644743699,76821,679,1157,21346,
293.8241000245534,76821,678,1158,21346,
293.825630616252,76821,678,1157,21347,
293.8285396548446,76820,679,1157,21347,
293.8296922272058,76820,679,1156,21348,
293.830051813397,76820,679,1155,21349,
293.83624188696297,76820,678,1156,21349,
293.8385389173876,76819,679,1156,21349,
293.8393969558191,76819,678,1157,21349,
293.8397691353757,76819,678,1156,21350,
293.84109934143265,76819,678,1155,21351,
293.8443580997278,76819,677,1156,21351,
293.84856772306154,76819,676,1157,21351,
293.8490607514191,76818,677,1157,21351,
293.85300026950165,76818,677,1156,21352,
293.8583482318699,76818,677,1155,21353,
293.8625171886173,76818,677,1154,21354,
293.86607851493443,76818,676,1155,21354,
293.8684345443808,76817,677,1155,21354,
293.86847259893545,76817,677,1154,21355,
293.8743294356743,76817,677,1153,21356,
293.87551018674293,76817,676,1154,21356,
293.8763568694567,76817,675,1155,21356,
293.87832921302146,76817,674,1156,21356,
293.87923602296297,76817,674,1155,21357,
293.8812383407383,76817,673,1156,21357,
293.8817211752567,76816,674,1156,21357,
293.8840366178754,76815,675,1156,21357,
293.88893670529745,76815,674,1157,21357,
293.8891582204845,76815,673,1158,21357,
293.89280404959993,76814,674,1158,21357,
293.89385531751645,76814,674,1157,21358,
293.895228757521,76813,675,1157,21358,
293.89694033788953,76812,676,1157,21358,
293.8983630492046,76811,677,1157,21358,
293.9020689409362,76811,676,1158,21358,
293.9078071491331,76811,676,1157,21359,
293.90818110494286,76811,675,1158,21359,
293.90853337698456,76811,674,1159,21359,
293.9093373789244,76810,675,1159,21359,
293.9095475774701,76810,675,1158,21360,
293.91317045123725,76809,676,1158,21360,
293.91432623518034,76809,675,1159,21360,
293.91450247081826,76809,675,1158,21361,
293.91697729406053,76808,676,1158,21361,
293.91712165224646,76808,676,1157,21362,
293.91798846237464,76807,677,1157,21362,
293.918904156235,76807,676,1158,21362,
293.92021477150024,76806,677,1158,21362,
293.92174008995465,76806,676,1159,21362,
293.92191383457384,76806,675,1160,21362,
293.92431703635225,76806,675,1159,21363,
293.92466558960376,76806,674,1160,21363,
293.92707569494576,76806,674,1159,21364,
293.92761170326474,76806,674,1158,21365,
293.93017592217564,76806,673,1159,21365,
293.9306341936794,76806,673,1158,21366,
293.93605853334435,76805,674,1158,21366,
293.94364033229147,76805,674,1157,21367,
293.9443489818671,76805,674,1156,21368,
293.94605890087007,76804,675,1156,21368,
293.9557702223949,76803,676,1156,21368,
293.95601099680925,76803,676,1155,21369,
293.9590969658796,76803,675,1156,21369,
293.960004233754,76803,674,1157,21369,
293.9638700585192,76803,674,1156,21370,
293.9659937779065,76802,675,1156,21370,
293.96730459253826,76802,675,1155,21371,
293.96819272118057,76802,675,1154,21372,
293.9721216911767,76802,675,1153,21373,
293.9739817097819,76801,676,1153,21373,
293.9742324356978,76800,677,1153,21373,
293.9766630703291,76800,676,1154,21373,
293.9856713384536,76800,675,1155,21373,
293.98601088583854,76800,674,1156,21373,
293.9869712831484,76799,675,1156,21373,
293.9883006670981,76799,675,1155,21374,
293.9919247111176,76799,675,1154,21375,
293.9924223134741,76798,676,1154,21375,
293.99273260986956,76798,675,1155,21375,
293.99511391376075,76797,676,1155,21375,
293.9993156689968,76797,676,1154,21376,
294.00305668846414,76796,677,1154,21376,
294.00586717321755,76795,678,1154,21376,
294.0063166375909,76795,678,1153,21377,
294.00828892753316,76795,677,1154,21377,
294.00938977313444,76794,678,1154,21377,
294.0124801497976,76793,679,1154,21377,
294.01825697545524,76793,678,1155,21377,
294.02627465274327,76793,677,1156,21377,
294.0283611150155,76792,678,1156,21377,
294.03225972365254,76792,678,1155,21378,
294.0335779936392,76791,679,1155,21378,
294.0336264680345,76791,678,1156,21378,
294.03432174965775,76791,677,1157,21378,
294.0374758071115,76791,677,1156,21379,
294.04081342736924,76791,676,1157,21379,
294.04382093056165,76791,676,1156,21380,
294.04432642044895,76791,676,1155,21381,
294.047887109385,76790,677,1155,21381,
294.0482876796677,76789,678,1155,21381,
294.048600669104,76789,677,1156,21381,
294.0511556259013,76789,677,1155,21382,
294.0521304615928,76789,676,1156,21382,
294.058936420147,76789,676,1155,21383,
294.0614285934013,76789,675,1156,21383,
294.0628108140718,76789,675,1155,21384,
294.06312911941745,76789,675,1154,21385,
294.06867754446665,76788,676,1154,21385,
294.0687864720981,76788,675,1155,21385,
294.07022945784024,76788,674,1156,21385,
294.07375125953536,76788,673,1157,21385,
294.0744914601415,76788,673,1156,21386,
294.0784280205225,76788,673,1155,21387,
294.08112155569785,76788,672,1156,21387,
294.081491413416,76787,673,1156,21387,
294.08315191426396,76786,674,1156,21387,
294.08513645973096,76785,675,1156,21387,
294.0863512007859,76785,674,1157,21387,
294.09057881795496,76784,675,1157,21387,
294.0906011897419,76783,676,1157,21387,
294.096463587673,76783,676,1156,21388,
294.10124321026296,76783,675,1157,21388,
294.1017732751363,76782,676,1157,21388,
294.10641400971264,76782,676,1156,21389,
294.10750738385957,76781,677,1156,21389,
294.10754734118666,76780,678,1156,21389,
294.1124224105531,76780,678,1155,21390,
294.11266955799556,76780,678,1154,21391,
294.114256466634,76779,679,1154,21391,
294.11547285244797,76779,679,1153,21392,
294.12512393799426,76779,678,1154,21392,
294.13247408993755,76778,679,1154,21392,
294.1364172175457,76777,680,1154,21392,
294.138604965053,76777,680,1153,21393,
294.1414497454034,76776,681,1153,21393,
294.145385360142,76776,680,1154,21393,
294.14641786120876,76776,680,1153,21394,
294.14886487066195,76776,679,1154,21394,
294.1515498345427,76776,678,1155,21394,
294.1535579093936,76776,677,1156,21394,
294.1537450332657,76775,678,1156,21394,
294.1570128508728,76775,678,1155,21395,
294.1625769378065,76774,679,1155,21395,
294.16796442357855,76773,680,1155,21395,
294.16902914084255,76773,679,1156,21395,
294.1695281675929,76773,678,1157,21395,
294.17062792242365,76773,677,1158,21395,
294.17292085866427,76773,676,1159,21395,
294.1733230453697,76773,676,1158,21396,
294.1744230970464,76773,675,1159,21396,
294.1745534245533,76772,676,1159,21396,
294.1818154044266,76772,676,1158,21397,
294.1830510377241,76772,675,1159,21397,
294.1894034079996,76772,674,1160,21397,
294.1897266497531,76772,674,1159,21398,
294.1922521804461,76772,673,1160,21398,
294.19360354908,76772,672,1161,21398,
294.1936284163645,76772,672,1160,21399,
294.19364678922415,76772,671,1161,21399,
294.1944082280809,76772,670,1162,21399,
294.19595943749704,76772,669,1163,21399,
294.19879830703263,76771,670,1163,21399,
294.20754963164904,76770,671,1163,21399,
294.2116291363413,76770,671,1162,21400,
294.2127606435766,76769,672,1162,21400,
294.21736467877344,76769,671,1163,21400,
294.22076378255593,76769,670,1164,21400,
294.22390900384187,76769,670,1163,21401,
294.2312163998899,76768,671,1163,21401,
294.2341886399055,76768,670,1164,21401,
294.23579736974216,76768,670,1163,21402,
294.2358821250455,76768,670,1162,21403,
294.23922958115986,76768,670,1161,21404,
294.2394259652197,76767,671,1161,21404,
294.24444899455347,76767,671,1160,21405,
294.2458809222556,76766,672,1160,21405,
294.2492638378631,76765,673,1160,21405,
294.25453943551065,76765,673,1159,21406,
294.255743919345,76765,673,1158,21407,
294.25595705351924,76765,673,1157,21408,
294.25667849279995,76765,672,1158,21408,
294.25763847586677,76765,672,1157,21409,
294.25823520108,76765,672,1156,21410,
294.25888744042413,76765,671,1157,21410,
294.2600261624512,76764,672,1157,21410,
294.26447393498813,76763,673,1157,21410,
294.26476906914456,76762,674,1157,21410,
294.26834709306837,76762,673,1158,21410,
294.2693055045783,76761,674,1158,21410,
294.27014154794915,76761,673,1159,21410,
294.27420844768784,76761,673,1158,21411,
294.2763953200235,76761,673,1157,21412,
294.2771860497576,76761,672,1158,21412,
294.2831368579752,76760,673,1158,21412,
294.2840938686442,76759,674,1158,21412,
294.2863507518683,76758,675,1158,21412,
294.2893884808725,76758,675,1157,21413,
294.29187187060165,76758,674,1158,21413,
294.296216422033,76758,673,1159,21413,
294.29861141596075,76758,673,1158,21414,
294.30411423185416,76758,672,1159,21414,
294.3058165204624,76758,672,1158,21415,
294.3133048590317,76758,671,1159,21415,
294.31428721571115,76758,671,1158,21416,
294.3157631158654,76757,672,1158,21416,
294.31771428192405,76756,673,1158,21416,
294.32364825648165,76756,673,1157,21417,
294.3253823934581,76755,674,1157,21417,
294.3257670952638,76754,675,1157,21417,
294.3258406680366,76754,674,1158,21417,
294.3269096883852,76753,675,1158,21417,
294.32843441166807,76753,674,1159,21417,
294.3297345808867,76752,675,1159,21417,
294.33982172253127,76752,674,1160,21417,
294.34425573652425,76752,673,1161,21417,
294.34580014650516,76752,673,1160,21418,
294.3495958237755,76752,672,1161,21418,
294.35846330636315,76752,672,1160,21419,
294.36454776008,76752,672,1159,21420,
294.366105285566,76752,672,1158,21421,
294.36635892898136,76751,673,1158,21421,
294.36886159374086,76750,674,1158,21421,
294.3695472233034,76750,674,1157,21422,
294.37476472575554,76750,674,1156,21423,
294.3751245971726,76750,674,1155,21424,
294.375683860541,76749,675,1155,21424,
294.37965908627825,76749,674,1156,21424,
294.38499506344465,76749,674,1155,21425,
294.3853129392132,76749,674,1154,21426,
294.3861524429542,76749,673,1155,21426,
294.3881915823314,76748,674,1155,21426,
294.39339762505705,76748,673,1156,21426,
294.3943714542615,76747,674,1156,21426,
294.395188408147,76746,675,1156,21426,
294.39654924633277,76745,676,1156,21426,
294.40126332632747,76745,675,1157,21426,
294.4072404079711,76744,676,1157,21426,
294.40750811150286,76744,675,1158,21426,
294.40779292854614,76744,675,1157,21427,
294.40792248583733,76744,675,1156,21428,
294.4093215519462,76744,674,1157,21428,
294.41205281336113,76744,673,1158,21428,
294.4122958648181,76743,674,1158,21428,
294.4147257473793,76743,673,1159,21428,
294.4207990602978,76743,672,1160,21428,
294.4257495221614,76743,671,1161,21428,
294.4276718768677,76743,671,1160,21429,
294.4294831265601,76742,672,1160,21429,
294.4335575222116,76742,672,1159,21430,
294.4348685387262,76742,672,1158,21431,
294.4398643953134,76742,671,1159,21431,
294.442476874964,76742,671,1158,21432,
294.4427722967781,76742,671,1157,21433,
294.44588234369905,76742,671,1156,21434,
294.4459968332513,76742,671,1155,21435,
294.4475099724451,76742,671,1154,21436,
294.45074301593144,76742,670,1155,21436,
294.45859200837185,76742,670,1154,21437,
294.4607566157744,76742,670,1153,21438,
294.46762654587565,76741,671,1153,21438,
294.46999165697076,76741,671,1152,21439,
294.4708101905907,76741,671,1151,21440,
294.4727786222995,76741,670,1152,21440,
294.4811465765001,76741,669,1153,21440,
294.48155458548445,76741,668,1154,21440,
294.4829239751847,76741,668,1153,21441,
294.49063564696627,76741,667,1154,21441,
294.49200458380443,76741,666,1155,21441,
294.4958196416893,76741,666,1154,21442,
294.49723814302257,76741,665,1155,21442,
294.4997104058683,76741,665,1154,21443,
294.5036151892287,76740,666,1154,21443,
294.5040758490536,76739,667,1154,21443,
294.5057178918106,76738,668,1154,21443,
294.50774795782627,76738,667,1155,21443,
294.51015557495293,76738,666,1156,21443,
294.5123342980746,76737,667,1156,21443,
294.51329197966515,76736,668,1156,21443,
294.5169149471103,76735,669,1156,21443,
294.5186746053897,76735,668,1157,21443,
294.5195556869856,76734,669,1157,21443,
294.52220754762567,76734,668,1158,21443,
294.52491059023174,76734,668,1157,21444,
294.53808135881394,76734,667,1158,21444,
294.53862054502315,76734,666,1159,21444,
294.541046365607,76733,667,1159,21444,
294.54521033319463,76733,667,1158,21445,
294.5456257862514,76732,668,1158,21445,
294.546481842667,76731,669,1158,21445,
294.55066525255296,76731,668,1159,21445,
294.55823243792014,76731,667,1160,21445,
294.55860235811616,76731,667,1159,21446,
294.5601673704824,76731,666,1160,21446,
294.56065615892976,76731,665,1161,21446,
294.5623850600942,76731,665,1160,21447,
294.57101394933875,76730,666,1160,21447,
294.57129244637224,76730,665,1161,21447,
294.5802290929121,76730,664,1162,21447,
294.5802963924937,76730,664,1161,21448,
294.5818683852688,76729,665,1161,21448,
294.58534229505545,76729,664,1162,21448,
294.59112163880116,76728,665,1162,21448,
294.591156234618,76727,666,1162,21448,
294.5918923567462,76727,665,1163,21448,
294.59191825618404,76727,665,1162,21449,
294.5958048521135,76727,664,1163,21449,
294.5968381115084,76727,664,1162,21450,
294.598310795732,76727,663,1163,21450,
294.59861429531753,76727,663,1162,21451,
294.59896786836964,76727,663,1161,21452,
294.6031998340329,76727,662,1162,21452,
294.6058587391659,76727,661,1163,21452,
294.6059696432762,76727,661,1162,21453,
294.60944027913,76726,662,1162,21453,
294.60984852735845,76726,661,1163,21453,
294.61538179455795,76726,660,1164,21453,
294.6176945170703,76725,661,1164,21453,
294.6232111365539,76725,661,1163,21454,
294.6269091188126,76725,660,1164,21454,
294.6285185742054,76724,661,1164,21454,
294.62943048000454,76724,661,1163,21455,
294.6344520964801,76724,661,1162,21456,
294.6359248481792,76723,662,1162,21456,
294.64440425827036,76722,663,1162,21456,
294.6445962121088,76721,664,1162,21456,
294.6473168980346,76721,664,1161,21457,
294.6544736907968,76720,665,1161,21457,
294.6574950900725,76720,665,1160,21458,
294.6636372345672,76720,665,1159,21459,
294.66366425331086,76720,665,1158,21460,
294.6648113181538,76719,666,1158,21460,
294.66784389216303,76719,666,1157,21461,
294.67298402445624,76719,665,1158,21461,
294.67421419887864,76719,665,1157,21462,
294.6758936188481,76718,666,1157,21462,
294.67987886820737,76718,666,1156,21463,
294.68041596706433,76718,665,1157,21463,
294.68152851784953,76717,666,1157,21463,
294.68356359793734,76717,665,1158,21463,
294.6930807388479,76716,666,1158,21463,
294.6938461566341,76715,667,1158,21463,
294.6980450895071,76715,666,1159,21463,
294.70573581021415,76715,665,1160,21463,
294.711325726546,76715,665,1159,21464,
294.71160124914803,76714,666,1159,21464,
294.7120499822864,76714,665,1160,21464,
294.7123182006086,76714,665,1159,21465,
294.7168211139041,76714,664,1160,21465,
294.72033818525085,76714,664,1159,21466,
294.7204885716414,76714,664,1158,21467,
294.7209360797831,76714,663,1159,21467,
294.7219059985355,76714,662,1160,21467,
294.72443937977664,76714,662,1159,21468,
294.731577270951,76714,662,1158,21469,
294.7334962891386,76713,663,1158,21469,
294.7435517312134,76712,664,1158,21469,
294.74451478431126,76712,663,1159,21469,
294.74922553034037,76712,663,1158,21470,
294.7564358816551,76712,663,1157,21471,
294.7571675081217,76712,663,1156,21472,
294.75899035093244,76711,664,1156,21472,
294.7623620407041,76710,665,1156,21472,
294.76322334104617,76710,665,1155,21473,
294.7664104623351,76710,664,1156,21473,
294.7696932090798,76710,663,1157,21473,
294.7707224790255,76709,664,1157,21473,
294.77108041372185,76709,664,1156,21474,
294.7768882706441,76709,663,1157,21474,
294.7775752238588,76709,662,1158,21474,
294.778655928459,76709,661,1159,21474,
294.7874346317585,76708,662,1159,21474,
294.7907169931786,76708,661,1160,21474,
294.7925667274989,76708,661,1159,21475,
294.79380296761985,76708,661,1158,21476,
294.7941420654938,76707,662,1158,21476,
294.796793164144,76707,662,1157,21477,
294.7989555307053,76706,663,1157,21477,
294.80150909446496,76705,664,1157,21477,
294.81674317789555,76705,664,1156,21478,
294.8201802089482,76705,663,1157,21478,
294.82048088895044,76705,663,1156,21479,
294.82471233179274,76705,662,1157,21479,
294.82481751885274,76705,661,1158,21479,
294.82627834147286,76705,660,1159,21479,
294.8273357874511,76704,661,1159,21479,
294.82822722378376,76703,662,1159,21479,
294.82837732250056,76703,661,1160,21479,
294.8314715635332,76702,662,1160,21479,
294.832774910478,76701,663,1160,21479,
294.83369028661946,76700,664,1160,21479,
294.83641885561406,76700,664,1159,21480,
294.8369919286044,76700,664,1158,21481,
294.83705583036846,76699,665,1158,21481,
294.8378831848067,76699,664,1159,21481,
294.83856875916956,76699,663,1160,21481,
294.84085582062613,76699,663,1159,21482,
294.84319466846557,76699,662,1160,21482,
294.8452490429537,76699,661,1161,21482,
294.8481556705525,76698,662,1161,21482,
294.84852540194834,76698,661,1162,21482,
294.84888213338905,76698,660,1163,21482,
294.8514404031623,76698,660,1162,21483,
294.8517935081478,76698,659,1163,21483,
294.864112413427,76697,660,1163,21483,
294.8656894477835,76697,659,1164,21483,
294.86611245807427,76696,660,1164,21483,
294.8689714483318,76696,660,1163,21484,
294.87044417856634,76696,660,1162,21485,
294.8705202329151,76696,659,1163,21485,
294.8718110516432,76695,660,1163,21485,
294.8720105081328,76695,659,1164,21485,
294.8756878182353,76695,659,1163,21486,
294.87649114041875,76695,659,1162,21487,
294.87975503541554,76694,660,1162,21487,
294.8838686044677,76693,661,1162,21487,
294.8886454239358,76692,662,1162,21487,
294.89223806599955,76692,661,1163,21487,
294.89628411582436,76692,661,1162,21488,
294.8968596802678,76692,660,1163,21488,
294.89906052328456,76692,660,1162,21489,
294.90385779768707,76692,660,1161,21490,
294.90425825615966,76692,660,1160,21491,
294.90568217827393,76692,659,1161,21491,
294.9081925287815,76692,658,1162,21491,
294.90891600071666,76692,657,1163,21491,
294.91150687218027,76692,657,1162,21492,
294.9214649365418,76692,657,1161,21493,
294.9264864284689,76691,658,1161,21493,
294.9271085639663,76691,657,1162,21493,
294.9287009733704,76691,656,1163,21493,
294.930313392364,76691,656,1162,21494,
294.9308383420536,76691,656,1161,21495,
294.932360372312,76691,656,1160,21496,
294.93335485735406,76690,657,1160,21496,
294.93344355517263,76690,657,1159,21497,
294.93467974823267,76689,658,1159,21497,
294.93872530992655,76689,657,1160,21497,
294.94052314596803,76689,657,1159,21498,
294.9423526107044,76689,657,1158,21499,
294.94272851167653,76689,656,1159,21499,
294.942778999654,76689,655,1160,21499,
294.944242630119,76688,656,1160,21499,
294.9503761144638,76688,656,1159,21500,
294.9569685603777,76687,657,1159,21500,
294.9582802202818,76686,658,1159,21500,
294.97162713771445,76685,659,1159,21500,
294.9740049721984,76685,659,1158,21501,
294.97553391146977,76685,659,1157,21502,
294.98780587816924,76684,660,1157,21502,
294.98782933096805,76684,659,1158,21502,
294.99008184337754,76684,659,1157,21503,
294.99166137790894,76683,660,1157,21503,
294.9922964054018,76683,659,1158,21503,
294.9948323159565,76683,658,1159,21503,
294.9950527770269,76683,658,1158,21504,
294.9958497481921,76683,657,1159,21504,
294.9959182236438,76683,657,1158,21505,
294.99847978463555,76683,656,1159,21505,
295.0000265442272,76682,657,1159,21505,
295.0051424291192,76682,657,1158,21506,
295.00807508275324,76682,657,1157,21507,
295.0083221080245,76682,656,1158,21507,
295.01121461910975,76681,657,1158,21507,
295.0171871459339,76681,657,1157,21508,
295.01780305257404,76681,656,1158,21508,
295.0223700107864,76680,657,1158,21508,
295.02585373583713,76679,658,1158,21508,
295.0262214494216,76678,659,1158,21508,
295.0349534044466,76677,660,1158,21508,
295.04068029918005,76677,660,1157,21509,
295.04243713603535,76676,661,1157,21509,
295.0474545956575,76675,662,1157,21509,
295.04852927715416,76674,663,1157,21509,
295.0490916197409,76673,664,1157,21509,
295.0504906447255,76673,663,1158,21509,
295.0507774582764,76672,664,1158,21509,
295.0532859504351,76672,663,1159,21509,
295.05339100157073,76672,662,1160,21509,
295.05351566288937,76672,662,1159,21510,
295.05675109687513,76672,662,1158,21511,
295.05675197560635,76672,662,1157,21512,
295.05737670811914,76671,663,1157,21512,
295.0574536115101,76671,663,1156,21513,
295.0582360524867,76671,662,1157,21513,
295.0597776026332,76670,663,1157,21513,
295.06267123026976,76670,662,1158,21513,
295.06442268989224,76670,661,1159,21513,
295.066546673175,76670,661,1158,21514,
295.06820845359056,76669,662,1158,21514,
295.0727186796257,76669,661,1159,21514,
295.0730171099263,76668,662,1159,21514,
295.07462838412147,76668,661,1160,21514,
295.07824489835156,76668,661,1159,21515,
295.0786494719996,76668,661,1158,21516,
295.0818690854831,76668,661,1157,21517,
295.08660984566745,76668,660,1158,21517,
295.09871557932297,76668,659,1159,21517,
295.10004716805355,76667,660,1159,21517,
295.10346287821756,76667,660,1158,21518,
295.1084514708616,76667,659,1159,21518,
295.1086350774685,76666,660,1159,21518,
295.110750090448,76665,661,1159,21518,
295.11110172918256,76664,662,1159,21518,
295.11705564039823,76664,662,1158,21519,
295.1186197355989,76664,661,1159,21519,
295.11924382612864,76663,662,1159,21519,
295.11956074145655,76663,662,1158,21520,
295.12575075592014,76663,662,1157,21521,
295.1272319458537,76663,662,1156,21522,
295.12848096314497,76663,662,1155,21523,
295.13603507922636,76663,661,1156,21523,
295.13631204147003,76663,660,1157,21523,
295.13710954972015,76663,659,1158,21523,
295.14106103460233,76663,658,1159,21523,
295.14115460674,76662,659,1159,21523,
295.14156678913406,76662,659,1158,21524,
295.1482567251048,76662,658,1159,21524,
295.1552197734307,76661,659,1159,21524,
295.1605153792984,76661,659,1158,21525,
295.1608455872475,76660,660,1158,21525,
295.1611893627191,76660,659,1159,21525,
295.1616934588674,76659,660,1159,21525,
295.16172411052605,76659,660,1158,21526,
295.16232455907493,76659,660,1157,21527,
295.16241244679816,76659,660,1156,21528,
295.1625469194066,76659,659,1157,21528,
295.16450995033614,76659,658,1158,21528,
295.1660538772233,76659,657,1159,21528,
295.1665597495406,76659,656,1160,21528,
295.16777956548583,76658,657,1160,21528,
295.1720287596225,76658,657,1159,21529,
295.17822577940626,76657,658,1159,21529,
295.1802482525476,76656,659,1159,21529,
295.1803193256493,76656,658,1160,21529,
295.183726797044,76656,658,1159,21530,
295.18457081904876,76655,659,1159,21530,
295.1852162974161,76655,659,1158,21531,
295.18968945855636,76655,658,1159,21531,
295.18981382262774,76655,657,1160,21531,
295.1966331719173,76655,657,1159,21532,
295.2029135888738,76655,656,1160,21532,
295.20432619821923,76655,656,1159,21533,
295.20442742758644,76654,657,1159,21533,
295.2050079920109,76654,657,1158,21534,
295.2060052337529,76653,658,1158,21534,
295.2101406817151,76652,659,1158,21534,
295.2132691799142,76652,659,1157,21535,
295.21990749214467,76651,660,1157,21535,
295.2239407493512,76651,659,1158,21535,
295.2243739156272,76651,658,1159,21535,
295.22438450174786,76651,657,1160,21535,
295.22457083129194,76650,658,1160,21535,
295.2254332951442,76650,658,1159,21536,
295.2321656426902,76650,658,1158,21537,
295.23314254726864,76650,657,1159,21537,
295.23318252643793,76649,658,1159,21537,
295.23380602572644,76648,659,1159,21537,
295.23481829741644,76648,658,1160,21537,
295.2357081739254,76647,659,1160,21537,
295.23728041917377,76647,659,1159,21538,
295.2390969956111,76647,658,1160,21538,
295.2417352456977,76647,658,1159,21539,
295.2425337181005,76646,659,1159,21539,
295.24484754039014,76645,660,1159,21539,
295.2487225101948,76645,660,1158,21540,
295.24885675698823,76644,661,1158,21540,
295.25024467554834,76644,660,1159,21540,
295.25415229713167,76644,660,1158,21541,
295.2645182346134,76643,661,1158,21541,
295.2650078022388,76643,661,1157,21542,
295.27126717118324,76642,662,1157,21542,
295.27394650936736,76642,661,1158,21542,
295.2768316057447,76642,661,1157,21543,
295.2780461574974,76642,660,1158,21543,
295.28154631426634,76642,659,1159,21543,
295.2848368178451,76642,659,1158,21544,
295.28958069008735,76642,659,1157,21545,
295.2917375641325,76642,659,1156,21546,
295.29210594110776,76641,660,1156,21546,
295.2962545064934,76641,660,1155,21547,
295.29658394357534,76641,660,1154,21548,
295.29721916138317,76641,660,1153,21549,
295.30051124271716,76641,659,1154,21549,
295.30156995871374,76641,658,1155,21549,
295.3059892724738,76641,657,1156,21549,
295.30902181503353,76641,657,1155,21550,
295.3092065249316,76641,656,1156,21550,
295.3144208332741,76640,657,1156,21550,
295.3144467424797,76640,656,1157,21550,
295.32262889090975,76639,657,1157,21550,
295.3230809585067,76639,656,1158,21550,
295.32465355974153,76639,656,1157,21551,
295.32540148937954,76639,655,1158,21551,
295.32804130910756,76639,654,1159,21551,
295.32815630788485,76639,654,1158,21552,
295.332979264413,76639,654,1157,21553,
295.33361325441774,76639,653,1158,21553,
295.3408640261982,76639,652,1159,21553,
295.342758675154,76639,651,1160,21553,
295.3447888879865,76639,650,1161,21553,
295.3449152191606,76639,650,1160,21554,
295.3522273060461,76639,650,1159,21555,
295.3523658535779,76639,650,1158,21556,
295.3551370147205,76638,651,1158,21556,
295.3614058555862,76638,651,1157,21557,
295.36265163875345,76638,651,1156,21558,
295.36647192054716,76638,650,1157,21558,
295.3678896303474,76637,651,1157,21558,
295.37231839113474,76637,651,1156,21559,
295.38303034769456,76636,652,1156,21559,
295.3834525170126,76635,653,1156,21559,
295.38447849248035,76635,652,1157,21559,
295.3850897231025,76635,652,1156,21560,
295.3852866347525,76635,652,1155,21561,
295.3866803795799,76634,653,1155,21561,
295.3868088788076,76634,652,1156,21561,
295.38961991441937,76633,653,1156,21561,
295.3919641536487,76633,653,1155,21562,
295.3921258477815,76633,652,1156,21562,
295.3966444870987,76633,651,1157,21562,
295.39728589275825,76633,651,1156,21563,
295.40227712265954,76633,650,1157,21563,
295.4029899447159,76632,651,1157,21563,
295.4056675248497,76632,650,1158,21563,
295.41121015779316,76632,650,1157,21564,
295.41809328403303,76632,650,1156,21565,
295.41815036805065,76632,650,1155,21566,
295.41936679395064,76632,650,1154,21567,
295.42007298212826,76631,651,1154,21567,
295.42412497236006,76630,652,1154,21567,
295.4242617295023,76630,651,1155,21567,
295.42435421056854,76630,651,1154,21568,
295.4274642636707,76630,651,1153,21569,
295.43054714358385,76630,651,1152,21570,
295.4317575221048,76630,650,1153,21570,
295.43310692780517,76630,649,1154,21570,
295.436644419839,76630,648,1155,21570,
295.4383288371027,76630,647,1156,21570,
295.43835387863726,76630,646,1157,21570,
295.4400577679161,76629,647,1157,21570,
295.4402997633574,76628,648,1157,21570,
295.4403640937346,76628,648,1156,21571,
295.44138307955103,76628,647,1157,21571,
295.44195894798634,76627,648,1157,21571,
295.4424575458118,76626,649,1157,21571,
295.4442824508526,76625,650,1157,21571,
295.44486862709977,76625,650,1156,21572,
295.44499426088834,76624,651,1156,21572,
295.4472598924647,76624,651,1155,21573,
295.45086940682427,76624,651,1154,21574,
295.4509308141464,76624,650,1155,21574,
295.4533730145474,76624,650,1154,21575,
295.45575822666615,76623,651,1154,21575,
295.4558918295191,76622,652,1154,21575,
295.4582931393443,76622,651,1155,21575,
295.4607252130223,76622,650,1156,21575,
295.4615246977196,76622,649,1157,21575,
295.46264465823253,76622,648,1158,21575,
295.4663296348015,76621,649,1158,21575,
295.4691066723089,76621,648,1159,21575,
295.4696176919415,76621,648,1158,21576,
295.4712912933746,76621,647,1159,21576,
295.47239246293606,76620,648,1159,21576,
295.476093467931,76620,647,1160,21576,
295.4798424731119,76620,646,1161,21576,
295.4804946023678,76620,646,1160,21577,
295.48291059290585,76620,645,1161,21577,
295.48567520087846,76619,646,1161,21577,
295.48900915088456,76619,645,1162,21577,
295.49309297272265,76619,645,1161,21578,
295.49311542965233,76619,644,1162,21578,
295.4943768715679,76619,644,1161,21579,
295.494909362754,76618,645,1161,21579,
295.4966600266502,76618,644,1162,21579,
295.49799925568465,76617,645,1162,21579,
295.49821389076885,76616,646,1162,21579,
295.49849723327594,76615,647,1162,21579,
295.4997766143318,76614,648,1162,21579,
295.49979745279285,76614,648,1161,21580,
295.50026349934467,76614,648,1160,21581,
295.5022301777035,76614,647,1161,21581,
295.50287873340943,76614,647,1160,21582,
295.50565585691356,76613,648,1160,21582,
295.5069961055662,76613,648,1159,21583,
295.5085858055494,76613,647,1160,21583,
295.5090297531573,76613,646,1161,21583,
295.512210782188,76613,646,1160,21584,
295.51561694427886,76613,645,1161,21584,
295.526085954844,76612,646,1161,21584,
295.528205691252,76612,645,1162,21584,
295.53101219420085,76612,645,1161,21585,
295.537863859422,76611,646,1161,21585,
295.5387073877669,76610,647,1161,21585,
295.5393019091371,76610,646,1162,21585,
295.5431317433006,76610,646,1161,21586,
295.5448719501222,76610,646,1160,21587,
295.5461760862849,76609,647,1160,21587,
295.5465671006949,76609,646,1161,21587,
295.5509194678672,76609,646,1160,21588,
295.5538189658885,76608,647,1160,21588,
295.55430810849975,76607,648,1160,21588,
295.554611445977,76607,647,1161,21588,
295.5564291008324,76607,647,1160,21589,
295.5581609699822,76607,647,1159,21590,
295.55898942894345,76607,647,1158,21591,
295.5647558034338,76607,647,1157,21592,
295.566865308735,76607,647,1156,21593,
295.57014189504855,76606,648,1156,21593,
295.5708550824262,76606,647,1157,21593,
295.5710698504343,76606,646,1158,21593,
295.57368088633433,76605,647,1158,21593,
295.5743624964691,76605,647,1157,21594,
295.5790465802619,76605,647,1156,21595,
295.5822681700534,76605,646,1157,21595,
295.5836135351592,76605,645,1158,21595,
295.5860345381105,76605,644,1159,21595,
295.58729701684496,76605,643,1160,21595,
295.58867580214604,76604,644,1160,21595,
295.59300906288024,76604,644,1159,21596,
295.59551580254333,76603,645,1159,21596,
295.59610417523373,76603,645,1158,21597,
295.59739768196744,76603,644,1159,21597,
295.6016080655292,76603,643,1160,21597,
295.60207758798504,76602,644,1160,21597,
295.6044744761281,76602,644,1159,21598,
295.60619890705897,76601,645,1159,21598,
295.6098033437374,76601,644,1160,21598,
295.6112934140155,76601,644,1159,21599,
295.61159662791914,76600,645,1159,21599,
295.612718190105,76600,644,1160,21599,
295.6147708359769,76600,644,1159,21600,
295.6216874197029,76600,644,1158,21601,
295.62667985222504,76600,643,1159,21601,
295.6276466693374,76600,643,1158,21602,
295.63009157413745,76600,643,1157,21603,
295.6345554780907,76600,642,1158,21603,
295.635462175816,76599,643,1158,21603,
295.63556817518895,76599,643,1157,21604,
295.6355891447457,76599,642,1158,21604,
295.6356069821883,76598,643,1158,21604,
295.64152544107264,76598,642,1159,21604,
295.64681409583034,76598,641,1160,21604,
295.64940016259675,76598,641,1159,21605,
295.6496627408641,76598,640,1160,21605,
295.6517841335826,76598,640,1159,21606,
295.65216287748166,76598,640,1158,21607,
295.6535641232191,76598,640,1157,21608,
295.65502430202906,76598,639,1158,21608,
295.6580096389142,76597,640,1158,21608,
295.65864751462533,76597,639,1159,21608,
295.66372080003055,76597,639,1158,21609,
295.6657691862927,76597,638,1159,21609,
295.6665524848202,76597,637,1160,21609,
295.6693842539944,76597,636,1161,21609,
295.66957042449474,76597,636,1160,21610,
295.6723398033118,76597,635,1161,21610,
295.6725572161102,76597,635,1160,21611,
295.6775620467988,76597,634,1161,21611,
295.6790978107791,76597,634,1160,21612,
295.6816119797581,76597,634,1159,21613,
295.68220242167297,76597,633,1160,21613,
295.686589330271,76596,634,1160,21613,
295.687633543387,76595,635,1160,21613,
295.69161328022335,76595,634,1161,21613,
295.6920153841857,76595,633,1162,21613,
295.6932652425169,76595,633,1161,21614,
295.69817663859385,76594,634,1161,21614,
295.701474360298,76593,635,1161,21614,
295.701476947018,76593,634,1162,21614,
295.7017235297078,76592,635,1162,21614,
295.7018917424568,76591,636,1162,21614,
295.70549401603796,76591,635,1163,21614,
295.70713078995334,76591,634,1164,21614,
295.7113666436789,76590,635,1164,21614,
295.71178200320867,76590,634,1165,21614,
295.71433673225255,76590,634,1164,21615,
295.72371124197826,76589,635,1164,21615,
295.72501140822965,76588,636,1164,21615,
295.7281535240823,76588,636,1163,21616,
295.7303296813778,76587,637,1163,21616,
295.7328912644601,76587,637,1162,21617,
295.7341860672545,76587,636,1163,21617,
295.73596732068034,76587,635,1164,21617,
295.73739920815694,76587,634,1165,21617,
295.74083651276806,76587,633,1166,21617,
295.7431442686288,76587,632,1167,21617,
295.74381618374207,76586,633,1167,21617,
295.74386786407484,76586,633,1166,21618,
295.748675191888,76586,632,1167,21618,
295.74997319691033,76586,632,1166,21619,
295.75092212372294,76586,632,1165,21620,
295.75391910053713,76586,632,1164,21621,
295.7549483724339,76586,632,1163,21622,
295.7553211827264,76585,633,1163,21622,
295.75586909496803,76585,632,1164,21622,
295.760272113008,76584,633,1164,21622,
295.7603632880509,76584,633,1163,21623,
295.7660406636981,76584,632,1164,21623,
295.7671164996702,76584,632,1163,21624,
295.7774007013803,76584,631,1164,21624,
295.77842947161764,76584,630,1165,21624,
295.77859270376484,76584,630,1164,21625,
295.7799371692048,76584,630,1163,21626,
295.7864976212979,76584,629,1164,21626,
295.78863872601994,76584,629,1163,21627,
295.7924973400022,76584,628,1164,21627,
295.7929623934736,76584,628,1163,21628,
295.7944594610061,76584,628,1162,21629,
295.79483696748923,76583,629,1162,21629,
295.7957612951253,76583,629,1161,21630,
295.7958535791381,76583,629,1160,21631,
295.79809899063804,76583,628,1161,21631,
295.7982703630705,76582,629,1161,21631,
295.8003912072026,76581,630,1161,21631,
295.80147876582714,76581,630,1160,21632,
295.80424117701585,76581,630,1159,21633,
295.80487575185504,76581,629,1160,21633,
295.80725433774444,76581,629,1159,21634,
295.8092463276699,76581,628,1160,21634,
295.81113608163236,76580,629,1160,21634,
295.81164345712426,76580,629,1159,21635,
295.81303492670344,76580,629,1158,21636,
295.8131731332729,76579,630,1158,21636,
295.8137526475193,76579,629,1159,21636,
295.81830163662676,76579,628,1160,21636,
295.8204267955268,76579,627,1161,21636,
295.82208170355057,76579,627,1160,21637,
295.822352522511,76579,627,1159,21638,
295.8257822482714,76579,626,1160,21638,
295.8295804805456,76579,626,1159,21639,
295.82991733569946,76578,627,1159,21639,
295.83117298920126,76578,626,1160,21639,
295.8364621513907,76578,626,1159,21640,
295.8387768839867,76578,626,1158,21641,
295.84129512115663,76578,626,1157,21642,
295.8433243015487,76578,626,1156,21643,
295.84361679470635,76577,627,1156,21643,
295.84602966071185,76576,628,1156,21643,
295.84622494726415,76576,627,1157,21643,
295.8472168719066,76576,627,1156,21644,
295.84734627015104,76576,626,1157,21644,
295.84952500567,76576,625,1158,21644,
295.850387640949,76575,626,1158,21644,
295.8512251018516,76575,626,1157,21645,
295.8528559152818,76575,626,1156,21646,
295.85475173266786,76575,625,1157,21646,
295.85499038801487,76575,625,1156,21647,
295.855396875624,76575,624,1157,21647,
295.8574571988617,76575,623,1158,21647,
295.85961199270594,76575,623,1157,21648,
295.86043166847986,76575,622,1158,21648,
295.86914666332456,76575,622,1157,21649,
295.8693838847241,76575,622,1156,21650,
295.8701435869337,76575,622,1155,21651,
295.8845282890895,76574,623,1155,21651,
295.8858372068601,76574,622,1156,21651,
295.8883411793133,76573,623,1156,21651,
295.8891821390192,76573,622,1157,21651,
295.88951484862145,76572,623,1157,21651,
295.89038847392413,76572,622,1158,21651,
295.89386813860006,76572,621,1159,21651,
295.8945549203304,76572,621,1158,21652,
295.8949704257552,76572,620,1159,21652,
295.89691030716824,76572,620,1158,21653,
295.90040233242485,76571,621,1158,21653,
295.90068080729264,76571,621,1157,21654,
295.90453221151273,76571,620,1158,21654,
295.90467382427903,76571,620,1157,21655,
295.90753643391423,76570,621,1157,21655,
295.91396348689216,76570,620,1158,21655,
295.9145114765518,76570,619,1159,21655,
295.91603151897493,76570,618,1160,21655,
295.9163081312376,76570,617,1161,21655,
295.922192918429,76570,617,1160,21656,
295.92673817493034,76570,616,1161,21656,
295.93598358528055,76569,617,1161,21656,
295.9376460565514,76569,616,1162,21656,
295.94977431952157,76569,615,1163,21656,
295.95021740099327,76568,616,1163,21656,
295.95377998224365,76567,617,1163,21656,
295.9557729229458,76566,618,1163,21656,
295.95618051189626,76565,619,1163,21656,
295.9607985076803,76565,618,1164,21656,
295.96142943201454,76565,617,1165,21656,
295.9623987947099,76565,617,1164,21657,
295.9630785826706,76565,616,1165,21657,
295.963548156138,76564,617,1165,21657,
295.96704914353944,76563,618,1165,21657,
295.9675671719976,76562,619,1165,21657,
295.9696617815609,76562,619,1164,21658,
295.9779654471514,76562,619,1163,21659,
295.97890822542115,76562,619,1162,21660,
295.9795362192349,76561,620,1162,21660,
295.9810748978618,76561,619,1163,21660,
295.98207401178274,76561,619,1162,21661,
295.98398731118175,76561,619,1161,21662,
295.9841806322761,76561,619,1160,21663,
295.99015818242935,76561,619,1159,21664,
295.99288182903473,76561,618,1160,21664,
295.9932049652085,76560,619,1160,21664,
295.9945338221558,76560,619,1159,21665,
296.00176503733206,76560,618,1160,21665,
296.00193177070815,76559,619,1160,21665,
296.002289929499,76558,620,1160,21665,
296.0023448190987,76557,621,1160,21665,
296.0027298326881,76557,621,1159,21666,
296.00798794826676,76557,621,1158,21667,
296.0091248334738,76557,620,1159,21667,
296.01000052888077,76556,621,1159,21667,
296.0132103196951,76555,622,1159,21667,
296.01436666655604,76554,623,1159,21667,
296.016097929765,76554,623,1158,21668,
296.02002999480885,76554,623,1157,21669,
296.0317579830711,76554,622,1158,21669,
296.03839659038454,76554,621,1159,21669,
296.04077807480525,76554,621,1158,21670,
296.0471708285683,76554,621,1157,21671,
296.0501290387381,76554,621,1156,21672,
296.0511326666619,76553,622,1156,21672,
296.0533757194463,76552,623,1156,21672,
296.05747605222285,76551,624,1156,21672,
296.05886528987224,76551,623,1157,21672,
296.0589635376337,76551,622,1158,21672,
296.061153022903,76551,621,1159,21672,
296.0612357959588,76550,622,1159,21672,
296.0617674105272,76550,622,1158,21673,
296.06768048423675,76550,622,1157,21674,
296.0758847607386,76550,621,1158,21674,
296.08078079301595,76549,622,1158,21674,
296.08092527656015,76548,623,1158,21674,
296.0817296405889,76548,623,1157,21675,
296.08355697566515,76548,622,1158,21675,
296.08529053203415,76548,622,1157,21676,
296.0912509120004,76548,621,1158,21676,
296.09145231290495,76548,620,1159,21676,
296.0918344958613,76548,620,1158,21677,
296.09222715083774,76548,619,1159,21677,
296.0946401232399,76548,619,1158,21678,
296.09699364650936,76547,620,1158,21678,
296.0974619665478,76547,619,1159,21678,
296.09800784949795,76546,620,1159,21678,
296.09956542471525,76546,620,1158,21679,
296.1014263535554,76545,621,1158,21679,
296.10533605463337,76545,621,1157,21680,
296.1087705260324,76544,622,1157,21680,
296.11082751171847,76543,623,1157,21680,
296.11280760014864,76543,622,1158,21680,
296.1223447813842,76542,623,1158,21680,
296.1227839565173,76542,623,1157,21681,
296.1240762823666,76542,622,1158,21681,
296.1265828275972,76542,622,1157,21682,
296.12975563033905,76542,622,1156,21683,
296.1327472057495,76541,623,1156,21683,
296.1335775603617,76540,624,1156,21683,
296.13564840678896,76540,623,1157,21683,
296.1361979669908,76540,622,1158,21683,
296.1398100864677,76540,622,1157,21684,
296.1439486008542,76539,623,1157,21684,
296.1473948988117,76539,623,1156,21685,
296.15419484417123,76539,623,1155,21686,
296.15464180364455,76538,624,1155,21686,
296.155822987911,76538,624,1154,21687,
296.1589843388069,76537,625,1154,21687,
296.15950713836486,76537,625,1153,21688,
296.1597129832965,76537,625,1152,21689,
296.16000623716457,76537,625,1151,21690,
296.1631795409893,76537,625,1150,21691,
296.16431456374175,76536,626,1150,21691,
296.1654979770922,76536,626,1149,21692,
296.16607700707146,76536,626,1148,21693,
296.1674783728797,76536,626,1147,21694,
296.1689573061093,76536,625,1148,21694,
296.16953134336126,76536,624,1149,21694,
296.1698051862218,76536,624,1148,21695,
296.17912189101577,76536,624,1147,21696,
296.18075075917966,76536,623,1148,21696,
296.1816413339759,76536,622,1149,21696,
296.18240198091326,76536,622,1148,21697,
296.18400489613816,76535,623,1148,21697,
296.1868677223603,76535,623,1147,21698,
296.1885671487925,76534,624,1147,21698,
296.19093242410804,76534,624,1146,21699,
296.19204427651187,76534,624,1145,21700,
296.2026104366726,76534,624,1144,21701,
296.2033529764439,76534,624,1143,21702,
296.2048416411689,76534,623,1144,21702,
296.20986460259184,76534,623,1143,21703,
296.21082003944775,76533,624,1143,21703,
296.2112996219585,76532,625,1143,21703,
296.213834800074,76532,625,1142,21704,
296.2238698405163,76531,626,1142,21704,
296.2238970456266,76530,627,1142,21704,
296.2282812837924,76529,628,1142,21704,
296.2309228991127,76529,627,1143,21704,
296.2327092493171,76529,627,1142,21705,
296.232874487893,76529,626,1143,21705,
296.2341325558668,76529,625,1144,21705,
296.23415374670446,76529,624,1145,21705,
296.23488929332365,76529,623,1146,21705,
296.2372208789717,76528,624,1146,21705,
296.242433985739,76528,623,1147,21705,
296.2432765931928,76528,623,1146,21706,
296.2468654102969,76527,624,1146,21706,
296.2488726512007,76527,623,1147,21706,
296.24961195944894,76526,624,1147,21706,
296.25255657293184,76526,624,1146,21707,
296.2573690025334,76526,624,1145,21708,
296.25745604176035,76526,623,1146,21708,
296.25838923486367,76526,623,1145,21709,
296.2637125530248,76526,622,1146,21709,
296.2743502473246,76525,623,1146,21709,
296.2772023022111,76525,623,1145,21710,
296.28286567354553,76525,623,1144,21711,
296.2855235959749,76525,623,1143,21712,
296.2925893733221,76524,624,1143,21712,
296.2974461458299,76523,625,1143,21712,
296.305642111947,76522,626,1143,21712,
296.30793897733844,76522,626,1142,21713,
296.30861177887033,76522,626,1141,21714,
296.3095958756814,76522,625,1142,21714,
296.3153056294729,76522,624,1143,21714,
296.3177296748977,76522,623,1144,21714,
296.31872188724265,76522,623,1143,21715,
296.32045782922876,76522,623,1142,21716,
296.3205935539904,76521,624,1142,21716,
296.3269503123922,76521,624,1141,21717,
296.3272322064511,76521,624,1140,21718,
296.3288641033266,76521,624,1139,21719,
296.32926121851233,76521,623,1140,21719,
296.3303254772301,76521,623,1139,21720,
296.33516326093076,76520,624,1139,21720,
296.3394678781813,76520,623,1140,21720,
296.3516618333509,76520,623,1139,21721,
296.35281216155784,76519,624,1139,21721,
296.3636360913694,76519,623,1140,21721,
296.36527767800425,76519,623,1139,21722,
296.3674654504313,76519,623,1138,21723,
296.3679060588475,76519,622,1139,21723,
296.36887027727346,76519,621,1140,21723,
296.37180458659105,76519,621,1139,21724,
296.37234994787315,76519,620,1140,21724,
296.38067854853676,76519,620,1139,21725,
296.384091096476,76519,620,1138,21726,
296.3860447391468,76519,620,1137,21727,
296.388627238755,76519,620,1136,21728,
296.38866896764597,76519,620,1135,21729,
296.38923411730417,76518,621,1135,21729,
296.3970603196136,76517,622,1135,21729,
296.39843824349094,76516,623,1135,21729,
296.400660407464,76516,623,1134,21730,
296.4012580038934,76516,623,1133,21731,
296.402800168466,76516,623,1132,21732,
296.4107592911051,76516,623,1131,21733,
296.41174821911073,76516,623,1130,21734,
296.41439768852206,76516,623,1129,21735,
296.4146438624673,76516,622,1130,21735,
296.4192031270924,76516,622,1129,21736,
296.4206795153731,76516,621,1130,21736,
296.43254140988694,76515,622,1130,21736,
296.43266899048524,76515,622,1129,21737,
296.4342690506413,76515,622,1128,21738,
296.43544102346016,76515,621,1129,21738,
296.4355494545959,76514,622,1129,21738,
296.4424916262541,76514,622,1128,21739,
296.4427174688054,76514,621,1129,21739,
296.44676649905676,76513,622,1129,21739,
296.4538991809412,76513,622,1128,21740,
296.46129550753034,76512,623,1128,21740,
296.4652371684369,76512,623,1127,21741,
296.465403304195,76512,622,1128,21741,
296.4707167209792,76511,623,1128,21741,
296.4710401817721,76511,622,1129,21741,
296.4711056685584,76511,621,1130,21741,
296.4715099222328,76511,620,1131,21741,
296.4720390856319,76511,619,1132,21741,
296.47485329308756,76511,618,1133,21741,
296.4767569169898,76511,618,1132,21742,
296.4779270708182,76510,619,1132,21742,
296.4784903924418,76510,618,1133,21742,
296.4791282363935,76509,619,1133,21742,
296.4843029440626,76509,618,1134,21742,
296.48874369510855,76509,617,1135,21742,
296.4892005813274,76508,618,1135,21742,
296.49280927369136,76508,617,1136,21742,
296.4960918147484,76508,616,1137,21742,
296.50368212553155,76508,616,1136,21743,
296.5103517743194,76507,617,1136,21743,
296.51146605912174,76506,618,1136,21743,
296.51195921018706,76506,618,1135,21744,
296.5122326833276,76506,617,1136,21744,
296.5157855211269,76506,616,1137,21744,
296.51717374911686,76505,617,1137,21744,
296.5175507350554,76504,618,1137,21744,
296.5204307871887,76504,618,1136,21745,
296.5208128278423,76504,618,1135,21746,
296.5236491503689,76504,617,1136,21746,
296.52707846225775,76503,618,1136,21746,
296.5302777100126,76503,617,1137,21746,
296.53495541657026,76503,617,1136,21747,
296.5355220378284,76502,618,1136,21747,
296.5359036124722,76502,618,1135,21748,
296.53861524932336,76502,618,1134,21749,
296.5386451063902,76501,619,1134,21749,
296.5430057779571,76501,619,1133,21750,
296.54692803354976,76501,618,1134,21750,
296.5541447804684,76500,619,1134,21750,
296.55415071047116,76500,618,1135,21750,
296.5546912435839,76500,618,1134,21751,
296.5575678018452,76500,618,1133,21752,
296.55971805672544,76499,619,1133,21752,
296.56144960915253,76499,619,1132,21753,
296.5641763786853,76499,618,1133,21753,
296.56981848970594,76498,619,1133,21753,
296.57509205800164,76498,618,1134,21753,
296.575673976255,76498,618,1133,21754,
296.5785372013269,76498,617,1134,21754,
296.5794673760667,76498,617,1133,21755,
296.57991707508705,76498,617,1132,21756,
296.58062617086244,76498,616,1133,21756,
296.58242472368977,76497,617,1133,21756,
296.58667691752936,76496,618,1133,21756,
296.586830809071,76495,619,1133,21756,
296.5877560202584,76495,618,1134,21756,
296.59131861719055,76494,619,1134,21756,
296.60836152320684,76494,618,1135,21756,
296.6099476137969,76494,617,1136,21756,
296.61014601321574,76494,617,1135,21757,
296.6104188329838,76494,617,1134,21758,
296.6107789334164,76493,618,1134,21758,
296.61152630583166,76493,617,1135,21758,
296.61316858140754,76492,618,1135,21758,
296.6167065474615,76492,617,1136,21758,
296.61951654128126,76492,616,1137,21758,
296.62309121079875,76491,617,1137,21758,
296.62968957062174,76491,616,1138,21758,
296.63654033404185,76491,616,1137,21759,
296.64080136479424,76491,616,1136,21760,
296.6461885509709,76491,615,1137,21760,
296.64978584934806,76491,615,1136,21761,
296.6551395780325,76491,614,1137,21761,
296.65686216699135,76491,613,1138,21761,
296.66091154204787,76491,613,1137,21762,
296.6612084542254,76491,612,1138,21762,
296.6624901255657,76491,611,1139,21762,
296.66295009674565,76491,611,1138,21763,
296.66865426917747,76491,611,1137,21764,
296.67210543827525,76491,611,1136,21765,
296.6799406595737,76491,611,1135,21766,
296.68020035254904,76490,612,1135,21766,
296.68054574564206,76490,612,1134,21767,
296.6821628150891,76490,612,1133,21768,
296.68336450867116,76490,611,1134,21768,
296.68397593639077,76490,611,1133,21769,
296.6855789771083,76489,612,1133,21769,
296.6881967790809,76489,612,1132,21770,
296.6884938964414,76489,611,1133,21770,
296.689903862156,76489,611,1132,21771,
296.69328656712315,76488,612,1132,21771,
296.6989909705642,76487,613,1132,21771,
296.6998463233846,76487,612,1133,21771,
296.70806062109057,76486,613,1133,21771,
296.71258581166154,76485,614,1133,21771,
296.71485975485854,76484,615,1133,21771,
296.71952220951175,76484,614,1134,21771,
296.7235105953141,76483,615,1134,21771,
296.72378169178836,76483,615,1133,21772,
296.7240049811139,76483,615,1132,21773,
296.7248667195994,76483,615,1131,21774,
296.7263553088964,76483,615,1130,21775,
296.7284665901658,76482,616,1130,21775,
296.72963099497116,76481,617,1130,21775,
296.7301203818086,76480,618,1130,21775,
296.73752511694875,76479,619,1130,21775,
296.73995983157977,76479,619,1129,21776,
296.74719049633273,76479,619,1128,21777,
296.74891419918663,76479,618,1129,21777,
296.74992371297856,76479,617,1130,21777,
296.75026349364384,76479,616,1131,21777,
296.75128690396974,76478,617,1131,21777,
296.7628531674979,76478,617,1130,21778,
296.7687588785964,76477,618,1130,21778,
296.7699316274492,76477,618,1129,21779,
296.7711121502681,76476,619,1129,21779,
296.7716031908803,76476,619,1128,21780,
296.7752612491049,76476,618,1129,21780,
296.7756208422201,76475,619,1129,21780,
296.77760281952527,76474,620,1129,21780,
296.77770378127053,76474,620,1128,21781,
296.77814062544536,76474,620,1127,21782,
296.78385197365185,76473,621,1127,21782,
296.78609419246015,76472,622,1127,21782,
296.79205424971764,76472,622,1126,21783,
296.80089646418867,76472,621,1127,21783,
296.8011254880801,76472,620,1128,21783,
296.8019195963945,76472,620,1127,21784,
296.80496096977794,76472,619,1128,21784,
296.80825497840135,76472,619,1127,21785,
296.8135139323747,76472,618,1128,21785,
296.8219811851385,76471,619,1128,21785,
296.82310486780153,76470,620,1128,21785,
296.8246480523165,76469,621,1128,21785,
296.82509279021696,76468,622,1128,21785,
296.82525666175997,76468,621,1129,21785,
296.8274851302052,76468,620,1130,21785,
296.82752054122955,76467,621,1130,21785,
296.8293438067844,76466,622,1130,21785,
296.8322297726367,76465,623,1130,21785,
296.8327514347101,76464,624,1130,21785,
296.8337864030759,76463,625,1130,21785,
296.8341077366329,76462,626,1130,21785,
296.83550666155355,76462,625,1131,21785,
296.83646389187413,76461,626,1131,21785,
296.83892099777603,76461,626,1130,21786,
296.84509636401737,76460,627,1130,21786,
296.85180845455835,76460,627,1129,21787,
296.85693386490334,76460,626,1130,21787,
296.86296174187163,76460,625,1131,21787,
296.8676279686504,76460,625,1130,21788,
296.87166252607057,76460,624,1131,21788,
296.87609070649364,76460,624,1130,21789,
296.87779884318206,76460,623,1131,21789,
296.8796567854892,76460,622,1132,21789,
296.8840262562648,76460,621,1133,21789,
296.88624857977277,76460,621,1132,21790,
296.89527882348517,76460,620,1133,21790,
296.8952791668852,76460,619,1134,21790,
296.8979635344201,76460,619,1133,21791,
296.89831247261475,76460,618,1134,21791,
296.8991477040547,76459,619,1134,21791,
296.89942263421034,76459,618,1135,21791,
296.9074711782479,76458,619,1135,21791,
296.91749221710427,76458,618,1136,21791,
296.9196974456021,76458,617,1137,21791,
296.9202331810884,76457,618,1137,21791,
296.92228383804394,76457,617,1138,21791,
296.92230619568863,76457,616,1139,21791,
296.92325247752535,76457,616,1138,21792,
296.92494022177357,76457,616,1137,21793,
296.9273251530193,76456,617,1137,21793,
296.9372989325312,76455,618,1137,21793,
296.93864293121993,76454,619,1137,21793,
296.9405520152698,76454,618,1138,21793,
296.94149287308784,76453,619,1138,21793,
296.9436745772444,76453,618,1139,21793,
296.9440147949356,76453,617,1140,21793,
296.94577839652146,76453,616,1141,21793,
296.9460143723825,76453,616,1140,21794,
296.9528440276485,76453,616,1139,21795,
296.9562076322447,76453,616,1138,21796,
296.9581548395214,76452,617,1138,21796,
296.9604319503845,76452,617,1137,21797,
296.9627564787895,76451,618,1137,21797,
296.9637142832822,76451,617,1138,21797,
296.96381518416877,76451,616,1139,21797,
296.96916118476645,76451,616,1138,21798,
296.96946458916085,76451,615,1139,21798,
296.9715226792521,76450,616,1139,21798,
296.9735475078533,76450,615,1140,21798,
296.97548409990657,76450,614,1141,21798,
296.9756093258672,76449,615,1141,21798,
296.97666469443146,76449,615,1140,21799,
296.9767088932805,76449,615,1139,21800,
296.977095055593,76448,616,1139,21800,
296.97847539104515,76447,617,1139,21800,
296.9849549362637,76447,616,1140,21800,
296.9852508664522,76447,615,1141,21800,
296.98540615692616,76447,615,1140,21801,
296.98727379286765,76447,615,1139,21802,
296.988320337569,76447,615,1138,21803,
296.9888402212165,76446,616,1138,21803,
296.99080671055964,76446,616,1137,21804,
296.9913504615973,76446,615,1138,21804,
296.9956595129189,76446,614,1139,21804,
297.0017263716703,76445,615,1139,21804,
297.0063725598557,76445,615,1138,21805,
297.0092750535862,76445,615,1137,21806,
297.01055323548917,76445,614,1138,21806,
297.0134372591753,76445,614,1137,21807,
297.01346735793766,76445,613,1138,21807,
297.0145171859352,76444,614,1138,21807,
297.0155327082306,76443,615,1138,21807,
297.0178026209162,76443,614,1139,21807,
297.0188835812242,76443,614,1138,21808,
297.0191935300538,76442,615,1138,21808,
297.0212702450377,76442,614,1139,21808,
297.02139027418866,76442,613,1140,21808,
297.0234250372381,76442,613,1139,21809,
297.02846496910513,76441,614,1139,21809,
297.0293434089364,76440,615,1139,21809,
297.0318013606427,76439,616,1139,21809,
297.0386197062556,76438,617,1139,21809,
297.04058579179,76437,618,1139,21809,
297.04165838210855,76437,618,1138,21810,
297.0470833833507,76437,617,1139,21810,
297.0484258747301,76437,616,1140,21810,
297.0628261371261,76437,616,1139,21811,
297.06295054402733,76437,615,1140,21811,
297.06305001802735,76436,616,1140,21811,
297.06432565040285,76436,616,1139,21812,
297.07749543587676,76435,617,1139,21812,
297.077714638463,76435,616,1140,21812,
297.08018288313144,76434,617,1140,21812,
297.0830355282618,76434,616,1141,21812,
297.08959728391085,76434,615,1142,21812,
297.08992606353456,76434,614,1143,21812,
297.09419711684683,76434,614,1142,21813,
297.09661856967557,76434,614,1141,21814,
297.0986777220506,76434,614,1140,21815,
297.1020159589102,76434,613,1141,21815,
297.105811398847,76434,613,1140,21816,
297.1095878119039,76434,613,1139,21817,
297.1108843752039,76434,612,1140,21817,
297.11223518142754,76433,613,1140,21817,
297.1149548898489,76433,612,1141,21817,
297.1295540423495,76433,612,1140,21818,
297.1326880832798,76432,613,1140,21818,
297.1328471551977,76432,613,1139,21819,
297.13345706759463,76432,613,1138,21820,
297.1386876374157,76431,614,1138,21820,
297.139717218547,76431,614,1137,21821,
297.1450027486581,76430,615,1137,21821,
297.1476013851152,76429,616,1137,21821,
297.14779864054805,76428,617,1137,21821,
297.14936299503773,76428,617,1136,21822,
297.14953047288463,76428,616,1137,21822,
297.14960846547046,76427,617,1137,21822,
297.152295769624,76427,616,1138,21822,
297.154012387215,76427,616,1137,21823,
297.15540874145563,76426,617,1137,21823,
297.1557925878696,76425,618,1137,21823,
297.1637434772681,76424,619,1137,21823,
297.1642573609008,76424,618,1138,21823,
297.1682057176882,76424,618,1137,21824,
297.1690223543681,76424,617,1138,21824,
297.1709374158166,76424,617,1137,21825,
297.17169956978654,76423,618,1137,21825,
297.17506024803623,76423,618,1136,21826,
297.17540608372786,76423,618,1135,21827,
297.1784526999759,76422,619,1135,21827,
297.18070256799444,76422,619,1134,21828,
297.1881746764825,76422,618,1135,21828,
297.1894629441143,76422,618,1134,21829,
297.19041185651565,76422,617,1135,21829,
297.19077848965725,76422,616,1136,21829,
297.1942415265704,76421,617,1136,21829,
297.19491713830746,76421,617,1135,21830,
297.1962016559417,76420,618,1135,21830,
297.1969689047736,76419,619,1135,21830,
297.2046846029266,76418,620,1135,21830,
297.2060573921294,76418,619,1136,21830,
297.20611699624317,76418,619,1135,21831,
297.2109472165374,76418,618,1136,21831,
297.215582119487,76418,618,1135,21832,
297.21782640599986,76417,619,1135,21832,
297.2192815762591,76417,619,1134,21833,
297.22450444885476,76417,618,1135,21833,
297.2277319896623,76416,619,1135,21833,
297.23006595811074,76416,619,1134,21834,
297.2339732095768,76416,618,1135,21834,
297.2351992253178,76416,617,1136,21834,
297.23591114516233,76416,617,1135,21835,
297.2371775954237,76416,617,1134,21836,
297.2389386099393,76416,616,1135,21836,
297.2414524575056,76415,617,1135,21836,
297.24655316373685,76415,616,1136,21836,
297.248397846482,76415,616,1135,21837,
297.24947187254514,76415,615,1136,21837,
297.2572598934361,76414,616,1136,21837,
297.26224196242964,76414,616,1135,21838,
297.2632253147584,76413,617,1135,21838,
297.26348403513987,76413,616,1136,21838,
297.26741889063726,76413,615,1137,21838,
297.26980208795226,76412,616,1137,21838,
297.26996853413266,76412,615,1138,21838,
297.27414260707474,76412,615,1137,21839,
297.2743390893803,76412,615,1136,21840,
297.27442919994354,76412,614,1137,21840,
297.2877400616843,76412,614,1136,21841,
297.2890243972037,76412,613,1137,21841,
297.2931616848381,76412,613,1136,21842,
297.293784150068,76412,613,1135,21843,
297.29540558440004,76412,613,1134,21844,
297.2956553652972,76412,613,1133,21845,
297.2984368041434,76412,612,1134,21845,
297.2987279205779,76411,613,1134,21845,
297.30238057154867,76411,612,1135,21845,
297.3032899051593,76410,613,1135,21845,
297.3070743013374,76410,612,1136,21845,
297.3147431749398,76409,613,1136,21845,
297.3148201618425,76409,612,1137,21845,
297.32188199142774,76409,611,1138,21845,
297.32436345705247,76409,610,1139,21845,
297.32971503201657,76408,611,1139,21845,
297.33387620679395,76408,611,1138,21846,
297.33402291881947,76408,611,1137,21847,
297.334585575259,76408,610,1138,21847,
297.33835308842527,76407,611,1138,21847,
297.3485704254084,76407,610,1139,21847,
297.3515815641219,76406,611,1139,21847,
297.3532118600251,76406,610,1140,21847,
297.3554806633787,76406,610,1139,21848,
297.3599097728155,76406,609,1140,21848,
297.3603118180016,76406,609,1139,21849,
297.3611016329932,76406,609,1138,21850,
297.3673237918982,76406,609,1137,21851,
297.37426735307554,76405,610,1137,21851,
297.3768008447714,76405,610,1136,21852,
297.37961531839846,76405,609,1137,21852,
297.38257053786606,76405,608,1138,21852,
297.3838851715775,76404,609,1138,21852,
297.3856740837982,76404,608,1139,21852,
297.3881376316678,76404,608,1138,21853,
297.3919822113563,76404,608,1137,21854,
297.3936128695928,76403,609,1137,21854,
297.40312333917666,76403,609,1136,21855,
297.4060270002475,76403,608,1137,21855,
297.40947730790197,76402,609,1137,21855,
297.40989969266207,76401,610,1137,21855,
297.410284322553,76400,611,1137,21855,
297.4141698588885,76400,611,1136,21856,
297.4220002435476,76400,611,1135,21857,
297.4229720247383,76399,612,1135,21857,
297.4267557450207,76399,611,1136,21857,
297.4280963332446,76399,610,1137,21857,
297.42843642199813,76399,610,1136,21858,
297.4312657614641,76399,609,1137,21858,
297.43454394902096,76399,609,1136,21859,
297.4348186200788,76399,609,1135,21860,
297.435309556755,76399,608,1136,21860,
297.43680838792113,76399,607,1137,21860,
297.4369347328958,76399,607,1136,21861,
297.440550358588,76399,606,1137,21861,
297.4428431532976,76399,606,1136,21862,
297.44475773260655,76398,607,1136,21862,
297.45294978677094,76398,606,1137,21862,
297.45840052810513,76398,606,1136,21863,
297.4618358454528,76398,606,1135,21864,
297.4647220544929,76397,607,1135,21864,
297.47056869638976,76397,607,1134,21865,
297.4714039747742,76397,606,1135,21865,
297.4749590083014,76396,607,1135,21865,
297.47500798024174,76396,606,1136,21865,
297.4750120023281,76395,607,1136,21865,
297.47511323612923,76395,607,1135,21866,
297.4759223073378,76395,606,1136,21866,
297.4760950939731,76395,606,1135,21867,
297.4826459285009,76395,606,1134,21868,
297.4832972616367,76395,605,1135,21868,
297.4915507682883,76394,606,1135,21868,
297.49393755311786,76394,605,1136,21868,
297.4949288965865,76394,604,1137,21868,
297.4953494338517,76394,604,1136,21869,
297.4960618513783,76393,605,1136,21869,
297.49624301659867,76393,604,1137,21869,
297.4975594190126,76392,605,1137,21869,
297.49798528562576,76392,604,1138,21869,
297.4995950119269,76392,603,1139,21869,
297.49960784729774,76392,602,1140,21869,
297.5016220832713,76391,603,1140,21869,
297.5021299109838,76391,603,1139,21870,
297.50663608087416,76391,602,1140,21870,
297.5082825555866,76391,602,1139,21871,
297.50863596307033,76391,601,1140,21871,
297.5089670051186,76390,602,1140,21871,
297.509516878218,76389,603,1140,21871,
297.5109181178375,76389,603,1139,21872,
297.5117461635269,76388,604,1139,21872,
297.5123018447611,76388,603,1140,21872,
297.51277358048526,76388,603,1139,21873,
297.5142614102268,76388,602,1140,21873,
297.51928431159445,76388,601,1141,21873,
297.51966577059153,76387,602,1141,21873,
297.52098429627284,76386,603,1141,21873,
297.5215775600196,76386,603,1140,21874,
297.5226171282773,76386,602,1141,21874,
297.5247090974604,76386,602,1140,21875,
297.524936808286,76385,603,1140,21875,
297.5256529763255,76385,602,1141,21875,
297.53150941575336,76385,601,1142,21875,
297.5323034501328,76385,601,1141,21876,
297.53409100487767,76384,602,1141,21876,
297.5432658441138,76384,601,1142,21876,
297.5476705117817,76384,601,1141,21877,
297.54786744205444,76384,601,1140,21878,
297.5502080333525,76384,600,1141,21878,
297.55327887152725,76383,601,1141,21878,
297.5572566936174,76383,601,1140,21879,
297.562019340096,76382,602,1140,21879,
297.56408733940174,76382,602,1139,21880,
297.56427706114147,76382,601,1140,21880,
297.5674702544994,76381,602,1140,21880,
297.5722586855576,76381,601,1141,21880,
297.57427841213604,76381,600,1142,21880,
297.57442746274614,76380,601,1142,21880,
297.57971371551633,76379,602,1142,21880,
297.5801892279637,76378,603,1142,21880,
297.58070718113095,76378,603,1141,21881,
297.58137538541325,76378,602,1142,21881,
297.58363278330927,76378,601,1143,21881,
297.58766980741717,76377,602,1143,21881,
297.5988574397252,76377,601,1144,21881,
297.6003771173004,76377,601,1143,21882,
297.6025144814698,76377,601,1142,21883,
297.6058567118054,76377,601,1141,21884,
297.6071594308715,76377,601,1140,21885,
297.61873212869807,76377,601,1139,21886,
297.61923965953815,76377,600,1140,21886,
297.6204404581333,76377,600,1139,21887,
297.62188929984524,76376,601,1139,21887,
297.6224322901589,76375,602,1139,21887,
297.6240046798122,76374,603,1139,21887,
297.62699136112985,76374,602,1140,21887,
297.6277131119414,76374,601,1141,21887,
297.6315962132402,76374,601,1140,21888,
297.63257804554564,76374,601,1139,21889,
297.6376844310546,76374,601,1138,21890,
297.6406369706466,76373,602,1138,21890,
297.64170256739857,76373,602,1137,21891,
297.64498971307415,76373,602,1136,21892,
297.64506538856284,76373,601,1137,21892,
297.65074259874837,76373,600,1138,21892,
297.6581528214356,76373,600,1137,21893,
297.6642711165319,76373,599,1138,21893,
297.66458739565394,76373,598,1139,21893,
297.66555542384873,76373,598,1138,21894,
297.6656225752206,76373,598,1137,21895,
297.6672624530934,76373,597,1138,21895,
297.66890098261086,76372,598,1138,21895,
297.67017242319343,76372,597,1139,21895,
297.6716481518558,76372,597,1138,21896,
297.676964460408,76372,597,1137,21897,
297.6776895558888,76372,597,1136,21898,
297.6790928401915,76371,598,1136,21898,
297.6808225035825,76371,598,1135,21899,
297.68091682450427,76370,599,1135,21899,
297.6810349789015,76370,599,1134,21900,
297.6836179734031,76370,598,1135,21900,
297.68706122096916,76370,598,1134,21901,
297.6882163539558,76370,598,1133,21902,
297.6930113431326,76369,599,1133,21902,
297.69389586475415,76368,600,1133,21902,
297.69661274236785,76368,600,1132,21903,
297.69782496772723,76367,601,1132,21903,
297.6981354868982,76366,602,1132,21903,
297.6988870833605,76365,603,1132,21903,
297.703515775105,76365,602,1133,21903,
297.705363224411,76365,602,1132,21904,
297.70781509827293,76365,602,1131,21905,
297.7082923863856,76364,603,1131,21905,
297.7130900732505,76364,603,1130,21906,
297.7134133690041,76364,603,1129,21907,
297.71735461027936,76363,604,1129,21907,
297.7182841887881,76362,605,1129,21907,
297.72270653750917,76362,605,1128,21908,
297.723139067651,76361,606,1128,21908,
297.7276501308712,76361,606,1127,21909,
297.7288713969977,76361,605,1128,21909,
297.7345677885222,76361,604,1129,21909,
297.74263035039496,76361,604,1128,21910,
297.75072476362106,76360,605,1128,21910,
297.7550697328317,76360,604,1129,21910,
297.7552377518758,76359,605,1129,21910,
297.755648345796,76358,606,1129,21910,
297.76126357078476,76358,605,1130,21910,
297.7677333477383,76357,606,1130,21910,
297.76973070710255,76357,606,1129,21911,
297.7730826177564,76357,605,1130,21911,
297.7772636435707,76356,606,1130,21911,
297.7807716164044,76356,605,1131,21911,
297.78220342181663,76356,605,1130,21912,
297.78596083277495,76356,605,1129,21913,
297.7908415659022,76356,605,1128,21914,
297.79136529054347,76356,604,1129,21914,
297.7917859946662,76356,603,1130,21914,
297.79637272486457,76356,602,1131,21914,
297.79708205636035,76356,602,1130,21915,
297.79941841495827,76356,602,1129,21916,
297.8012788651393,76355,603,1129,21916,
297.8013776994342,76355,602,1130,21916,
297.80622926456,76354,603,1130,21916,
297.80642458932624,76354,603,1129,21917,
297.81105715030293,76354,602,1130,21917,
297.81222498644456,76354,602,1129,21918,
297.81462777544334,76354,601,1130,21918,
297.81612726821083,76354,601,1129,21919,
297.8174187033884,76354,601,1128,21920,
297.8234468559506,76353,602,1128,21920,
297.8238808020724,76353,601,1129,21920,
297.8273097751537,76353,600,1130,21920,
297.82942027764074,76353,600,1129,21921,
297.829834755111,76352,601,1129,21921,
297.8322856398646,76352,600,1130,21921,
297.83326727830877,76352,600,1129,21922,
297.83696345618915,76352,599,1130,21922,
297.83910924579055,76352,599,1129,21923,
297.840089076547,76352,599,1128,21924,
297.8457249487892,76352,599,1127,21925,
297.84865810488793,76352,598,1128,21925,
297.84885277947967,76351,599,1128,21925,
297.85406887046855,76351,598,1129,21925,
297.8540752618802,76351,597,1130,21925,
297.85442624933785,76351,597,1129,21926,
297.85446940060325,76351,597,1128,21927,
297.85571744538674,76351,596,1129,21927,
297.8561225090476,76350,597,1129,21927,
297.85963850828045,76350,596,1130,21927,
297.8598553692249,76350,595,1131,21927,
297.8650582139952,76350,594,1132,21927,
297.8660851066515,76350,593,1133,21927,
297.86634584925446,76350,593,1132,21928,
297.86640726829955,76350,593,1131,21929,
297.8703273796133,76350,593,1130,21930,
297.8726127827559,76350,593,1129,21931,
297.87346208988305,76350,593,1128,21932,
297.8734962476737,76350,592,1129,21932,
297.8753601768072,76350,592,1128,21933,
297.8773647700067,76350,592,1127,21934,
297.88326682245054,76349,593,1127,21934,
297.8853951240705,76349,592,1128,21934,
297.8855370657434,76349,591,1129,21934,
297.88649212588496,76349,591,1128,21935,
297.88855729424927,76348,592,1128,21935,
297.889392006112,76347,593,1128,21935,
297.89918870363266,76347,592,1129,21935,
297.900894311707,76347,591,1130,21935,
297.9012479621559,76347,590,1131,21935,
297.90733949497667,76347,589,1132,21935,
297.90984937297407,76346,590,1132,21935,
297.91460145568624,76346,589,1133,21935,
297.9169975624528,76346,588,1134,21935,
297.92471508636385,76346,587,1135,21935,
297.9249706551859,76345,588,1135,21935,
297.9280950184183,76345,587,1136,21935,
297.9303956384589,76344,588,1136,21935,
297.93072268436714,76344,588,1135,21936,
297.9364828980573,76343,589,1135,21936,
297.93847853475785,76343,589,1134,21937,
297.94446823168914,76343,589,1133,21938,
297.9470414512932,76343,589,1132,21939,
297.9502882015567,76343,589,1131,21940,
297.9517949523225,76342,590,1131,21940,
297.9520351074317,76342,590,1130,21941,
297.9530718357005,76341,591,1130,21941,
297.9574429995081,76341,591,1129,21942,
297.95998345243584,76341,591,1128,21943,
297.9621420483544,76341,590,1129,21943,
297.96343639811573,76340,591,1129,21943,
297.9733894853593,76340,590,1130,21943,
297.97375005404825,76340,589,1131,21943,
297.9744099148743,76339,590,1131,21943,
297.9762986746429,76339,589,1132,21943,
297.9768795207335,76339,589,1131,21944,
297.9785131971338,76339,589,1130,21945,
297.98284450308654,76338,590,1130,21945,
297.98583455910716,76338,589,1131,21945,
297.98604510983404,76338,589,1130,21946,
297.9953021541264,76338,589,1129,21947,
297.99796657271435,76338,589,1128,21948,
297.998559098334,76338,589,1127,21949,
298.00323997696694,76338,588,1128,21949,
298.00842298409117,76337,589,1128,21949,
298.008909955021,76337,589,1127,21950,
298.0108857873817,76336,590,1127,21950,
298.0193700622797,76336,589,1128,21950,
298.02060056733603,76336,589,1127,21951,
298.02103056073855,76336,589,1126,21952,
298.02437242600456,76335,590,1126,21952,
298.0251799478837,76335,590,1125,21953,
298.0252706412084,76334,591,1125,21953,
298.028029650921,76334,590,1126,21953,
298.02833993857274,76334,590,1125,21954,
298.03117944500696,76334,590,1124,21955,
298.0312436495143,76334,590,1123,21956,
298.0338828797391,76334,590,1122,21957,
298.03646556283815,76334,589,1123,21957,
298.0375280998867,76333,590,1123,21957,
298.0404559971188,76332,591,1123,21957,
298.04631062022105,76332,590,1124,21957,
298.0517140724858,76332,590,1123,21958,
298.05495293511103,76331,591,1123,21958,
298.05523633238687,76331,591,1122,21959,
298.0580874718719,76331,590,1123,21959,
298.0584215202814,76331,590,1122,21960,
298.0599917513636,76331,590,1121,21961,
298.0632312443371,76331,589,1122,21961,
298.06345096572636,76331,589,1121,21962,
298.06360949923516,76331,588,1122,21962,
298.06656176910576,76331,588,1121,21963,
298.07170592536613,76331,587,1122,21963,
298.0723124410719,76331,587,1121,21964,
298.0741489904167,76331,587,1120,21965,
298.07758517370274,76331,587,1119,21966,
298.07901139355096,76331,587,1118,21967,
298.0797271196635,76331,587,1117,21968,
298.08034073100157,76330,588,1117,21968,
298.08180101332226,76330,588,1116,21969,
298.08273197865134,76330,587,1117,21969,
298.0857723353126,76330,587,1116,21970,
298.097026901675,76330,587,1115,21971,
298.0975680629827,76329,588,1115,21971,
298.09901229116093,76329,588,1114,21972,
298.10189192970887,76328,589,1114,21972,
298.102949973713,76327,590,1114,21972,
298.1037470157087,76327,590,1113,21973,
298.1067278480681,76327,589,1114,21973,
298.10866809139515,76327,589,1113,21974,
298.11222086369776,76327,589,1112,21975,
298.1123911373649,76327,588,1113,21975,
298.11553704578824,76326,589,1113,21975,
298.11639001336556,76326,589,1112,21976,
298.12576317738905,76326,589,1111,21977,
298.1281466206172,76325,590,1111,21977,
298.1351935052029,76325,589,1112,21977,
298.1388705994009,76325,589,1111,21978,
298.14270283969364,76325,589,1110,21979,
298.1453081485312,76324,590,1110,21979,
298.1463020950259,76323,591,1110,21979,
298.15297129492717,76323,591,1109,21980,
298.15331957932415,76323,590,1110,21980,
298.15455754339075,76322,591,1110,21980,
298.1556927497571,76321,592,1110,21980,
298.15695217221764,76320,593,1110,21980,
298.1580889356383,76319,594,1110,21980,
298.15880672444484,76318,595,1110,21980,
298.1616514408789,76317,596,1110,21980,
298.16868061903017,76316,597,1110,21980,
298.17119982953295,76316,596,1111,21980,
298.1774137344145,76316,596,1110,21981,
298.1788368412766,76315,597,1110,21981,
298.1797892553502,76314,598,1110,21981,
298.18182180024763,76314,598,1109,21982,
298.1833436437509,76314,597,1110,21982,
298.1922567586063,76314,597,1109,21983,
298.1937981452487,76314,597,1108,21984,
298.1947843165419,76314,597,1107,21985,
298.19539294112485,76313,598,1107,21985,
298.2055500660311,76313,597,1108,21985,
298.20570743754763,76312,598,1108,21985,
298.20999331709675,76311,599,1108,21985,
298.2103165567946,76311,598,1109,21985,
298.2140641214652,76311,597,1110,21985,
298.21548053422765,76311,597,1109,21986,
298.2172838797347,76311,596,1110,21986,
298.22037365197906,76310,597,1110,21986,
298.22213548896985,76310,597,1109,21987,
298.22342393282025,76310,596,1110,21987,
298.22775644859206,76310,595,1111,21987,
298.23397574787253,76309,596,1111,21987,
298.2378590450916,76308,597,1111,21987,
298.2382003667209,76308,596,1112,21987,
298.2393704310293,76307,597,1112,21987,
298.2446939742473,76307,596,1113,21987,
298.2480143009986,76306,597,1113,21987,
298.2503880112476,76306,597,1112,21988,
298.25069503815547,76305,598,1112,21988,
298.25441157220837,76305,598,1111,21989,
298.255506266691,76305,597,1112,21989,
298.2596814649268,76305,596,1113,21989,
298.259860124606,76304,597,1113,21989,
298.2611862330968,76304,597,1112,21990,
298.26262658286055,76304,597,1111,21991,
298.2631235629122,76303,598,1111,21991,
298.26379181582854,76303,598,1110,21992,
298.2640022919289,76303,598,1109,21993,
298.26846674832143,76302,599,1109,21993,
298.2716668725008,76301,600,1109,21993,
298.276053125339,76300,601,1109,21993,
298.27656604330747,76300,601,1108,21994,
298.27667761037844,76299,602,1108,21994,
298.2801371717631,76299,602,1107,21995,
298.28037058116615,76299,601,1108,21995,
298.28054856209104,76298,602,1108,21995,
298.28151451480096,76298,601,1109,21995,
298.2823499276853,76298,600,1110,21995,
298.2832230999365,76297,601,1110,21995,
298.2834198002558,76296,602,1110,21995,
298.28848941216495,76296,602,1109,21996,
298.2914941587966,76296,601,1110,21996,
298.29230318437976,76296,600,1111,21996,
298.2976313480602,76296,599,1112,21996,
298.30196730316794,76296,598,1113,21996,
298.3021107506395,76296,598,1112,21997,
298.3034542902632,76295,599,1112,21997,
298.3035944707206,76295,599,1111,21998,
298.30466415516287,76294,600,1111,21998,
298.30539858446355,76294,600,1110,21999,
298.30689525970564,76293,601,1110,21999,
298.30777826620294,76292,602,1110,21999,
298.30953582177057,76292,601,1111,21999,
298.3111479980269,76292,600,1112,21999,
298.3173726538627,76292,599,1113,21999,
298.3202047942927,76292,599,1112,22000,
298.3213642298034,76292,598,1113,22000,
298.3258916898215,76292,597,1114,22000,
298.3282720750735,76291,598,1114,22000,
298.3310287066884,76291,597,1115,22000,
298.3371168996307,76291,596,1116,22000,
298.33914775432896,76291,596,1115,22001,
298.3397961063575,76291,596,1114,22002,
298.3442783204805,76291,596,1113,22003,
298.35136497687427,76290,597,1113,22003,
298.3534220832506,76290,596,1114,22003,
298.3562249853727,76290,596,1113,22004,
298.3594103509821,76290,596,1112,22005,
298.3619350031859,76290,596,1111,22006,
298.3631229519509,76289,597,1111,22006,
298.3642913799075,76289,597,1110,22007,
298.37278652242,76289,596,1111,22007,
298.37683241406734,76288,597,1111,22007,
298.37752953763373,76287,598,1111,22007,
298.3780927547546,76287,597,1112,22007,
298.3813210689157,76287,597,1111,22008,
298.381920506631,76287,596,1112,22008,
298.38265754036377,76286,597,1112,22008,
298.38600178781684,76286,597,1111,22009,
298.3872555308552,76286,597,1110,22010,
298.3883491759733,76285,598,1110,22010,
298.38896107370846,76285,597,1111,22010,
298.3899096634524,76284,598,1111,22010,
298.40282876369747,76284,598,1110,22011,
298.4042571800359,76283,599,1110,22011,
298.40835477390397,76282,600,1110,22011,
298.4087133072734,76282,599,1111,22011,
298.40899277796194,76282,598,1112,22011,
298.4092228899156,76281,599,1112,22011,
298.40968165276774,76280,600,1112,22011,
298.41251326425186,76280,599,1113,22011,
298.412571712348,76280,599,1112,22012,
298.41469626478164,76280,599,1111,22013,
298.414875808098,76280,598,1112,22013,
298.41621265220033,76280,598,1111,22014,
298.41816991067935,76279,599,1111,22014,
298.4186577324848,76278,600,1111,22014,
298.42128990608757,76277,601,1111,22014,
298.42589765965636,76277,600,1112,22014,
298.43141499622755,76277,599,1113,22014,
298.4335215032107,76277,598,1114,22014,
298.4342028444864,76277,597,1115,22014,
298.4368157023544,76277,597,1114,22015,
298.4396053560206,76277,597,1113,22016,
298.4399609849486,76276,598,1113,22016,
298.4494893083153,76276,597,1114,22016,
298.4497303332076,76275,598,1114,22016,
298.451009657112,76275,598,1113,22017,
298.45433119908705,76275,598,1112,22018,
298.4572087230156,76274,599,1112,22018,
298.4587079758969,76274,599,1111,22019,
298.4614708026668,76273,600,1111,22019,
298.46240085724054,76273,600,1110,22020,
298.46711973434105,76273,600,1109,22021,
298.4674484517133,76272,601,1109,22021,
298.46763118447336,76272,601,1108,22022,
298.4677421523471,76272,601,1107,22023,
298.46808433757707,76272,600,1108,22023,
298.4693053380453,76272,599,1109,22023,
298.46957452296976,76271,600,1109,22023,
298.4704828108265,76271,600,1108,22024,
298.47077372962735,76271,600,1107,22025,
298.47123662998825,76270,601,1107,22025,
298.47168941736004,76270,600,1108,22025,
298.47541959985773,76270,599,1109,22025,
298.4755164984485,76269,600,1109,22025,
298.4765032312853,76269,599,1110,22025,
298.4854576317862,76269,599,1109,22026,
298.4862468086011,76269,599,1108,22027,
298.4869910815667,76269,598,1109,22027,
298.48998926561376,76269,597,1110,22027,
298.49081055960306,76269,597,1109,22028,
298.494779428469,76269,597,1108,22029,
298.4958236769901,76269,596,1109,22029,
298.500291538131,76268,597,1109,22029,
298.50260497770654,76267,598,1109,22029,
298.5031450684029,76267,598,1108,22030,
298.50722258125273,76266,599,1108,22030,
298.5078529355917,76266,598,1109,22030,
298.5102485608621,76265,599,1109,22030,
298.5142608321969,76265,599,1108,22031,
298.51932856130196,76265,599,1107,22032,
298.5219339071069,76265,598,1108,22032,
298.5226169038956,76265,597,1109,22032,
298.52318181925983,76264,598,1109,22032,
298.5232387234819,76264,598,1108,22033,
298.52477663850993,76264,597,1109,22033,
298.5270449738654,76264,596,1110,22033,
298.5288522521605,76264,595,1111,22033,
298.53104119826935,76264,594,1112,22033,
298.53268218243585,76264,593,1113,22033,
298.5340253053301,76264,593,1112,22034,
298.5345892193467,76264,593,1111,22035,
298.53725431241634,76264,592,1112,22035,
298.53736006875647,76263,593,1112,22035,
298.5373831278235,76263,592,1113,22035,
298.5384075525625,76262,593,1113,22035,
298.5386209898584,76261,594,1113,22035,
298.53887698467827,76261,593,1114,22035,
298.5395160173223,76261,593,1113,22036,
298.53968888250694,76260,594,1113,22036,
298.5400320229196,76260,594,1112,22037,
298.54008041220743,76260,594,1111,22038,
298.54137443558557,76260,593,1112,22038,
298.5426858790705,76260,593,1111,22039,
298.54277149812344,76260,593,1110,22040,
298.54290048517066,76260,592,1111,22040,
298.5491706672145,76259,593,1111,22040,
298.5499600517951,76259,592,1112,22040,
298.5549757864743,76259,591,1113,22040,
298.55552699846055,76259,590,1114,22040,
298.5556059789217,76259,589,1115,22040,
298.5565145910343,76259,589,1114,22041,
298.5566869847645,76259,589,1113,22042,
298.5667400205599,76259,589,1112,22043,
298.5682843183767,76259,588,1113,22043,
298.569487566699,76258,589,1113,22043,
298.57751989732475,76258,588,1114,22043,
298.5794228757492,76258,588,1113,22044,
298.58019235081366,76258,588,1112,22045,
298.5862535035701,76258,587,1113,22045,
298.58869315382583,76257,588,1113,22045,
298.5895408045037,76257,587,1114,22045,
298.59321042045474,76257,587,1113,22046,
298.59474193827526,76257,587,1112,22047,
298.5965056116284,76256,588,1112,22047,
298.5982707881334,76256,588,1111,22048,
298.598403175155,76256,587,1112,22048,
298.5984686828401,76256,586,1113,22048,
298.61086403339664,76256,586,1112,22049,
298.61268626995354,76255,587,1112,22049,
298.6215849614321,76255,586,1113,22049,
298.62750818371717,76254,587,1113,22049,
298.627592686496,76253,588,1113,22049,
298.62955711202756,76253,587,1114,22049,
298.6347778425809,76252,588,1114,22049,
298.63658567279714,76252,588,1113,22050,
298.6372874487616,76252,587,1114,22050,
298.6384778228079,76252,586,1115,22050,
298.6385312790669,76251,587,1115,22050,
298.64257680981245,76251,587,1114,22051,
298.646196187236,76250,588,1114,22051,
298.6489710119954,76250,588,1113,22052,
298.6503989873352,76250,588,1112,22053,
298.65581390232313,76250,587,1113,22053,
298.65696604413654,76249,588,1113,22053,
298.6599685583743,76249,587,1114,22053,
298.6606881790037,76249,586,1115,22053,
298.6621411732051,76249,586,1114,22054,
298.67881033699314,76249,586,1113,22055,
298.68340256053386,76248,587,1113,22055,
298.68470305922654,76248,586,1114,22055,
298.68891225670694,76248,585,1115,22055,
298.6910183906096,76247,586,1115,22055,
298.6931424832009,76247,585,1116,22055,
298.69358734116935,76247,585,1115,22056,
298.6971594577635,76247,585,1114,22057,
298.7015947335065,76246,586,1114,22057,
298.7077176434838,76245,587,1114,22057,
298.7080863660631,76245,586,1115,22057,
298.7091007646556,76245,585,1116,22057,
298.71181394909587,76245,584,1117,22057,
298.72071204461463,76245,583,1118,22057,
298.72169293456534,76245,583,1117,22058,
298.72366306020103,76245,582,1118,22058,
298.73131923955606,76244,583,1118,22058,
298.7313912182625,76244,583,1117,22059,
298.73327933888584,76243,584,1117,22059,
298.7345793743372,76242,585,1117,22059,
298.73761238358003,76242,584,1118,22059,
298.7395681370363,76242,583,1119,22059,
298.74193898629125,76241,584,1119,22059,
298.7443056869872,76241,583,1120,22059,
298.7470873639641,76241,582,1121,22059,
298.74722113241114,76241,582,1120,22060,
298.7477202089213,76240,583,1120,22060,
298.7485479279993,76240,582,1121,22060,
298.7505736626461,76240,582,1120,22061,
298.75199108098315,76239,583,1120,22061,
298.75398157452366,76239,582,1121,22061,
298.75577218766335,76239,582,1120,22062,
298.7563661846475,76239,581,1121,22062,
298.7603568851038,76238,582,1121,22062,
298.76604129639736,76238,582,1120,22063,
298.766755251445,76238,582,1119,22064,
298.7711745239533,76238,582,1118,22065,
298.7804679416409,76237,583,1118,22065,
298.7838769485339,76237,582,1119,22065,
298.78804389794993,76236,583,1119,22065,
298.793223563929,76236,583,1118,22066,
298.79599153871425,76236,583,1117,22067,
298.80002981488815,76236,583,1116,22068,
298.8011861478621,76235,584,1116,22068,
298.8040849089694,76235,584,1115,22069,
298.8051754304501,76235,583,1116,22069,
298.8094780382501,76235,582,1117,22069,
298.81215445495314,76235,582,1116,22070,
298.816043443353,76235,582,1115,22071,
298.8175001754665,76234,583,1115,22071,
298.8223748740672,76234,583,1114,22072,
298.82410748206075,76233,584,1114,22072,
298.8254835948002,76233,583,1115,22072,
298.82693541765934,76233,582,1116,22072,
298.8277558570017,76233,582,1115,22073,
298.83186776021137,76232,583,1115,22073,
298.84410689003164,76232,583,1114,22074,
298.8527322988862,76231,584,1114,22074,
298.8534344047633,76230,585,1114,22074,
298.8617292497278,76229,586,1114,22074,
298.86527147998004,76229,586,1113,22075,
298.86827852510373,76229,585,1114,22075,
298.87008819862865,76229,585,1113,22076,
298.8730921526649,76229,585,1112,22077,
298.8734127399652,76229,584,1113,22077,
298.8782373510919,76228,585,1113,22077,
298.8851149534972,76228,585,1112,22078,
298.8903281184363,76228,585,1111,22079,
298.89061535531,76228,584,1112,22079,
298.893646685328,76228,584,1111,22080,
298.8940780435433,76228,584,1110,22081,
298.9013521087285,76227,585,1110,22081,
298.90251380334564,76227,585,1109,22082,
298.9100721768015,76227,584,1110,22082,
298.91066394457783,76227,584,1109,22083,
298.9119554339283,76227,583,1110,22083,
298.9147319060792,76226,584,1110,22083,
298.91959432182085,76226,583,1111,22083,
298.9288119879179,76226,583,1110,22084,
298.93030413052304,76226,583,1109,22085,
298.93049560097876,76226,583,1108,22086,
298.93129149627043,76226,582,1109,22086,
298.93303282867817,76225,583,1109,22086,
298.93400010522157,76225,582,1110,22086,
298.93594799987426,76225,581,1111,22086,
298.93642525146004,76225,580,1112,22086,
298.93699743087683,76224,581,1112,22086,
298.946566899044,76224,581,1111,22087,
298.95271037016045,76224,580,1112,22087,
298.95479187390987,76224,579,1113,22087,
298.9581843751912,76224,578,1114,22087,
298.9627589081199,76224,577,1115,22087,
298.9648250482946,76223,578,1115,22087,
298.9649065519571,76223,578,1114,22088,
298.9661591597433,76223,578,1113,22089,
298.9665733011603,76223,577,1114,22089,
298.9667380255191,76223,576,1115,22089,
298.96727070034535,76222,577,1115,22089,
298.9680745821114,76221,578,1115,22089,
298.96945530414706,76221,577,1116,22089,
298.97135865505703,76221,577,1115,22090,
298.97223807986404,76221,577,1114,22091,
298.97295576055825,76220,578,1114,22091,
298.97456851249575,76219,579,1114,22091,
298.97781793331484,76219,578,1115,22091,
298.9783265976076,76219,577,1116,22091,
298.9876101723936,76219,577,1115,22092,
298.99212729766754,76218,578,1115,22092,
298.99421786572896,76218,578,1114,22093,
298.9971809810384,76217,579,1114,22093,
298.9998422446436,76216,580,1114,22093,
299.00126011654,76215,581,1114,22093,
299.00259986651855,76214,582,1114,22093,
299.0048790645002,76214,581,1115,22093,
299.0078913166795,76214,580,1116,22093,
299.0079923866262,76214,579,1117,22093,
299.0097118239732,76213,580,1117,22093,
299.01154240455156,76212,581,1117,22093,
299.0120594364014,76212,580,1118,22093,
299.0189402556584,76212,580,1117,22094,
299.02094767775617,76212,579,1118,22094,
299.02554333109816,76212,578,1119,22094,
299.0285644882774,76211,579,1119,22094,
299.02925217689227,76211,578,1120,22094,
299.0309685888264,76210,579,1120,22094,
299.03396973111575,76210,579,1119,22095,
299.0449037888694,76210,579,1118,22096,
299.0479985265899,76210,579,1117,22097,
299.0496352182093,76210,579,1116,22098,
299.04970702261926,76210,579,1115,22099,
299.0499036147345,76210,578,1116,22099,
299.0516457009559,76209,579,1116,22099,
299.0517084983916,76209,579,1115,22100,
299.05323403774025,76208,580,1115,22100,
299.05460401315486,76208,580,1114,22101,
299.0550285459868,76207,581,1114,22101,
299.0651972964098,76207,580,1115,22101,
299.0691165075731,76207,580,1114,22102,
299.0692769706748,76207,579,1115,22102,
299.0721135158233,76207,578,1116,22102,
299.0747095271359,76207,577,1117,22102,
299.07822645500755,76207,576,1118,22102,
299.0788083525357,76206,577,1118,22102,
299.0795452385983,76206,576,1119,22102,
299.08061529008165,76206,575,1120,22102,
299.0853799423723,76206,575,1119,22103,
299.0898159668572,76205,576,1119,22103,
299.09663218111007,76204,577,1119,22103,
299.0983051395054,76204,577,1118,22104,
299.10392754421866,76203,578,1118,22104,
299.1042389790193,76202,579,1118,22104,
299.1055556844355,76202,578,1119,22104,
299.10663219045625,76201,579,1119,22104,
299.10929179387216,76201,578,1120,22104,
299.11239532875663,76201,577,1121,22104,
299.1130733808718,76201,577,1120,22105,
299.11356162800905,76200,578,1120,22105,
299.114594500091,76200,578,1119,22106,
299.118150547439,76199,579,1119,22106,
299.12093883619104,76199,579,1118,22107,
299.1261707598072,76198,580,1118,22107,
299.13105205481696,76198,579,1119,22107,
299.13993699700086,76198,579,1118,22108,
299.1406654667668,76198,578,1119,22108,
299.1461488785632,76197,579,1119,22108,
299.14658497427456,76197,578,1120,22108,
299.1466856105968,76197,578,1119,22109,
299.1467806680821,76197,577,1120,22109,
299.1469771980395,76197,577,1119,22110,
299.15017776799556,76197,576,1120,22110,
299.15390610314915,76196,577,1120,22110,
299.1599922278303,76196,576,1121,22110,
299.16105953357027,76196,576,1120,22111,
299.17073389852476,76196,576,1119,22112,
299.1727646865133,76196,575,1120,22112,
299.1739813208744,76196,574,1121,22112,
299.175143346987,76195,575,1121,22112,
299.1772234929253,76194,576,1121,22112,
299.1799015145864,76193,577,1121,22112,
299.1887222570917,76193,576,1122,22112,
299.1913365547193,76192,577,1122,22112,
299.19137759723486,76192,577,1121,22113,
299.1922781933167,76192,577,1120,22114,
299.19289358940046,76192,577,1119,22115,
299.1946752977444,76191,578,1119,22115,
299.1992030076852,76191,577,1120,22115,
299.1996002069897,76191,577,1119,22116,
299.20120352294447,76191,577,1118,22117,
299.20222941618067,76191,577,1117,22118,
299.2035874602059,76191,577,1116,22119,
299.2053956144312,76190,578,1116,22119,
299.20822129784136,76189,579,1116,22119,
299.2101077537929,76188,580,1116,22119,
299.21117783784996,76188,579,1117,22119,
299.2184825018288,76188,579,1116,22120,
299.2215401101705,76188,578,1117,22120,
299.22306464968176,76188,577,1118,22120,
299.2232722746805,76188,577,1117,22121,
299.2259069561757,76188,577,1116,22122,
299.2276152800781,76188,577,1115,22123,
299.2284744940118,76188,577,1114,22124,
299.2298974399279,76188,576,1115,22124,
299.233155923856,76187,577,1115,22124,
299.2346367614067,76186,578,1115,22124,
299.2393100071802,76185,579,1115,22124,
299.2420835183723,76185,579,1114,22125,
299.24372244666733,76185,578,1115,22125,
299.2448668901003,76185,578,1114,22126,
299.24571371831485,76184,579,1114,22126,
299.2472444475919,76184,578,1115,22126,
299.2483629485818,76184,578,1114,22127,
299.25029544650187,76183,579,1114,22127,
299.25201826073265,76182,580,1114,22127,
299.2596691987222,76182,579,1115,22127,
299.26075864244956,76181,580,1115,22127,
299.26359522361497,76181,579,1116,22127,
299.27998568276405,76180,580,1116,22127,
299.28101255172476,76179,581,1116,22127,
299.28873640422506,76179,580,1117,22127,
299.2915613201956,76179,580,1116,22128,
299.2926595124241,76178,581,1116,22128,
299.29679678975566,76177,582,1116,22128,
299.29943196549317,76176,583,1116,22128,
299.3021139426765,76175,584,1116,22128,
299.3023139450322,76175,583,1117,22128,
299.3037144499596,76175,582,1118,22128,
299.30377990346614,76174,583,1118,22128,
299.3050254498925,76174,583,1117,22129,
299.30730933130843,76173,584,1117,22129,
299.3091573308297,76173,583,1118,22129,
299.3134606555211,76173,583,1117,22130,
299.3180086686888,76172,584,1117,22130,
299.32249968985246,76172,584,1116,22131,
299.323285816587,76172,584,1115,22132,
299.326428529931,76172,583,1116,22132,
299.32780110844476,76171,584,1116,22132,
299.32831619649437,76170,585,1116,22132,
299.3314552699687,76170,585,1115,22133,
299.33810644358806,76170,585,1114,22134,
299.33898475448035,76170,584,1115,22134,
299.3392179368787,76170,584,1114,22135,
299.34346092417604,76170,584,1113,22136,
299.34908973267227,76170,583,1114,22136,
299.3514633546377,76169,584,1114,22136,
299.3552760485127,76168,585,1114,22136,
299.3560569467683,76167,586,1114,22136,
299.35919550913695,76166,587,1114,22136,
299.36043670557535,76165,588,1114,22136,
299.36190204215495,76165,588,1113,22137,
299.3662196313403,76165,587,1114,22137,
299.3669609369586,76164,588,1114,22137,
299.367879408286,76164,587,1115,22137,
299.37047224537014,76163,588,1115,22137,
299.3774792559924,76163,587,1116,22137,
299.3845268509827,76163,586,1117,22137,
299.3849080018727,76162,587,1117,22137,
299.3857005636232,76161,588,1117,22137,
299.3880459331934,76161,588,1116,22138,
299.3923918303834,76160,589,1116,22138,
299.39641697648256,76160,589,1115,22139,
299.40015540735493,76160,589,1114,22140,
299.4089836316591,76160,589,1113,22141,
299.40923056823414,76160,589,1112,22142,
299.40984249477043,76159,590,1112,22142,
299.4100056633024,76159,589,1113,22142,
299.41271059582215,76159,588,1114,22142,
299.4154119116376,76159,587,1115,22142,
299.41887416720687,76159,586,1116,22142,
299.4211176882724,76159,585,1117,22142,
299.4282011391454,76159,585,1116,22143,
299.43643316799415,76159,584,1117,22143,
299.4383444976861,76159,583,1118,22143,
299.4428521690902,76159,583,1117,22144,
299.4549868626844,76159,583,1116,22145,
299.4561687767737,76158,584,1116,22145,
299.4574540102435,76158,583,1117,22145,
299.4617752784747,76158,582,1118,22145,
299.46313718903673,76158,581,1119,22145,
299.46594813488593,76158,581,1118,22146,
299.46712878778675,76158,580,1119,22146,
299.4689571535792,76158,580,1118,22147,
299.4692376432556,76158,579,1119,22147,
299.4713963036595,76157,580,1119,22147,
299.4722177905795,76157,579,1120,22147,
299.4815050401882,76156,580,1120,22147,
299.48473934328854,76155,581,1120,22147,
299.4873927936861,76155,580,1121,22147,
299.4874393327565,76154,581,1121,22147,
299.49071354177136,76153,582,1121,22147,
299.49632589651867,76153,581,1122,22147,
299.5009936905033,76153,581,1121,22148,
299.50144340061877,76153,580,1122,22148,
299.5040130366881,76153,580,1121,22149,
299.50541535396366,76153,579,1122,22149,
299.50629339257523,76153,578,1123,22149,
299.5116324450535,76153,577,1124,22149,
299.5143219978122,76153,577,1123,22150,
299.51842598121704,76153,576,1124,22150,
299.5193767637209,76152,577,1124,22150,
299.5233131230264,76152,576,1125,22150,
299.52476113368203,76151,577,1125,22150,
299.5260286358872,76151,577,1124,22151,
299.5282305873018,76151,577,1123,22152,
299.52954937697325,76151,576,1124,22152,
299.5297423519481,76150,577,1124,22152,
299.5387829769914,76150,576,1125,22152,
299.5405409749052,76150,575,1126,22152,
299.5419214522287,76150,575,1125,22153,
299.54370301092524,76150,574,1126,22153,
299.54446496629157,76150,574,1125,22154,
299.54913522900705,76150,573,1126,22154,
299.56210397363304,76150,573,1125,22155,
299.56360770998975,76149,574,1125,22155,
299.56403728027425,76149,573,1126,22155,
299.56685427008176,76149,573,1125,22156,
299.56833744341856,76148,574,1125,22156,
299.5687947383714,76148,573,1126,22156,
299.5690168234723,76148,573,1125,22157,
299.5712685863452,76148,572,1126,22157,
299.5762781456698,76148,571,1127,22157,
299.57744592750146,76147,572,1127,22157,
299.58708330901675,76147,572,1126,22158,
299.59304984616153,76147,572,1125,22159,
299.59346473910813,76147,572,1124,22160,
299.60467709732757,76147,572,1123,22161,
299.60649679460096,76147,572,1122,22162,
299.6117481149757,76146,573,1122,22162,
299.6121267936786,76146,573,1121,22163,
299.61864959470546,76146,573,1120,22164,
299.62691824701267,76146,573,1119,22165,
299.62760054043537,76145,574,1119,22165,
299.6278155065695,76144,575,1119,22165,
299.629598136058,76143,576,1119,22165,
299.6368262766198,76143,576,1118,22166,
299.63702194747907,76143,576,1117,22167,
299.63786574614943,76143,576,1116,22168,
299.64015121129296,76143,575,1117,22168,
299.64853491797777,76143,575,1116,22169,
299.6502011070268,76142,576,1116,22169,
299.65023234251055,76142,576,1115,22170,
299.6539571090505,76142,576,1114,22171,
299.6553861939171,76142,576,1113,22172,
299.6572872390657,76141,577,1113,22172,
299.6597142664034,76141,576,1114,22172,
299.6707402430124,76141,576,1113,22173,
299.6709931771292,76140,577,1113,22173,
299.6722953496387,76140,577,1112,22174,
299.68152249915016,76140,576,1113,22174,
299.6834891195716,76139,577,1113,22174,
299.6869019006797,76139,577,1112,22175,
299.6901048656992,76139,576,1113,22175,
299.6905705554986,76138,577,1113,22175,
299.69566425772166,76138,577,1112,22176,
299.6980553123938,76137,578,1112,22176,
299.698689149903,76137,577,1113,22176,
299.70557773131696,76137,576,1114,22176,
299.708085769596,76136,577,1114,22176,
299.7141093739911,76135,578,1114,22176,
299.71438803269206,76135,577,1115,22176,
299.7182149829374,76135,577,1114,22177,
299.72537740050717,76134,578,1114,22177,
299.7326452489144,76133,579,1114,22177,
299.7373127346283,76133,578,1115,22177,
299.7506382068172,76133,577,1116,22177,
299.75126958155397,76133,576,1117,22177,
299.7533084848939,76132,577,1117,22177,
299.7537984917604,76132,576,1118,22177,
299.7538295939493,76131,577,1118,22177,
299.7654723465863,76131,577,1117,22178,
299.7699526190885,76131,576,1118,22178,
299.77408263891135,76131,576,1117,22179,
299.77590489417184,76131,575,1118,22179,
299.7779195716562,76131,574,1119,22179,
299.7789126667576,76130,575,1119,22179,
299.78280105571304,76130,575,1118,22180,
299.7849843702087,76130,574,1119,22180,
299.7852323689455,76129,575,1119,22180,
299.78985502458596,76129,575,1118,22181,
299.79085996964307,76129,574,1119,22181,
299.7936843162879,76128,575,1119,22181,
299.79411937407787,76128,575,1118,22182,
299.7961495265146,76128,575,1117,22183,
299.79667247125593,76128,574,1118,22183,
299.79672269073643,76128,573,1119,22183,
299.80224876743745,76127,574,1119,22183,
299.8050014812736,76126,575,1119,22183,
299.81005870820286,76126,575,1118,22184,
299.8118822464864,76126,574,1119,22184,
299.81204633767004,76126,574,1118,22185,
299.81572729912665,76125,575,1118,22185,
299.8213093679534,76124,576,1118,22185,
299.82132768335214,76124,575,1119,22185,
299.82206690898954,76124,574,1120,22185,
299.8225915580065,76123,575,1120,22185,
299.82487576086555,76123,575,1119,22186,
299.83111605097184,76122,576,1119,22186,
299.8401966196243,76121,577,1119,22186,
299.84606020029514,76121,577,1118,22187,
299.852097531664,76121,577,1117,22188,
299.8547752240818,76121,577,1116,22189,
299.85908459954123,76121,576,1117,22189,
299.8627121300003,76121,576,1116,22190,
299.86793671111406,76120,577,1116,22190,
299.87410358565415,76119,578,1116,22190,
299.87502353362277,76119,578,1115,22191,
299.88184602375844,76119,577,1116,22191,
299.8839262193657,76118,578,1116,22191,
299.88480297056606,76118,578,1115,22192,
299.8850138930971,76117,579,1115,22192,
299.88543415518507,76116,580,1115,22192,
299.8883901694221,76116,580,1114,22193,
299.8908125033455,76115,581,1114,22193,
299.8952176091983,76115,581,1113,22194,
299.8968397552917,76114,582,1113,22194,
299.90264975875726,76114,582,1112,22195,
299.9027495653894,76113,583,1112,22195,
299.90562385686957,76113,582,1113,22195,
299.9079171350251,76113,581,1114,22195,
299.9151586708682,76113,581,1113,22196,
299.91563607776317,76113,581,1112,22197,
299.92647475894086,76113,580,1113,22197,
299.92873398592207,76113,580,1112,22198,
299.93428084259347,76113,580,1111,22199,
299.93527200342885,76113,580,1110,22200,
299.9365889125792,76113,580,1109,22201,
299.9379879691419,76113,580,1108,22202,
299.93824529952366,76112,581,1108,22202,
299.9398293316184,76111,582,1108,22202,
299.94059100619927,76111,581,1109,22202,
299.9406870579975,76111,581,1108,22203,
299.94256580954163,76111,581,1107,22204,
299.94888434621714,76111,580,1108,22204,
299.95811845243185,76111,580,1107,22205,
299.95926005571465,76111,579,1108,22205,
299.9601007787561,76110,580,1108,22205,
299.96028862266667,76109,581,1108,22205,
299.9619527450625,76108,582,1108,22205,
299.96405556622386,76108,582,1107,22206,
299.96470984641076,76107,583,1107,22206,
299.96583389062397,76107,582,1108,22206,
299.9678154718385,76107,582,1107,22207,
299.9695441463353,76107,582,1106,22208,
299.9703265250016,76107,581,1107,22208,
299.97070491811616,76107,581,1106,22209,
299.97305284543904,76107,581,1105,22210,
299.97323397426146,76107,581,1104,22211,
299.97335888738894,76106,582,1104,22211,
299.9787440268649,76106,581,1105,22211,
299.979296336294,76106,580,1106,22211,
299.983679925347,76106,580,1105,22212,
299.98650527357677,76106,580,1104,22213,
299.9888155699312,76106,580,1103,22214,
299.9907136651805,76106,579,1104,22214,
299.9909447513054,76105,580,1104,22214,
299.9982137854975,76105,580,1103,22215,
299.9993405545999,76105,579,1104,22215,
300.00233074873097,76105,579,1103,22216,
300.0025236188369,76105,579,1102,22217,
300.00460585271054,76104,580,1102,22217,
300.01477121940104,76104,580,1101,22218,
300.01547164020883,76104,580,1100,22219,
300.0164019747642,76103,581,1100,22219,
300.02218046853085,76103,581,1099,22220,
300.02224649765594,76103,581,1098,22221,
300.0261896995902,76102,582,1098,22221,
300.02668849658846,76101,583,1098,22221,
300.03875771140866,76100,584,1098,22221,
300.04052377503774,76100,584,1097,22222,
300.0438830366141,76099,585,1097,22222,
300.05228060399037,76098,586,1097,22222,
300.055906359702,76098,585,1098,22222,
300.05810039042075,76098,585,1097,22223,
300.0594151507023,76098,585,1096,22224,
300.0614146121787,76098,584,1097,22224,
300.06241377174337,76098,584,1096,22225,
300.06552076317575,76097,585,1096,22225,
300.0670191047186,76096,586,1096,22225,
300.0712934566217,76096,586,1095,22226,
300.0732620824986,76096,586,1094,22227,
300.08262672585624,76096,585,1095,22227,
300.08893231177126,76096,584,1096,22227,
300.09143261712484,76096,584,1095,22228,
300.09152978858714,76096,584,1094,22229,
300.0979887107893,76096,583,1095,22229,
300.09991788230707,76096,583,1094,22230,
300.1041537157171,76095,584,1094,22230,
300.10785471949555,76095,583,1095,22230,
300.11552898616253,76095,582,1096,22230,
300.1193106331901,76094,583,1096,22230,
300.1208144580349,76093,584,1096,22230,
300.12134786803864,76092,585,1096,22230,
300.12568927882,76092,585,1095,22231,
300.12644228520736,76092,584,1096,22231,
300.1270560109465,76092,584,1095,22232,
300.1301641890444,76092,584,1094,22233,
300.1309680560903,76092,584,1093,22234,
300.1321407461266,76092,583,1094,22234,
300.13347342971565,76091,584,1094,22234,
300.1349291530926,76090,585,1094,22234,
300.13547296136227,76090,585,1093,22235,
300.13720836449863,76090,585,1092,22236,
300.1376206982395,76090,584,1093,22236,
300.1385574620629,76090,583,1094,22236,
300.1408811348455,76090,583,1093,22237,
300.1409217421714,76090,582,1094,22237,
300.14115613586404,76089,583,1094,22237,
300.14129904142663,76088,584,1094,22237,
300.1419906383744,76087,585,1094,22237,
300.1488835498072,76087,585,1093,22238,
300.15226273277483,76087,584,1094,22238,
300.1554486649061,76087,584,1093,22239,
300.1623083892222,76087,583,1094,22239,
300.16559764397596,76086,584,1094,22239,
300.1664372346898,76085,585,1094,22239,
300.1666357106698,76085,585,1093,22240,
300.1791481607598,76085,585,1092,22241,
300.18071878287157,76085,584,1093,22241,
300.1840458324803,76084,585,1093,22241,
300.18486583812427,76084,584,1094,22241,
300.1854581819455,76084,584,1093,22242,
300.18950885876825,76084,583,1094,22242,
300.1918651634048,76084,583,1093,22243,
300.1947801670104,76084,582,1094,22243,
300.1992506015571,76084,581,1095,22243,
300.20046675236426,76083,582,1095,22243,
300.20522199843134,76082,583,1095,22243,
300.20665519955446,76082,583,1094,22244,
300.2089409766693,76082,583,1093,22245,
300.2122970509839,76081,584,1093,22245,
300.22012040333004,76080,585,1093,22245,
300.2244016698006,76080,585,1092,22246,
300.22749902266446,76079,586,1092,22246,
300.2299459456573,76078,587,1092,22246,
300.2333812387761,76077,588,1092,22246,
300.24141802552197,76076,589,1092,22246,
300.24238386481005,76076,589,1091,22247,
300.2444972459716,76076,589,1090,22248,
300.2445475791228,76075,590,1090,22248,
300.2480736558553,76075,590,1089,22249,
300.24869503700893,76075,590,1088,22250,
300.250830677564,76075,590,1087,22251,
300.2553713712195,76075,589,1088,22251,
300.25543231154285,76075,589,1087,22252,
300.2579299855858,76074,590,1087,22252,
300.25889104381423,76073,591,1087,22252,
300.25922408599604,76073,590,1088,22252,
300.25975125764774,76073,589,1089,22252,
300.2601429726491,76073,589,1088,22253,
300.2614839191255,76072,590,1088,22253,
300.2639202530622,76072,589,1089,22253,
300.2673172563707,76072,588,1090,22253,
300.26848385052807,76072,588,1089,22254,
300.27196995956075,76072,587,1090,22254,
300.27365726207927,76072,587,1089,22255,
300.2773032043782,76072,587,1088,22256,
300.2781477253585,76072,586,1089,22256,
300.28136388760896,76072,585,1090,22256,
300.28626137741475,76072,585,1089,22257,
300.28768314094555,76072,584,1090,22257,
300.28984660103805,76071,585,1090,22257,
300.28997600076275,76070,586,1090,22257,
300.2908486645213,76070,585,1091,22257,
300.29124365532596,76070,584,1092,22257,
300.29280181870934,76069,585,1092,22257,
300.29282761330444,76068,586,1092,22257,
300.2940679480475,76067,587,1092,22257,
300.29452324687065,76067,587,1091,22258,
300.295672403629,76067,586,1092,22258,
300.29952224107035,76066,587,1092,22258,
300.30292567179845,76066,586,1093,22258,
300.3036412353856,76066,586,1092,22259,
300.30869450405254,76066,585,1093,22259,
300.30970500960166,76066,584,1094,22259,
300.3211859850508,76065,585,1094,22259,
300.32214146801425,76064,586,1094,22259,
300.32248854027904,76064,586,1093,22260,
300.32309006777234,76064,585,1094,22260,
300.3243860876887,76064,585,1093,22261,
300.33083738238133,76064,585,1092,22262,
300.3331501631871,76064,585,1091,22263,
300.33554174408573,76064,584,1092,22263,
300.33676450083357,76064,583,1093,22263,
300.3370657532266,76064,582,1094,22263,
300.33930618360984,76063,583,1094,22263,
300.3407345536796,76062,584,1094,22263,
300.34180632750343,76062,583,1095,22263,
300.34742207315855,76062,583,1094,22264,
300.3502260065086,76062,582,1095,22264,
300.35200484524955,76062,582,1094,22265,
300.3525104581429,76062,581,1095,22265,
300.3537091432487,76062,581,1094,22266,
300.35955891707385,76061,582,1094,22266,
300.3615616339018,76061,581,1095,22266,
300.3629216351811,76060,582,1095,22266,
300.36412066107715,76060,582,1094,22267,
300.3653023177177,76060,582,1093,22268,
300.3678541083447,76060,581,1094,22268,
300.369834881108,76059,582,1094,22268,
300.3727148440828,76058,583,1094,22268,
300.3829449891667,76057,584,1094,22268,
300.38668570559696,76057,584,1093,22269,
300.38960576980696,76057,584,1092,22270,
300.39014992584634,76057,584,1091,22271,
300.39223802455507,76057,583,1092,22271,
300.4020072081511,76056,584,1092,22271,
300.4022650534164,76056,584,1091,22272,
300.40400137959864,76056,583,1092,22272,
300.40483974455077,76056,582,1093,22272,
300.4052387077135,76056,582,1092,22273,
300.40658846684335,76056,582,1091,22274,
300.4105788372903,76056,582,1090,22275,
300.41396133767387,76056,581,1091,22275,
300.41722583643855,76056,580,1092,22275,
300.4178134936017,76056,580,1091,22276,
300.420928864797,76056,579,1092,22276,
300.42148866688353,76056,579,1091,22277,
300.4237710387401,76056,579,1090,22278,
300.4315717491475,76055,580,1090,22278,
300.43267479470046,76055,579,1091,22278,
300.4349632824089,76055,578,1092,22278,
300.4411881624663,76055,578,1091,22279,
300.4440237364967,76055,577,1092,22279,
300.44461777613964,76055,576,1093,22279,
300.4473441240774,76054,577,1093,22279,
300.4487266900741,76054,577,1092,22280,
300.4499338521711,76054,577,1091,22281,
300.45107573056833,76054,576,1092,22281,
300.45415013852744,76053,577,1092,22281,
300.4545573102137,76053,577,1091,22282,
300.46185634427434,76053,576,1092,22282,
300.46412679472013,76053,576,1091,22283,
300.4658065556671,76053,576,1090,22284,
300.46707078128895,76052,577,1090,22284,
300.4757852084377,76051,578,1090,22284,
300.477211414846,76051,578,1089,22285,
300.47749813865624,76051,578,1088,22286,
300.4785098599926,76051,578,1087,22287,
300.4792469946069,76051,578,1086,22288,
300.4796434612403,76050,579,1086,22288,
300.48417651294153,76050,579,1085,22289,
300.4890301232858,76049,580,1085,22289,
300.49172499291063,76049,580,1084,22290,
300.49216752502207,76048,581,1084,22290,
300.4936792767451,76047,582,1084,22290,
300.497515745085,76047,581,1085,22290,
300.4977158512251,76047,581,1084,22291,
300.5078583000298,76047,580,1085,22291,
300.50853963101594,76047,580,1084,22292,
300.51171377755867,76047,579,1085,22292,
300.5130210653334,76047,578,1086,22292,
300.5146326794051,76047,577,1087,22292,
300.5154353918537,76046,578,1087,22292,
300.5157405442679,76046,577,1088,22292,
300.5179769369058,76045,578,1088,22292,
300.51942048057555,76045,578,1087,22293,
300.52041508196254,76045,577,1088,22293,
300.52122095103397,76045,577,1087,22294,
300.5224318840593,76045,576,1088,22294,
300.5261176165403,76045,576,1087,22295,
300.5284044530203,76045,576,1086,22296,
300.5292516951935,76044,577,1086,22296,
300.53016376215106,76043,578,1086,22296,
300.5304359404631,76043,578,1085,22297,
300.5360327077578,76043,578,1084,22298,
300.53926452485393,76043,578,1083,22299,
300.5420718826383,76042,579,1083,22299,
300.5486116903726,76042,579,1082,22300,
300.550867935895,76041,580,1082,22300,
300.55113363616624,76041,579,1083,22300,
300.5516263587948,76041,578,1084,22300,
300.55674051281636,76041,577,1085,22300,
300.5573768716958,76041,576,1086,22300,
300.5588970968298,76040,577,1086,22300,
300.55996073589887,76039,578,1086,22300,
300.56003780200336,76039,578,1085,22301,
300.56188232847956,76039,578,1084,22302,
300.56348504935414,76039,577,1085,22302,
300.56463108496166,76039,576,1086,22302,
300.5661652131546,76039,576,1085,22303,
300.5677243181759,76038,577,1085,22303,
300.56958564884496,76037,578,1085,22303,
300.57133143251986,76037,578,1084,22304,
300.5719489089043,76037,577,1085,22304,
300.58523411690186,76036,578,1085,22304,
300.5895344207849,76036,577,1086,22304,
300.5939393538641,76035,578,1086,22304,
300.59712350031094,76035,577,1087,22304,
300.59907195770285,76035,576,1088,22304,
300.6050363211095,76035,575,1089,22304,
300.6070642223845,76035,574,1090,22304,
300.60979021565566,76034,575,1090,22304,
300.6129778314352,76034,574,1091,22304,
300.6170176327719,76033,575,1091,22304,
300.62398208062154,76033,575,1090,22305,
300.62654963431436,76033,575,1089,22306,
300.62677999890883,76033,575,1088,22307,
300.6276431478482,76032,576,1088,22307,
300.6295862054245,76032,575,1089,22307,
300.63072239963685,76032,575,1088,22308,
300.63174826106564,76032,575,1087,22309,
300.63666229856915,76032,575,1086,22310,
300.643037970381,76032,575,1085,22311,
300.64409868023165,76032,575,1084,22312,
300.64616539591003,76032,575,1083,22313,
300.6469741738918,76032,575,1082,22314,
300.6473960012967,76032,574,1083,22314,
300.6478000105226,76032,573,1084,22314,
300.6518992992233,76032,573,1083,22315,
300.651904916061,76032,572,1084,22315,
300.6548765961285,76032,571,1085,22315,
300.6567214457974,76032,570,1086,22315,
300.6633137307201,76032,569,1087,22315,
300.6633442512288,76032,569,1086,22316,
300.66400797674333,76031,570,1086,22316,
300.6748479261433,76031,569,1087,22316,
300.67675815818495,76031,568,1088,22316,
300.67916591411205,76031,567,1089,22316,
300.6812826751231,76031,567,1088,22317,
300.6814851191448,76030,568,1088,22317,
300.68207826015885,76030,567,1089,22317,
300.68751437815695,76030,566,1090,22317,
300.6923809975862,76030,566,1089,22318,
300.6924159283733,76029,567,1089,22318,
300.69671578374954,76028,568,1089,22318,
300.6977834082029,76027,569,1089,22318,
300.7004362599707,76027,569,1088,22319,
300.70335120297545,76027,568,1089,22319,
300.7035241419454,76027,567,1090,22319,
300.70542863950544,76027,566,1091,22319,
300.7098507240238,76026,567,1091,22319,
300.71175429378115,76026,567,1090,22320,
300.71463441133164,76025,568,1090,22320,
300.7216524462546,76025,567,1091,22320,
300.7248419313246,76025,567,1090,22321,
300.7250820505418,76024,568,1090,22321,
300.72845889185487,76024,567,1091,22321,
300.73142927862824,76024,566,1092,22321,
300.7326975867684,76024,565,1093,22321,
300.74244244531525,76024,565,1092,22322,
300.74455665677317,76023,566,1092,22322,
300.74643661999306,76023,565,1093,22322,
300.7540998250677,76022,566,1093,22322,
300.7566997825826,76022,566,1092,22323,
300.7613511404992,76022,566,1091,22324,
300.7615857529523,76022,565,1092,22324,
300.7633289902935,76022,564,1093,22324,
300.763478191824,76022,563,1094,22324,
300.77579911158523,76021,564,1094,22324,
300.7767762956751,76021,564,1093,22325,
300.77879087539395,76021,563,1094,22325,
300.78188486057405,76021,562,1095,22325,
300.7819012284132,76020,563,1095,22325,
300.7836933579895,76020,562,1096,22325,
300.789661193903,76019,563,1096,22325,
300.79491369689094,76019,563,1095,22326,
300.7962152084534,76018,564,1095,22326,
300.8029021340093,76018,563,1096,22326,
300.8075802157267,76018,563,1095,22327,
300.8089553525605,76018,563,1094,22328,
300.8109655235968,76018,562,1095,22328,
300.8145688282234,76017,563,1095,22328,
300.8202700258229,76017,563,1094,22329,
300.8336310030981,76017,562,1095,22329,
300.8369854759026,76017,562,1094,22330,
300.83788564375203,76016,563,1094,22330,
300.8392639291927,76015,564,1094,22330,
300.8403146495525,76014,565,1094,22330,
300.84077314252346,76014,564,1095,22330,
300.8418244118681,76014,563,1096,22330,
300.8433887734358,76014,563,1095,22331,
300.8447142295608,76014,562,1096,22331,
300.8465258535818,76013,563,1096,22331,
300.8486821792393,76013,563,1095,22332,
300.85274832588334,76013,562,1096,22332,
300.8540887529224,76012,563,1096,22332,
300.8546908088616,76012,562,1097,22332,
300.85722210513313,76012,562,1096,22333,
300.862199352227,76012,562,1095,22334,
300.87460386317656,76012,562,1094,22335,
300.87560413286235,76012,562,1093,22336,
300.87572371333073,76012,562,1092,22337,
300.87713972788566,76012,562,1091,22338,
300.8780991977502,76011,563,1091,22338,
300.88188113659686,76011,563,1090,22339,
300.8824028646499,76011,562,1091,22339,
300.88388136091635,76011,561,1092,22339,
300.8847439078758,76011,560,1093,22339,
300.88736761622346,76011,560,1092,22340,
300.9015827247134,76011,559,1093,22340,
300.9024507999081,76010,560,1093,22340,
300.90504357182004,76009,561,1093,22340,
300.9066797610084,76008,562,1093,22340,
300.907468903369,76007,563,1093,22340,
300.9084475130039,76006,564,1093,22340,
300.9121709601065,76005,565,1093,22340,
300.9127034083211,76005,564,1094,22340,
300.91652608778645,76004,565,1094,22340,
300.9167368855905,76004,564,1095,22340,
300.9173761053772,76004,564,1094,22341,
300.9221893351146,76003,565,1094,22341,
300.92219200094286,76003,564,1095,22341,
300.92464497293383,76003,564,1094,22342,
300.9251420222358,76003,564,1093,22343,
300.9304440337048,76003,563,1094,22343,
300.93117831110686,76003,563,1093,22344,
300.9333055049214,76003,563,1092,22345,
300.9373297509398,76003,563,1091,22346,
300.9378026739799,76002,564,1091,22346,
300.9415802678845,76002,564,1090,22347,
300.94160265438256,76001,565,1090,22347,
300.9443664176033,76000,566,1090,22347,
300.9477474829906,76000,565,1091,22347,
300.9504480635135,76000,565,1090,22348,
300.9518894977201,75999,566,1090,22348,
300.9555743024773,75998,567,1090,22348,
300.95570272017085,75997,568,1090,22348,
300.95636602285504,75996,569,1090,22348,
300.9572544528411,75996,569,1089,22349,
300.95923731224264,75995,570,1089,22349,
300.9598520772294,75995,570,1088,22350,
300.9622691331293,75995,570,1087,22351,
300.9647582240291,75995,570,1086,22352,
300.9651831973331,75995,569,1087,22352,
300.9654971905711,75995,569,1086,22353,
300.9660794958585,75995,569,1085,22354,
300.97067408435714,75995,569,1084,22355,
300.97377597596704,75995,568,1085,22355,
300.9746069379888,75995,567,1086,22355,
300.9782711876811,75994,568,1086,22355,
300.98211780423935,75993,569,1086,22355,
300.98428197565556,75993,569,1085,22356,
300.9878459967766,75993,568,1086,22356,
300.9990248185485,75992,569,1086,22356,
300.9997582521574,75991,570,1086,22356,
301.00345588563727,75991,570,1085,22357,
301.0039928166582,75990,571,1085,22357,
301.0077810028795,75989,572,1085,22357,
301.0083656849722,75988,573,1085,22357,
301.0097313183485,75988,572,1086,22357,
301.0146420731551,75988,572,1085,22358,
301.015529088604,75988,571,1086,22358,
301.01934960532884,75988,571,1085,22359,
301.0198997597874,75988,570,1086,22359,
301.02028722141654,75988,569,1087,22359,
301.0273642622476,75988,568,1088,22359,
301.02864125324254,75988,567,1089,22359,
301.03088051323743,75988,567,1088,22360,
301.0343699713806,75988,567,1087,22361,
301.03467958191465,75988,566,1088,22361,
301.03539200806483,75987,567,1088,22361,
301.03802301594345,75987,566,1089,22361,
301.04083904680596,75987,566,1088,22362,
301.0428983689967,75987,566,1087,22363,
301.05352755714944,75987,565,1088,22363,
301.0540367740723,75987,564,1089,22363,
301.0547007662672,75987,564,1088,22364,
301.0564514354744,75987,563,1089,22364,
301.0585590495854,75986,564,1089,22364,
301.0596485246779,75986,563,1090,22364,
301.0609515933806,75986,563,1089,22365,
301.0616046267426,75986,563,1088,22366,
301.0639367865941,75985,564,1088,22366,
301.06446184482996,75985,564,1087,22367,
301.0646051594005,75984,565,1087,22367,
301.06663831881184,75983,566,1087,22367,
301.06789265923896,75983,565,1088,22367,
301.0684991530128,75983,565,1087,22368,
301.06859861650906,75982,566,1087,22368,
301.0745358944355,75982,566,1086,22369,
301.080184943369,75982,565,1087,22369,
301.0816163516777,75982,565,1086,22370,
301.08165059002005,75982,565,1085,22371,
301.0837517132218,75982,564,1086,22371,
301.0837744800233,75981,565,1086,22371,
301.0868361674002,75981,564,1087,22371,
301.08887955326173,75981,563,1088,22371,
301.0897883751526,75981,563,1087,22372,
301.0902434301542,75981,562,1088,22372,
301.10105328304365,75981,561,1089,22372,
301.10434432216385,75981,560,1090,22372,
301.1055330541109,75980,561,1090,22372,
301.11011015486355,75980,560,1091,22372,
301.1121589212228,75980,560,1090,22373,
301.1123958725158,75979,561,1090,22373,
301.11422640292676,75979,561,1089,22374,
301.1170066075849,75978,562,1089,22374,
301.1183875039499,75978,561,1090,22374,
301.1198780576533,75978,560,1091,22374,
301.1212305136507,75977,561,1091,22374,
301.1238500078233,75977,561,1090,22375,
301.12422667488676,75977,560,1091,22375,
301.124434967417,75976,561,1091,22375,
301.1269483385065,75975,562,1091,22375,
301.12740570978565,75975,562,1090,22376,
301.12767572506596,75974,563,1090,22376,
301.1330343103438,75974,562,1091,22376,
301.13511828110023,75974,562,1090,22377,
301.1371255759808,75974,561,1091,22377,
301.1386631715415,75974,561,1090,22378,
301.13933780613655,75973,562,1090,22378,
301.13960169246155,75973,561,1091,22378,
301.1407743032149,75972,562,1091,22378,
301.1425154013253,75971,563,1091,22378,
301.14608465248034,75971,562,1092,22378,
301.14729474757155,75970,563,1092,22378,
301.1480757395528,75970,562,1093,22378,
301.14810584115986,75970,561,1094,22378,
301.14852744258127,75970,561,1093,22379,
301.14857342803003,75970,560,1094,22379,
301.14985804746385,75970,560,1093,22380,
301.15131217299904,75970,559,1094,22380,
301.1552920489171,75970,559,1093,22381,
301.1574228026379,75969,560,1093,22381,
301.1621326467205,75968,561,1093,22381,
301.1631648237185,75967,562,1093,22381,
301.16430378578275,75967,562,1092,22382,
301.1658635366489,75967,561,1093,22382,
301.16620500602096,75966,562,1093,22382,
301.166414395076,75966,561,1094,22382,
301.1687557486529,75966,561,1093,22383,
301.16883464847473,75965,562,1093,22383,
301.16907113749147,75965,562,1092,22384,
301.17187406658604,75965,561,1093,22384,
301.1762234933492,75965,561,1092,22385,
301.1803445271205,75965,560,1093,22385,
301.1807373349851,75965,559,1094,22385,
301.19326461169004,75965,558,1095,22385,
301.19494351087604,75965,558,1094,22386,
301.1955819093515,75965,557,1095,22386,
301.1973392859467,75964,558,1095,22386,
301.1974594097689,75963,559,1095,22386,
301.19848771498687,75963,559,1094,22387,
301.20251245496803,75962,560,1094,22387,
301.2049155786352,75962,559,1095,22387,
301.2064250988318,75962,558,1096,22387,
301.2075754327155,75962,558,1095,22388,
301.20908710657835,75962,558,1094,22389,
301.2103085408209,75962,557,1095,22389,
301.212780828358,75961,558,1095,22389,
301.2165869370457,75961,558,1094,22390,
301.2200136724168,75961,557,1095,22390,
301.22190939487535,75961,557,1094,22391,
301.22195840868375,75960,558,1094,22391,
301.2224963754121,75959,559,1094,22391,
301.2254355791431,75959,559,1093,22392,
301.2265649040604,75959,559,1092,22393,
301.22982409222624,75959,558,1093,22393,
301.23129747407796,75959,558,1092,22394,
301.23172470558154,75958,559,1092,22394,
301.23482191547623,75958,559,1091,22395,
301.2360578916762,75957,560,1091,22395,
301.2375562773232,75957,559,1092,22395,
301.2385263097909,75957,559,1091,22396,
301.23858931028144,75957,558,1092,22396,
301.245143303819,75957,558,1091,22397,
301.2473545700547,75957,557,1092,22397,
301.25050526399286,75957,557,1091,22398,
301.2540547513848,75956,558,1091,22398,
301.25595528937265,75955,559,1091,22398,
301.25819327691596,75955,559,1090,22399,
301.2582336872259,75955,559,1089,22400,
301.2589968122295,75954,560,1089,22400,
301.2633782141404,75953,561,1089,22400,
301.27031113136735,75953,560,1090,22400,
301.2711195101196,75952,561,1090,22400,
301.27694887249277,75952,560,1091,22400,
301.28182499228416,75952,560,1090,22401,
301.28366159918914,75952,559,1091,22401,
301.2895601533542,75952,558,1092,22401,
301.289630122521,75952,557,1093,22401,
301.2897520398985,75952,557,1092,22402,
301.2909349659477,75951,558,1092,22402,
301.2919558981507,75951,558,1091,22403,
301.2931341931217,75950,559,1091,22403,
301.29452677031134,75950,558,1092,22403,
301.29935488241364,75949,559,1092,22403,
301.29939123478124,75949,559,1091,22404,
301.3017229190724,75949,559,1090,22405,
301.30174444781585,75948,560,1090,22405,
301.30183820528356,75948,560,1089,22406,
301.3020398270811,75948,559,1090,22406,
301.30801486396047,75948,558,1091,22406,
301.308536969841,75947,559,1091,22406,
301.3085514446893,75947,558,1092,22406,
301.31388172771364,75947,558,1091,22407,
301.3189568940179,75947,557,1092,22407,
301.3248320830717,75946,558,1092,22407,
301.3370656530897,75946,557,1093,22407,
301.3447475845052,75946,557,1092,22408,
301.3469332672957,75946,556,1093,22408,
301.35067630330593,75945,557,1093,22408,
301.3538476194933,75945,557,1092,22409,
301.3581351960325,75945,557,1091,22410,
301.36097521578824,75944,558,1091,22410,
301.36114134078565,75944,557,1092,22410,
301.36464217709744,75943,558,1092,22410,
301.36686047522096,75943,557,1093,22410,
301.37201697720155,75942,558,1093,22410,
301.37278737940767,75941,559,1093,22410,
301.37591719033963,75941,559,1092,22411,
301.37947161951996,75941,559,1091,22412,
301.38347947892066,75941,558,1092,22412,
301.384382872358,75941,557,1093,22412,
301.384787152435,75941,556,1094,22412,
301.38702575892114,75940,557,1094,22412,
301.38871714551067,75940,556,1095,22412,
301.3891654301109,75939,557,1095,22412,
301.38922681399083,75939,557,1094,22413,
301.3897148772283,75938,558,1094,22413,
301.3913884223017,75937,559,1094,22413,
301.3921090639702,75937,559,1093,22414,
301.3926281033857,75936,560,1093,22414,
301.3951452719239,75935,561,1093,22414,
301.4020729848062,75935,561,1092,22415,
301.40439960020376,75934,562,1092,22415,
301.40493306523956,75934,562,1091,22416,
301.4107946824997,75934,561,1092,22416,
301.4144491725743,75934,561,1091,22417,
301.4145834460799,75934,561,1090,22418,
301.41781221587377,75934,561,1089,22419,
301.4188261583428,75934,561,1088,22420,
301.4206210623093,75934,560,1089,22420,
301.4228768071406,75934,560,1088,22421,
301.42473018436294,75934,560,1087,22422,
301.42735674570037,75934,559,1088,22422,
301.42740923920417,75934,558,1089,22422,
301.4283598747642,75934,558,1088,22423,
301.4326524330376,75934,558,1087,22424,
301.43460325787447,75933,559,1087,22424,
301.4366809734772,75933,558,1088,22424,
301.4406094980607,75933,558,1087,22425,
301.44299347875705,75932,559,1087,22425,
301.44766494797636,75932,559,1086,22426,
301.4479036426862,75932,558,1087,22426,
301.45116634493365,75932,558,1086,22427,
301.45440352337965,75932,558,1085,22428,
301.46736383639484,75931,559,1085,22428,
301.4701342424549,75931,558,1086,22428,
301.4753273419271,75930,559,1086,22428,
301.4781901823981,75930,558,1087,22428,
301.479074093011,75929,559,1087,22428,
301.47980862416443,75928,560,1087,22428,
301.4814595723902,75927,561,1087,22428,
301.4815790087953,75926,562,1087,22428,
301.4911971570467,75926,562,1086,22429,
301.5059390039232,75925,563,1086,22429,
301.50648757388797,75925,562,1087,22429,
301.5102364481964,75925,562,1086,22430,
301.5114738483107,75924,563,1086,22430,
301.51170857206483,75924,563,1085,22431,
301.5120137452862,75924,562,1086,22431,
301.51216989135554,75924,562,1085,22432,
301.512360665425,75924,562,1084,22433,
301.51293689690084,75923,563,1084,22433,
301.5136367890779,75922,564,1084,22433,
301.51590551641704,75922,564,1083,22434,
301.5176474112847,75921,565,1083,22434,
301.51883867187394,75921,564,1084,22434,
301.5246839627568,75921,564,1083,22435,
301.52538424139516,75920,565,1083,22435,
301.5291176937952,75920,565,1082,22436,
301.52924411968036,75919,566,1082,22436,
301.53256624972516,75918,567,1082,22436,
301.54746097678617,75918,566,1083,22436,
301.5500472707766,75917,567,1083,22436,
301.550831568364,75917,567,1082,22437,
301.550873924108,75917,567,1081,22438,
301.55215120434394,75917,567,1080,22439,
301.5558247355026,75917,567,1079,22440,
301.55949949477485,75917,566,1080,22440,
301.56481569611606,75917,566,1079,22441,
301.56651315818675,75916,567,1079,22441,
301.5679566571722,75916,566,1080,22441,
301.56856464482394,75916,566,1079,22442,
301.57359046003427,75916,566,1078,22443,
301.57659067494785,75916,565,1079,22443,
301.57709068214865,75916,565,1078,22444,
301.5820172458645,75916,565,1077,22445,
301.5903885478438,75916,564,1078,22445,
301.59713009602734,75915,565,1078,22445,
301.59984844619413,75915,565,1077,22446,
301.601783562727,75915,565,1076,22447,
301.6070596796205,75915,565,1075,22448,
301.6080888200494,75915,565,1074,22449,
301.6101711094862,75915,565,1073,22450,
301.6160115252818,75915,565,1072,22451,
301.61606676491215,75915,564,1073,22451,
301.61829968539394,75914,565,1073,22451,
301.6252049621726,75914,565,1072,22452,
301.6255745927093,75914,564,1073,22452,
301.6287469976465,75913,565,1073,22452,
301.6335182749183,75913,565,1072,22453,
301.64127873520584,75912,566,1072,22453,
301.64502653790004,75912,565,1073,22453,
301.64510808992236,75911,566,1073,22453,
301.657804788042,75911,565,1074,22453,
301.6591919525403,75911,564,1075,22453,
301.665071582141,75910,565,1075,22453,
301.6655229623034,75909,566,1075,22453,
301.66553367235264,75908,567,1075,22453,
301.66680806776867,75907,568,1075,22453,
301.6671731918428,75907,567,1076,22453,
301.67241749517933,75906,568,1076,22453,
301.6745175767686,75906,567,1077,22453,
301.6799863254697,75905,568,1077,22453,
301.6868440517119,75905,568,1076,22454,
301.6873224289474,75905,568,1075,22455,
301.6874917172974,75905,568,1074,22456,
301.69378987536885,75905,567,1075,22456,
301.6947317422514,75905,567,1074,22457,
301.69549486526967,75905,566,1075,22457,
301.69957263904524,75904,567,1075,22457,
301.7018348297256,75903,568,1075,22457,
301.70283597248664,75903,567,1076,22457,
301.7038191642155,75903,567,1075,22458,
301.7053020166266,75902,568,1075,22458,
301.7068696286167,75902,568,1074,22459,
301.70728601167053,75902,567,1075,22459,
301.71079797112304,75902,567,1074,22460,
301.71373130037955,75902,566,1075,22460,
301.7160466310827,75902,566,1074,22461,
301.7173973461132,75901,567,1074,22461,
301.7245831525599,75901,567,1073,22462,
301.72513762454116,75901,566,1074,22462,
301.72913227892235,75900,567,1074,22462,
301.7340048725742,75900,567,1073,22463,
301.7384332876058,75899,568,1073,22463,
301.7419337625989,75899,567,1074,22463,
301.74217155843144,75899,566,1075,22463,
301.7431960312509,75898,567,1075,22463,
301.7457449178439,75898,566,1076,22463,
301.7479518416313,75898,566,1075,22464,
301.7487717999002,75897,567,1075,22464,
301.75872039967845,75897,567,1074,22465,
301.7630182961803,75897,567,1073,22466,
301.76582989873236,75897,566,1074,22466,
301.7687366078855,75897,566,1073,22467,
301.7777869478167,75897,565,1074,22467,
301.78505787076296,75897,564,1075,22467,
301.78543191893425,75897,564,1074,22468,
301.7894665670712,75897,564,1073,22469,
301.7905657590791,75897,564,1072,22470,
301.7910851191311,75897,563,1073,22470,
301.7945523762479,75896,564,1073,22470,
301.7954546596774,75896,563,1074,22470,
301.7954845877315,75896,562,1075,22470,
301.80147178459646,75895,563,1075,22470,
301.8086624364353,75894,564,1075,22470,
301.8100848169713,75894,563,1076,22470,
301.8109804567228,75894,563,1075,22471,
301.8206134820304,75894,562,1076,22471,
301.82410150337245,75893,563,1076,22471,
301.82410150337245,75893,563,1076,22471,
301.82665388857714,75892,564,1076,22471,
301.82795725333744,75892,564,1075,22472,
301.8291997417156,75892,564,1074,22473,
301.8323034941339,75892,564,1073,22474,
301.8328808655775,75891,565,1073,22474,
301.8355498202955,75891,564,1074,22474,
301.8417057757858,75891,563,1075,22474,
301.84343549464387,75891,562,1076,22474,
301.8477949182584,75890,563,1076,22474,
301.8497885890726,75890,562,1077,22474,
301.85225450595374,75889,563,1077,22474,
301.85594054969465,75889,563,1076,22475,
301.8560033939126,75888,564,1076,22475,
301.86660496787994,75888,564,1075,22476,
301.8679206789567,75888,563,1076,22476,
301.86815540078516,75888,563,1075,22477,
301.8778054334703,75888,562,1076,22477,
301.8795965176152,75887,563,1076,22477,
301.88251304177584,75886,564,1076,22477,
301.88297752916014,75885,565,1076,22477,
301.8832365751668,75885,564,1077,22477,
301.8849049026354,75885,564,1076,22478,
301.884911275501,75884,565,1076,22478,
301.8860850355978,75883,566,1076,22478,
301.8867623356235,75883,566,1075,22479,
301.88809599088097,75883,565,1076,22479,
301.8960957648534,75883,564,1077,22479,
301.8967499456699,75883,563,1078,22479,
301.90306330927643,75883,562,1079,22479,
301.90588253991103,75883,561,1080,22479,
301.90973612903946,75883,560,1081,22479,
301.916829373993,75882,561,1081,22479,
301.91763847055853,75882,560,1082,22479,
301.9180437964843,75882,559,1083,22479,
301.918251020165,75882,558,1084,22479,
301.91984582025776,75881,559,1084,22479,
301.92103660145744,75881,558,1085,22479,
301.9213247134345,75880,559,1085,22479,
301.9217721204034,75880,559,1084,22480,
301.9235191144788,75880,559,1083,22481,
301.9258508260626,75880,559,1082,22482,
301.93093969061124,75879,560,1082,22482,
301.93413289380885,75879,560,1081,22483,
301.9376817981038,75878,561,1081,22483,
301.949658063124,75878,561,1080,22484,
301.95669630937505,75877,562,1080,22484,
301.96521651415225,75877,562,1079,22485,
301.96570733877496,75877,561,1080,22485,
301.96730325208455,75877,560,1081,22485,
301.97031279283675,75877,560,1080,22486,
301.9782289599527,75876,561,1080,22486,
301.97895590827517,75875,562,1080,22486,
301.98315931018715,75875,562,1079,22487,
301.98372692641675,75875,561,1080,22487,
301.98667803141757,75875,560,1081,22487,
301.98864001892883,75874,561,1081,22487,
301.98934887770645,75874,561,1080,22488,
301.99317209017516,75874,560,1081,22488,
301.9995502408265,75874,560,1080,22489,
302.0037782270591,75873,561,1080,22489,
302.00497830150556,75873,561,1079,22490,
302.01499132252394,75873,560,1080,22490,
302.0165593184132,75873,560,1079,22491,
302.01689986167275,75873,559,1080,22491,
302.02030941823256,75872,560,1080,22491,
302.0217391162594,75872,560,1079,22492,
302.02452935340244,75872,559,1080,22492,
302.024677937613,75871,560,1080,22492,
302.0266397339208,75871,560,1079,22493,
302.0282455289407,75871,559,1080,22493,
302.03041868591384,75871,558,1081,22493,
302.0319747163402,75871,557,1082,22493,
302.0322270054331,75871,556,1083,22493,
302.0330252780776,75870,557,1083,22493,
302.03392590974204,75870,557,1082,22494,
302.0339690219444,75870,556,1083,22494,
302.03441792484097,75870,556,1082,22495,
302.0441692306234,75870,555,1083,22495,
302.0442456581379,75870,555,1082,22496,
302.04535560170785,75869,556,1082,22496,
302.0491458890378,75869,555,1083,22496,
302.05063959897956,75869,554,1084,22496,
302.05289561920915,75869,554,1083,22497,
302.0547709142073,75869,554,1082,22498,
302.05675285121794,75868,555,1082,22498,
302.0570321002674,75867,556,1082,22498,
302.0581610069002,75866,557,1082,22498,
302.0602080880261,75866,557,1081,22499,
302.0617950125985,75865,558,1081,22499,
302.0623226754458,75865,558,1080,22500,
302.0634231801641,75865,557,1081,22500,
302.06358043250776,75864,558,1081,22500,
302.0648439772834,75864,558,1080,22501,
302.0658812472196,75864,558,1079,22502,
302.0669405412198,75864,558,1078,22503,
302.06708723992364,75864,557,1079,22503,
302.0700176261781,75863,558,1079,22503,
302.07066952827114,75863,558,1078,22504,
302.07211537060726,75863,557,1079,22504,
302.07271149572443,75863,556,1080,22504,
302.07272205638486,75862,557,1080,22504,
302.0741002616569,75862,557,1079,22505,
302.07872761065545,75861,558,1079,22505,
302.07883310404304,75860,559,1079,22505,
302.07999489212773,75860,559,1078,22506,
302.08058995473243,75860,558,1079,22506,
302.0807576215567,75859,559,1079,22506,
302.0817446790182,75859,559,1078,22507,
302.0818632618265,75859,558,1079,22507,
302.08303840255047,75859,557,1080,22507,
302.08516089949507,75858,558,1080,22507,
302.08527663261975,75858,558,1079,22508,
302.0854360428778,75858,558,1078,22509,
302.08776558300997,75858,557,1079,22509,
302.09028694821814,75857,558,1079,22509,
302.09047587613844,75857,557,1080,22509,
302.0959131168523,75857,557,1079,22510,
302.0963933776903,75857,557,1078,22511,
302.0982755585278,75857,556,1079,22511,
302.11234150252307,75857,556,1078,22512,
302.11373833681006,75856,557,1078,22512,
302.1157044537293,75856,556,1079,22512,
302.1178113718224,75855,557,1079,22512,
302.1188929854992,75854,558,1079,22512,
302.1198308435845,75854,557,1080,22512,
302.1200564121794,75854,556,1081,22512,
302.1298528526634,75853,557,1081,22512,
302.1302640178507,75853,557,1080,22513,
302.13439295169877,75853,557,1079,22514,
302.1409432985088,75853,557,1078,22515,
302.14673417486955,75852,558,1078,22515,
302.14920203300915,75851,559,1078,22515,
302.1515085051659,75851,558,1079,22515,
302.15270436828473,75851,558,1078,22516,
302.1582223593822,75850,559,1078,22516,
302.1585071057998,75850,559,1077,22517,
302.1697576535396,75850,558,1078,22517,
302.17282719435894,75849,559,1078,22517,
302.180670642062,75848,560,1078,22517,
302.1860636911165,75847,561,1078,22517,
302.18608705832503,75847,561,1077,22518,
302.1879806613352,75847,561,1076,22519,
302.1902144266683,75847,560,1077,22519,
302.1902342829876,75847,559,1078,22519,
302.1937639507232,75847,558,1079,22519,
302.19490679278505,75847,557,1080,22519,
302.1989615842756,75847,556,1081,22519,
302.2020599059446,75847,556,1080,22520,
302.2051229094874,75847,555,1081,22520,
302.2062836169358,75847,555,1080,22521,
302.20657618830813,75846,556,1080,22521,
302.21063351114384,75846,556,1079,22522,
302.2124157058209,75845,557,1079,22522,
302.21283118781696,75845,556,1080,22522,
302.2147786106749,75844,557,1080,22522,
302.2172448881748,75844,557,1079,22523,
302.218121332058,75844,557,1078,22524,
302.2182121569317,75844,556,1079,22524,
302.219436875671,75844,555,1080,22524,
302.2202213365128,75843,556,1080,22524,
302.22955537034386,75842,557,1080,22524,
302.23040839504284,75841,558,1080,22524,
302.23328252815855,75841,558,1079,22525,
302.23970908971177,75841,558,1078,22526,
302.2414197032987,75841,557,1079,22526,
302.2425892321994,75841,557,1078,22527,
302.24970019917254,75841,557,1077,22528,
302.25296030169346,75841,556,1078,22528,
302.2535855358521,75840,557,1078,22528,
302.26146967955566,75840,557,1077,22529,
302.2615544494189,75839,558,1077,22529,
302.2647291336217,75839,558,1076,22530,
302.26692054195524,75838,559,1076,22530,
302.2683682692787,75838,558,1077,22530,
302.27323310851244,75838,558,1076,22531,
302.2741662606668,75837,559,1076,22531,
302.2746358415862,75837,559,1075,22532,
302.27674311024543,75836,560,1075,22532,
302.2849661980101,75836,560,1074,22533,
302.29467029141716,75836,559,1075,22533,
302.2966885758396,75836,559,1074,22534,
302.2970848184277,75836,558,1075,22534,
302.29741615849366,75835,559,1075,22534,
302.2991150415095,75835,558,1076,22534,
302.2997352354261,75835,558,1075,22535,
302.3036924785906,75834,559,1075,22535,
302.3131270094898,75834,558,1076,22535,
302.3147050388396,75833,559,1076,22535,
302.32060921269084,75832,560,1076,22535,
302.3263293542523,75832,559,1077,22535,
302.32776129753915,75831,560,1077,22535,
302.32819146826984,75831,559,1078,22535,
302.3299486740329,75830,560,1078,22535,
302.33016072052544,75829,561,1078,22535,
302.3301909781062,75828,562,1078,22535,
302.3331651429577,75827,563,1078,22535,
302.3407108645387,75827,563,1077,22536,
302.3419332273561,75826,564,1077,22536,
302.3435342604663,75826,564,1076,22537,
302.34364957649416,75826,563,1077,22537,
302.351588665022,75826,562,1078,22537,
302.3519032630034,75826,562,1077,22538,
302.35929332967584,75825,563,1077,22538,
302.3601982512639,75825,563,1076,22539,
302.3610701381573,75824,564,1076,22539,
302.36305434715183,75824,563,1077,22539,
302.3706346957431,75824,562,1078,22539,
302.3713406686964,75824,562,1077,22540,
302.3727434489669,75824,562,1076,22541,
302.37434045531023,75824,562,1075,22542,
302.379025592132,75823,563,1075,22542,
302.37968639516936,75822,564,1075,22542,
302.3888561801758,75822,563,1076,22542,
302.3890094726672,75822,563,1075,22543,
302.38987627821524,75822,563,1074,22544,
302.3901806047309,75822,562,1075,22544,
302.39385952985464,75822,562,1074,22545,
302.4014322958482,75821,563,1074,22545,
302.40151588724024,75821,562,1075,22545,
302.40299058483816,75821,562,1074,22546,
302.40461265655233,75821,562,1073,22547,
302.40691839783074,75820,563,1073,22547,
302.4098501059007,75819,564,1073,22547,
302.41067441670447,75819,563,1074,22547,
302.41244091947306,75819,563,1073,22548,
302.4177704198844,75819,562,1074,22548,
302.41827456078,75818,563,1074,22548,
302.41987011832816,75817,564,1074,22548,
302.423788458859,75817,564,1073,22549,
302.4237935160253,75817,564,1072,22550,
302.42463850921587,75816,565,1072,22550,
302.42763992958,75815,566,1072,22550,
302.4391415935374,75815,565,1073,22550,
302.44141927132574,75815,564,1074,22550,
302.4424469255628,75815,563,1075,22550,
302.442728451099,75815,562,1076,22550,
302.4435711927705,75815,561,1077,22550,
302.446839834891,75815,561,1076,22551,
302.44839531704173,75814,562,1076,22551,
302.4536686488544,75813,563,1076,22551,
302.45378801927944,75813,562,1077,22551,
302.45831575372586,75813,562,1076,22552,
302.4600881271147,75813,562,1075,22553,
302.46023417307237,75813,561,1076,22553,
302.460801237825,75813,561,1075,22554,
302.4612302584239,75813,561,1074,22555,
302.4622253954288,75812,562,1074,22555,
302.46292313236813,75812,562,1073,22556,
302.46318205620867,75811,563,1073,22556,
302.467826367438,75810,564,1073,22556,
302.46962014902704,75810,563,1074,22556,
302.4727753886573,75810,563,1073,22557,
302.47748842468604,75809,564,1073,22557,
302.4792918070341,75809,563,1074,22557,
302.48350427079856,75809,563,1073,22558,
302.48430347282573,75809,562,1074,22558,
302.4861605060063,75808,563,1074,22558,
302.487448127484,75808,563,1073,22559,
302.48871153029376,75807,564,1073,22559,
302.4887303065415,75807,563,1074,22559,
302.4893437203171,75806,564,1074,22559,
302.4931479012906,75806,564,1073,22560,
302.49663764670447,75805,565,1073,22560,
302.50042373043635,75804,566,1073,22560,
302.50065411303626,75803,567,1073,22560,
302.50126930843544,75802,568,1073,22560,
302.502738490207,75802,568,1072,22561,
302.50663735557833,75802,568,1071,22562,
302.5092111348318,75802,568,1070,22563,
302.51008896981745,75802,567,1071,22563,
302.510445405685,75801,568,1071,22563,
302.5116512251737,75801,568,1070,22564,
302.51187499391517,75800,569,1070,22564,
302.51886450399473,75799,570,1070,22564,
302.51932252802925,75798,571,1070,22564,
302.52254398600996,75798,570,1071,22564,
302.52337036258757,75798,570,1070,22565,
302.5238775108357,75798,570,1069,22566,
302.52601399373975,75798,570,1068,22567,
302.5272454983546,75797,571,1068,22567,
302.528229535492,75796,572,1068,22567,
302.53259644506846,75795,573,1068,22567,
302.5370403153158,75795,572,1069,22567,
302.5406955695108,75794,573,1069,22567,
302.5537155116833,75793,574,1069,22567,
302.55732981763174,75793,573,1070,22567,
302.55756004777425,75793,573,1069,22568,
302.55816393759284,75793,572,1070,22568,
302.5596147620619,75793,572,1069,22569,
302.5606125243323,75792,573,1069,22569,
302.5682674462315,75792,572,1070,22569,
302.56946531323945,75791,573,1070,22569,
302.57491833211856,75791,573,1069,22570,
302.5793207388384,75791,572,1070,22570,
302.57998972708583,75791,572,1069,22571,
302.58033752809575,75790,573,1069,22571,
302.5829200668383,75789,574,1069,22571,
302.59230485904067,75789,574,1068,22572,
302.59689153029643,75789,573,1069,22572,
302.5978888938703,75789,572,1070,22572,
302.599737381486,75789,572,1069,22573,
302.60056337634705,75789,572,1068,22574,
302.6028559111885,75789,572,1067,22575,
302.60597072346064,75788,573,1067,22575,
302.6083491464455,75788,572,1068,22575,
302.6112241215505,75788,572,1067,22576,
302.61604447996484,75787,573,1067,22576,
302.6191958487379,75787,572,1068,22576,
302.6232026576296,75786,573,1068,22576,
302.6258735979523,75786,573,1067,22577,
302.62921335211973,75785,574,1067,22577,
302.63084982225257,75785,573,1068,22577,
302.6311609433916,75785,573,1067,22578,
302.6349500287568,75785,572,1068,22578,
302.63602924130106,75785,571,1069,22578,
302.6371965186418,75785,571,1068,22579,
302.6405390980743,75785,571,1067,22580,
302.64203989185,75785,570,1068,22580,
302.64210573674137,75785,569,1069,22580,
302.6430847038808,75785,568,1070,22580,
302.6444261520228,75784,569,1070,22580,
302.6481550124122,75784,568,1071,22580,
302.65286237075094,75784,567,1072,22580,
302.6539144094497,75784,567,1071,22581,
302.6544186396075,75783,568,1071,22581,
302.6549596687699,75783,567,1072,22581,
302.65509147534175,75782,568,1072,22581,
302.65821316561136,75781,569,1072,22581,
302.6647764507363,75780,570,1072,22581,
302.6647878992266,75780,569,1073,22581,
302.66493872360905,75780,569,1072,22582,
302.66655068771,75779,570,1072,22582,
302.66778455273135,75779,570,1071,22583,
302.6715487739807,75778,571,1071,22583,
302.6727603383358,75777,572,1071,22583,
302.6736335506626,75777,572,1070,22584,
302.6767766019266,75777,571,1071,22584,
302.68209297277224,75777,570,1072,22584,
302.68541898423763,75777,570,1071,22585,
302.68789520190205,75777,570,1070,22586,
302.69111067798826,75777,569,1071,22586,
302.6932840557373,75777,569,1070,22587,
302.69367164871414,75777,568,1071,22587,
302.6936950556713,75777,568,1070,22588,
302.6969624096202,75777,568,1069,22589,
302.6985887471814,75777,568,1068,22590,
302.6992990667652,75777,567,1069,22590,
302.70238486190595,75777,566,1070,22590,
302.7077423802048,75777,565,1071,22590,
302.7100468068526,75777,564,1072,22590,
302.7164292709085,75777,564,1071,22591,
302.72341740030345,75777,563,1072,22591,
302.72460430817705,75777,563,1071,22592,
302.7275999028363,75777,563,1070,22593,
302.7290289057035,75777,562,1071,22593,
302.73335568725946,75777,562,1070,22594,
302.73821239041916,75776,563,1070,22594,
302.74330013024144,75776,562,1071,22594,
302.74394453927255,75776,561,1072,22594,
302.74947116568234,75776,561,1071,22595,
302.75012519013626,75775,562,1071,22595,
302.7514661990984,75775,562,1070,22596,
302.7588968080983,75775,562,1069,22597,
302.759210334843,75775,561,1070,22597,
302.76035124738195,75775,560,1071,22597,
302.76143024142635,75774,561,1071,22597,
302.7662801556614,75774,560,1072,22597,
302.76996305777044,75774,560,1071,22598,
302.77710485205023,75774,560,1070,22599,
302.78943455872644,75773,561,1070,22599,
302.79044986415835,75773,561,1069,22600,
302.7940504588087,75773,561,1068,22601,
302.79777381300033,75773,560,1069,22601,
302.79834682593963,75773,560,1068,22602,
302.8026399401697,75772,561,1068,22602,
302.8060964849149,75772,560,1069,22602,
302.8064317728533,75771,561,1069,22602,
302.80954282000937,75771,560,1070,22602,
302.80996113209653,75771,560,1069,22603,
302.8122919238116,75770,561,1069,22603,
302.82057407758225,75769,562,1069,22603,
302.82091527256614,75768,563,1069,22603,
302.82316677807347,75768,563,1068,22604,
302.8250175675426,75768,562,1069,22604,
302.82633181080195,75768,562,1068,22605,
302.8265325052763,75768,561,1069,22605,
302.8270981635277,75767,562,1069,22605,
302.83226740869924,75767,562,1068,22606,
302.83547539261787,75767,562,1067,22607,
302.8381207750089,75766,563,1067,22607,
302.84276820739393,75766,562,1068,22607,
302.85236740678613,75766,562,1067,22608,
302.85828211785434,75765,563,1067,22608,
302.8677944536041,75765,563,1066,22609,
302.8714158612343,75765,563,1065,22610,
302.8720981295567,75765,563,1064,22611,
302.8753745691975,75765,562,1065,22611,
302.87622019526975,75765,561,1066,22611,
302.87802790862037,75765,561,1065,22612,
302.8873540595958,75765,561,1064,22613,
302.8900590576573,75765,560,1065,22613,
302.89450882434693,75765,559,1066,22613,
302.90147543288214,75765,558,1067,22613,
302.9051585601857,75765,558,1066,22614,
302.90801418657395,75765,557,1067,22614,
302.909458455306,75765,557,1066,22615,
302.9111768557153,75765,557,1065,22616,
302.91365666170225,75765,557,1064,22617,
302.91472906453,75765,557,1063,22618,
302.9190548798364,75765,557,1062,22619,
302.92504314581214,75764,558,1062,22619,
302.92574202582307,75764,557,1063,22619,
302.9339670048317,75764,557,1062,22620,
302.9346126399593,75763,558,1062,22620,
302.9363282084973,75763,558,1061,22621,
302.93636470380227,75763,558,1060,22622,
302.9400525413275,75762,559,1060,22622,
302.94272582300505,75761,560,1060,22622,
302.9429701868901,75761,560,1059,22623,
302.94453545321073,75760,561,1059,22623,
302.94772672159314,75759,562,1059,22623,
302.9530209581171,75759,561,1060,22623,
302.95302616701883,75759,561,1059,22624,
302.95382023673545,75759,561,1058,22625,
302.9574245931695,75759,561,1057,22626,
302.96195415051034,75759,561,1056,22627,
302.9700269148101,75759,560,1057,22627,
302.9717309862037,75759,559,1058,22627,
302.9871152289684,75758,560,1058,22627,
302.98733572329303,75757,561,1058,22627,
302.98855433868334,75757,561,1057,22628,
302.990931016331,75757,561,1056,22629,
302.9959358741896,75757,561,1055,22630,
302.9969546679991,75756,562,1055,22630,
303.000681844291,75756,561,1056,22630,
303.0013856711229,75756,560,1057,22630,
303.0016776497476,75756,560,1056,22631,
303.00343038776015,75756,559,1057,22631,
303.00630410626815,75756,558,1058,22631,
303.0068602209669,75756,557,1059,22631,
303.0117742091453,75755,558,1059,22631,
303.01221356942443,75754,559,1059,22631,
303.01337170168773,75754,559,1058,22632,
303.02669056811897,75753,560,1058,22632,
303.0294225170969,75753,560,1057,22633,
303.03075799865996,75753,560,1056,22634,
303.0336814901475,75752,561,1056,22634,
303.03600416069503,75752,560,1057,22634,
303.03691452042983,75752,559,1058,22634,
303.03964947734283,75752,558,1059,22634,
303.0418265910551,75752,557,1060,22634,
303.04446621046117,75752,557,1059,22635,
303.04756489515535,75751,558,1059,22635,
303.0494416281994,75751,558,1058,22636,
303.05498828596495,75750,559,1058,22636,
303.05567890486765,75750,559,1057,22637,
303.056563709162,75750,558,1058,22637,
303.06043721400215,75750,557,1059,22637,
303.06077287304157,75750,557,1058,22638,
303.0659980277064,75750,556,1059,22638,
303.06877886329113,75750,556,1058,22639,
303.0731018028275,75750,556,1057,22640,
303.07399587911743,75750,555,1058,22640,
303.07473224990616,75749,556,1058,22640,
303.0778035626775,75749,556,1057,22641,
303.0786156342399,75748,557,1057,22641,
303.0816491747625,75747,558,1057,22641,
303.086153204952,75747,558,1056,22642,
303.0862900997376,75746,559,1056,22642,
303.0918876269506,75745,560,1056,22642,
303.09417694872536,75745,560,1055,22643,
303.0955553731902,75745,560,1054,22644,
303.0961831487308,75745,560,1053,22645,
303.0991869975402,75745,559,1054,22645,
303.0991974957456,75745,558,1055,22645,
303.10294606700705,75745,557,1056,22645,
303.1044184618981,75745,557,1055,22646,
303.1047922923324,75744,558,1055,22646,
303.10606177368055,75744,558,1054,22647,
303.10627135107,75743,559,1054,22647,
303.1073747104358,75743,559,1053,22648,
303.1084635383944,75742,560,1053,22648,
303.1112291634177,75742,560,1052,22649,
303.11450199252874,75742,559,1053,22649,
303.1162916040693,75741,560,1053,22649,
303.1192947602608,75741,559,1054,22649,
303.121995127741,75740,560,1054,22649,
303.12606930836597,75740,560,1053,22650,
303.13279467317346,75739,561,1053,22650,
303.13471649242547,75739,561,1052,22651,
303.1363105054371,75738,562,1052,22651,
303.1393548003092,75738,561,1053,22651,
303.1395178076171,75738,560,1054,22651,
303.1409797705895,75737,561,1054,22651,
303.14839440911766,75737,560,1055,22651,
303.1527315834867,75737,559,1056,22651,
303.1536016821473,75737,558,1057,22651,
303.1713595075267,75737,558,1056,22652,
303.1741681130468,75736,559,1056,22652,
303.1755968210743,75736,558,1057,22652,
303.17573054968415,75736,557,1058,22652,
303.17971160934985,75735,558,1058,22652,
303.179808109175,75735,558,1057,22653,
303.18098708659494,75734,559,1057,22653,
303.1874444765171,75734,558,1058,22653,
303.1919530788636,75734,558,1057,22654,
303.19342978655516,75734,558,1056,22655,
303.1990015853773,75733,559,1056,22655,
303.2014796104251,75733,559,1055,22656,
303.2025873283236,75733,559,1054,22657,
303.2056806850745,75733,558,1055,22657,
303.2089947591722,75732,559,1055,22657,
303.216516941619,75732,558,1056,22657,
303.2178481266836,75731,559,1056,22657,
303.21838414933,75731,558,1057,22657,
303.2203078903948,75730,559,1057,22657,
303.2263839193787,75730,559,1056,22658,
303.22860697136787,75730,559,1055,22659,
303.23889557544015,75730,558,1056,22659,
303.24216324466937,75730,558,1055,22660,
303.24375767942377,75730,557,1056,22660,
303.2441457560163,75729,558,1056,22660,
303.25044376779226,75729,558,1055,22661,
303.25215042522194,75728,559,1055,22661,
303.2591571481736,75728,558,1056,22661,
303.26050831766173,75727,559,1056,22661,
303.26281607961965,75727,559,1055,22662,
303.2628709453477,75726,560,1055,22662,
303.26502599280406,75726,559,1056,22662,
303.26672980909444,75726,558,1057,22662,
303.26693149873364,75726,557,1058,22662,
303.2669503335387,75726,556,1059,22662,
303.2757750600584,75726,555,1060,22662,
303.2800423959333,75726,554,1061,22662,
303.2809883325025,75726,554,1060,22663,
303.28305149614647,75726,554,1059,22664,
303.2838228835557,75726,554,1058,22665,
303.2886865672662,75725,555,1058,22665,
303.28889489491246,75725,554,1059,22665,
303.2941124598685,75725,553,1060,22665,
303.2996496710711,75725,553,1059,22666,
303.29975038839973,75724,554,1059,22666,
303.30399022989684,75724,553,1060,22666,
303.3142543316608,75723,554,1060,22666,
303.31658268150767,75723,554,1059,22667,
303.31746598769183,75723,553,1060,22667,
303.3187655261428,75722,554,1060,22667,
303.3194859387665,75721,555,1060,22667,
303.3249541994354,75721,554,1061,22667,
303.33044468068687,75720,555,1061,22667,
303.33229187063824,75720,554,1062,22667,
303.33282500409655,75719,555,1062,22667,
303.3443977035031,75718,556,1062,22667,
303.34624741953184,75718,556,1061,22668,
303.34727713675926,75718,555,1062,22668,
303.3544970854609,75718,554,1063,22668,
303.3613780909537,75718,554,1062,22669,
303.3672730213432,75718,553,1063,22669,
303.3718160020229,75718,553,1062,22670,
303.37216161750456,75718,553,1061,22671,
303.3723723160482,75717,554,1061,22671,
303.3760744294592,75717,554,1060,22672,
303.3805825015953,75717,553,1061,22672,
303.3814734618704,75716,554,1061,22672,
303.3827303489363,75716,554,1060,22673,
303.3865440516725,75715,555,1060,22673,
303.38706188995224,75715,554,1061,22673,
303.39353668376924,75715,553,1062,22673,
303.3952463507118,75715,552,1063,22673,
303.3964409013046,75714,553,1063,22673,
303.3996856181859,75714,552,1064,22673,
303.40109256169563,75714,551,1065,22673,
303.40432755441935,75714,550,1066,22673,
303.4044959034153,75714,549,1067,22673,
303.40515409644047,75714,548,1068,22673,
303.4055860592345,75714,548,1067,22674,
303.407694027217,75714,548,1066,22675,
303.4085433155969,75714,547,1067,22675,
303.4118592676603,75714,547,1066,22676,
303.41261091634203,75714,547,1065,22677,
303.41978410859247,75714,546,1066,22677,
303.4203273868993,75713,547,1066,22677,
303.42310974753855,75713,547,1065,22678,
303.42479302138656,75712,548,1065,22678,
303.42528730846544,75711,549,1065,22678,
303.4259628703339,75710,550,1065,22678,
303.4294837932406,75709,551,1065,22678,
303.4297493620909,75709,550,1066,22678,
303.437156045221,75709,549,1067,22678,
303.43728428220527,75709,548,1068,22678,
303.43945159782965,75709,547,1069,22678,
303.4398704218165,75709,547,1068,22679,
303.44053783899636,75708,548,1068,22679,
303.4428575352266,75708,547,1069,22679,
303.44294367021234,75707,548,1069,22679,
303.4472312420586,75707,547,1070,22679,
303.45554931596007,75707,547,1069,22680,
303.45683240699867,75706,548,1069,22680,
303.4591867606732,75705,549,1069,22680,
303.4602991678821,75705,548,1070,22680,
303.46140115746175,75705,548,1069,22681,
303.46997009787657,75704,549,1069,22681,
303.4730994308328,75704,549,1068,22682,
303.47570176306806,75703,550,1068,22682,
303.4793111449315,75703,550,1067,22683,
303.4804870871442,75703,550,1066,22684,
303.4818740010951,75703,550,1065,22685,
303.4835697465881,75702,551,1065,22685,
303.4905545054356,75702,551,1064,22686,
303.4908020929823,75702,550,1065,22686,
303.49288366260384,75701,551,1065,22686,
303.4957443186892,75701,550,1066,22686,
303.501693297163,75700,551,1066,22686,
303.5038097096818,75700,551,1065,22687,
303.50465262836696,75700,551,1064,22688,
303.5075701956343,75699,552,1064,22688,
303.5096545132632,75698,553,1064,22688,
303.5102903062814,75698,553,1063,22689,
303.5109688651778,75698,552,1064,22689,
303.5116598669778,75698,552,1063,22690,
303.51191158931084,75697,553,1063,22690,
303.5146287564381,75696,554,1063,22690,
303.51490196358884,75696,554,1062,22691,
303.5171679223992,75696,554,1061,22692,
303.52097393996286,75696,553,1062,22692,
303.5257046891526,75695,554,1062,22692,
303.5273350049377,75695,553,1063,22692,
303.5280349281869,75695,552,1064,22692,
303.52924878840014,75694,553,1064,22692,
303.5292747338228,75693,554,1064,22692,
303.529333062093,75693,553,1065,22692,
303.5295578081118,75693,553,1064,22693,
303.5379052928683,75693,552,1065,22693,
303.5410930883101,75693,552,1064,22694,
303.5486052110196,75693,551,1065,22694,
303.5514484949877,75693,550,1066,22694,
303.55279018517456,75693,550,1065,22695,
303.5566141903441,75692,551,1065,22695,
303.56426283938686,75692,551,1064,22696,
303.56662224603497,75692,550,1065,22696,
303.56686640035866,75692,550,1064,22697,
303.5679905813803,75692,550,1063,22698,
303.57066206764557,75692,550,1062,22699,
303.57245617253403,75692,549,1063,22699,
303.57345678209947,75691,550,1063,22699,
303.59364694219363,75691,550,1062,22700,
303.6069277095282,75691,549,1063,22700,
303.61269254480135,75691,549,1062,22701,
303.6205810048668,75691,549,1061,22702,
303.62203689444715,75691,549,1060,22703,
303.6230333535907,75690,550,1060,22703,
303.62376014586164,75689,551,1060,22703,
303.6238836303754,75688,552,1060,22703,
303.63297853435745,75688,552,1059,22704,
303.6400314418585,75688,552,1058,22705,
303.64012488314575,75688,551,1059,22705,
303.64162829270316,75688,550,1060,22705,
303.64992146119397,75687,551,1060,22705,
303.65306466118807,75687,551,1059,22706,
303.6536306248457,75686,552,1059,22706,
303.654250968424,75686,552,1058,22707,
303.6626201259654,75686,552,1057,22708,
303.66847556021787,75686,552,1056,22709,
303.6723183235598,75686,551,1057,22709,
303.67558975992057,75685,552,1057,22709,
303.6777349228679,75685,552,1056,22710,
303.6844432622914,75684,553,1056,22710,
303.68757287475444,75684,553,1055,22711,
303.688662669889,75683,554,1055,22711,
303.689271433761,75683,554,1054,22712,
303.691977612208,75683,553,1055,22712,
303.70164779876274,75682,554,1055,22712,
303.70261413412027,75681,555,1055,22712,
303.7070367202364,75681,555,1054,22713,
303.7097019450109,75681,555,1053,22714,
303.7122328077493,75681,554,1054,22714,
303.71609463835773,75681,554,1053,22715,
303.7212184603532,75681,554,1052,22716,
303.72576055032494,75680,555,1052,22716,
303.7265057630201,75680,555,1051,22717,
303.7321930086118,75680,555,1050,22718,
303.7326609992037,75680,555,1049,22719,
303.7344866276,75679,556,1049,22719,
303.74001890286917,75679,555,1050,22719,
303.7406774763389,75679,554,1051,22719,
303.74481767954006,75678,555,1051,22719,
303.7449728977234,75678,554,1052,22719,
303.7452371695936,75678,553,1053,22719,
303.7457370729718,75677,554,1053,22719,
303.74672401797477,75677,553,1054,22719,
303.750255405267,75677,553,1053,22720,
303.75629490771934,75677,552,1054,22720,
303.7587404039365,75677,552,1053,22721,
303.76055982339494,75676,553,1053,22721,
303.7633158171094,75676,552,1054,22721,
303.7655814069589,75675,553,1054,22721,
303.7669935724138,75674,554,1054,22721,
303.76910029535844,75674,553,1055,22721,
303.7711908153396,75673,554,1055,22721,
303.7780899195753,75672,555,1055,22721,
303.78127105638424,75672,554,1056,22721,
303.78188171089533,75672,554,1055,22722,
303.78356202657443,75671,555,1055,22722,
303.78585381700844,75670,556,1055,22722,
303.78595053902757,75669,557,1055,22722,
303.79201577569137,75669,556,1056,22722,
303.79322385554,75669,555,1057,22722,
303.79568457622906,75669,555,1056,22723,
303.8057853293708,75669,554,1057,22723,
303.8066748318932,75668,555,1057,22723,
303.8076747263152,75667,556,1057,22723,
303.80822387836747,75667,555,1058,22723,
303.80974334887776,75666,556,1058,22723,
303.812020270888,75666,555,1059,22723,
303.8123044865048,75666,554,1060,22723,
303.81375920528217,75665,555,1060,22723,
303.81777496746287,75665,554,1061,22723,
303.8196528578791,75664,555,1061,22723,
303.8208386464601,75664,555,1060,22724,
303.82183007602936,75664,554,1061,22724,
303.82332393415345,75664,554,1060,22725,
303.827163432957,75664,553,1061,22725,
303.8282815437827,75664,552,1062,22725,
303.83008746293456,75664,551,1063,22725,
303.83414722448254,75663,552,1063,22725,
303.8357300928076,75663,551,1064,22725,
303.83860881973015,75663,551,1063,22726,
303.84209783033396,75662,552,1063,22726,
303.8450594776174,75662,551,1064,22726,
303.8475230119949,75662,551,1063,22727,
303.84826585003157,75661,552,1063,22727,
303.85414580252825,75661,552,1062,22728,
303.8644953970759,75661,551,1063,22728,
303.8658831108233,75661,551,1062,22729,
303.8677200582715,75661,551,1061,22730,
303.869097634263,75661,551,1060,22731,
303.8702342689898,75660,552,1060,22731,
303.8713527427531,75660,552,1059,22732,
303.87305576678756,75660,552,1058,22733,
303.88433774216907,75660,551,1059,22733,
303.88556116513644,75660,550,1060,22733,
303.88847207452756,75660,549,1061,22733,
303.891615061048,75660,548,1062,22733,
303.89549485026566,75659,549,1062,22733,
303.9168848983017,75659,549,1061,22734,
303.9181894151714,75659,549,1060,22735,
303.9190357598935,75659,549,1059,22736,
303.9228391467564,75658,550,1059,22736,
303.92299506321723,75658,550,1058,22737,
303.92808540115993,75657,551,1058,22737,
303.9286188894025,75657,551,1057,22738,
303.9287001718044,75656,552,1057,22738,
303.9380235699498,75656,552,1056,22739,
303.93976646938876,75656,552,1055,22740,
303.9477079725366,75656,552,1054,22741,
303.9488358509753,75656,552,1053,22742,
303.9519501745503,75656,551,1054,22742,
303.9635325835178,75656,551,1053,22743,
303.9636675745554,75656,551,1052,22744,
303.96531084160904,75655,552,1052,22744,
303.9668667763879,75655,551,1053,22744,
303.9672006421116,75655,551,1052,22745,
303.9675522120202,75655,551,1051,22746,
303.97069280385705,75655,551,1050,22747,
303.97691333677153,75655,551,1049,22748,
303.98101343081953,75655,551,1048,22749,
303.9824940972827,75655,551,1047,22750,
303.9874441462884,75655,551,1046,22751,
303.9888317952727,75655,551,1045,22752,
303.9897796638456,75655,550,1046,22752,
303.997481671947,75655,550,1045,22753,
303.9978004209338,75655,549,1046,22753,
303.99875474966035,75655,549,1045,22754,
303.9991926299654,75654,550,1045,22754,
303.9994209997136,75654,550,1044,22755,
304.0056658353271,75653,551,1044,22755,
304.0125604857787,75653,551,1043,22756,
304.0176717452596,75653,551,1042,22757,
304.0189053615104,75653,550,1043,22757,
304.02312465588375,75653,550,1042,22758,
304.0332347412843,75653,549,1043,22758,
304.03435920470935,75653,548,1044,22758,
304.0358391977956,75653,547,1045,22758,
304.03966341455333,75653,547,1044,22759,
304.04082280695457,75652,548,1044,22759,
304.0416538203379,75651,549,1044,22759,
304.0419759841634,75651,548,1045,22759,
304.0421647240563,75651,548,1044,22760,
304.04268303073786,75651,547,1045,22760,
304.0459567948182,75651,547,1044,22761,
304.0464265035733,75651,547,1043,22762,
304.05112628469783,75650,548,1043,22762,
304.05730186091216,75650,548,1042,22763,
304.0616833071869,75649,549,1042,22763,
304.0637961563012,75648,550,1042,22763,
304.06498784801266,75648,549,1043,22763,
304.07503040620537,75647,550,1043,22763,
304.0767607980299,75647,549,1044,22763,
304.0776955545608,75646,550,1044,22763,
304.07798477228437,75645,551,1044,22763,
304.08237625094944,75645,551,1043,22764,
304.0825122980523,75645,551,1042,22765,
304.082898101295,75644,552,1042,22765,
304.08883994228006,75644,551,1043,22765,
304.08979965882196,75644,551,1042,22766,
304.09109273721424,75644,551,1041,22767,
304.09596619082413,75644,551,1040,22768,
304.10073877930256,75643,552,1040,22768,
304.10226984264045,75642,553,1040,22768,
304.1044184225854,75642,552,1041,22768,
304.1046771108522,75642,552,1040,22769,
304.1081136845079,75641,553,1040,22769,
304.1082346938064,75640,554,1040,22769,
304.1095989175809,75640,554,1039,22770,
304.10972269417766,75640,553,1040,22770,
304.11549773642054,75640,553,1039,22771,
304.11585565055043,75640,553,1038,22772,
304.11597432216286,75640,553,1037,22773,
304.11653992130726,75640,552,1038,22773,
304.12485391544396,75639,553,1038,22773,
304.12656904952917,75638,554,1038,22773,
304.13166459043924,75638,553,1039,22773,
304.13394427832327,75638,553,1038,22774,
304.1380544596411,75638,552,1039,22774,
304.13972871935925,75638,551,1040,22774,
304.1430695952182,75638,551,1039,22775,
304.14670126088225,75637,552,1039,22775,
304.15003032400574,75636,553,1039,22775,
304.15052808370086,75635,554,1039,22775,
304.15581884509146,75634,555,1039,22775,
304.1618260412543,75634,554,1040,22775,
304.16236997887324,75633,555,1040,22775,
304.1661489081455,75633,555,1039,22776,
304.1667865893811,75633,554,1040,22776,
304.17181147726876,75633,554,1039,22777,
304.1759672768992,75633,553,1040,22777,
304.17875198914635,75633,553,1039,22778,
304.17975980545543,75633,553,1038,22779,
304.18316350464954,75633,553,1037,22780,
304.18605155422364,75633,553,1036,22781,
304.190955114451,75632,554,1036,22781,
304.1935674883937,75632,554,1035,22782,
304.1936270244996,75632,553,1036,22782,
304.1946463466546,75631,554,1036,22782,
304.1948626610465,75631,553,1037,22782,
304.19575358779304,75631,553,1036,22783,
304.1982209473195,75631,552,1037,22783,
304.20164553049824,75630,553,1037,22783,
304.20232289219786,75630,552,1038,22783,
304.205455323754,75630,552,1037,22784,
304.2061202548178,75630,552,1036,22785,
304.2066183667809,75630,551,1037,22785,
304.2089447069022,75630,551,1036,22786,
304.213052468325,75630,550,1037,22786,
304.2158552350305,75630,550,1036,22787,
304.21842456142537,75630,550,1035,22788,
304.2257209664295,75630,550,1034,22789,
304.2300952185283,75630,549,1035,22789,
304.2320525478393,75629,550,1035,22789,
304.2321520725966,75628,551,1035,22789,
304.2439603228445,75627,552,1035,22789,
304.2464450655863,75627,552,1034,22790,
304.2472948165585,75627,552,1033,22791,
304.2501279573465,75627,551,1034,22791,
304.2502341606256,75626,552,1034,22791,
304.2528471985067,75626,551,1035,22791,
304.2571706184506,75625,552,1035,22791,
304.2630271302369,75625,551,1036,22791,
304.26890424211825,75624,552,1036,22791,
304.27006427239945,75624,551,1037,22791,
304.27032958290175,75624,551,1036,22792,
304.2732512986032,75624,550,1037,22792,
304.2770313662126,75623,551,1037,22792,
304.2787062387643,75623,551,1036,22793,
304.2788350014146,75623,550,1037,22793,
304.27995563920814,75623,550,1036,22794,
304.2802892600239,75622,551,1036,22794,
304.28229379257493,75621,552,1036,22794,
304.2866580668339,75621,551,1037,22794,
304.29020023704413,75621,551,1036,22795,
304.3011061373268,75621,551,1035,22796,
304.30215057066636,75621,551,1034,22797,
304.31222426120434,75621,550,1035,22797,
304.31282586947145,75620,551,1035,22797,
304.31477673645986,75620,551,1034,22798,
304.3208412518395,75620,551,1033,22799,
304.3231611192076,75619,552,1033,22799,
304.32513730333983,75619,552,1032,22800,
304.3255125729598,75618,553,1032,22800,
304.32598978341093,75618,553,1031,22801,
304.3276089167851,75618,552,1032,22801,
304.33342328139156,75618,552,1031,22802,
304.3394417085668,75618,551,1032,22802,
304.3414029935339,75617,552,1032,22802,
304.3445903552231,75617,552,1031,22803,
304.3455303138147,75617,552,1030,22804,
304.34701886249843,75616,553,1030,22804,
304.3542990064652,75615,554,1030,22804,
304.36189476448186,75615,553,1031,22804,
304.3630601386088,75614,554,1031,22804,
304.36355914394335,75614,554,1030,22805,
304.3692798545243,75614,554,1029,22806,
304.3734282745865,75614,554,1028,22807,
304.3739282337866,75614,553,1029,22807,
304.37849834651826,75613,554,1029,22807,
304.38104673097723,75613,554,1028,22808,
304.38470419477443,75613,554,1027,22809,
304.38516066052733,75613,554,1026,22810,
304.3852423973837,75613,554,1025,22811,
304.39413349653853,75613,554,1024,22812,
304.3972690663485,75612,555,1024,22812,
304.4005269019904,75612,554,1025,22812,
304.4035180614308,75612,553,1026,22812,
304.40526913194486,75612,553,1025,22813,
304.40760277003886,75612,552,1026,22813,
304.41065639189895,75611,553,1026,22813,
304.41622628943503,75610,554,1026,22813,
304.4211184247737,75610,554,1025,22814,
304.4229088729936,75610,553,1026,22814,
304.4246124674797,75610,553,1025,22815,
304.4263055049183,75609,554,1025,22815,
304.4267599662849,75609,553,1026,22815,
304.42748472444913,75609,552,1027,22815,
304.4276760680011,75609,551,1028,22815,
304.42885329536887,75609,551,1027,22816,
304.4308167906842,75609,550,1028,22816,
304.4315080389897,75609,550,1027,22817,
304.4443226292402,75609,550,1026,22818,
304.44642815377745,75608,551,1026,22818,
304.4464808463098,75607,552,1026,22818,
304.45522273428656,75607,551,1027,22818,
304.4564020005097,75607,550,1028,22818,
304.46444624083836,75607,549,1029,22818,
304.4690051869285,75607,549,1028,22819,
304.4718024827289,75606,550,1028,22819,
304.47688775213174,75606,549,1029,22819,
304.47911757746203,75606,549,1028,22820,
304.47958637744864,75606,548,1029,22820,
304.4797026753623,75606,548,1028,22821,
304.48320588607675,75606,547,1029,22821,
304.4879678879722,75605,548,1029,22821,
304.48999231743437,75605,547,1030,22821,
304.49706398497756,75605,546,1031,22821,
304.5002497659533,75605,546,1030,22822,
304.50097835905876,75604,547,1030,22822,
304.50233176243694,75603,548,1030,22822,
304.50511550575897,75602,549,1030,22822,
304.5057590644716,75601,550,1030,22822,
304.5104236796349,75601,550,1029,22823,
304.5133568944752,75601,549,1030,22823,
304.52090577002946,75600,550,1030,22823,
304.5222103335023,75600,550,1029,22824,
304.52398488006395,75600,550,1028,22825,
304.52409041416473,75600,549,1029,22825,
304.5256229976234,75600,549,1028,22826,
304.52972829833766,75600,549,1027,22827,
304.53303088059437,75600,549,1026,22828,
304.53357256690686,75600,549,1025,22829,
304.53899482147875,75600,549,1024,22830,
304.5416296760524,75600,549,1023,22831,
304.5424122300304,75600,548,1024,22831,
304.5439486597696,75600,547,1025,22831,
304.54448404804685,75600,547,1024,22832,
304.54508370539196,75600,546,1025,22832,
304.54818590602946,75600,546,1024,22833,
304.5518710718982,75600,545,1025,22833,
304.5522274505205,75600,545,1024,22834,
304.5543649006834,75600,544,1025,22834,
304.55820666658445,75599,545,1025,22834,
304.5600487666153,75599,545,1024,22835,
304.5610291495732,75598,546,1024,22835,
304.56730079872034,75598,546,1023,22836,
304.5702859516809,75597,547,1023,22836,
304.5706194684587,75597,547,1022,22837,
304.57278318669944,75596,548,1022,22837,
304.577584628251,75596,547,1023,22837,
304.5777200675267,75596,547,1022,22838,
304.5787267967733,75596,546,1023,22838,
304.5801493212009,75596,546,1022,22839,
304.5805025597974,75596,545,1023,22839,
304.58693100671684,75596,545,1022,22840,
304.5871934654315,75596,544,1023,22840,
304.58839325774437,75596,544,1022,22841,
304.5891833719379,75596,544,1021,22842,
304.58950234808816,75596,543,1022,22842,
304.5945502923317,75596,543,1021,22843,
304.59608437327194,75596,542,1022,22843,
304.59986753444883,75596,542,1021,22844,
304.6021393578075,75596,542,1020,22845,
304.6111464446585,75596,541,1021,22845,
304.61333402541703,75596,541,1020,22846,
304.613848094827,75595,542,1020,22846,
304.6169732922784,75595,541,1021,22846,
304.62274322363504,75595,540,1022,22846,
304.62386629092254,75595,540,1021,22847,
304.624431408504,75595,539,1022,22847,
304.62699660127765,75595,538,1023,22847,
304.6292212198601,75595,537,1024,22847,
304.62987374952735,75595,537,1023,22848,
304.63676035191645,75595,536,1024,22848,
304.63923356256447,75594,537,1024,22848,
304.64282499130445,75594,537,1023,22849,
304.64435969575874,75594,536,1024,22849,
304.6477965790769,75594,536,1023,22850,
304.64991045515285,75593,537,1023,22850,
304.65489446423794,75592,538,1023,22850,
304.65550181359214,75592,538,1022,22851,
304.65744109831564,75592,538,1021,22852,
304.6581252730469,75592,537,1022,22852,
304.6607302788585,75592,536,1023,22852,
304.6652177075384,75591,537,1023,22852,
304.6714392613808,75591,537,1022,22853,
304.6740447080435,75590,538,1022,22853,
304.6751093673305,75589,539,1022,22853,
304.67817749839685,75589,539,1021,22854,
304.6794656084318,75588,540,1021,22854,
304.6824955179471,75587,541,1021,22854,
304.68307423939507,75586,542,1021,22854,
304.6836490058059,75586,541,1022,22854,
304.6871397513728,75586,540,1023,22854,
304.68785674430325,75585,541,1023,22854,
304.68803487854933,75584,542,1023,22854,
304.68855953288494,75584,541,1024,22854,
304.68935502614147,75584,541,1023,22855,
304.68947044802337,75584,540,1024,22855,
304.6919468047503,75583,541,1024,22855,
304.6919932047339,75582,542,1024,22855,
304.69332229056863,75581,543,1024,22855,
304.69610439613064,75580,544,1024,22855,
304.69863575443486,75580,544,1023,22856,
304.6996764658508,75579,545,1023,22856,
304.7027759778186,75578,546,1023,22856,
304.70373955148693,75578,546,1022,22857,
304.70465288320094,75578,546,1021,22858,
304.7110314704399,75577,547,1021,22858,
304.7117845047764,75577,547,1020,22859,
304.712170368596,75576,548,1020,22859,
304.7124487018976,75575,549,1020,22859,
304.7149701966421,75574,550,1020,22859,
304.715400776139,75574,549,1021,22859,
304.7186991998577,75574,549,1020,22860,
304.71893984473826,75574,548,1021,22860,
304.72498394757326,75574,547,1022,22860,
304.72719975191956,75574,546,1023,22860,
304.7300111572263,75574,545,1024,22860,
304.74189833125433,75574,545,1023,22861,
304.7420512238296,75574,545,1022,22862,
304.74454692377935,75574,544,1023,22862,
304.7467938412543,75574,543,1024,22862,
304.75882184723224,75574,543,1023,22863,
304.76187638294647,75573,544,1023,22863,
304.76254167369325,75573,544,1022,22864,
304.7637637375773,75572,545,1022,22864,
304.76559772968875,75572,544,1023,22864,
304.7709092848716,75571,545,1023,22864,
304.7727739303569,75570,546,1023,22864,
304.78180238981554,75569,547,1023,22864,
304.7834040235716,75569,546,1024,22864,
304.78794439885957,75569,545,1025,22864,
304.7907344625406,75569,544,1026,22864,
304.79253555541214,75569,543,1027,22864,
304.79411286911045,75569,542,1028,22864,
304.79436991942003,75569,541,1029,22864,
304.7970201256979,75568,542,1029,22864,
304.79879768969437,75567,543,1029,22864,
304.7988423756226,75567,542,1030,22864,
304.8024834869053,75567,542,1029,22865,
304.802663461652,75566,543,1029,22865,
304.8028110769239,75565,544,1029,22865,
304.80419702106065,75564,545,1029,22865,
304.8092829404915,75563,546,1029,22865,
304.82432151885206,75563,545,1030,22865,
304.8257317592621,75562,546,1030,22865,
304.82689343610025,75562,546,1029,22866,
304.8269265312488,75562,545,1030,22866,
304.8292426402168,75562,545,1029,22867,
304.8309956503131,75562,545,1028,22868,
304.83447379439747,75562,545,1027,22869,
304.83661016527066,75562,545,1026,22870,
304.83770927014314,75562,545,1025,22871,
304.84120249070247,75562,544,1026,22871,
304.84158308170345,75562,543,1027,22871,
304.85203116123176,75562,542,1028,22871,
304.85546991698254,75562,542,1027,22872,
304.856285991129,75562,542,1026,22873,
304.85757250058805,75561,543,1026,22873,
304.8587057414822,75561,543,1025,22874,
304.8597780604232,75560,544,1025,22874,
304.8621367838508,75560,544,1024,22875,
304.8628590944869,75560,544,1023,22876,
304.8631881022699,75560,543,1024,22876,
304.8651644683083,75560,542,1025,22876,
304.8760131980121,75560,542,1024,22877,
304.8832480620777,75560,542,1023,22878,
304.8944111795851,75560,541,1024,22878,
304.8956669234467,75559,542,1024,22878,
304.8962244368168,75559,542,1023,22879,
304.9150381281668,75558,543,1023,22879,
304.9161678204853,75558,542,1024,22879,
304.9173478126552,75558,542,1023,22880,
304.918342229535,75558,541,1024,22880,
304.9262280440802,75558,540,1025,22880,
304.9273509463036,75558,540,1024,22881,
304.92912254520627,75557,541,1024,22881,
304.9291767074527,75557,541,1023,22882,
304.9305074492884,75556,542,1023,22882,
304.9354429859596,75556,542,1022,22883,
304.9429742673493,75556,541,1023,22883,
304.94412689089563,75556,541,1022,22884,
304.9459269310563,75555,542,1022,22884,
304.94882071465776,75555,542,1021,22885,
304.95027234679895,75554,543,1021,22885,
304.95114151724846,75553,544,1021,22885,
304.9551533728904,75553,544,1020,22886,
304.95566246016716,75553,544,1019,22887,
304.9586293876318,75553,544,1018,22888,
304.96064381255815,75553,543,1019,22888,
304.9651411533702,75553,543,1018,22889,
304.9661550615988,75553,543,1017,22890,
304.9662954295507,75553,542,1018,22890,
304.97440745014103,75553,542,1017,22891,
304.98071271418866,75553,542,1016,22892,
304.98159664765603,75553,541,1017,22892,
304.98888880840104,75553,541,1016,22893,
304.99448331639434,75553,541,1015,22894,
304.99448823835854,75553,541,1014,22895,
305.0014065914731,75552,542,1014,22895,
305.00829952193584,75551,543,1014,22895,
305.0110438696411,75550,544,1014,22895,
305.0139200481659,75550,544,1013,22896,
305.0159943282718,75549,545,1013,22896,
305.0203540502761,75549,544,1014,22896,
305.02120925688854,75549,544,1013,22897,
305.02503937598635,75549,543,1014,22897,
305.0257455974417,75549,543,1013,22898,
305.0259430024938,75548,544,1013,22898,
305.0273653622464,75547,545,1013,22898,
305.02894863567815,75547,545,1012,22899,
305.0304807663179,75546,546,1012,22899,
305.03923340442634,75546,546,1011,22900,
305.04659594083336,75545,547,1011,22900,
305.0480558085953,75545,546,1012,22900,
305.0625005900513,75545,546,1011,22901,
305.06762133089967,75545,546,1010,22902,
305.0705784311865,75544,547,1010,22902,
305.07348687017094,75544,547,1009,22903,
305.082591033385,75543,548,1009,22903,
305.0895884519246,75543,548,1008,22904,
305.09262817502423,75543,548,1007,22905,
305.0973973382617,75543,547,1008,22905,
305.1028608980306,75543,546,1009,22905,
305.1102750175458,75543,545,1010,22905,
305.11588436581366,75543,544,1011,22905,
305.1170008705052,75543,543,1012,22905,
305.11930610632567,75543,543,1011,22906,
305.11954092254894,75543,543,1010,22907,
305.12229631311993,75543,543,1009,22908,
305.1249109456409,75543,542,1010,22908,
305.12643437980586,75543,541,1011,22908,
305.1323884608903,75542,542,1011,22908,
305.133845560212,75542,542,1010,22909,
305.13423033489437,75542,542,1009,22910,
305.1372756402492,75542,541,1010,22910,
305.14095096102017,75542,541,1009,22911,
305.14108856921126,75541,542,1009,22911,
305.14463906028686,75541,542,1008,22912,
305.1472327432111,75540,543,1008,22912,
305.148079276225,75540,543,1007,22913,
305.15221513195655,75540,543,1006,22914,
305.15243152966804,75540,542,1007,22914,
305.15276833953106,75539,543,1007,22914,
305.1549377119269,75538,544,1007,22914,
305.1564543496105,75538,544,1006,22915,
305.1566867030288,75538,543,1007,22915,
305.15700047468,75538,543,1006,22916,
305.1572510754871,75538,542,1007,22916,
305.1576513722781,75537,543,1007,22916,
305.1593765043588,75537,543,1006,22917,
305.160524752645,75537,543,1005,22918,
305.16119056560404,75537,542,1006,22918,
305.16133126190573,75537,541,1007,22918,
305.16212700621764,75537,540,1008,22918,
305.16846344844197,75537,539,1009,22918,
305.16897848751125,75537,538,1010,22918,
305.1703462678986,75537,538,1009,22919,
305.1719311319312,75536,539,1009,22919,
305.17214098021094,75536,538,1010,22919,
305.1722158686305,75535,539,1010,22919,
305.17243179448496,75535,538,1011,22919,
305.17568935493154,75535,537,1012,22919,
305.1775943914208,75534,538,1012,22919,
305.17981820878424,75533,539,1012,22919,
305.18192554568066,75532,540,1012,22919,
305.182731413835,75532,540,1011,22920,
305.1870135511985,75532,540,1010,22921,
305.19013052622694,75532,540,1009,22922,
305.1963127801831,75531,541,1009,22922,
305.1997032223029,75531,541,1008,22923,
305.2002982265305,75531,541,1007,22924,
305.20146464523947,75531,540,1008,22924,
305.2032909553272,75531,539,1009,22924,
305.20699952336196,75531,539,1008,22925,
305.2085432432658,75531,539,1007,22926,
305.2105025465249,75530,540,1007,22926,
305.2111296638419,75529,541,1007,22926,
305.2216627463715,75528,542,1007,22926,
305.221820244877,75528,541,1008,22926,
305.2251822733823,75527,542,1008,22926,
305.22521740153286,75527,542,1007,22927,
305.2252179104508,75527,541,1008,22927,
305.2354121051442,75527,541,1007,22928,
305.2357860878767,75526,542,1007,22928,
305.2392354610718,75526,542,1006,22929,
305.24215820616797,75526,542,1005,22930,
305.2635132891134,75525,543,1005,22930,
305.2664727884034,75525,542,1006,22930,
305.2668269100963,75525,541,1007,22930,
305.2671848952858,75525,540,1008,22930,
305.2673771749701,75525,540,1007,22931,
305.2674673611154,75525,540,1006,22932,
305.26863156838,75525,540,1005,22933,
305.26920218121467,75524,541,1005,22933,
305.27321271609674,75524,540,1006,22933,
305.2756768246512,75524,540,1005,22934,
305.28030971878616,75524,540,1004,22935,
305.2865476924334,75524,540,1003,22936,
305.28717973766516,75524,540,1002,22937,
305.2895296718153,75523,541,1002,22937,
305.2934568262494,75522,542,1002,22937,
305.30160778723246,75521,543,1002,22937,
305.3023702292854,75521,542,1003,22937,
305.3038733376915,75520,543,1003,22937,
305.3041502420157,75520,542,1004,22937,
305.30517933567364,75520,542,1003,22938,
305.3103289663787,75520,541,1004,22938,
305.3121630853286,75519,542,1004,22938,
305.3165387977739,75519,541,1005,22938,
305.3166387123288,75519,540,1006,22938,
305.32018510297064,75518,541,1006,22938,
305.32124428034064,75518,541,1005,22939,
305.32681162656417,75518,540,1006,22939,
305.3270773502898,75518,539,1007,22939,
305.33165471394506,75518,538,1008,22939,
305.331942778179,75518,537,1009,22939,
305.3324515777444,75518,536,1010,22939,
305.3331386104815,75518,535,1011,22939,
305.3352701805638,75518,534,1012,22939,
305.33744199611584,75518,534,1011,22940,
305.3377659584017,75518,533,1012,22940,
305.33789438819764,75518,533,1011,22941,
305.35057905813574,75518,533,1010,22942,
305.3513473782919,75518,532,1011,22942,
305.35493317086883,75518,532,1010,22943,
305.362674423936,75517,533,1010,22943,
305.36303276027513,75517,533,1009,22944,
305.3656141270545,75517,533,1008,22945,
305.36798919143115,75517,533,1007,22946,
305.36832241680713,75516,534,1007,22946,
305.3691682555799,75516,534,1006,22947,
305.3720917929018,75516,534,1005,22948,
305.37343815645585,75516,534,1004,22949,
305.3751248819151,75516,533,1005,22949,
305.3763971542913,75516,532,1006,22949,
305.3780489301559,75516,532,1005,22950,
305.3788645061246,75515,533,1005,22950,
305.3788781071785,75515,532,1006,22950,
305.3813444553515,75515,531,1007,22950,
305.38507796442826,75515,531,1006,22951,
305.38526481472945,75515,530,1007,22951,
305.38866828220335,75515,529,1008,22951,
305.3913324170058,75515,529,1007,22952,
305.3949508532675,75515,528,1008,22952,
305.40468453588664,75515,528,1007,22953,
305.4048181454046,75515,527,1008,22953,
305.4060091072769,75514,528,1008,22953,
305.40806651197573,75514,528,1007,22954,
305.40868238380295,75514,528,1006,22955,
305.41214948725917,75514,528,1005,22956,
305.4129749484748,75514,528,1004,22957,
305.4155681486317,75514,528,1003,22958,
305.4177759859653,75514,528,1002,22959,
305.4235113131072,75513,529,1002,22959,
305.42369678975643,75512,530,1002,22959,
305.42864092015753,75511,531,1002,22959,
305.42894024602566,75511,531,1001,22960,
305.4303168796041,75511,531,1000,22961,
305.4352438673783,75511,531,999,22962,
305.4358685413264,75511,531,998,22963,
305.4416191499888,75511,531,997,22964,
305.443191526655,75510,532,997,22964,
305.44644397805115,75509,533,997,22964,
305.449571533186,75508,534,997,22964,
305.4499897824342,75507,535,997,22964,
305.45298898442036,75507,534,998,22964,
305.4543977022728,75506,535,998,22964,
305.45737449418715,75505,536,998,22964,
305.4617443828778,75505,536,997,22965,
305.4651687171886,75505,536,996,22966,
305.47625951165026,75505,536,995,22967,
305.4768660200622,75505,536,994,22968,
305.47740782321296,75505,536,993,22969,
305.4778616406883,75505,535,994,22969,
305.47811336663625,75504,536,994,22969,
305.4803266488282,75503,537,994,22969,
305.48183026602203,75503,537,993,22970,
305.48709136091907,75502,538,993,22970,
305.49378713922096,75502,538,992,22971,
305.4944447867223,75502,537,993,22971,
305.4947374140908,75502,536,994,22971,
305.4989261556948,75502,535,995,22971,
305.49954889335277,75502,535,994,22972,
305.5067064085412,75502,535,993,22973,
305.50792729848877,75501,536,993,22973,
305.5080917769017,75501,535,994,22973,
305.5171258319018,75500,536,994,22973,
305.51798742012545,75500,536,993,22974,
305.51848965661344,75500,535,994,22974,
305.5232367351438,75500,535,993,22975,
305.5248855893176,75499,536,993,22975,
305.5258994578141,75499,535,994,22975,
305.52987785851326,75498,536,994,22975,
305.5315003642983,75498,535,995,22975,
305.5323522896174,75498,535,994,22976,
305.53712363777936,75497,536,994,22976,
305.537319046075,75497,535,995,22976,
305.54398587879774,75496,536,995,22976,
305.5484833381426,75495,537,995,22976,
305.5526858692067,75495,536,996,22976,
305.5543350270794,75495,535,997,22976,
305.55804798659096,75495,534,998,22976,
305.569001643041,75495,533,999,22976,
305.56969181158746,75495,533,998,22977,
305.5699765812234,75495,533,997,22978,
305.57550896901904,75495,532,998,22978,
305.57882971847266,75495,532,997,22979,
305.58370415713324,75495,532,996,22980,
305.5896537393802,75495,531,997,22980,
305.5899840133662,75495,530,998,22980,
305.5918464094479,75495,530,997,22981,
305.59613883314273,75495,529,998,22981,
305.5962797102468,75495,528,999,22981,
305.60023644729614,75495,528,998,22982,
305.6010107330246,75494,529,998,22982,
305.6022924374457,75493,530,998,22982,
305.60356830391294,75492,531,998,22982,
305.6036181012611,75492,530,999,22982,
305.6040475028324,75492,530,998,22983,
305.6072211517212,75492,529,999,22983,
305.60873980465294,75491,530,999,22983,
305.61248723482674,75491,530,998,22984,
305.6133717950194,75491,529,999,22984,
305.6173926376069,75491,528,1000,22984,
305.6235520864381,75491,527,1001,22984,
305.6262791720558,75491,527,1000,22985,
305.62723808283346,75491,526,1001,22985,
305.63928535610967,75490,527,1001,22985,
305.64172055443976,75490,526,1002,22985,
305.6529536399967,75490,526,1001,22986,
305.65299291931353,75490,526,1000,22987,
305.65664087256715,75489,527,1000,22987,
305.6570878962367,75489,527,999,22988,
305.65769351557145,75488,528,999,22988,
305.66249590774885,75488,528,998,22989,
305.67444706439414,75488,527,999,22989,
305.6758350277138,75488,526,1000,22989,
305.6778518111758,75487,527,1000,22989,
305.68055076969824,75487,527,999,22990,
305.6819808357294,75486,528,999,22990,
305.6830250768956,75486,528,998,22991,
305.68787252528955,75485,529,998,22991,
305.68997987723986,75485,529,997,22992,
305.69015787806245,75485,529,996,22993,
305.6948163573488,75485,529,995,22994,
305.7005754487616,75484,530,995,22994,
305.7006075126117,75484,530,994,22995,
305.7055766568932,75484,530,993,22996,
305.7059759485313,75484,529,994,22996,
305.706418533402,75484,529,993,22997,
305.7085541491687,75484,529,992,22998,
305.7124184196296,75483,530,992,22998,
305.71821735616095,75483,530,991,22999,
305.7195587017679,75483,530,990,23000,
305.72099428235896,75483,530,989,23001,
305.72647057579974,75482,531,989,23001,
305.7273553879269,75482,530,990,23001,
305.72875368394165,75482,530,989,23002,
305.7291568230787,75481,531,989,23002,
305.7304467634895,75481,531,988,23003,
305.7390644051865,75480,532,988,23003,
305.7397959663639,75480,531,989,23003,
305.74225075248535,75479,532,989,23003,
305.7428418618643,75478,533,989,23003,
305.7430292131199,75478,533,988,23004,
305.74673948567846,75478,533,987,23005,
305.74833497769185,75478,532,988,23005,
305.7496327506781,75477,533,988,23005,
305.74981628027314,75477,532,989,23005,
305.7529104094941,75477,531,990,23005,
305.7532019248405,75477,531,989,23006,
305.75352023935926,75476,532,989,23006,
305.75522845335837,75475,533,989,23006,
305.75563845169404,75474,534,989,23006,
305.7576809036985,75474,533,990,23006,
305.7628014616508,75474,533,989,23007,
305.7712853335171,75474,532,990,23007,
305.77290409880806,75474,531,991,23007,
305.7835543308441,75473,532,991,23007,
305.7907416218101,75473,531,992,23007,
305.79236932880445,75473,531,991,23008,
305.7968648494354,75473,530,992,23008,
305.7974290607121,75473,530,991,23009,
305.8011054098895,75472,531,991,23009,
305.80538748741884,75471,532,991,23009,
305.80556063905635,75471,532,990,23010,
305.80968086997746,75471,531,991,23010,
305.8178820000333,75471,531,990,23011,
305.82199415591737,75470,532,990,23011,
305.84415674013087,75469,533,990,23011,
305.8459637507462,75469,532,991,23011,
305.84652859265566,75468,533,991,23011,
305.8465451563386,75468,533,990,23012,
305.8535287280086,75468,533,989,23013,
305.85935687492355,75468,533,988,23014,
305.8619727763929,75467,534,988,23014,
305.862773706184,75467,534,987,23015,
305.86981056772044,75466,535,987,23015,
305.87020856581273,75466,535,986,23016,
305.8711049266753,75466,535,985,23017,
305.87354063331196,75466,534,986,23017,
305.8781296981265,75466,533,987,23017,
305.87847369231,75466,533,986,23018,
305.8806852878238,75466,533,985,23019,
305.8885451272149,75466,533,984,23020,
305.8914483606118,75466,532,985,23020,
305.898941396021,75465,533,985,23020,
305.9001218611364,75464,534,985,23020,
305.9002927789746,75464,534,984,23021,
305.90417249303283,75463,535,984,23021,
305.909957446797,75463,534,985,23021,
305.9150179472975,75463,534,984,23022,
305.9184818461775,75462,535,984,23022,
305.9214426290675,75462,535,983,23023,
305.92373700893904,75462,535,982,23024,
305.92500012080734,75461,536,982,23024,
305.9265963555843,75461,536,981,23025,
305.9269621332104,75461,535,982,23025,
305.93080830389545,75461,535,981,23026,
305.9394133389627,75461,535,980,23027,
305.9422916807836,75461,534,981,23027,
305.9440242589198,75461,534,980,23028,
305.95117975660486,75461,534,979,23029,
305.96355382726,75460,535,979,23029,
305.96427394226623,75460,535,978,23030,
305.96590709304394,75460,534,979,23030,
305.9697984874985,75460,534,978,23031,
305.9708128069608,75459,535,978,23031,
305.97780401709343,75458,536,978,23031,
305.9779456371878,75457,537,978,23031,
305.9795812180692,75457,537,977,23032,
305.986319158918,75457,536,978,23032,
305.9890565214585,75456,537,978,23032,
305.98912546087064,75456,537,977,23033,
305.98935327205896,75456,536,978,23033,
305.9929069835123,75456,536,977,23034,
305.99463725474465,75456,535,978,23034,
306.0017002384275,75456,535,977,23035,
306.0058711409237,75456,535,976,23036,
306.00785758333234,75456,534,977,23036,
306.0079696825652,75455,535,977,23036,
306.01212061119696,75454,536,977,23036,
306.01910231380504,75453,537,977,23036,
306.0204147783652,75452,538,977,23036,
306.02116284411056,75451,539,977,23036,
306.0236708370986,75451,538,978,23036,
306.02386626867974,75451,538,977,23037,
306.0242596385065,75451,538,976,23038,
306.03110453617177,75451,537,977,23038,
306.032112141039,75451,537,976,23039,
306.0354521672995,75451,536,977,23039,
306.0361089099405,75450,537,977,23039,
306.0368880635974,75449,538,977,23039,
306.0417716158235,75449,538,976,23040,
306.0428071804918,75448,539,976,23040,
306.04576341867767,75448,538,977,23040,
306.0510731500436,75447,539,977,23040,
306.05727688802807,75447,539,976,23041,
306.06152013207264,75447,538,977,23041,
306.0621158078873,75447,537,978,23041,
306.0655334142038,75447,537,977,23042,
306.0665815277577,75446,538,977,23042,
306.0666435589602,75446,538,976,23043,
306.0668335887919,75446,538,975,23044,
306.06728172949215,75446,538,974,23045,
306.0678288061609,75446,537,975,23045,
306.07058096440187,75445,538,975,23045,
306.07141902700096,75445,538,974,23046,
306.07294588115866,75445,538,973,23047,
306.07320240619373,75445,537,974,23047,
306.07602639191714,75445,536,975,23047,
306.077269148793,75444,537,975,23047,
306.0786622777079,75444,536,976,23047,
306.07982318471255,75444,535,977,23047,
306.084706808296,75443,536,977,23047,
306.0865990277554,75442,537,977,23047,
306.08753140322716,75442,537,976,23048,
306.0884609889981,75441,538,976,23048,
306.09620290669204,75440,539,976,23048,
306.0971115784164,75440,538,977,23048,
306.09782215646106,75439,539,977,23048,
306.0994717787141,75439,538,978,23048,
306.109787306587,75439,538,977,23049,
306.11496492439454,75439,538,976,23050,
306.11848631407287,75438,539,976,23050,
306.1237365497341,75438,538,977,23050,
306.12552875976667,75438,537,978,23050,
306.1341113079751,75438,537,977,23051,
306.13531862298237,75438,537,976,23052,
306.1465781115261,75438,536,977,23052,
306.147689023313,75438,536,976,23053,
306.15181410204826,75438,536,975,23054,
306.15192403690577,75438,536,974,23055,
306.1532279626633,75438,536,973,23056,
306.15467354349107,75438,536,972,23057,
306.1550696282573,75438,535,973,23057,
306.15833537819475,75438,534,974,23057,
306.15949845610254,75437,535,974,23057,
306.164204894742,75436,536,974,23057,
306.1644679154691,75436,536,973,23058,
306.16691636050143,75436,535,974,23058,
306.1681231937722,75436,535,973,23059,
306.1705981955168,75436,535,972,23060,
306.1731424752324,75435,536,972,23060,
306.18139094871395,75435,536,971,23061,
306.19601840592776,75435,535,972,23061,
306.1962296512881,75435,534,973,23061,
306.2025660778906,75435,533,974,23061,
306.2027050080684,75435,532,975,23061,
306.2122261460104,75435,531,976,23061,
306.2141814901901,75434,532,976,23061,
306.22135090967515,75433,533,976,23061,
306.22442978783573,75433,532,977,23061,
306.2312669572443,75433,532,976,23062,
306.23139788996025,75433,532,975,23063,
306.2316921676201,75433,532,974,23064,
306.2319235176339,75432,533,974,23064,
306.2371235815403,75432,532,975,23064,
306.2374796187918,75432,532,974,23065,
306.2399582614958,75431,533,974,23065,
306.24022366007034,75431,533,973,23066,
306.2403108012322,75430,534,973,23066,
306.2414838449644,75430,534,972,23067,
306.24153990780485,75429,535,972,23067,
306.24650833359465,75429,535,971,23068,
306.2476673451104,75429,534,972,23068,
306.25094985363165,75429,534,971,23069,
306.2545731558488,75429,534,970,23070,
306.2558849785575,75428,535,970,23070,
306.25620641786026,75428,535,969,23071,
306.256634251267,75428,534,970,23071,
306.25676291646187,75428,534,969,23072,
306.26544465544987,75428,534,968,23073,
306.266664174009,75428,534,967,23074,
306.2696355359882,75428,534,966,23075,
306.2759199836102,75427,535,966,23075,
306.27910073275063,75427,535,965,23076,
306.2824133779837,75427,534,966,23076,
306.28305991850146,75426,535,966,23076,
306.2856594362079,75425,536,966,23076,
306.28740442525833,75424,537,966,23076,
306.28799666867286,75423,538,966,23076,
306.2932649267747,75423,538,965,23077,
306.29981499873384,75423,538,964,23078,
306.3000698218936,75423,537,965,23078,
306.31133506344963,75423,537,964,23079,
306.31169512478886,75423,537,963,23080,
306.31199115281646,75423,537,962,23081,
306.31365673588294,75423,536,963,23081,
306.32952169137735,75423,535,964,23081,
306.33650122768927,75423,534,965,23081,
306.33749098059536,75422,535,965,23081,
306.3383362432037,75422,535,964,23082,
306.34023975295173,75422,534,965,23082,
306.35170961910296,75422,533,966,23082,
306.3526079488849,75421,534,966,23082,
306.35507062408027,75421,533,967,23082,
306.3633006374808,75421,533,966,23083,
306.36345409467225,75421,533,965,23084,
306.3654299963429,75420,534,965,23084,
306.36640665602744,75419,535,965,23084,
306.36830200127713,75418,536,965,23084,
306.3690398230435,75417,537,965,23084,
306.37653252378163,75417,537,964,23085,
306.37854970827493,75417,537,963,23086,
306.38337084206427,75416,538,963,23086,
306.3892854800659,75415,539,963,23086,
306.3897875972867,75414,540,963,23086,
306.39591070250486,75413,541,963,23086,
306.3976580917637,75413,541,962,23087,
306.4008678193502,75413,541,961,23088,
306.4011833833472,75412,542,961,23088,
306.40239786502315,75412,541,962,23088,
306.40323705637394,75412,541,961,23089,
306.40630546662806,75412,541,960,23090,
306.40781514551156,75412,541,959,23091,
306.41594796948726,75412,540,960,23091,
306.41906233513106,75411,541,960,23091,
306.41975296708824,75411,541,959,23092,
306.4198744128231,75411,541,958,23093,
306.42112619258853,75411,540,959,23093,
306.4228538880955,75410,541,959,23093,
306.4278555309521,75409,542,959,23093,
306.4279220779998,75409,541,960,23093,
306.43065931183554,75409,541,959,23094,
306.43215198446387,75409,540,960,23094,
306.4324865706251,75408,541,960,23094,
306.43304494369886,75407,542,960,23094,
306.4352821849451,75407,541,961,23094,
306.4388711509751,75406,542,961,23094,
306.4390933087931,75406,542,960,23095,
306.44095659883436,75405,543,960,23095,
306.4429399870736,75405,543,959,23096,
306.44876969541525,75404,544,959,23096,
306.4507643740156,75404,544,958,23097,
306.4534207098457,75404,544,957,23098,
306.45524384481513,75404,543,958,23098,
306.46007230867895,75404,542,959,23098,
306.4619232993729,75403,543,959,23098,
306.46253058301363,75403,542,960,23098,
306.46308750663377,75403,542,959,23099,
306.46789298886483,75403,541,960,23099,
306.46828485313057,75403,541,959,23100,
306.46931607524095,75403,541,958,23101,
306.4742225370055,75403,540,959,23101,
306.4773621459739,75402,541,959,23101,
306.4784958095508,75401,542,959,23101,
306.48408036275856,75400,543,959,23101,
306.4886204993754,75399,544,959,23101,
306.4922869222167,75399,543,960,23101,
306.4973532267378,75399,543,959,23102,
306.4974297921383,75399,543,958,23103,
306.50385503563916,75399,543,957,23104,
306.50516268358035,75398,544,957,23104,
306.5087793785354,75398,543,958,23104,
306.51034429356207,75398,542,959,23104,
306.51077720105815,75398,541,960,23104,
306.51670614645445,75398,541,959,23105,
306.517228886331,75398,541,958,23106,
306.5191136895823,75398,541,957,23107,
306.5233648172479,75397,542,957,23107,
306.53094000459356,75397,542,956,23108,
306.53149317542653,75397,541,957,23108,
306.5323640044669,75397,541,956,23109,
306.54027780683475,75396,542,956,23109,
306.54208467498313,75396,542,955,23110,
306.54281012798145,75396,541,956,23110,
306.5485718612341,75396,541,955,23111,
306.55115344258485,75396,540,956,23111,
306.5512119203621,75396,539,957,23111,
306.55253717700265,75396,538,958,23111,
306.5626111364297,75395,539,958,23111,
306.5664285553698,75395,538,959,23111,
306.56938499105723,75394,539,959,23111,
306.5717983283227,75394,538,960,23111,
306.5736723222531,75394,537,961,23111,
306.57770986840853,75393,538,961,23111,
306.5794114920805,75393,537,962,23111,
306.5808802791116,75393,536,963,23111,
306.588091274713,75392,537,963,23111,
306.5943456515413,75392,537,962,23112,
306.596332282345,75392,536,963,23112,
306.5976106830752,75392,535,964,23112,
306.5998869476863,75391,536,964,23112,
306.6024360075963,75391,536,963,23113,
306.60391406425214,75391,536,962,23114,
306.6053909164278,75390,537,962,23114,
306.6102383402406,75390,536,963,23114,
306.6161102229071,75389,537,963,23114,
306.61765052470065,75389,536,964,23114,
306.6207133702471,75389,535,965,23114,
306.62152215767946,75389,534,966,23114,
306.62219868494947,75388,535,966,23114,
306.62785527416133,75388,534,967,23114,
306.6341928952752,75387,535,967,23114,
306.63584243258094,75387,534,968,23114,
306.6361313270859,75387,534,967,23115,
306.6368472094709,75386,535,967,23115,
306.6406927678155,75385,536,967,23115,
306.647422587806,75385,536,966,23116,
306.6513073047881,75385,535,967,23116,
306.6524036611991,75384,536,967,23116,
306.65506698263005,75383,537,967,23116,
306.6553573104431,75382,538,967,23116,
306.65761565358815,75382,537,968,23116,
306.6638903211836,75382,536,969,23116,
306.6643461005432,75382,536,968,23117,
306.6668353967099,75381,537,968,23117,
306.66768943532736,75380,538,968,23117,
306.6708829862182,75380,538,967,23118,
306.6783211894884,75380,538,966,23119,
306.6791720128787,75380,538,965,23120,
306.6799681051988,75379,539,965,23120,
306.6800622230541,75379,539,964,23121,
306.6820566390431,75379,539,963,23122,
306.6836488695708,75378,540,963,23122,
306.68761295986525,75378,539,964,23122,
306.69066679764956,75378,539,963,23123,
306.6907230248884,75378,539,962,23124,
306.6922315662638,75378,539,961,23125,
306.6939778631132,75378,539,960,23126,
306.69815023808803,75377,540,960,23126,
306.6992431767528,75377,540,959,23127,
306.70121426170505,75377,539,960,23127,
306.7032941969797,75376,540,960,23127,
306.7091070348966,75376,539,961,23127,
306.71452357588527,75375,540,961,23127,
306.71633851687363,75375,539,962,23127,
306.7211188235061,75375,539,961,23128,
306.72218160551074,75375,539,960,23129,
306.72419783405735,75375,539,959,23130,
306.7258850999966,75374,540,959,23130,
306.7273954081796,75374,539,960,23130,
306.7316371987256,75374,539,959,23131,
306.73196471907846,75374,539,958,23132,
306.7348572621847,75374,539,957,23133,
306.73586868097425,75374,538,958,23133,
306.7394874166001,75373,539,958,23133,
306.7429196151513,75373,539,957,23134,
306.75220740352484,75373,539,956,23135,
306.7524592984823,75373,538,957,23135,
306.76080129778643,75372,539,957,23135,
306.7708983259234,75372,538,958,23135,
306.7725291052552,75371,539,958,23135,
306.7731027580844,75370,540,958,23135,
306.7757755774018,75370,540,957,23136,
306.77703045077385,75370,539,958,23136,
306.7780709102716,75370,539,957,23137,
306.7821909557341,75369,540,957,23137,
306.7860762927582,75369,539,958,23137,
306.79854146262056,75368,540,958,23137,
306.7985677088078,75368,539,959,23137,
306.79899082649126,75368,538,960,23137,
306.8031949351108,75368,538,959,23138,
306.80377656495796,75367,539,959,23138,
306.8043915601761,75366,540,959,23138,
306.8075771459762,75365,541,959,23138,
306.8096588132285,75365,540,960,23138,
306.8124257146195,75364,541,960,23138,
306.81603596722897,75364,541,959,23139,
306.8182603207412,75363,542,959,23139,
306.81906954389143,75363,542,958,23140,
306.822015628089,75362,543,958,23140,
306.82394167185527,75362,542,959,23140,
306.8284115029599,75362,542,958,23141,
306.8294761140502,75362,542,957,23142,
306.83160833224264,75362,542,956,23143,
306.8553439493479,75361,543,956,23143,
306.8594449194701,75361,542,957,23143,
306.8660224945662,75360,543,957,23143,
306.867191755805,75359,544,957,23143,
306.8792129993184,75358,545,957,23143,
306.88010767201683,75358,544,958,23143,
306.8859794072966,75357,545,958,23143,
306.88842979655834,75357,545,957,23144,
306.89018051504826,75357,545,956,23145,
306.89675365825224,75356,546,956,23145,
306.90245030169825,75356,546,955,23146,
306.91213409617,75355,547,955,23146,
306.91494056721706,75355,547,954,23147,
306.91822338654356,75354,548,954,23147,
306.919793019922,75354,547,955,23147,
306.9243674081119,75354,547,954,23148,
306.9385513291059,75354,546,955,23148,
306.94364864475193,75354,546,954,23149,
306.94455064290065,75353,547,954,23149,
306.9470430606288,75353,547,953,23150,
306.95042427120785,75353,546,954,23150,
306.95335539955215,75353,546,953,23151,
306.9571222467128,75353,545,954,23151,
306.95741249445484,75353,545,953,23152,
306.96031269595795,75353,544,954,23152,
306.96370653609733,75352,545,954,23152,
306.9638093808284,75351,546,954,23152,
306.9687898753014,75351,545,955,23152,
306.9701034663272,75350,546,955,23152,
306.9714725743046,75350,546,954,23153,
306.97494146516743,75350,546,953,23154,
306.9765559468792,75350,545,954,23154,
306.9810049521804,75350,545,953,23155,
306.9816285508234,75349,546,953,23155,
306.9825116899983,75349,546,952,23156,
306.9894808878679,75349,545,953,23156,
306.9982830775553,75348,546,953,23156,
306.9988926975007,75348,545,954,23156,
307.0027460320011,75348,545,953,23157,
307.0034487339716,75348,545,952,23158,
307.00445467689644,75348,545,951,23159,
307.00503132570424,75348,544,952,23159,
307.0097301093426,75348,543,953,23159,
307.01003299125256,75347,544,953,23159,
307.0162406777683,75346,545,953,23159,
307.01844777548695,75345,546,953,23159,
307.0205384118191,75345,545,954,23159,
307.0211608696976,75345,545,953,23160,
307.0212485085937,75345,544,954,23160,
307.026128462327,75345,543,955,23160,
307.02886851485687,75345,542,956,23160,
307.03296990234657,75345,541,957,23160,
307.0330446074552,75345,540,958,23160,
307.0340376090248,75345,539,959,23160,
307.0378596315253,75345,539,958,23161,
307.03828214458906,75345,539,957,23162,
307.0400632703943,75345,538,958,23162,
307.04287472011686,75345,537,959,23162,
307.05435225010723,75345,536,960,23162,
307.0556943554223,75344,537,960,23162,
307.059376963482,75344,536,961,23162,
307.06285067352206,75344,536,960,23163,
307.0706712203248,75343,537,960,23163,
307.0760719591417,75342,538,960,23163,
307.08069772175355,75341,539,960,23163,
307.0863860323785,75341,538,961,23163,
307.0887267670551,75340,539,961,23163,
307.088943534292,75340,539,960,23164,
307.0919584000386,75340,539,959,23165,
307.0964128958548,75340,539,958,23166,
307.0966454451095,75340,539,957,23167,
307.1033805097522,75340,538,958,23167,
307.1059254175798,75339,539,958,23167,
307.10673350447126,75339,539,957,23168,
307.10724108963524,75339,538,958,23168,
307.1138850727027,75339,537,959,23168,
307.11519965668185,75338,538,959,23168,
307.1158020024584,75338,537,960,23168,
307.1174602485206,75337,538,960,23168,
307.11800633786123,75336,539,960,23168,
307.1223373266109,75336,539,959,23169,
307.12489601743334,75335,540,959,23169,
307.1251847662748,75335,540,958,23170,
307.1282019580247,75335,540,957,23171,
307.13133371970054,75334,541,957,23171,
307.134740249471,75334,540,958,23171,
307.135272259067,75334,539,959,23171,
307.1374413230808,75334,539,958,23172,
307.1376992688003,75333,540,958,23172,
307.1415118188281,75333,540,957,23173,
307.14292241477557,75332,541,957,23173,
307.1477554322111,75332,541,956,23174,
307.1527341390981,75331,542,956,23174,
307.15443581740766,75331,541,957,23174,
307.16603810146216,75330,542,957,23174,
307.1688960880153,75329,543,957,23174,
307.17304194552946,75328,544,957,23174,
307.1805142570782,75328,544,956,23175,
307.1818021999858,75328,543,957,23175,
307.1823359929937,75328,542,958,23175,
307.18400186208976,75327,543,958,23175,
307.1841518809103,75327,542,959,23175,
307.1883294711968,75327,541,960,23175,
307.1892406408918,75327,540,961,23175,
307.18966039775864,75327,540,960,23176,
307.1896623847689,75327,540,959,23177,
307.19150430474184,75326,541,959,23177,
307.19260872298196,75325,542,959,23177,
307.19363867540096,75325,542,958,23178,
307.1939416489444,75324,543,958,23178,
307.1956111170769,75323,544,958,23178,
307.1959483982594,75323,544,957,23179,
307.19620217779345,75323,543,958,23179,
307.19710810528426,75323,543,957,23180,
307.1992996917994,75323,542,958,23180,
307.1995313394882,75323,541,959,23180,
307.2091390751564,75323,540,960,23180,
307.21581550372616,75322,541,960,23180,
307.22476147539595,75321,542,960,23180,
307.2341251924971,75321,542,959,23181,
307.23504001630056,75321,542,958,23182,
307.23647606754895,75320,543,958,23182,
307.2420285830836,75320,543,957,23183,
307.24210422532155,75320,543,956,23184,
307.2425765105215,75320,543,955,23185,
307.2436037722852,75320,543,954,23186,
307.24581225476317,75319,544,954,23186,
307.248853299543,75319,544,953,23187,
307.2518798244175,75319,543,954,23187,
307.2526189071566,75318,544,954,23187,
307.25662347406757,75318,543,955,23187,
307.2570576680043,75318,543,954,23188,
307.2584304280146,75318,543,953,23189,
307.26920490994223,75317,544,953,23189,
307.2741609668092,75317,543,954,23189,
307.28179500531473,75317,542,955,23189,
307.2831281323065,75317,542,954,23190,
307.283312768588,75317,542,953,23191,
307.28379730569503,75317,541,954,23191,
307.28733691347793,75317,540,955,23191,
307.28837615294424,75317,539,956,23191,
307.2888248686855,75316,540,956,23191,
307.28935782702695,75316,540,955,23192,
307.2918046270013,75316,540,954,23193,
307.2924899230378,75316,540,953,23194,
307.2927233817603,75316,539,954,23194,
307.2988094609113,75315,540,954,23194,
307.303701962604,75314,541,954,23194,
307.3044439338371,75313,542,954,23194,
307.30552809774196,75312,543,954,23194,
307.3111628305119,75312,543,953,23195,
307.3123208898625,75311,544,953,23195,
307.3158509940612,75310,545,953,23195,
307.3172170225829,75310,544,954,23195,
307.32063666121627,75309,545,954,23195,
307.3207225230292,75309,544,955,23195,
307.3228899979552,75309,543,956,23195,
307.3246668574861,75309,542,957,23195,
307.3255307729533,75309,542,956,23196,
307.32706085728086,75309,542,955,23197,
307.3298731131224,75309,541,956,23197,
307.3311134937477,75308,542,956,23197,
307.3328845089741,75307,543,956,23197,
307.3332917730448,75307,543,955,23198,
307.3473886737252,75306,544,955,23198,
307.3489114246951,75305,545,955,23198,
307.351520796263,75305,545,954,23199,
307.3593857629254,75305,545,953,23200,
307.3609610073047,75305,545,952,23201,
307.3611873204428,75305,545,951,23202,
307.3625516288163,75305,544,952,23202,
307.3631186982713,75304,545,952,23202,
307.36403712149337,75303,546,952,23202,
307.3711694653183,75303,545,953,23202,
307.37451938978813,75303,544,954,23202,
307.37661416468893,75302,545,954,23202,
307.3794231341974,75302,545,953,23203,
307.3812059633192,75302,545,952,23204,
307.38275835170595,75301,546,952,23204,
307.38336982090465,75300,547,952,23204,
307.3867641121348,75300,546,953,23204,
307.38764533829874,75300,545,954,23204,
307.38879887109397,75300,544,955,23204,
307.38937744825046,75299,545,955,23204,
307.3909066262794,75298,546,955,23204,
307.39099987479636,75297,547,955,23204,
307.3922480797109,75297,546,956,23204,
307.3961240212213,75297,546,955,23205,
307.40304165649036,75296,547,955,23205,
307.40344226405074,75295,548,955,23205,
307.40471696233146,75295,548,954,23206,
307.4166514129476,75295,548,953,23207,
307.42507284764,75295,548,952,23208,
307.42713255466674,75295,548,951,23209,
307.4313278525874,75295,548,950,23210,
307.4319953101654,75295,547,951,23210,
307.43250262187837,75295,547,950,23211,
307.4364639817584,75294,548,950,23211,
307.440698837811,75294,548,949,23212,
307.4439599432164,75293,549,949,23212,
307.444536487331,75293,548,950,23212,
307.44943474773834,75293,548,949,23213,
307.4519512448903,75292,549,949,23213,
307.45304036559327,75292,549,948,23214,
307.4604121270228,75291,550,948,23214,
307.4632557062218,75291,550,947,23215,
307.46331162808315,75291,550,946,23216,
307.4676199074503,75290,551,946,23216,
307.4750318733914,75290,550,947,23216,
307.4757549982911,75289,551,947,23216,
307.4783506987366,75288,552,947,23216,
307.4803319326078,75288,551,948,23216,
307.4814885249169,75288,550,949,23216,
307.4836877417934,75287,551,949,23216,
307.48544870450763,75287,550,950,23216,
307.48565766903715,75287,550,949,23217,
307.48808363134145,75287,549,950,23217,
307.49040025403355,75287,548,951,23217,
307.49059345700334,75287,548,950,23218,
307.4936141611597,75287,547,951,23218,
307.5019013883245,75287,547,950,23219,
307.50241369868644,75286,548,950,23219,
307.5037758471365,75286,547,951,23219,
307.50492209154095,75285,548,951,23219,
307.50577660293845,75284,549,951,23219,
307.50629523257106,75284,549,950,23220,
307.51327203406424,75283,550,950,23220,
307.51421535235795,75283,549,951,23220,
307.51461457121115,75283,549,950,23221,
307.51478082860984,75283,549,949,23222,
307.51600587550723,75283,549,948,23223,
307.51712216554364,75282,550,948,23223,
307.52255362045304,75281,551,948,23223,
307.5252224822493,75281,550,949,23223,
307.534833958679,75280,551,949,23223,
307.5398538670737,75280,551,948,23224,
307.5433057098629,75280,551,947,23225,
307.54478518737005,75280,551,946,23226,
307.54563797480364,75279,552,946,23226,
307.545711056802,75279,551,947,23226,
307.54811067511395,75279,550,948,23226,
307.5546747950059,75279,549,949,23226,
307.5552136272037,75278,550,949,23226,
307.55610736170365,75278,550,948,23227,
307.55795080728154,75278,550,947,23228,
307.5587021516873,75277,551,947,23228,
307.5616702899029,75276,552,947,23228,
307.5669915701993,75275,553,947,23228,
307.5700565787054,75275,552,948,23228,
307.57936663575543,75275,551,949,23228,
307.58793501894434,75275,550,950,23228,
307.59604614900957,75275,550,949,23229,
307.5993355884636,75275,550,948,23230,
307.6008894225109,75275,549,949,23230,
307.6044725666951,75275,548,950,23230,
307.6101606899745,75275,548,949,23231,
307.61259075077277,75274,549,949,23231,
307.61652840132086,75274,549,948,23232,
307.62483101885334,75273,550,948,23232,
307.627775818128,75272,551,948,23232,
307.63071560241235,75272,550,949,23232,
307.633712144765,75271,551,949,23232,
307.64606111214783,75271,551,948,23233,
307.6462013673168,75271,550,949,23233,
307.64825078492976,75271,550,948,23234,
307.6485410196391,75271,549,949,23234,
307.6486334647463,75271,548,950,23234,
307.65075101552725,75271,548,949,23235,
307.65248442358376,75271,547,950,23235,
307.65478060137866,75270,548,950,23235,
307.6564881415561,75269,549,950,23235,
307.6565787803565,75269,549,949,23236,
307.6618886007725,75269,548,950,23236,
307.6637270356473,75269,547,951,23236,
307.66380522895537,75269,546,952,23236,
307.6683979251671,75269,546,951,23237,
307.67196706668204,75269,546,950,23238,
307.6746035514132,75269,546,949,23239,
307.6766692478476,75269,545,950,23239,
307.6837425442856,75269,545,949,23240,
307.68757073337935,75268,546,949,23240,
307.69213862375204,75268,545,950,23240,
307.69284822770703,75268,544,951,23240,
307.69460283412616,75268,544,950,23241,
307.6972001587758,75268,544,949,23242,
307.7051464587651,75268,543,950,23242,
307.7056348040658,75268,543,949,23243,
307.7128450109566,75267,544,949,23243,
307.72069970879147,75267,544,948,23244,
307.72076347163045,75266,545,948,23244,
307.72196912220625,75266,544,949,23244,
307.72287731264055,75265,545,949,23244,
307.72591625356966,75265,545,948,23245,
307.7313888869094,75265,544,949,23245,
307.7383064837328,75264,545,949,23245,
307.74040124362375,75263,546,949,23245,
307.7407825717902,75263,546,948,23246,
307.7498678589282,75263,545,949,23246,
307.7668480643478,75262,546,949,23246,
307.76779804363173,75261,547,949,23246,
307.7690366272445,75261,546,950,23246,
307.76979378597275,75261,545,951,23246,
307.7733812748261,75261,545,950,23247,
307.77694342080054,75260,546,950,23247,
307.77760954760396,75260,545,951,23247,
307.77987529717717,75259,546,951,23247,
307.78006847540644,75259,546,950,23248,
307.7830642926302,75259,545,951,23248,
307.78446943945625,75258,546,951,23248,
307.7867731136181,75258,545,952,23248,
307.78767795163265,75258,544,953,23248,
307.78965542212575,75258,544,952,23249,
307.79662749338416,75258,543,953,23249,
307.80572374891534,75258,542,954,23249,
307.8074295563747,75258,541,955,23249,
307.8102459758328,75257,542,955,23249,
307.81257495203465,75257,541,956,23249,
307.8152052156121,75257,541,955,23250,
307.8160401256619,75256,542,955,23250,
307.82155148790855,75256,541,956,23250,
307.8226259317766,75256,541,955,23251,
307.82379541614216,75256,541,954,23252,
307.824944285776,75256,540,955,23252,
307.8326902604444,75256,540,954,23253,
307.8433340731858,75256,539,955,23253,
307.85114184681765,75256,539,954,23254,
307.8580461108483,75256,538,955,23254,
307.8617245507554,75255,539,955,23254,
307.867932836309,75255,539,954,23255,
307.87570318644515,75255,539,953,23256,
307.88033727460794,75255,538,954,23256,
307.88415276373763,75255,538,953,23257,
307.88472873569475,75255,538,952,23258,
307.887216114171,75254,539,952,23258,
307.8911411180551,75254,539,951,23259,
307.89471820564034,75254,538,952,23259,
307.8973811816935,75254,538,951,23260,
307.9024016376362,75253,539,951,23260,
307.90481953380413,75252,540,951,23260,
307.90790631206085,75252,539,952,23260,
307.9088199544103,75252,539,951,23261,
307.9110832027772,75251,540,951,23261,
307.91158587505356,75251,539,952,23261,
307.91701727141685,75251,539,951,23262,
307.91705696056425,75251,538,952,23262,
307.9189373720978,75251,538,951,23263,
307.9191962135902,75251,537,952,23263,
307.91995466911436,75251,537,951,23264,
307.92201443676885,75251,536,952,23264,
307.9341456545634,75250,537,952,23264,
307.9376462506083,75250,537,951,23265,
307.94068586526055,75250,536,952,23265,
307.9477654868536,75250,535,953,23265,
307.949589196813,75250,535,952,23266,
307.95400237894137,75250,535,951,23267,
307.9611999977502,75250,535,950,23268,
307.96367325378293,75249,536,950,23268,
307.9676700320589,75248,537,950,23268,
307.97241448705734,75248,537,949,23269,
307.98076025245757,75247,538,949,23269,
307.99201855866073,75247,537,950,23269,
307.99433832391696,75247,537,949,23270,
307.9983182770281,75247,537,948,23271,
307.9987008772834,75246,538,948,23271,
307.999154248504,75246,538,947,23272,
308.0035348605244,75246,537,948,23272,
308.0048403095559,75246,536,949,23272,
308.0055602470679,75246,535,950,23272,
308.0100487163658,75245,536,950,23272,
308.0105177185435,75245,536,949,23273,
308.0130982002952,75244,537,949,23273,
308.01608950986474,75244,536,950,23273,
308.0173062758824,75244,536,949,23274,
308.02016720350707,75244,535,950,23274,
308.0208254528047,75244,535,949,23275,
308.02367920738163,75243,536,949,23275,
308.0251398124892,75242,537,949,23275,
308.0290096870971,75242,537,948,23276,
308.0290439516151,75241,538,948,23276,
308.0336415496459,75241,537,949,23276,
308.0359843835244,75241,537,948,23277,
308.04188277390153,75240,538,948,23277,
308.0440897664633,75240,538,947,23278,
308.0460166080465,75240,538,946,23279,
308.04668181273587,75239,539,946,23279,
308.04747940151634,75239,538,947,23279,
308.04971475254155,75239,538,946,23280,
308.05841105863374,75239,538,945,23281,
308.0692059600427,75238,539,945,23281,
308.0784864573513,75237,540,945,23281,
308.07859782757714,75237,539,946,23281,
308.08220987028767,75237,538,947,23281,
308.0849713873323,75236,539,947,23281,
308.0864365192996,75236,538,948,23281,
308.0898257312097,75235,539,948,23281,
308.0914494065441,75235,539,947,23282,
308.09448028082716,75235,539,946,23283,
308.09708223594527,75235,539,945,23284,
308.10487987648145,75235,539,944,23285,
308.106265048289,75235,539,943,23286,
308.1063118938368,75235,538,944,23286,
308.1103124382438,75235,538,943,23287,
308.1129827690695,75235,537,944,23287,
308.11348189858023,75235,536,945,23287,
308.11458225859127,75235,535,946,23287,
308.11952588697005,75234,536,946,23287,
308.12180586841646,75234,535,947,23287,
308.12205963116975,75234,535,946,23288,
308.12488315809645,75234,535,945,23289,
308.12632585720695,75234,534,946,23289,
308.126723384357,75233,535,946,23289,
308.1304277462541,75233,534,947,23289,
308.1306453491274,75233,533,948,23289,
308.13332211148486,75233,533,947,23290,
308.1403938087442,75233,533,946,23291,
308.14334271919597,75233,532,947,23291,
308.1451255791939,75232,533,947,23291,
308.14546506351553,75231,534,947,23291,
308.14791023221613,75231,534,946,23292,
308.1564219636127,75231,534,945,23293,
308.15919836176664,75231,533,946,23293,
308.15941955365093,75231,532,947,23293,
308.16000613974626,75230,533,947,23293,
308.1612456160976,75230,532,948,23293,
308.1615782815138,75230,531,949,23293,
308.16333531075543,75230,530,950,23293,
308.16419398520424,75230,529,951,23293,
308.18050893858134,75230,529,950,23294,
308.1840736890713,75230,529,949,23295,
308.1845998335612,75229,530,949,23295,
308.18631050624936,75228,531,949,23295,
308.1928657567669,75228,530,950,23295,
308.19413452183016,75228,530,949,23296,
308.19756349401837,75227,531,949,23296,
308.20337623113073,75226,532,949,23296,
308.2058757863244,75226,532,948,23297,
308.20749670438113,75225,533,948,23297,
308.2080045787831,75225,532,949,23297,
308.21183106184645,75225,532,948,23298,
308.2149404482279,75225,531,949,23298,
308.2168001605199,75225,531,948,23299,
308.2210319061999,75224,532,948,23299,
308.22433867339134,75224,531,949,23299,
308.229010731888,75224,531,948,23300,
308.23066192634235,75224,531,947,23301,
308.23622405959196,75224,531,946,23302,
308.2375812982814,75224,530,947,23302,
308.239440411764,75223,531,947,23302,
308.2397199305717,75223,531,946,23303,
308.2428536834673,75223,531,945,23304,
308.2455710967981,75223,530,946,23304,
308.24816089786805,75223,530,945,23305,
308.2495566933242,75223,529,946,23305,
308.25044080227997,75222,530,946,23305,
308.2520131495125,75222,529,947,23305,
308.25421499558803,75222,528,948,23305,
308.2576572008222,75221,529,948,23305,
308.2580970936978,75221,529,947,23306,
308.273592842534,75221,529,946,23307,
308.2756710679412,75220,530,946,23307,
308.27767671903996,75220,530,945,23308,
308.27917909949224,75220,530,944,23309,
308.2814555011441,75219,531,944,23309,
308.2836265241746,75219,531,943,23310,
308.28364561462246,75219,530,944,23310,
308.28499355273567,75218,531,944,23310,
308.2855747559243,75217,532,944,23310,
308.2865125465037,75216,533,944,23310,
308.2906368507008,75215,534,944,23310,
308.2946211105362,75215,533,945,23310,
308.30275885228355,75215,532,946,23310,
308.3040494145338,75214,533,946,23310,
308.30898664916293,75214,532,947,23310,
308.31083399502916,75213,533,947,23310,
308.3111387647938,75213,532,948,23310,
308.3130045434564,75213,532,947,23311,
308.3188815174943,75212,533,947,23311,
308.32074027796307,75211,534,947,23311,
308.32463123285385,75211,534,946,23312,
308.32581947731774,75210,535,946,23312,
308.32650366896786,75210,535,945,23313,
308.3265607471578,75210,535,944,23314,
308.3310089587694,75210,535,943,23315,
308.33742866767756,75210,534,944,23315,
308.3383518143658,75210,534,943,23316,
308.34697670721044,75209,535,943,23316,
308.3492186492608,75209,535,942,23317,
308.34964597181585,75208,536,942,23317,
308.35066597504186,75208,536,941,23318,
308.358269934437,75208,535,942,23318,
308.36038165988845,75208,535,941,23319,
308.3654231791501,75207,536,941,23319,
308.36573942023324,75207,535,942,23319,
308.36935368743156,75207,534,943,23319,
308.3698645801374,75207,534,942,23320,
308.38038700293527,75207,533,943,23320,
308.3818143050005,75206,534,943,23320,
308.381918673522,75206,533,944,23320,
308.38280875432304,75206,533,943,23321,
308.382826156198,75205,534,943,23321,
308.3899442701011,75205,534,942,23322,
308.39337753875526,75205,534,941,23323,
308.395285728596,75205,534,940,23324,
308.39773145273836,75205,533,941,23324,
308.39839211324306,75205,533,940,23325,
308.41615644081384,75205,533,939,23326,
308.41666373757437,75205,533,938,23327,
308.418301968955,75205,532,939,23327,
308.42335199457193,75204,533,939,23327,
308.42337919579234,75204,532,940,23327,
308.4234762665139,75204,531,941,23327,
308.4280393640204,75203,532,941,23327,
308.4290944125081,75202,533,941,23327,
308.4316528466792,75202,532,942,23327,
308.4326333261924,75202,531,943,23327,
308.43424098299715,75202,531,942,23328,
308.4360534487858,75202,530,943,23328,
308.4401582981068,75202,529,944,23328,
308.4408532934899,75202,528,945,23328,
308.4429175510471,75201,529,945,23328,
308.4517396046254,75201,528,946,23328,
308.45302081570594,75201,527,947,23328,
308.45474251707554,75200,528,947,23328,
308.4552514752987,75199,529,947,23328,
308.4562210380221,75198,530,947,23328,
308.46134995229846,75198,529,948,23328,
308.46255796482814,75198,529,947,23329,
308.4633732317369,75198,529,946,23330,
308.47121556970103,75198,529,945,23331,
308.47150217832547,75198,529,944,23332,
308.4722711195974,75198,529,943,23333,
308.4732784651794,75198,528,944,23333,
308.4735431938,75197,529,944,23333,
308.4746810184458,75196,530,944,23333,
308.47539192039636,75196,530,943,23334,
308.4762394986318,75196,530,942,23335,
308.4822580507399,75196,530,941,23336,
308.4831999411924,75196,530,940,23337,
308.48335374342935,75196,530,939,23338,
308.4838111955481,75196,530,938,23339,
308.4867471088857,75196,530,937,23340,
308.4936120490394,75195,531,937,23340,
308.4965973827498,75194,532,937,23340,
308.49678127866866,75194,532,936,23341,
308.49892307133297,75194,532,935,23342,
308.49964735689554,75193,533,935,23342,
308.5051986605338,75193,532,936,23342,
308.50646731225237,75192,533,936,23342,
308.5131251727385,75192,532,937,23342,
308.5138382398237,75192,531,938,23342,
308.51571790754394,75192,530,939,23342,
308.5161191259371,75192,529,940,23342,
308.5165729488293,75192,528,941,23342,
308.51677610347275,75192,528,940,23343,
308.5205147453926,75191,529,940,23343,
308.52154518390233,75191,528,941,23343,
308.5216105783219,75191,528,940,23344,
308.5235458955323,75190,529,940,23344,
308.5240845254887,75190,528,941,23344,
308.5390456120397,75190,527,942,23344,
308.54340160941115,75190,527,941,23345,
308.5486104673985,75189,528,941,23345,
308.550958990183,75189,528,940,23346,
308.551334400091,75188,529,940,23346,
308.55180678190226,75188,528,941,23346,
308.5544389661725,75187,529,941,23346,
308.55594624169174,75187,529,940,23347,
308.55786251535307,75186,530,940,23347,
308.5585684866746,75186,529,941,23347,
308.5612663795727,75185,530,941,23347,
308.56510907427673,75185,529,942,23347,
308.56784011577355,75185,528,943,23347,
308.5692368887318,75185,528,942,23348,
308.58062787056593,75185,527,943,23348,
308.5824640382861,75185,527,942,23349,
308.58359507033344,75184,528,942,23349,
308.58814909344306,75184,527,943,23349,
308.5895144406441,75184,527,942,23350,
308.5900941529554,75184,526,943,23350,
308.5934389338061,75184,526,942,23351,
308.5953705594668,75184,525,943,23351,
308.59862500866143,75184,524,944,23351,
308.5986522318233,75183,525,944,23351,
308.6027962486641,75182,526,944,23351,
308.60412969181357,75182,526,943,23352,
308.6050058709847,75181,527,943,23352,
308.6093634029159,75181,526,944,23352,
308.6114194160676,75181,525,945,23352,
308.6152988307562,75180,526,945,23352,
308.61611929008404,75180,526,944,23353,
308.6197685294278,75180,526,943,23354,
308.620016137262,75179,527,943,23354,
308.6207599886628,75179,527,942,23355,
308.6220919458095,75179,526,943,23355,
308.62339410246165,75179,526,942,23356,
308.6248305504612,75179,525,943,23356,
308.62542940807225,75179,524,944,23356,
308.6277078354382,75179,523,945,23356,
308.6339655639881,75179,523,944,23357,
308.6395136489581,75178,524,944,23357,
308.640944072506,75178,523,945,23357,
308.6458805122885,75178,523,944,23358,
308.64677876352954,75178,523,943,23359,
308.65098818243627,75178,523,942,23360,
308.65282888799675,75178,522,943,23360,
308.6554533794931,75178,521,944,23360,
308.6560332672956,75178,520,945,23360,
308.6565373816929,75178,520,944,23361,
308.66300763425625,75178,520,943,23362,
308.6647450809964,75177,521,943,23362,
308.66689689049974,75177,521,942,23363,
308.67269640768257,75177,520,943,23363,
308.67351484629614,75176,521,943,23363,
308.6815910301249,75176,520,944,23363,
308.6840766359362,75175,521,944,23363,
308.6877773084672,75175,520,945,23363,
308.69009584877074,75175,519,946,23363,
308.6918875641602,75175,518,947,23363,
308.69713756214713,75174,519,947,23363,
308.6996703655735,75174,519,946,23364,
308.701713911689,75174,518,947,23364,
308.70531232534177,75173,519,947,23364,
308.71079484809036,75172,520,947,23364,
308.7120651135516,75171,521,947,23364,
308.7134205693756,75170,522,947,23364,
308.71542295282296,75170,521,948,23364,
308.71708222819814,75170,521,947,23365,
308.71853767801576,75170,520,948,23365,
308.7255449197394,75170,519,949,23365,
308.72749280321284,75170,518,950,23365,
308.7379588997804,75169,519,950,23365,
308.74219065557696,75169,518,951,23365,
308.742197025389,75169,518,950,23366,
308.74874904571675,75169,517,951,23366,
308.75172919677016,75169,517,950,23367,
308.75244036348323,75169,517,949,23368,
308.7537496089125,75168,518,949,23368,
308.7556327977741,75168,518,948,23369,
308.7565280018476,75168,518,947,23370,
308.75857070054525,75167,519,947,23370,
308.7733097148268,75166,520,947,23370,
308.7743105469978,75165,521,947,23370,
308.78549367200236,75164,522,947,23370,
308.7867925522627,75164,521,948,23370,
308.7876966039883,75164,520,949,23370,
308.7894588827461,75164,519,950,23370,
308.79865670191174,75163,520,950,23370,
308.8074398141058,75163,519,951,23370,
308.8135316034403,75163,519,950,23371,
308.8146605087532,75163,519,949,23372,
308.815110674799,75163,518,950,23372,
308.8163061693141,75163,517,951,23372,
308.81978647304624,75163,516,952,23372,
308.82818434806717,75162,517,952,23372,
308.8339741521491,75162,517,951,23373,
308.8343854330223,75161,518,951,23373,
308.83687412303306,75160,519,951,23373,
308.84171854012436,75159,520,951,23373,
308.8482567310674,75159,519,952,23373,
308.86029511483565,75158,520,952,23373,
308.86502624703763,75158,519,953,23373,
308.8658584553112,75158,518,954,23373,
308.87044815861793,75157,519,954,23373,
308.87863015487824,75157,519,953,23374,
308.8813371008078,75157,519,952,23375,
308.8817866897257,75157,518,953,23375,
308.88901154894046,75156,519,953,23375,
308.8917887989599,75156,518,954,23375,
308.89361021543925,75155,519,954,23375,
308.89993055544295,75155,518,955,23375,
308.9015179974569,75154,519,955,23375,
308.9092300324213,75154,518,956,23375,
308.9096033116076,75154,517,957,23375,
308.9103294326446,75154,517,956,23376,
308.912091401957,75153,518,956,23376,
308.91246746285253,75152,519,956,23376,
308.9148331322365,75152,519,955,23377,
308.9248780997286,75152,518,956,23377,
308.92500514485596,75152,517,957,23377,
308.928020959733,75152,517,956,23378,
308.93589522522433,75152,517,955,23379,
308.9387166117973,75151,518,955,23379,
308.93982460763453,75151,518,954,23380,
308.948811624997,75150,519,954,23380,
308.9520353123198,75150,518,955,23380,
308.95213533754037,75150,518,954,23381,
308.9679297888003,75150,518,953,23382,
308.97150899303006,75150,518,952,23383,
308.97427607477283,75150,518,951,23384,
308.97795446769015,75149,519,951,23384,
308.9787381830791,75149,518,952,23384,
308.97891639565427,75148,519,952,23384,
308.9793358206535,75148,519,951,23385,
308.98271660644383,75147,520,951,23385,
308.98417861222634,75147,520,950,23386,
308.98445398550535,75146,521,950,23386,
308.98475824929807,75145,522,950,23386,
308.9882581520894,75145,521,951,23386,
308.9892724973686,75145,520,952,23386,
308.99146058399765,75145,520,951,23387,
308.9922572399036,75145,519,952,23387,
308.99327744408,75145,518,953,23387,
308.996201317148,75145,517,954,23387,
308.9981979663707,75144,518,954,23387,
309.0027381417524,75144,518,953,23388,
309.00862417971723,75144,517,954,23388,
309.00967559708283,75144,517,953,23389,
309.0130384179691,75143,518,953,23389,
309.0162846020237,75142,519,953,23389,
309.0185893190906,75142,518,954,23389,
309.0219179188296,75142,518,953,23390,
309.0345814661961,75141,519,953,23390,
309.0364813526237,75141,518,954,23390,
309.0366678623982,75141,518,953,23391,
309.04464565122004,75140,519,953,23391,
309.04968604401944,75139,520,953,23391,
309.0503674460042,75138,521,953,23391,
309.0548965302923,75138,520,954,23391,
309.05970858618775,75138,519,955,23391,
309.0604226968714,75138,519,954,23392,
309.072919637749,75137,520,954,23392,
309.0741137185232,75137,519,955,23392,
309.07567408932755,75136,520,955,23392,
309.0791930206165,75136,519,956,23392,
309.07929673544396,75136,518,957,23392,
309.0795888394201,75136,517,958,23392,
309.0841401765672,75136,517,957,23393,
309.08644344443536,75135,518,957,23393,
309.09070885815214,75135,518,956,23394,
309.09381385956834,75135,518,955,23395,
309.10075169593574,75135,518,954,23396,
309.10495754708774,75134,519,954,23396,
309.10909714286487,75134,518,955,23396,
309.11104808794795,75134,518,954,23397,
309.1113651644138,75134,517,955,23397,
309.1155597729032,75134,517,954,23398,
309.1214254122588,75134,516,955,23398,
309.1236018867831,75133,517,955,23398,
309.1254929380217,75132,518,955,23398,
309.1257241273951,75131,519,955,23398,
309.13048097823156,75131,519,954,23399,
309.13087869195544,75130,520,954,23399,
309.13128656414307,75129,521,954,23399,
309.1313562826472,75129,521,953,23400,
309.13585153849465,75128,522,953,23400,
309.13689348176285,75128,521,954,23400,
309.1378948228226,75128,520,955,23400,
309.13834191789897,75128,519,956,23400,
309.13976416172534,75128,519,955,23401,
309.1405542476534,75128,518,956,23401,
309.14193943511384,75127,519,956,23401,
309.1487716869129,75127,519,955,23402,
309.1518234542243,75126,520,955,23402,
309.1531384061744,75126,520,954,23403,
309.1564445912391,75126,519,955,23403,
309.1571172971185,75125,520,955,23403,
309.1654880271755,75125,520,954,23404,
309.16646390099254,75125,520,953,23405,
309.1669189897557,75125,520,952,23406,
309.16758985087426,75124,521,952,23406,
309.17411600507745,75124,521,951,23407,
309.17694805340295,75124,521,950,23408,
309.1778751890554,75124,520,951,23408,
309.17838772038317,75124,520,950,23409,
309.184218135868,75124,520,949,23410,
309.1865598140681,75123,521,949,23410,
309.1919897852096,75123,520,950,23410,
309.19378201459034,75122,521,950,23410,
309.19797184266827,75121,522,950,23410,
309.1989726349039,75121,522,949,23411,
309.1999395663648,75121,521,950,23411,
309.20558022735963,75121,521,949,23412,
309.20713778234443,75120,522,949,23412,
309.22128923692156,75120,522,948,23413,
309.22238677915624,75120,521,949,23413,
309.225131074499,75119,522,949,23413,
309.228847283339,75119,522,948,23414,
309.22983291604163,75119,521,949,23414,
309.2352291814865,75119,521,948,23415,
309.2356608086945,75119,520,949,23415,
309.2363800522106,75118,521,949,23415,
309.2411520878952,75117,522,949,23415,
309.24150935173384,75116,523,949,23415,
309.25337307852334,75116,523,948,23416,
309.2545063723944,75116,522,949,23416,
309.25750018725375,75115,523,949,23416,
309.2575435897835,75115,523,948,23417,
309.2652892679497,75115,522,949,23417,
309.26569319176275,75114,523,949,23417,
309.26596250324593,75114,522,950,23417,
309.26913231476794,75113,523,950,23417,
309.27100082531194,75113,523,949,23418,
309.27461882181126,75113,522,950,23418,
309.2761314925826,75112,523,950,23418,
309.27762577563027,75112,522,951,23418,
309.28477898056633,75111,523,951,23418,
309.285733326742,75111,523,950,23419,
309.28831664817756,75111,522,951,23419,
309.29305641426794,75111,521,952,23419,
309.2949060275443,75111,520,953,23419,
309.2951168064589,75111,520,952,23420,
309.29904936446013,75110,521,952,23420,
309.2996894963531,75109,522,952,23420,
309.30127708652935,75109,521,953,23420,
309.30236728497744,75109,521,952,23421,
309.3029197938769,75109,521,951,23422,
309.30459734249075,75109,520,952,23422,
309.3077518484113,75109,519,953,23422,
309.3109108726117,75108,520,953,23422,
309.321801347912,75108,519,954,23422,
309.32196352983686,75108,518,955,23422,
309.3231736623838,75108,517,956,23422,
309.3249300372552,75107,518,956,23422,
309.33017584195204,75106,519,956,23422,
309.3305548944734,75106,519,955,23423,
309.3315250064493,75106,518,956,23423,
309.33360076601974,75105,519,956,23423,
309.3354815212628,75105,519,955,23424,
309.33962330881366,75104,520,955,23424,
309.34619938172597,75104,519,956,23424,
309.3475031920033,75104,519,955,23425,
309.35118452326986,75104,519,954,23426,
309.3521164559862,75104,519,953,23427,
309.35697382769354,75104,518,954,23427,
309.3629999620134,75104,517,955,23427,
309.365774536868,75104,516,956,23427,
309.37622594043836,75103,517,956,23427,
309.38020956398964,75103,516,957,23427,
309.3818255202035,75102,517,957,23427,
309.3825509113523,75102,517,956,23428,
309.38389578728805,75101,518,956,23428,
309.38397765890375,75100,519,956,23428,
309.3896675163712,75100,518,957,23428,
309.39096560843285,75100,518,956,23429,
309.3915934785539,75099,519,956,23429,
309.3928179532702,75098,520,956,23429,
309.39359155912695,75098,519,957,23429,
309.39578784950146,75098,518,958,23429,
309.3970726910187,75098,517,959,23429,
309.40601198118475,75098,517,958,23430,
309.4072162491592,75097,518,958,23430,
309.40806568019957,75097,517,959,23430,
309.4100681999203,75097,516,960,23430,
309.41048214957135,75097,516,959,23431,
309.41421677666324,75097,516,958,23432,
309.41914788686677,75096,517,958,23432,
309.4255532789254,75096,517,957,23433,
309.4265514925619,75096,517,956,23434,
309.43987710675304,75096,517,955,23435,
309.44056169809505,75096,517,954,23436,
309.4539389910815,75096,516,955,23436,
309.45707214155664,75096,515,956,23436,
309.45738265791977,75096,514,957,23436,
309.4575466621037,75096,513,958,23436,
309.464372008943,75095,514,958,23436,
309.4666681558493,75094,515,958,23436,
309.4682714263209,75094,515,957,23437,
309.4735286371021,75094,515,956,23438,
309.4741670881019,75094,514,957,23438,
309.4838254433517,75094,513,958,23438,
309.49274847782453,75094,513,957,23439,
309.4945081682364,75093,514,957,23439,
309.4954582960236,75093,513,958,23439,
309.49840025843645,75092,514,958,23439,
309.4996174217078,75092,513,959,23439,
309.5034406115735,75091,514,959,23439,
309.5125540044225,75091,514,958,23440,
309.51398861630764,75090,515,958,23440,
309.514536292412,75090,514,959,23440,
309.5167446782826,75090,514,958,23441,
309.51927870236557,75090,513,959,23441,
309.5230142215702,75090,512,960,23441,
309.526573405847,75090,511,961,23441,
309.5270507259289,75090,511,960,23442,
309.52917761085985,75089,512,960,23442,
309.5326402100983,75089,512,959,23443,
309.5331417802531,75088,513,959,23443,
309.53413436733564,75088,512,960,23443,
309.5364827882449,75087,513,960,23443,
309.5389871691386,75087,513,959,23444,
309.5458489414213,75087,513,958,23445,
309.5469626885397,75087,513,957,23446,
309.5498060124366,75087,513,956,23447,
309.5511862551476,75087,513,955,23448,
309.55283984283165,75087,513,954,23449,
309.55307025465515,75087,513,953,23450,
309.553828447929,75086,514,953,23450,
309.5553222930157,75085,515,953,23450,
309.5560607187657,75085,515,952,23451,
309.55843685240353,75085,514,953,23451,
309.56018209429465,75084,515,953,23451,
309.5605218677304,75083,516,953,23451,
309.5660148302401,75083,516,952,23452,
309.56604228170005,75082,517,952,23452,
309.57527896880583,75081,518,952,23452,
309.5780234899336,75081,518,951,23453,
309.5809435951038,75081,517,952,23453,
309.5857969406676,75081,517,951,23454,
309.58921140537467,75080,518,951,23454,
309.58928910516573,75080,517,952,23454,
309.59145774998507,75080,517,951,23455,
309.6029176688826,75080,517,950,23456,
309.60361529802356,75080,517,949,23457,
309.6063757593609,75079,518,949,23457,
309.60929935652604,75079,517,950,23457,
309.6125709482081,75079,516,951,23457,
309.61483899883126,75078,517,951,23457,
309.6165602445701,75078,517,950,23458,
309.61989848964686,75077,518,950,23458,
309.62107206704144,75076,519,950,23458,
309.6260260422652,75076,518,951,23458,
309.6304603436095,75076,517,952,23458,
309.6375137774924,75076,517,951,23459,
309.6433567422925,75076,517,950,23460,
309.644271569618,75076,516,951,23460,
309.652587947538,75075,517,951,23460,
309.65640625002203,75074,518,951,23460,
309.67294081600215,75074,518,950,23461,
309.6731457604578,75073,519,950,23461,
309.6733773878505,75073,519,949,23462,
309.68615138046533,75073,519,948,23463,
309.6896483751954,75073,519,947,23464,
309.69164248628687,75073,519,946,23465,
309.6936528302453,75073,518,947,23465,
309.69672838118504,75072,519,947,23465,
309.69748214182215,75072,519,946,23466,
309.69780289497197,75071,520,946,23466,
309.69826923593126,75071,520,945,23467,
309.7011265436956,75070,521,945,23467,
309.70140852831275,75069,522,945,23467,
309.7024876844831,75068,523,945,23467,
309.7027100737467,75067,524,945,23467,
309.70769375705794,75067,524,944,23468,
309.7084761284715,75067,523,945,23468,
309.7113842154073,75067,523,944,23469,
309.71232709031153,75067,522,945,23469,
309.71558154962486,75067,522,944,23470,
309.7190562987345,75067,522,943,23471,
309.7198008148244,75067,521,944,23471,
309.731523275883,75067,520,945,23471,
309.73203670753867,75067,520,944,23472,
309.73337986547847,75067,520,943,23473,
309.73361887832175,75067,520,942,23474,
309.7417848014378,75067,519,943,23474,
309.74220016501874,75067,519,942,23475,
309.7434184137191,75067,519,941,23476,
309.7452929784418,75066,520,941,23476,
309.74803613208087,75066,519,942,23476,
309.748813081788,75066,519,941,23477,
309.7567635459126,75066,519,940,23478,
309.75950046215627,75066,519,939,23479,
309.762941550919,75066,519,938,23480,
309.767406294031,75066,519,937,23481,
309.76773588125445,75065,520,937,23481,
309.7683634281948,75065,519,938,23481,
309.7694556847856,75064,520,938,23481,
309.7719038318544,75064,519,939,23481,
309.7758885134198,75064,518,940,23481,
309.77855873163844,75064,518,939,23482,
309.78292660111197,75063,519,939,23482,
309.78830747064893,75063,519,938,23483,
309.7968203392412,75063,518,939,23483,
309.7988034321465,75063,517,940,23483,
309.80508586422314,75063,516,941,23483,
309.80679020059154,75063,516,940,23484,
309.81226242930427,75063,515,941,23484,
309.8132124173476,75063,515,940,23485,
309.81692713646146,75063,514,941,23485,
309.82052413999537,75063,513,942,23485,
309.8224582036178,75063,513,941,23486,
309.8333929365948,75063,513,940,23487,
309.83380810455026,75063,512,941,23487,
309.8384403997326,75063,512,940,23488,
309.8431838284159,75063,511,941,23488,
309.8460632711709,75062,512,941,23488,
309.8519915356009,75062,511,942,23488,
309.8522207796112,75062,511,941,23489,
309.85435010140117,75061,512,941,23489,
309.8555740878661,75061,511,942,23489,
309.8589739148057,75060,512,942,23489,
309.8613727853013,75060,512,941,23490,
309.86440559485106,75059,513,941,23490,
309.86491933290046,75058,514,941,23490,
309.8707883093742,75058,513,942,23490,
309.8800459271614,75058,512,943,23490,
309.88024567366074,75058,511,944,23490,
309.8820453335699,75058,511,943,23491,
309.89236557113225,75058,511,942,23492,
309.8975595483315,75057,512,942,23492,
309.89807286974184,75056,513,942,23492,
309.8984289931624,75056,513,941,23493,
309.9027767789347,75056,513,940,23494,
309.905898970871,75056,512,941,23494,
309.91147602805427,75056,512,940,23495,
309.91369697298745,75056,512,939,23496,
309.91382984717274,75056,512,938,23497,
309.9190045115515,75056,512,937,23498,
309.92128445624127,75056,512,936,23499,
309.9216738149611,75056,512,935,23500,
309.93523286863103,75056,511,936,23500,
309.9379605667889,75055,512,936,23500,
309.9434931774017,75055,512,935,23501,
309.94707521133165,75054,513,935,23501,
309.94786379162304,75054,513,934,23502,
309.94915129104567,75054,512,935,23502,
309.94915526633855,75054,511,936,23502,
309.9497517858749,75054,511,935,23503,
309.95293121862136,75054,510,936,23503,
309.95351347503174,75053,511,936,23503,
309.958841920098,75052,512,936,23503,
309.95944491554667,75051,513,936,23503,
309.9638968828344,75051,512,937,23503,
309.96743880687643,75051,511,938,23503,
309.97025081783863,75051,510,939,23503,
309.97112672320355,75051,510,938,23504,
309.9727386382597,75051,509,939,23504,
309.98315631954597,75050,510,939,23504,
309.98437640832094,75050,510,938,23505,
309.9847891853384,75050,510,937,23506,
309.9903410999855,75050,510,936,23507,
309.99383709750776,75050,509,937,23507,
309.9957051006535,75050,508,938,23507,
310.0038473055474,75050,507,939,23507,
310.00608152883365,75049,508,939,23507,
310.0067634829403,75049,508,938,23508,
310.00697510334186,75049,508,937,23509,
310.0077315938366,75049,507,938,23509,
310.0111072734908,75049,507,937,23510,
310.0122325569707,75049,507,936,23511,
310.01856270848805,75048,508,936,23511,
310.0207402540129,75048,508,935,23512,
310.0215068969139,75048,508,934,23513,
310.0239114277066,75048,508,933,23514,
310.02583655973683,75048,508,932,23515,
310.02957468377696,75048,508,931,23516,
310.0297465147582,75048,508,930,23517,
310.0356148936222,75048,507,931,23517,
310.0362769622527,75048,507,930,23518,
310.03729462652194,75048,506,931,23518,
310.0442069315407,75047,507,931,23518,
310.04511434932766,75047,507,930,23519,
310.04691625004244,75046,508,930,23519,
310.0473888930927,75045,509,930,23519,
310.057855619163,75045,509,929,23520,
310.0584758482689,75045,509,928,23521,
310.05851838638546,75044,510,928,23521,
310.06045407266794,75043,511,928,23521,
310.0662457814776,75043,510,929,23521,
310.07054874532946,75043,510,928,23522,
310.07782409795004,75043,510,927,23523,
310.0845660914614,75043,509,928,23523,
310.0849659621559,75043,509,927,23524,
310.0920463967988,75042,510,927,23524,
310.0961735591031,75042,510,926,23525,
310.09720459848734,75042,510,925,23526,
310.09752723334776,75042,509,926,23526,
310.0990957636451,75042,508,927,23526,
310.0997917526506,75042,508,926,23527,
310.10128290872706,75042,508,925,23528,
310.11264056008184,75041,509,925,23528,
310.11380324971117,75041,509,924,23529,
310.11634782394015,75041,509,923,23530,
310.11775923208637,75040,510,923,23530,
310.12639513532287,75039,511,923,23530,
310.1280192711541,75039,510,924,23530,
310.1321198774077,75038,511,924,23530,
310.13499195125803,75038,510,925,23530,
310.13701407529993,75038,510,924,23531,
310.1384300766231,75038,509,925,23531,
310.1416829163635,75038,509,924,23532,
310.14517404495143,75038,509,923,23533,
310.14576579770386,75038,509,922,23534,
310.1515995267579,75038,508,923,23534,
310.1538254587599,75038,508,922,23535,
310.1554595828478,75037,509,922,23535,
310.1589018471236,75036,510,922,23535,
310.1595104622461,75036,509,923,23535,
310.16506298634766,75036,509,922,23536,
310.1665451440395,75035,510,922,23536,
310.1726019027209,75034,511,922,23536,
310.17792422419393,75034,511,921,23537,
310.1803220608729,75034,510,922,23537,
310.18171022306484,75034,509,923,23537,
310.191705351173,75033,510,923,23537,
310.19344520317185,75033,510,922,23538,
310.19388509256936,75033,510,921,23539,
310.19752627937834,75032,511,921,23539,
310.20547347216893,75032,510,922,23539,
310.20848005976285,75032,510,921,23540,
310.2249661248628,75031,511,921,23540,
310.2351862720015,75030,512,921,23540,
310.2372220343835,75030,511,922,23540,
310.23807422135485,75029,512,922,23540,
310.24293719529874,75028,513,922,23540,
310.2526218623729,75028,513,921,23541,
310.2538588364514,75028,513,920,23542,
310.257507630449,75028,513,919,23543,
310.2617984013649,75027,514,919,23543,
310.2647434860213,75026,515,919,23543,
310.2648566685604,75026,514,920,23543,
310.26547797714557,75026,514,919,23544,
310.2737030602427,75026,514,918,23545,
310.27912880537167,75026,514,917,23546,
310.28184712394176,75025,515,917,23546,
310.286100310767,75025,515,916,23547,
310.2886507461365,75024,516,916,23547,
310.2914191205633,75024,515,917,23547,
310.29147858494844,75023,516,917,23547,
310.29813781920865,75022,517,917,23547,
310.29814268094555,75022,516,918,23547,
310.29847263112885,75022,515,919,23547,
310.299275808922,75021,516,919,23547,
310.29973221563984,75021,516,918,23548,
310.3081171120772,75021,515,919,23548,
310.3109644127219,75021,515,918,23549,
310.31250464766316,75021,515,917,23550,
310.3126359126066,75021,515,916,23551,
310.3145907677155,75021,515,915,23552,
310.3200947035802,75021,515,914,23553,
310.3213144684877,75020,516,914,23553,
310.3217535236029,75020,516,913,23554,
310.32262924057443,75020,515,914,23554,
310.32263704198374,75019,516,914,23554,
310.32919051070286,75019,516,913,23555,
310.3298331019186,75019,516,912,23556,
310.333612101122,75019,516,911,23557,
310.3339850017883,75019,516,910,23558,
310.3359168067267,75018,517,910,23558,
310.33661595349326,75018,516,911,23558,
310.3378312749139,75018,516,910,23559,
310.3494005798139,75018,516,909,23560,
310.36047475442757,75018,515,910,23560,
310.3625494071491,75018,514,911,23560,
310.362980884592,75018,514,910,23561,
310.37122152026365,75018,514,909,23562,
310.3751527677198,75017,515,909,23562,
310.3755941882232,75017,514,910,23562,
310.3801606942572,75017,513,911,23562,
310.3820928261017,75016,514,911,23562,
310.38342898043925,75016,514,910,23563,
310.3898035934303,75016,514,909,23564,
310.39098185270126,75016,514,908,23565,
310.3929637922744,75016,513,909,23565,
310.3968377720973,75015,514,909,23565,
310.3974614801307,75014,515,909,23565,
310.40084103763377,75014,515,908,23566,
310.4011976333329,75014,514,909,23566,
310.403413150469,75014,513,910,23566,
310.40714023038885,75014,512,911,23566,
310.4090490556926,75014,512,910,23567,
310.4090959672201,75014,512,909,23568,
310.42171552718304,75013,513,909,23568,
310.42276606126507,75012,514,909,23568,
310.4300091025179,75012,514,908,23569,
310.43486397029784,75012,514,907,23570,
310.43536542194335,75011,515,907,23570,
310.4377142264435,75011,515,906,23571,
310.43882896196874,75011,515,905,23572,
310.443629811498,75010,516,905,23572,
310.44510034827636,75010,515,906,23572,
310.4474860302188,75010,515,905,23573,
310.4528918453175,75010,515,904,23574,
310.4563115189943,75010,515,903,23575,
310.4576384781683,75010,514,904,23575,
310.459654564116,75009,515,904,23575,
310.4672204425313,75009,515,903,23576,
310.4678687179324,75009,515,902,23577,
310.49150326797934,75009,515,901,23578,
310.4941426077762,75008,516,901,23578,
310.49604494059435,75008,515,902,23578,
310.4971335022143,75008,515,901,23579,
310.4992545007288,75007,516,901,23579,
310.5012345723641,75007,515,902,23579,
310.50624103177955,75007,514,903,23579,
310.5088328911864,75007,514,902,23580,
310.5103597530114,75007,514,901,23581,
310.5150890819231,75006,515,901,23581,
310.5194471494432,75005,516,901,23581,
310.5206376827714,75004,517,901,23581,
310.522563015834,75004,517,900,23582,
310.5237519363566,75003,518,900,23582,
310.5241623279321,75002,519,900,23582,
310.5314624537291,75002,519,899,23583,
310.53869410687514,75001,520,899,23583,
310.5441618843182,75001,520,898,23584,
310.54667235670195,75001,520,897,23585,
310.5474830747498,75001,519,898,23585,
310.5484542532359,75000,520,898,23585,
310.55564639212514,75000,519,899,23585,
310.5580894772772,75000,518,900,23585,
310.56163833243255,74999,519,900,23585,
310.5626721868447,74999,519,899,23586,
310.56309226786993,74999,519,898,23587,
310.56413194606995,74998,520,898,23587,
310.57472944062243,74997,521,898,23587,
310.5768348782556,74996,522,898,23587,
310.5773712035095,74996,521,899,23587,
310.57869409067484,74996,521,898,23588,
310.58269844749583,74995,522,898,23588,
310.58312556578994,74994,523,898,23588,
310.58502700442926,74994,523,897,23589,
310.5868386899584,74994,522,898,23589,
310.58961140667355,74993,523,898,23589,
310.59006193664146,74993,523,897,23590,
310.5913267878718,74992,524,897,23590,
310.59752485447876,74992,524,896,23591,
310.5999783414483,74992,524,895,23592,
310.61141717631654,74992,523,896,23592,
310.6211606144577,74992,522,897,23592,
310.62156630198615,74991,523,897,23592,
310.6240971553765,74990,524,897,23592,
310.6298607035283,74990,524,896,23593,
310.63099141251604,74990,523,897,23593,
310.63203142608063,74990,523,896,23594,
310.63253261720405,74990,522,897,23594,
310.63842049293595,74990,522,896,23595,
310.63994860140116,74990,521,897,23595,
310.64231042116467,74990,520,898,23595,
310.6444613387341,74990,519,899,23595,
310.6446231067483,74989,520,899,23595,
310.64557657918067,74988,521,899,23595,
310.6465445529767,74988,520,900,23595,
310.6480462809019,74988,519,901,23595,
310.65290428275347,74988,519,900,23596,
310.6558086353663,74988,518,901,23596,
310.65641561478685,74987,519,901,23596,
310.65667388861283,74987,519,900,23597,
310.6598938675641,74987,519,899,23598,
310.66005191905845,74986,520,899,23598,
310.6628121025838,74985,521,899,23598,
310.6634447861934,74985,520,900,23598,
310.67202055320615,74985,519,901,23598,
310.6766620073691,74984,520,901,23598,
310.67676103025684,74984,520,900,23599,
310.68508155320416,74984,520,899,23600,
310.6870475188166,74984,520,898,23601,
310.6908834371165,74984,519,899,23601,
310.6919138354246,74984,518,900,23601,
310.6929880137506,74983,519,900,23601,
310.69339921633224,74983,519,899,23602,
310.6973992947709,74983,519,898,23603,
310.70013346136045,74982,520,898,23603,
310.7006978070018,74982,520,897,23604,
310.7021368535228,74981,521,897,23604,
310.70841856860176,74980,522,897,23604,
310.7086238673638,74979,523,897,23604,
310.70957198052525,74979,523,896,23605,
310.7153306401143,74979,523,895,23606,
310.72221917128456,74979,523,894,23607,
310.7314921063479,74979,523,893,23608,
310.7340457303242,74979,522,894,23608,
310.74261283574975,74979,521,895,23608,
310.74392492971964,74979,521,894,23609,
310.7455444139627,74978,522,894,23609,
310.74666515944887,74977,523,894,23609,
310.7507002905888,74977,522,895,23609,
310.75139768731066,74977,522,894,23610,
310.7530856466139,74976,523,894,23610,
310.75939361486394,74975,524,894,23610,
310.7596406187871,74974,525,894,23610,
310.76006768100484,74974,525,893,23611,
310.7621013303127,74974,524,894,23611,
310.7621626171817,74974,524,893,23612,
310.76767665364264,74974,523,894,23612,
310.77348576415136,74974,522,895,23612,
310.7758461671416,74974,522,894,23613,
310.7845910524091,74974,521,895,23613,
310.79363045849954,74974,521,894,23614,
310.8121951287521,74973,522,894,23614,
310.81234897157844,74972,523,894,23614,
310.818976738177,74971,524,894,23614,
310.82113787071114,74970,525,894,23614,
310.82283076414666,74969,526,894,23614,
310.8246990345588,74968,527,894,23614,
310.8247845672294,74968,526,895,23614,
310.8258849035285,74968,525,896,23614,
310.8263188605072,74968,524,897,23614,
310.82772787454803,74968,523,898,23614,
310.82939311948655,74967,524,898,23614,
310.83278234272797,74966,525,898,23614,
310.83345104598965,74966,525,897,23615,
310.8372492334224,74966,525,896,23616,
310.8374523063552,74966,524,897,23616,
310.8422333223156,74965,525,897,23616,
310.84455814838384,74965,525,896,23617,
310.8501449760702,74965,524,897,23617,
310.8532819978732,74964,525,897,23617,
310.8560213069956,74963,526,897,23617,
310.8603978187704,74963,525,898,23617,
310.86653297218623,74962,526,898,23617,
310.86841650691616,74962,526,897,23618,
310.8698057784001,74962,525,898,23618,
310.87042337619323,74962,525,897,23619,
310.8733981457694,74962,524,898,23619,
310.8867475650961,74962,523,899,23619,
310.8875323639542,74962,523,898,23620,
310.8897433056561,74962,523,897,23621,
310.8911540054582,74962,523,896,23622,
310.8912493471289,74962,523,895,23623,
310.89255593950827,74962,523,894,23624,
310.8930471749198,74962,522,895,23624,
310.89519878895,74962,522,894,23625,
310.89778350044406,74962,521,895,23625,
310.9015404184446,74962,520,896,23625,
310.903032565145,74962,520,895,23626,
310.9096321066116,74962,519,896,23626,
310.9106534581082,74962,518,897,23626,
310.9179945931703,74961,519,897,23626,
310.92076192677655,74961,519,896,23627,
310.9209156374309,74961,519,895,23628,
310.92259863073656,74960,520,895,23628,
310.9301779749417,74960,519,896,23628,
310.93732297806264,74960,518,897,23628,
310.94983274068016,74960,518,896,23629,
310.95190968337084,74959,519,896,23629,
310.95832858338514,74958,520,896,23629,
310.96094588370323,74958,520,895,23630,
310.96250448476087,74958,519,896,23630,
310.96318983754094,74958,519,895,23631,
310.9664665772825,74958,519,894,23632,
310.96810805339373,74958,519,893,23633,
310.9705575815277,74958,518,894,23633,
310.9737165126763,74958,517,895,23633,
310.9789124316879,74958,516,896,23633,
310.9810979580282,74958,515,897,23633,
310.98505245049824,74957,516,897,23633,
310.98541752851537,74957,515,898,23633,
310.9871104067374,74957,515,897,23634,
310.9914624936478,74957,515,896,23635,
310.99305865428454,74957,515,895,23636,
310.9960954811554,74956,516,895,23636,
310.997537965238,74955,517,895,23636,
311.00857817040986,74954,518,895,23636,
311.0135690043726,74954,518,894,23637,
311.0194702060387,74954,517,895,23637,
311.01957978628593,74954,517,894,23638,
311.0205069506442,74954,517,893,23639,
311.02093340214213,74953,518,893,23639,
311.02459616746177,74952,519,893,23639,
311.0258775582282,74952,519,892,23640,
311.02679711845224,74952,519,891,23641,
311.0299375740104,74952,519,890,23642,
311.031403481142,74951,520,890,23642,
311.0347128422464,74951,519,891,23642,
311.0517120647977,74951,518,892,23642,
311.0591023103379,74951,518,891,23643,
311.0703491588973,74951,517,892,23643,
311.07269790438113,74951,516,893,23643,
311.08988355561553,74950,517,893,23643,
311.09052104200725,74949,518,893,23643,
311.09212986476876,74949,517,894,23643,
311.09689074267084,74948,518,894,23643,
311.1009172615654,74948,518,893,23644,
311.10345864916405,74947,519,893,23644,
311.1039710063934,74947,518,894,23644,
311.10594804782556,74947,517,895,23644,
311.1061241471842,74947,517,894,23645,
311.1122233974938,74947,516,895,23645,
311.1239189640756,74947,516,894,23646,
311.12676333534614,74947,515,895,23646,
311.12721714884924,74946,516,895,23646,
311.128230327699,74946,516,894,23647,
311.1289746135164,74946,516,893,23648,
311.13406799305517,74946,515,894,23648,
311.13610319200734,74946,514,895,23648,
311.1462543233573,74946,513,896,23648,
311.15001040209063,74945,514,896,23648,
311.15363720423437,74945,513,897,23648,
311.1591815287204,74944,514,897,23648,
311.1618573064464,74944,513,898,23648,
311.16316943818913,74943,514,898,23648,
311.1638848559238,74943,513,899,23648,
311.16724733944596,74942,514,899,23648,
311.169697376302,74941,515,899,23648,
311.17085866923435,74941,514,900,23648,
311.1715434763386,74941,513,901,23648,
311.17371742419226,74940,514,901,23648,
311.17698100146595,74940,514,900,23649,
311.17865226999675,74940,513,901,23649,
311.1821791992461,74940,512,902,23649,
311.1822137341991,74940,512,901,23650,
311.185926535885,74940,512,900,23651,
311.1877141348773,74940,511,901,23651,
311.18842883014804,74939,512,901,23651,
311.1889869562864,74938,513,901,23651,
311.19523888110746,74938,513,900,23652,
311.19688652577804,74938,513,899,23653,
311.19719859718623,74937,514,899,23653,
311.19766386415483,74937,514,898,23654,
311.19770147758516,74936,515,898,23654,
311.1996799646013,74936,515,897,23655,
311.2024130389648,74935,516,897,23655,
311.2052119470584,74935,515,898,23655,
311.2065059330024,74934,516,898,23655,
311.2113080162899,74934,516,897,23656,
311.2139421632085,74933,517,897,23656,
311.2149466582095,74933,517,896,23657,
311.2194791613669,74933,517,895,23658,
311.2236472622432,74933,516,896,23658,
311.22435996425713,74933,515,897,23658,
311.22499933551455,74933,515,896,23659,
311.22575288392443,74933,515,895,23660,
311.2262714115516,74933,515,894,23661,
311.23748052867995,74933,515,893,23662,
311.2402560840481,74933,514,894,23662,
311.2404034922854,74933,514,893,23663,
311.24594369899313,74933,514,892,23664,
311.24830370318233,74932,515,892,23664,
311.2493905985043,74931,516,892,23664,
311.2503239736448,74930,517,892,23664,
311.2523334394152,74930,516,893,23664,
311.25747394217433,74930,515,894,23664,
311.2575648187817,74930,515,893,23665,
311.2596719255817,74929,516,893,23665,
311.2608098176875,74929,515,894,23665,
311.2616712620781,74929,514,895,23665,
311.2637844594093,74928,515,895,23665,
311.26387111146596,74927,516,895,23665,
311.27507691454537,74926,517,895,23665,
311.28490356027606,74926,516,896,23665,
311.2936897399301,74926,515,897,23665,
311.29804919514714,74925,516,897,23665,
311.2992689258997,74925,515,898,23665,
311.30131529334994,74925,515,897,23666,
311.313471607776,74925,515,896,23667,
311.31660496564086,74925,515,895,23668,
311.31963047514313,74924,516,895,23668,
311.32423688732115,74924,515,896,23668,
311.3245136621701,74923,516,896,23668,
311.3246957398843,74922,517,896,23668,
311.3265968497701,74921,518,896,23668,
311.33466813226397,74921,518,895,23669,
311.34207444591544,74920,519,895,23669,
311.3428033169481,74919,520,895,23669,
311.343037827819,74919,519,896,23669,
311.355743205336,74918,520,896,23669,
311.3642833643585,74917,521,896,23669,
311.36766010837493,74916,522,896,23669,
311.36768187770446,74916,522,895,23670,
311.36922043117886,74915,523,895,23670,
311.3702205845698,74914,524,895,23670,
311.3710962659806,74913,525,895,23670,
311.3723867387424,74912,526,895,23670,
311.3773111493389,74912,526,894,23671,
311.3778177456139,74912,525,895,23671,
311.3796277802567,74912,524,896,23671,
311.3799512606504,74912,524,895,23672,
311.38020449946185,74911,525,895,23672,
311.3805091637829,74911,524,896,23672,
311.38579493470684,74911,524,895,23673,
311.38643990712467,74911,523,896,23673,
311.38649874695744,74911,523,895,23674,
311.3896460246412,74910,524,895,23674,
311.3901603604167,74910,523,896,23674,
311.39038882069275,74910,522,897,23674,
311.4018782878712,74910,521,898,23674,
311.4023038696212,74910,520,899,23674,
311.4099409688948,74910,520,898,23675,
311.4115108614834,74910,520,897,23676,
311.41385362411484,74910,519,898,23676,
311.4154100263898,74909,520,898,23676,
311.4168366120516,74908,521,898,23676,
311.41984824371644,74908,521,897,23677,
311.4257782850447,74908,521,896,23678,
311.42821540838133,74908,520,897,23678,
311.43044078077355,74908,520,896,23679,
311.4321738727932,74907,521,896,23679,
311.44492292600637,74906,522,896,23679,
311.4489210387056,74905,523,896,23679,
311.4502834290712,74904,524,896,23679,
311.45117064171154,74903,525,896,23679,
311.4568398676749,74902,526,896,23679,
311.45797005807975,74902,525,897,23679,
311.45805287547057,74902,524,898,23679,
311.45846608935057,74902,523,899,23679,
311.4643006994597,74902,522,900,23679,
311.46563414400043,74901,523,900,23679,
311.4671815328,74901,522,901,23679,
311.47144299134914,74900,523,901,23679,
311.47410378271303,74900,522,902,23679,
311.485190297252,74899,523,902,23679,
311.4915452175811,74898,524,902,23679,
311.49361263621273,74898,523,903,23679,
311.4961316728346,74897,524,903,23679,
311.49684793395005,74896,525,903,23679,
311.5002189097358,74896,525,902,23680,
311.50284016637164,74895,526,902,23680,
311.5078335323423,74894,527,902,23680,
311.50789000876665,74894,527,901,23681,
311.51325853228855,74894,527,900,23682,
311.5165791737206,74894,526,901,23682,
311.518494641303,74894,525,902,23682,
311.51908727652875,74894,524,903,23682,
311.51965191185855,74893,525,903,23682,
311.52028087933945,74893,525,902,23683,
311.5260930884157,74892,526,902,23683,
311.5275400154721,74891,527,902,23683,
311.52792585048326,74891,527,901,23684,
311.53446348156723,74891,526,902,23684,
311.5382999249646,74891,525,903,23684,
311.53900155976964,74891,524,904,23684,
311.53934878582663,74891,524,903,23685,
311.5621327704425,74890,525,903,23685,
311.5721553166653,74890,524,904,23685,
311.5745426792209,74889,525,904,23685,
311.5770385859357,74889,524,905,23685,
311.58149789121114,74889,524,904,23686,
311.5835331122773,74889,523,905,23686,
311.58640398975064,74888,524,905,23686,
311.58732990015125,74887,525,905,23686,
311.58745717277213,74887,525,904,23687,
311.58871696470453,74886,526,904,23687,
311.5899673177857,74885,527,904,23687,
311.5908942460841,74884,528,904,23687,
311.5930408923174,74883,529,904,23687,
311.5934766028391,74883,528,905,23687,
311.59364679477636,74883,527,906,23687,
311.5941521462324,74883,527,905,23688,
311.5963702650908,74883,526,906,23688,
311.60050378775225,74883,526,905,23689,
311.6007065280894,74883,525,906,23689,
311.60753292560014,74883,525,905,23690,
311.60757915183166,74882,526,905,23690,
311.61046954960284,74882,526,904,23691,
311.6175483583499,74882,526,903,23692,
311.618458907712,74881,527,903,23692,
311.62252215559346,74881,526,904,23692,
311.6233667174793,74881,526,903,23693,
311.6277392612224,74881,526,902,23694,
311.62804313793976,74881,525,903,23694,
311.6291590172129,74881,525,902,23695,
311.63595902093346,74880,526,902,23695,
311.6430823341292,74879,527,902,23695,
311.6434485525988,74878,528,902,23695,
311.6479301177242,74878,528,901,23696,
311.6486900703733,74877,529,901,23696,
311.6487636946977,74877,529,900,23697,
311.64922347612384,74876,530,900,23697,
311.64977270244583,74875,531,900,23697,
311.65018119043543,74875,530,901,23697,
311.65243160815436,74875,529,902,23697,
311.65416218310116,74874,530,902,23697,
311.6543549815234,74874,530,901,23698,
311.65738777279205,74873,531,901,23698,
311.65906722185997,74872,532,901,23698,
311.66553451685405,74872,532,900,23699,
311.66886352762674,74872,531,901,23699,
311.6731409175437,74872,531,900,23700,
311.6770840137212,74872,530,901,23700,
311.688075468671,74872,529,902,23700,
311.68905995869284,74872,528,903,23700,
311.6906595303269,74872,528,902,23701,
311.6912926808262,74872,528,901,23702,
311.69194448750835,74872,528,900,23703,
311.6928033756728,74872,527,901,23703,
311.6993316261439,74872,527,900,23704,
311.7045091966724,74872,527,899,23705,
311.7059732124046,74872,526,900,23705,
311.7074034130722,74872,525,901,23705,
311.7198089468485,74871,526,901,23705,
311.72632383533187,74871,525,902,23705,
311.7273159239977,74870,526,902,23705,
311.7294114967129,74869,527,902,23705,
311.7363459911964,74869,527,901,23706,
311.7382378627329,74869,527,900,23707,
311.73839713103104,74868,528,900,23707,
311.7439458742632,74868,528,899,23708,
311.7442638631603,74867,529,899,23708,
311.746907459337,74866,530,899,23708,
311.74854965654566,74866,529,900,23708,
311.7499877321836,74865,530,900,23708,
311.7514466555788,74865,530,899,23709,
311.7539841633857,74865,529,900,23709,
311.7591356608762,74865,528,901,23709,
311.7627220963381,74864,529,901,23709,
311.76333136629916,74864,529,900,23710,
311.76395150933934,74863,530,900,23710,
311.76600043293416,74863,530,899,23711,
311.7735958370054,74863,529,900,23711,
311.77600652588427,74863,529,899,23712,
311.7784835106093,74863,528,900,23712,
311.77874551564287,74863,527,901,23712,
311.7809048714466,74862,528,901,23712,
311.7826464658519,74862,527,902,23712,
311.782737721148,74861,528,902,23712,
311.7831985907604,74861,528,901,23713,
311.78433010928234,74861,527,902,23713,
311.78823033470127,74861,526,903,23713,
311.7883920789693,74860,527,903,23713,
311.78965468575194,74859,528,903,23713,
311.793706808258,74858,529,903,23713,
311.7976046609058,74858,528,904,23713,
311.8009748502013,74857,529,904,23713,
311.80295991662825,74857,528,905,23713,
311.8031263168324,74857,527,906,23713,
311.8044028401959,74857,527,905,23714,
311.80826932628474,74856,528,905,23714,
311.80977242097913,74856,527,906,23714,
311.81352757802375,74856,527,905,23715,
311.8146441182157,74856,527,904,23716,
311.81988345323373,74855,528,904,23716,
311.8261124171449,74855,528,903,23717,
311.82650838106525,74854,529,903,23717,
311.8274057012071,74854,528,904,23717,
311.8300250953908,74854,528,903,23718,
311.84085663381285,74854,527,904,23718,
311.8413794132673,74854,526,905,23718,
311.84440526814257,74854,525,906,23718,
311.85036576482986,74854,524,907,23718,
311.85155672474093,74853,525,907,23718,
311.8534297526574,74852,526,907,23718,
311.85516180027923,74851,527,907,23718,
311.86617187783975,74850,528,907,23718,
311.8688908764056,74849,529,907,23718,
311.87006361784415,74848,530,907,23718,
311.872497519391,74848,529,908,23718,
311.88102263293223,74848,528,909,23718,
311.88230498851743,74847,529,909,23718,
311.88795136531525,74846,530,909,23718,
311.89352299741734,74845,531,909,23718,
311.89478041365487,74845,531,908,23719,
311.89828730032394,74845,531,907,23720,
311.91022944998593,74844,532,907,23720,
311.9125751549178,74843,533,907,23720,
311.9144362979668,74843,533,906,23721,
311.9186104968818,74843,532,907,23721,
311.9199576864454,74843,531,908,23721,
311.9214771223251,74843,531,907,23722,
311.9214803367663,74842,532,907,23722,
311.92338707508435,74842,532,906,23723,
311.9239795711298,74842,532,905,23724,
311.924993111768,74842,531,906,23724,
311.9253674384075,74842,530,907,23724,
311.9258697473969,74842,529,908,23724,
311.92819456436706,74841,530,908,23724,
311.93307907665167,74841,529,909,23724,
311.9370094353073,74841,528,910,23724,
311.94137225008916,74841,528,909,23725,
311.944608841487,74841,528,908,23726,
311.9500593530429,74840,529,908,23726,
311.95115444213843,74839,530,908,23726,
311.9537900848653,74838,531,908,23726,
311.9550401435406,74838,530,909,23726,
311.9555133323449,74837,531,909,23726,
311.95552030814315,74836,532,909,23726,
311.9558571916042,74836,532,908,23727,
311.95906433539704,74835,533,908,23727,
311.96005165509,74835,532,909,23727,
311.9731367218763,74835,532,908,23728,
311.9744698305678,74834,533,908,23728,
311.97528576196777,74834,532,909,23728,
311.97535978686534,74834,531,910,23728,
311.9785988294139,74834,530,911,23728,
311.97889403868345,74833,531,911,23728,
311.9796505578411,74832,532,911,23728,
311.9885912738387,74832,532,910,23729,
311.98999539868134,74832,532,909,23730,
311.9948495101936,74832,532,908,23731,
312.00413913974114,74831,533,908,23731,
312.0085479260213,74831,533,907,23732,
312.01411493664136,74831,532,908,23732,
312.0147560785923,74831,532,907,23733,
312.01556506047604,74831,531,908,23733,
312.01850851352873,74831,530,909,23733,
312.02019065192354,74831,529,910,23733,
312.02122208142504,74831,529,909,23734,
312.0218613359855,74831,528,910,23734,
312.02841431535154,74831,527,911,23734,
312.0305177130004,74831,527,910,23735,
312.0311304507512,74830,528,910,23735,
312.0372443484417,74830,528,909,23736,
312.0376837607261,74830,527,910,23736,
312.0449337847938,74829,528,910,23736,
312.0459125785996,74828,529,910,23736,
312.0490270736545,74827,530,910,23736,
312.05031596283715,74827,530,909,23737,
312.05136321274375,74827,530,908,23738,
312.0514692363945,74826,531,908,23738,
312.05440209652573,74826,531,907,23739,
312.05855016872647,74825,532,907,23739,
312.0614116669592,74825,532,906,23740,
312.06884778224315,74825,531,907,23740,
312.07025697968385,74824,532,907,23740,
312.0729159107934,74823,533,907,23740,
312.07292512325233,74823,533,906,23741,
312.0735983866214,74823,533,905,23742,
312.0756169965332,74823,532,906,23742,
312.0768196348365,74823,531,907,23742,
312.079962945015,74823,530,908,23742,
312.08038174001115,74823,529,909,23742,
312.080700304338,74823,529,908,23743,
312.0821153765866,74822,530,908,23743,
312.09388428482424,74821,531,908,23743,
312.09527501860117,74820,532,908,23743,
312.0963807744565,74820,531,909,23743,
312.09749463454085,74820,531,908,23744,
312.105577899349,74820,531,907,23745,
312.10655762986215,74820,530,908,23745,
312.106673647343,74819,531,908,23745,
312.10832102303584,74819,531,907,23746,
312.1093678797691,74819,530,908,23746,
312.12339889339387,74819,529,909,23746,
312.12477808101795,74818,530,909,23746,
312.13235736620453,74817,531,909,23746,
312.13668974543185,74817,531,908,23747,
312.1446993607276,74817,530,909,23747,
312.1498159651698,74816,531,909,23747,
312.15094530992656,74815,532,909,23747,
312.1541353144138,74815,532,908,23748,
312.1549347278392,74815,532,907,23749,
312.1579816581341,74815,532,906,23750,
312.15968437547787,74815,532,905,23751,
312.16019664709785,74815,532,904,23752,
312.1650418728166,74815,532,903,23753,
312.1652845605611,74815,532,902,23754,
312.16726169803513,74815,532,901,23755,
312.1705737344867,74814,533,901,23755,
312.17225758850503,74814,533,900,23756,
312.17554888277766,74814,532,901,23756,
312.17671800920664,74814,532,900,23757,
312.17681557744913,74814,532,899,23758,
312.191337123343,74814,531,900,23758,
312.19393610014816,74814,531,899,23759,
312.1980003838848,74814,531,898,23760,
312.2037120817977,74814,531,897,23761,
312.207107115582,74814,530,898,23761,
312.20951969749063,74813,531,898,23761,
312.2099740865831,74813,530,899,23761,
312.21096565112464,74813,529,900,23761,
312.22426742278066,74813,529,899,23762,
312.2297971418865,74813,528,900,23762,
312.2328392735133,74813,528,899,23763,
312.2363128441489,74813,527,900,23763,
312.244047310796,74813,527,899,23764,
312.24586289962224,74812,528,899,23764,
312.2486445241726,74812,527,900,23764,
312.25063983482744,74812,527,899,23765,
312.25471027789365,74811,528,899,23765,
312.25484451464297,74811,528,898,23766,
312.25836568272297,74811,527,899,23766,
312.25982945519263,74810,528,899,23766,
312.2646468622986,74810,527,900,23766,
312.2655018115348,74810,526,901,23766,
312.2748022974222,74810,525,902,23766,
312.2748064430725,74809,526,902,23766,
312.27561957929464,74808,527,902,23766,
312.2765233109373,74808,527,901,23767,
312.28497319797475,74808,527,900,23768,
312.2899112871808,74808,526,901,23768,
312.2903962566755,74808,525,902,23768,
312.29180300654775,74808,524,903,23768,
312.292921320966,74808,523,904,23768,
312.2931171327693,74808,522,905,23768,
312.29851701348707,74808,521,906,23768,
312.29956869248775,74808,521,905,23769,
312.3034663515339,74808,521,904,23770,
312.31474148849264,74808,521,903,23771,
312.3247832680721,74808,520,904,23771,
312.3350701496002,74808,519,905,23771,
312.3356684219321,74807,520,905,23771,
312.336190950386,74807,519,906,23771,
312.3422772236212,74807,518,907,23771,
312.3424845528383,74807,518,906,23772,
312.342542735323,74806,519,906,23772,
312.34841483319167,74805,520,906,23772,
312.3533090503166,74805,519,907,23772,
312.35352095009,74805,518,908,23772,
312.35649778023475,74805,518,907,23773,
312.3597517188747,74804,519,907,23773,
312.3598128559856,74803,520,907,23773,
312.36037146486524,74802,521,907,23773,
312.3618166253563,74802,520,908,23773,
312.36255229092234,74802,519,909,23773,
312.36448510918507,74801,520,909,23773,
312.3658542338337,74801,519,910,23773,
312.3660598471805,74801,518,911,23773,
312.3661415894812,74800,519,911,23773,
312.3678258450971,74799,520,911,23773,
312.3697309713386,74799,519,912,23773,
312.37367930165584,74799,519,911,23774,
312.3740243322366,74799,519,910,23775,
312.37455074690035,74799,518,911,23775,
312.37494342227615,74798,519,911,23775,
312.3757328696218,74798,519,910,23776,
312.3785269311814,74798,519,909,23777,
312.38755513528963,74798,519,908,23778,
312.389313384052,74797,520,908,23778,
312.3942407823965,74797,520,907,23779,
312.3997925098727,74797,519,908,23779,
312.40061415854893,74796,520,908,23779,
312.40712492504974,74796,519,909,23779,
312.4106606236038,74796,519,908,23780,
312.4157267103337,74795,520,908,23780,
312.417134624408,74794,521,908,23780,
312.42597565343596,74794,521,907,23781,
312.42612731440107,74793,522,907,23781,
312.4265838324192,74792,523,907,23781,
312.4270447649318,74791,524,907,23781,
312.42728387453315,74791,524,906,23782,
312.42847063910665,74791,524,905,23783,
312.4287026606918,74791,523,906,23783,
312.429819231762,74791,522,907,23783,
312.43423207592895,74791,521,908,23783,
312.4345773318229,74791,521,907,23784,
312.43838743258544,74791,520,908,23784,
312.43967058754777,74791,519,909,23784,
312.44955508477744,74791,518,910,23784,
312.4506304195114,74791,518,909,23785,
312.45101332131924,74791,518,908,23786,
312.4544445609333,74790,519,908,23786,
312.4549329932244,74790,519,907,23787,
312.4554351197621,74790,518,908,23787,
312.4589930031857,74790,518,907,23788,
312.459206125171,74790,517,908,23788,
312.46227416108434,74790,517,907,23789,
312.46362601751883,74790,516,908,23789,
312.4652831812009,74790,515,909,23789,
312.47451373383853,74790,514,910,23789,
312.4748130886774,74790,514,909,23790,
312.48122060912,74789,515,909,23790,
312.4833604999211,74789,515,908,23791,
312.485565347546,74789,515,907,23792,
312.4932839852291,74788,516,907,23792,
312.49615774915634,74788,515,908,23792,
312.49815507861905,74788,514,909,23792,
312.49865458766067,74787,515,909,23792,
312.49968050528514,74787,514,910,23792,
312.5021364987645,74787,513,911,23792,
312.5079566896697,74787,513,910,23793,
312.5084567627688,74786,514,910,23793,
312.51764079454273,74785,515,910,23793,
312.52300151739723,74784,516,910,23793,
312.5232728069851,74784,516,909,23794,
312.52558287845994,74783,517,909,23794,
312.5296197694976,74783,517,908,23795,
312.5329295849188,74783,516,909,23795,
312.54130203574687,74783,515,910,23795,
312.5477557476226,74782,516,910,23795,
312.547765898598,74782,516,909,23796,
312.5506366191766,74782,516,908,23797,
312.55761705682414,74782,515,909,23797,
312.55773348526407,74782,515,908,23798,
312.56684900964353,74782,514,909,23798,
312.56820762163096,74781,515,909,23798,
312.57665931573877,74781,515,908,23799,
312.57699316394036,74781,515,907,23800,
312.57852528997773,74781,515,906,23801,
312.58198369357825,74780,516,906,23801,
312.5970005449254,74780,515,907,23801,
312.59711858795737,74779,516,907,23801,
312.5974697225222,74779,516,906,23802,
312.6112248643597,74779,516,905,23803,
312.61535155831393,74779,516,904,23804,
312.61585086638354,74779,515,905,23804,
312.6190527311043,74778,516,905,23804,
312.6226533016825,74778,515,906,23804,
312.629760349739,74778,515,905,23805,
312.6398827935079,74778,515,904,23806,
312.6399698074909,74778,515,903,23807,
312.64051915341634,74777,516,903,23807,
312.6425524940005,74777,516,902,23808,
312.649837142066,74777,516,901,23809,
312.652604751274,74777,516,900,23810,
312.65582725874816,74776,517,900,23810,
312.65897269182955,74776,517,899,23811,
312.6608878698889,74776,517,898,23812,
312.6639464902234,74776,516,899,23812,
312.675612064497,74775,517,899,23812,
312.67609241744293,74775,516,900,23812,
312.6865658303784,74775,515,901,23812,
312.68968790780576,74775,515,900,23813,
312.69135829000425,74775,515,899,23814,
312.6917188977258,74774,516,899,23814,
312.69198774857284,74774,516,898,23815,
312.6926264367859,74774,516,897,23816,
312.69560919715485,74774,516,896,23817,
312.70231154655784,74774,516,895,23818,
312.7062562918197,74773,517,895,23818,
312.7098120406125,74773,517,894,23819,
312.7117201753482,74773,517,893,23820,
312.7134446971105,74773,516,894,23820,
312.7164179849452,74773,516,893,23821,
312.71701452278137,74772,517,893,23821,
312.71744573974775,74772,516,894,23821,
312.7177599199493,74772,516,893,23822,
312.7182034674553,74771,517,893,23822,
312.7232582661962,74771,517,892,23823,
312.72569352735667,74771,517,891,23824,
312.7297012798125,74770,518,891,23824,
312.73612242559386,74770,517,892,23824,
312.73873010514745,74770,517,891,23825,
312.7391725558697,74770,517,890,23826,
312.7393452460621,74770,517,889,23827,
312.7449518022764,74770,517,888,23828,
312.7459122415742,74770,516,889,23828,
312.7503695383191,74770,515,890,23828,
312.7519662001607,74770,514,891,23828,
312.754319819187,74770,514,890,23829,
312.75432584753963,74770,514,889,23830,
312.77339743445754,74769,515,889,23830,
312.7791348494294,74768,516,889,23830,
312.7798788030673,74767,517,889,23830,
312.78061497950193,74767,517,888,23831,
312.7845378273218,74767,516,889,23831,
312.7846494290613,74767,515,890,23831,
312.79680544297014,74766,516,890,23831,
312.8079755987143,74766,516,889,23832,
312.8087652749156,74766,515,890,23832,
312.815727428416,74766,515,889,23833,
312.8168300618953,74765,516,889,23833,
312.8170486490224,74764,517,889,23833,
312.81726481497617,74764,517,888,23834,
312.8199545427498,74764,517,887,23835,
312.82359396592415,74764,516,888,23835,
312.8254906516956,74763,517,888,23835,
312.82998125000586,74762,518,888,23835,
312.83142439693677,74762,517,889,23835,
312.8355525630649,74762,517,888,23836,
312.8368301724359,74762,517,887,23837,
312.8377096659591,74761,518,887,23837,
312.84004006730527,74760,519,887,23837,
312.84436609351354,74760,518,888,23837,
312.84472110472643,74760,517,889,23837,
312.8479828720935,74759,518,889,23837,
312.8511550541721,74759,517,890,23837,
312.85641121501726,74759,516,891,23837,
312.8566670646515,74759,516,890,23838,
312.85704641234287,74758,517,890,23838,
312.85965615117266,74758,516,891,23838,
312.8600767853998,74758,516,890,23839,
312.8626910583898,74757,517,890,23839,
312.8647159490835,74757,517,889,23840,
312.8681553360578,74757,517,888,23841,
312.8682323270692,74757,517,887,23842,
312.8789952355659,74757,517,886,23843,
312.88033308671424,74757,516,887,23843,
312.88480515335453,74757,515,888,23843,
312.88534309630194,74757,514,889,23843,
312.8856478355399,74756,515,889,23843,
312.88748414431234,74756,515,888,23844,
312.8892093573913,74755,516,888,23844,
312.8912515271385,74755,516,887,23845,
312.89130805613274,74755,515,888,23845,
312.8918069764363,74754,516,888,23845,
312.894119043549,74754,515,889,23845,
312.89476615477247,74754,514,890,23845,
312.89646138216165,74754,513,891,23845,
312.89787779319977,74753,514,891,23845,
312.90182433377134,74753,513,892,23845,
312.91196307185527,74753,512,893,23845,
312.91214025999494,74753,512,892,23846,
312.9126819493675,74753,512,891,23847,
312.9141433936527,74753,512,890,23848,
312.91655906320887,74753,512,889,23849,
312.9218079421689,74752,513,889,23849,
312.92203889327436,74751,514,889,23849,
312.9234278853105,74750,515,889,23849,
312.92719312433553,74749,516,889,23849,
312.9299744902246,74749,515,890,23849,
312.93420492975247,74749,514,891,23849,
312.93460600229525,74749,513,892,23849,
312.93701013383367,74749,512,893,23849,
312.94261932496863,74749,512,892,23850,
312.9428498623863,74749,511,893,23850,
312.9484389705796,74748,512,893,23850,
312.948442623972,74747,513,893,23850,
312.95147036633983,74747,512,894,23850,
312.95326499794174,74746,513,894,23850,
312.95408974022826,74746,512,895,23850,
312.95551238647306,74746,512,894,23851,
312.9623324477355,74745,513,894,23851,
312.9656610466393,74745,512,895,23851,
312.9705774354449,74744,513,895,23851,
312.97177098116043,74744,513,894,23852,
312.9726207768454,74743,514,894,23852,
312.9748694381505,74743,513,895,23852,
312.97523336106707,74742,514,895,23852,
312.976331487217,74742,513,896,23852,
312.98064320907264,74742,512,897,23852,
312.9869135811126,74742,511,898,23852,
312.98978832297956,74741,512,898,23852,
312.99263664993447,74741,511,899,23852,
312.9952675101619,74740,512,899,23852,
312.99729691327076,74740,512,898,23853,
313.0009988790769,74739,513,898,23853,
313.001527847075,74739,513,897,23854,
313.00522481501935,74739,512,898,23854,
313.0165643198434,74739,511,899,23854,
313.0180349509347,74739,510,900,23854,
313.0210729348202,74739,510,899,23855,
313.02406253673155,74739,510,898,23856,
313.02417996750677,74738,511,898,23856,
313.02442785679267,74738,510,899,23856,
313.02911637982726,74738,510,898,23857,
313.03219816192103,74737,511,898,23857,
313.0322065574891,74737,511,897,23858,
313.03835511574425,74737,510,898,23858,
313.04293832138995,74736,511,898,23858,
313.04460588409097,74736,510,899,23858,
313.04477257533426,74735,511,899,23858,
313.0451591841808,74734,512,899,23858,
313.0479763416502,74733,513,899,23858,
313.0479989473939,74733,512,900,23858,
313.0494060287456,74732,513,900,23858,
313.05530675377986,74732,513,899,23859,
313.05939268400977,74731,514,899,23859,
313.06143677610737,74731,514,898,23860,
313.0660246263189,74730,515,898,23860,
313.06703027759767,74730,514,899,23860,
313.0719906108578,74729,515,899,23860,
313.07675775080475,74729,514,900,23860,
313.07728506846644,74729,513,901,23860,
313.08663461002993,74728,514,901,23860,
313.0891368505567,74727,515,901,23860,
313.1002998631656,74726,516,901,23860,
313.1041757605525,74725,517,901,23860,
313.10496214742045,74725,517,900,23861,
313.10889002252605,74725,516,901,23861,
313.1098427157417,74724,517,901,23861,
313.1117549789349,74723,518,901,23861,
313.11498294429055,74722,519,901,23861,
313.124192749598,74722,519,900,23862,
313.12649637949374,74722,518,901,23862,
313.12901777846054,74721,519,901,23862,
313.13212986827943,74721,519,900,23863,
313.14087951167335,74721,519,899,23864,
313.14441770444887,74720,520,899,23864,
313.1448918770261,74720,520,898,23865,
313.1453815294528,74720,520,897,23866,
313.14923996974767,74720,520,896,23867,
313.1536632510096,74720,520,895,23868,
313.15568428642257,74720,519,896,23868,
313.1576038328344,74720,519,895,23869,
313.1607447050072,74720,519,894,23870,
313.16232593954805,74720,518,895,23870,
313.1641870421848,74720,518,894,23871,
313.1685118785341,74720,517,895,23871,
313.16907465717884,74720,516,896,23871,
313.1763219947019,74719,517,896,23871,
313.1791882165736,74719,517,895,23872,
313.17926064814264,74718,518,895,23872,
313.18175866248214,74718,518,894,23873,
313.1821786793911,74718,518,893,23874,
313.1822576419915,74718,518,892,23875,
313.18792982127667,74717,519,892,23875,
313.1893035285921,74716,520,892,23875,
313.1905779260573,74716,519,893,23875,
313.19433010077415,74716,518,894,23875,
313.1983233985541,74716,517,895,23875,
313.2069388524074,74715,518,895,23875,
313.208422200225,74715,517,896,23875,
313.20894787122046,74715,516,897,23875,
313.21042215685503,74715,516,896,23876,
313.2130504353713,74714,517,896,23876,
313.222450124828,74714,516,897,23876,
313.2301393206843,74714,515,898,23876,
313.2301621216197,74714,514,899,23876,
313.2397757558018,74714,514,898,23877,
313.24120761150755,74713,515,898,23877,
313.2416800757559,74712,516,898,23877,
313.2425930174333,74712,515,899,23877,
313.244124159443,74712,514,900,23877,
313.2477285670937,74711,515,900,23877,
313.2492056828085,74711,514,901,23877,
313.2517794862035,74710,515,901,23877,
313.25671211997667,74710,514,902,23877,
313.2583578081397,74710,514,901,23878,
313.26050527020885,74709,515,901,23878,
313.26161936209695,74709,515,900,23879,
313.2635000230053,74708,516,900,23879,
313.26361953739314,74708,515,901,23879,
313.26386469764583,74708,514,902,23879,
313.2645025440083,74708,513,903,23879,
313.26473604618184,74708,512,904,23879,
313.26790848884286,74708,511,905,23879,
313.2696924048425,74708,511,904,23880,
313.27171992508465,74708,511,903,23881,
313.27349131897654,74708,511,902,23882,
313.2740968535611,74707,512,902,23882,
313.27421248668884,74707,511,903,23882,
313.2774831456448,74707,510,904,23882,
313.2846572271898,74707,509,905,23882,
313.2922472067157,74707,509,904,23883,
313.29758271870486,74707,509,903,23884,
313.29834639665546,74706,510,903,23884,
313.3080472222071,74705,511,903,23884,
313.30913296426763,74705,510,904,23884,
313.3122696072084,74705,510,903,23885,
313.31260534534243,74704,511,903,23885,
313.3147653515799,74704,510,904,23885,
313.3164660538225,74703,511,904,23885,
313.31772835982713,74703,511,903,23886,
313.319571029353,74703,510,904,23886,
313.3220517409043,74703,510,903,23887,
313.323265513058,74702,511,903,23887,
313.32678736442784,74702,511,902,23888,
313.32847387683483,74702,510,903,23888,
313.3353429537601,74701,511,903,23888,
313.3354184429797,74701,511,902,23889,
313.3376738342826,74701,510,903,23889,
313.33892537829206,74701,510,902,23890,
313.34225448874787,74701,509,903,23890,
313.3426001813496,74701,508,904,23890,
313.3441839246417,74701,508,903,23891,
313.3449198771597,74700,509,903,23891,
313.347292089409,74700,509,902,23892,
313.35279671480134,74700,508,903,23892,
313.35322184888423,74699,509,903,23892,
313.35464165098244,74699,509,902,23893,
313.35814070768544,74699,509,901,23894,
313.3584260951932,74699,508,902,23894,
313.3604367955591,74699,508,901,23895,
313.3714933403317,74698,509,901,23895,
313.3778050348161,74698,509,900,23896,
313.37953770881023,74697,510,900,23896,
313.38294417882514,74697,509,901,23896,
313.3849893300177,74697,509,900,23897,
313.38844000271433,74697,509,899,23898,
313.3968239175768,74696,510,899,23898,
313.3975729021835,74696,510,898,23899,
313.3977591790481,74695,511,898,23899,
313.3993356823852,74695,511,897,23900,
313.39975107782425,74695,510,898,23900,
313.4034410582179,74694,511,898,23900,
313.40751995804254,74693,512,898,23900,
313.40774988528256,74693,512,897,23901,
313.409854977392,74693,512,896,23902,
313.4101960959402,74693,512,895,23903,
313.41031112728604,74693,511,896,23903,
313.4139660668792,74693,511,895,23904,
313.4213556789802,74693,510,896,23904,
313.4221504282942,74693,510,895,23905,
313.4259041690176,74693,510,894,23906,
313.4313131221744,74693,509,895,23906,
313.4324262433506,74692,510,895,23906,
313.435455930829,74692,509,896,23906,
313.44021023696666,74692,509,895,23907,
313.44399692890175,74692,509,894,23908,
313.44510331669164,74691,510,894,23908,
313.44661687742894,74691,509,895,23908,
313.44923866008435,74690,510,895,23908,
313.45855318125643,74690,510,894,23909,
313.4638326464129,74690,509,895,23909,
313.4663315139229,74690,508,896,23909,
313.4696448262465,74689,509,896,23909,
313.47386109119054,74689,509,895,23910,
313.47435634724496,74689,508,896,23910,
313.4774618482277,74689,508,895,23911,
313.4777195044119,74689,508,894,23912,
313.48390162271846,74689,507,895,23912,
313.49701127523656,74689,506,896,23912,
313.49800264193635,74689,506,895,23913,
313.50360189862744,74689,505,896,23913,
313.50383028146683,74689,505,895,23914,
313.50967336933115,74689,505,894,23915,
313.515668170965,74689,505,893,23916,
313.5195535327873,74688,506,893,23916,
313.5230688199591,74687,507,893,23916,
313.52349409233875,74687,507,892,23917,
313.52595232978297,74687,506,893,23917,
313.5296167254749,74686,507,893,23917,
313.5311750705806,74686,507,892,23918,
313.5328629892171,74686,507,891,23919,
313.5340064539203,74686,507,890,23920,
313.53887786382177,74686,506,891,23920,
313.53902688944873,74685,507,891,23920,
313.53959691144445,74685,507,890,23921,
313.5442754690936,74685,507,889,23922,
313.54469538373263,74685,506,890,23922,
313.5482962955541,74684,507,890,23922,
313.554831395761,74684,507,889,23923,
313.5610304533511,74683,508,889,23923,
313.5655668935439,74682,509,889,23923,
313.5784384455882,74681,510,889,23923,
313.5816438634315,74680,511,889,23923,
313.58489700836935,74680,510,890,23923,
313.5857446180648,74679,511,890,23923,
313.59808838388346,74679,510,891,23923,
313.59887349167496,74679,510,890,23924,
313.60319052569776,74679,510,889,23925,
313.6034350883281,74679,510,888,23926,
313.60497260872035,74679,509,889,23926,
313.6068680865266,74679,508,890,23926,
313.6118635861183,74679,507,891,23926,
313.6134764698987,74679,506,892,23926,
313.6171932391073,74679,506,891,23927,
313.61726860761394,74679,505,892,23927,
313.62089662952735,74679,504,893,23927,
313.621152020497,74679,503,894,23927,
313.6235410883932,74679,503,893,23928,
313.62527114473096,74679,502,894,23928,
313.6288687037387,74678,503,894,23928,
313.6301779952998,74678,503,893,23929,
313.6304492938808,74678,503,892,23930,
313.63208153574067,74678,502,893,23930,
313.63625805408617,74678,501,894,23930,
313.6375276707243,74677,502,894,23930,
313.64143151151853,74677,502,893,23931,
313.64284167015717,74676,503,893,23931,
313.6433651319961,74676,502,894,23931,
313.649109157489,74676,502,893,23932,
313.6520083525431,74676,502,892,23933,
313.66383168147314,74676,502,891,23934,
313.67168001138623,74675,503,891,23934,
313.67213822085574,74675,502,892,23934,
313.68034025286755,74674,503,892,23934,
313.68112633755004,74674,503,891,23935,
313.682853110165,74674,503,890,23936,
313.6846592725935,74673,504,890,23936,
313.6905673819499,74673,503,891,23936,
313.69069834059417,74673,502,892,23936,
313.6926782414734,74673,502,891,23937,
313.7018595517048,74672,503,891,23937,
313.7023808949034,74672,503,890,23938,
313.7063394892469,74671,504,890,23938,
313.70758396705446,74671,503,891,23938,
313.71402643455895,74670,504,891,23938,
313.71879279036403,74670,503,892,23938,
313.7239912307708,74670,503,891,23939,
313.7320015396088,74670,502,892,23939,
313.7466129268286,74670,502,891,23940,
313.74696349863126,74670,502,890,23941,
313.7492587723535,74670,501,891,23941,
313.75053369515814,74670,501,890,23942,
313.751327080655,74670,500,891,23942,
313.75484774447307,74670,500,890,23943,
313.7557545447263,74669,501,890,23943,
313.75604113828695,74669,500,891,23943,
313.75735499866636,74669,500,890,23944,
313.75749947160915,74669,499,891,23944,
313.76043475396045,74668,500,891,23944,
313.7689815011423,74668,500,890,23945,
313.77123415157473,74668,499,891,23945,
313.77456898651366,74668,499,890,23946,
313.78458124870895,74667,500,890,23946,
313.7992852807479,74666,501,890,23946,
313.7999126013803,74665,502,890,23946,
313.8044608659655,74665,502,889,23947,
313.8111663736107,74664,503,889,23947,
313.81124588858546,74663,504,889,23947,
313.8119977797739,74663,504,888,23948,
313.8120463025586,74663,504,887,23949,
313.81517042558994,74663,504,886,23950,
313.8193747219503,74662,505,886,23950,
313.8202082907631,74661,506,886,23950,
313.820222749993,74660,507,886,23950,
313.8246825189112,74659,508,886,23950,
313.82530361555615,74658,509,886,23950,
313.8311308888907,74658,509,885,23951,
313.83364205035497,74657,510,885,23951,
313.83396910731346,74657,510,884,23952,
313.83442708225084,74657,510,883,23953,
313.83523206713005,74657,509,884,23953,
313.83598359391823,74657,508,885,23953,
313.83998139660923,74657,508,884,23954,
313.84648336010014,74657,507,885,23954,
313.8509541393693,74657,507,884,23955,
313.85253908021105,74657,507,883,23956,
313.8600018347072,74656,508,883,23956,
313.86188755743507,74656,507,884,23956,
313.86611084116277,74656,507,883,23957,
313.866207876663,74656,506,884,23957,
313.86627642181236,74656,505,885,23957,
313.87226011989077,74655,506,885,23957,
313.8778688858682,74655,506,884,23958,
313.87954014662387,74655,506,883,23959,
313.8812845179106,74655,505,884,23959,
313.89246797883743,74654,506,884,23959,
313.89662573961533,74654,505,885,23959,
313.91886344217033,74654,505,884,23960,
313.92158241362495,74654,505,883,23961,
313.92218475426847,74653,506,883,23961,
313.92499261730285,74653,506,882,23962,
313.9269804100966,74652,507,882,23962,
313.92840983228837,74652,507,881,23963,
313.93309688488307,74652,506,882,23963,
313.9429721193301,74652,506,881,23964,
313.9460366544724,74652,505,882,23964,
313.94603996768603,74652,505,881,23965,
313.9520435600692,74652,504,882,23965,
313.9524566777678,74652,504,881,23966,
313.95618421983767,74652,504,880,23967,
313.9599404713673,74652,504,879,23968,
313.96048593006697,74651,505,879,23968,
313.96356364135045,74651,505,878,23969,
313.9654716512897,74650,506,878,23969,
313.96667221700676,74650,505,879,23969,
313.96710698248825,74650,505,878,23970,
313.9673349483786,74649,506,878,23970,
313.9684806567138,74648,507,878,23970,
313.9701795019348,74648,506,879,23970,
313.984854704716,74647,507,879,23970,
313.9881137076817,74646,508,879,23970,
313.9918957473322,74646,508,878,23971,
313.99807935611943,74646,507,879,23971,
314.0047591381449,74645,508,879,23971,
314.0062308551354,74645,507,880,23971,
314.0074171764595,74644,508,880,23971,
314.00852087877934,74644,508,879,23972,
314.01045947491895,74643,509,879,23972,
314.0124737609328,74642,510,879,23972,
314.01399301889893,74642,509,880,23972,
314.0188249825788,74642,509,879,23973,
314.020275539374,74642,508,880,23973,
314.02273111271734,74642,508,879,23974,
314.02639267439775,74642,507,880,23974,
314.0285903616615,74641,508,880,23974,
314.02898199799176,74640,509,880,23974,
314.0329429268094,74640,509,879,23975,
314.033502739651,74640,509,878,23976,
314.0349903567098,74640,508,879,23976,
314.035284072928,74639,509,879,23976,
314.0366967783895,74639,508,880,23976,
314.0371701513991,74638,509,880,23976,
314.0379544805456,74637,510,880,23976,
314.05001145075283,74637,510,879,23977,
314.05001439595594,74637,510,878,23978,
314.0507006022647,74636,511,878,23978,
314.0572307400674,74636,510,879,23978,
314.0607863301515,74635,511,879,23978,
314.0634971870231,74634,512,879,23978,
314.06520607332277,74634,512,878,23979,
314.0659746730968,74634,512,877,23980,
314.0770221442795,74634,512,876,23981,
314.0842391988849,74633,513,876,23981,
314.0845951347228,74633,513,875,23982,
314.0937681179281,74632,514,875,23982,
314.1073198838279,74632,513,876,23982,
314.115394043923,74631,514,876,23982,
314.1204186939103,74631,513,877,23982,
314.12178805547234,74631,512,878,23982,
314.1233313328532,74630,513,878,23982,
314.1246094930129,74630,513,877,23983,
314.1257805244775,74630,513,876,23984,
314.13043908165884,74630,513,875,23985,
314.13442349341176,74630,512,876,23985,
314.13500198895093,74630,512,875,23986,
314.1356825705721,74630,512,874,23987,
314.1382177701476,74630,512,873,23988,
314.13832439456917,74630,511,874,23988,
314.1418737435529,74629,512,874,23988,
314.1441866304723,74628,513,874,23988,
314.144909334582,74628,513,873,23989,
314.1466424094116,74628,513,872,23990,
314.1476482678811,74627,514,872,23990,
314.15022612632566,74627,514,871,23991,
314.1545006137392,74626,515,871,23991,
314.15462350824055,74625,516,871,23991,
314.1546864123948,74624,517,871,23991,
314.1564735876129,74624,516,872,23991,
314.1785847316244,74624,515,873,23991,
314.179536192563,74624,514,874,23991,
314.17981447064955,74624,513,875,23991,
314.18238525184034,74623,514,875,23991,
314.1831601032958,74623,514,874,23992,
314.18406368629803,74623,513,875,23992,
314.187217778901,74623,513,874,23993,
314.1897977736229,74623,513,873,23994,
314.1954630010611,74622,514,873,23994,
314.2102091240658,74621,515,873,23994,
314.2110524756501,74621,515,872,23995,
314.21366982830733,74620,516,872,23995,
314.21848268744185,74619,517,872,23995,
314.2190252231732,74619,517,871,23996,
314.2226841925715,74618,518,871,23996,
314.2243463349166,74617,519,871,23996,
314.2262346156536,74617,519,870,23997,
314.22673836099614,74616,520,870,23997,
314.22742418930716,74616,520,869,23998,
314.2278207111214,74615,521,869,23998,
314.232930866845,74615,520,870,23998,
314.2343088831016,74615,520,869,23999,
314.2365046308425,74615,520,868,24000,
314.24219642596387,74614,521,868,24000,
314.2422026277272,74614,521,867,24001,
314.2430116618626,74614,520,868,24001,
314.2500823479183,74614,520,867,24002,
314.25835883882115,74614,520,866,24003,
314.25979646115434,74614,519,867,24003,
314.2609351113382,74614,518,868,24003,
314.26449844973763,74613,519,868,24003,
314.266696567401,74613,519,867,24004,
314.27403610330975,74613,518,868,24004,
314.27701594213494,74613,517,869,24004,
314.27940042705137,74612,518,869,24004,
314.28005902055,74612,518,868,24005,
314.280875362289,74611,519,868,24005,
314.2816477626375,74610,520,868,24005,
314.2821252036298,74609,521,868,24005,
314.2823822446287,74608,522,868,24005,
314.2853879956613,74607,523,868,24005,
314.2866570885985,74607,522,869,24005,
314.28771668249567,74606,523,869,24005,
314.2934876094867,74606,522,870,24005,
314.2959409896561,74606,521,871,24005,
314.29643616615516,74606,521,870,24006,
314.3046978474763,74606,520,871,24006,
314.30645789389536,74606,519,872,24006,
314.3081195153815,74606,518,873,24006,
314.31065287886224,74606,518,872,24007,
314.3220270750543,74606,517,873,24007,
314.3304664866899,74606,516,874,24007,
314.3333518821305,74606,516,873,24008,
314.33894360167454,74605,517,873,24008,
314.3458050512184,74605,517,872,24009,
314.3501424249654,74604,518,872,24009,
314.3554401924062,74604,517,873,24009,
314.36626387525206,74603,518,873,24009,
314.367784896319,74603,517,874,24009,
314.36780993182293,74603,517,873,24010,
314.36879847969954,74603,517,872,24011,
314.37153543144194,74603,516,873,24011,
314.373513774537,74603,516,872,24012,
314.3800244752252,74603,516,871,24013,
314.38097111377425,74602,517,871,24013,
314.3817206280351,74602,517,870,24014,
314.38236138656623,74601,518,870,24014,
314.3848542695084,74600,519,870,24014,
314.3883282385031,74600,519,869,24015,
314.3934144246573,74600,518,870,24015,
314.3962315248266,74600,517,871,24015,
314.40447169362847,74600,517,870,24016,
314.4069101338483,74600,517,869,24017,
314.41563736869546,74600,516,870,24017,
314.41588751037244,74599,517,870,24017,
314.41654733441885,74599,516,871,24017,
314.4197670958728,74599,516,870,24018,
314.4205419607109,74598,517,870,24018,
314.42150978467845,74597,518,870,24018,
314.4231796256865,74597,517,871,24018,
314.43205243301594,74597,516,872,24018,
314.4339188611931,74597,515,873,24018,
314.436519267403,74597,515,872,24019,
314.43817969498605,74597,514,873,24019,
314.44915212433614,74596,515,873,24019,
314.4553356753548,74596,514,874,24019,
314.45912447780853,74596,514,873,24020,
314.46334399733445,74595,515,873,24020,
314.4703868043712,74595,514,874,24020,
314.4711279827762,74595,514,873,24021,
314.48438635617106,74594,515,873,24021,
314.4863137973728,74593,516,873,24021,
314.4885625947926,74593,516,872,24022,
314.49303272604675,74593,515,873,24022,
314.4944244954067,74593,514,874,24022,
314.5015836750755,74593,513,875,24022,
314.5021389602798,74593,513,874,24023,
314.50391381897947,74592,514,874,24023,
314.50609721230495,74591,515,874,24023,
314.5077206770691,74591,515,873,24024,
314.5077813866644,74590,516,873,24024,
314.5086479864747,74590,516,872,24025,
314.50997298239696,74589,517,872,24025,
314.52277060676386,74589,516,873,24025,
314.52487642269597,74588,517,873,24025,
314.5261354324711,74587,518,873,24025,
314.52895307628216,74587,518,872,24026,
314.5309205808521,74587,517,873,24026,
314.5348891618173,74587,516,874,24026,
314.54001148750694,74586,517,874,24026,
314.54242318505703,74586,517,873,24027,
314.5445989497426,74586,517,872,24028,
314.5469006077464,74585,518,872,24028,
314.54965193094733,74585,517,873,24028,
314.5496547892698,74585,517,872,24029,
314.55082907690803,74585,517,871,24030,
314.55874286360137,74585,516,872,24030,
314.56323680732066,74584,517,872,24030,
314.5643153201045,74584,516,873,24030,
314.5659969394271,74583,517,873,24030,
314.56804070057166,74583,516,874,24030,
314.57073093397935,74583,516,873,24031,
314.57246980263903,74583,516,872,24032,
314.57671900915574,74583,516,871,24033,
314.5798191833156,74583,515,872,24033,
314.5814146627885,74582,516,872,24033,
314.5902965889979,74582,515,873,24033,
314.5922106061899,74582,514,874,24033,
314.5935001390245,74582,514,873,24034,
314.59871213801466,74581,515,873,24034,
314.6009873959211,74581,515,872,24035,
314.60189891532207,74581,515,871,24036,
314.6078969139008,74580,516,871,24036,
314.61245016705624,74580,515,872,24036,
314.61271445510783,74580,515,871,24037,
314.61543626580124,74580,515,870,24038,
314.6299619660932,74579,516,870,24038,
314.63191998435,74578,517,870,24038,
314.63699368028375,74578,517,869,24039,
314.63831437783284,74577,518,869,24039,
314.64212551877466,74576,519,869,24039,
314.65306261038563,74576,519,868,24040,
314.65371640149004,74576,518,869,24040,
314.65388067339427,74576,518,868,24041,
314.654918066165,74576,517,869,24041,
314.6562608757274,74575,518,869,24041,
314.6564351207872,74574,519,869,24041,
314.6576273924742,74574,519,868,24042,
314.65833669256784,74574,519,867,24043,
314.6585498434117,74574,518,868,24043,
314.6612373163134,74574,517,869,24043,
314.66263652577345,74574,517,868,24044,
314.6638576329829,74574,516,869,24044,
314.67277400833615,74573,517,869,24044,
314.67514633465714,74572,518,869,24044,
314.6773792176817,74572,518,868,24045,
314.67946688011466,74572,517,869,24045,
314.6801333641791,74572,517,868,24046,
314.68014369874015,74572,517,867,24047,
314.6856720566725,74572,516,868,24047,
314.6927475051051,74572,515,869,24047,
314.70028731321366,74571,516,869,24047,
314.70111759188336,74571,515,870,24047,
314.7032716519359,74571,515,869,24048,
314.70740240405064,74571,515,868,24049,
314.7092391695969,74571,515,867,24050,
314.7107878643016,74571,514,868,24050,
314.7127893276379,74571,513,869,24050,
314.7128081432519,74570,514,869,24050,
314.71559225698996,74570,513,870,24050,
314.72322830527474,74570,513,869,24051,
314.73389440604996,74569,514,869,24051,
314.73465400286017,74568,515,869,24051,
314.73474589562306,74567,516,869,24051,
314.7370084305637,74567,515,870,24051,
314.7373350741949,74567,514,871,24051,
314.7386824654209,74567,514,870,24052,
314.7403312742339,74567,513,871,24052,
314.74136371235284,74567,513,870,24053,
314.7430055903678,74567,512,871,24053,
314.74638699230013,74566,513,871,24053,
314.75004564105745,74565,514,871,24053,
314.7540410359379,74565,513,872,24053,
314.75550927877526,74564,514,872,24053,
314.76320648738186,74564,513,873,24053,
314.7641234999064,74564,513,872,24054,
314.7673819050614,74563,514,872,24054,
314.7707795843786,74563,514,871,24055,
314.77689270704195,74563,513,872,24055,
314.77749676605725,74562,514,872,24055,
314.7815523903624,74562,513,873,24055,
314.7845436993823,74561,514,873,24055,
314.7868831306366,74560,515,873,24055,
314.7873081039114,74559,516,873,24055,
314.7915638848284,74559,516,872,24056,
314.79390981162146,74559,516,871,24057,
314.79687196384066,74559,515,872,24057,
314.79848872624495,74559,514,873,24057,
314.80964047387334,74559,514,872,24058,
314.81301047294096,74559,513,873,24058,
314.81982404828875,74559,512,874,24058,
314.8204318717001,74559,512,873,24059,
314.8218604031857,74559,511,874,24059,
314.82494430832776,74559,510,875,24059,
314.8291333762044,74558,511,875,24059,
314.83494217466483,74558,510,876,24059,
314.8407625920195,74558,510,875,24060,
314.8444981040835,74558,510,874,24061,
314.8537847741999,74558,510,873,24062,
314.8547414229324,74558,510,872,24063,
314.8552575077398,74557,511,872,24063,
314.8580870159024,74556,512,872,24063,
314.8582604217929,74556,511,873,24063,
314.8593640708097,74556,510,874,24063,
314.86652743409684,74556,510,873,24064,
314.8721876713147,74556,510,872,24065,
314.87226174598135,74556,510,871,24066,
314.8733263961562,74556,509,872,24066,
314.87374433633596,74556,508,873,24066,
314.87471112402574,74555,509,873,24066,
314.8776730232402,74555,509,872,24067,
314.87826713953103,74554,510,872,24067,
314.878458348919,74554,509,873,24067,
314.87870322985236,74554,509,872,24068,
314.87972910811357,74553,510,872,24068,
314.88821865611294,74553,510,871,24069,
314.8904173819568,74552,511,871,24069,
314.8909365382527,74552,510,872,24069,
314.89194188181466,74552,509,873,24069,
314.89267444226766,74551,510,873,24069,
314.897648402975,74551,509,874,24069,
314.89916826538155,74551,509,873,24070,
314.89996359664786,74550,510,873,24070,
314.9009215094624,74550,510,872,24071,
314.90783085302394,74550,509,873,24071,
314.9160660674488,74549,510,873,24071,
314.9190081813483,74549,510,872,24072,
314.92025512424823,74549,509,873,24072,
314.9216094404173,74549,509,872,24073,
314.9218097500574,74549,509,871,24074,
314.9230999371166,74549,508,872,24074,
314.9305133510611,74548,509,872,24074,
314.93471969367744,74548,509,871,24075,
314.9449164390802,74548,509,870,24076,
314.9492980352368,74547,510,870,24076,
314.9498364917124,74547,510,869,24077,
314.95548690468,74546,511,869,24077,
314.9557573049383,74546,511,868,24078,
314.96672597887834,74545,512,868,24078,
314.96772204800857,74544,513,868,24078,
314.97111417159863,74544,513,867,24079,
314.97688847426355,74544,513,866,24080,
314.9801987795462,74544,512,867,24080,
314.9830325987921,74544,511,868,24080,
314.9854250084421,74544,511,867,24081,
314.9893081040855,74544,511,866,24082,
314.98955769250273,74544,510,867,24082,
314.9917086814204,74544,509,868,24082,
314.99420505458863,74543,510,868,24082,
314.99973440119226,74543,509,869,24082,
315.0021340599373,74543,509,868,24083,
315.00346472778523,74543,509,867,24084,
315.0039740569972,74543,508,868,24084,
315.0069000143245,74542,509,868,24084,
315.016606890557,74542,509,867,24085,
315.0196275887255,74542,508,868,24085,
315.022197973519,74541,509,868,24085,
315.0232691056025,74541,508,869,24085,
315.0309138659967,74541,507,870,24085,
315.0323238088473,74541,507,869,24086,
315.03284437085665,74541,506,870,24086,
315.03596671829064,74540,507,870,24086,
315.0379571712765,74540,506,871,24086,
315.03827003736313,74540,506,870,24087,
315.0385695549389,74540,505,871,24087,
315.03892514986586,74540,504,872,24087,
315.0390035198134,74540,504,871,24088,
315.0429548432642,74540,504,870,24089,
315.05227648827366,74540,503,871,24089,
315.05418498863895,74540,503,870,24090,
315.05510096848803,74539,504,870,24090,
315.0574495149265,74539,504,869,24091,
315.06295154423054,74538,505,869,24091,
315.0740277672758,74537,506,869,24091,
315.0755103432556,74536,507,869,24091,
315.0788481130587,74536,506,870,24091,
315.08427457037936,74535,507,870,24091,
315.09174312496424,74535,506,871,24091,
315.0951242344026,74535,506,870,24092,
315.098608899946,74535,506,869,24093,
315.1081039812452,74534,507,869,24093,
315.108889097756,74534,507,868,24094,
315.11059693254333,74534,506,869,24094,
315.11278219379324,74534,506,868,24095,
315.1287687690505,74534,506,867,24096,
315.1373774543289,74533,507,867,24096,
315.1382776105675,74533,506,868,24096,
315.14125234047356,74532,507,868,24096,
315.1431779911551,74532,506,869,24096,
315.1435469109518,74532,506,868,24097,
315.1548039851462,74532,505,869,24097,
315.1550022118699,74532,505,868,24098,
315.1602697869101,74532,504,869,24098,
315.1626164542021,74532,504,868,24099,
315.16279003425933,74532,503,869,24099,
315.1638509717001,74531,504,869,24099,
315.16867637522444,74530,505,869,24099,
315.1775670345731,74530,505,868,24100,
315.1783236155381,74530,505,867,24101,
315.17883151302874,74530,505,866,24102,
315.17945323730726,74530,504,867,24102,
315.1820811213788,74529,505,867,24102,
315.18322035771416,74529,505,866,24103,
315.1873881381894,74529,504,867,24103,
315.19014892084647,74529,503,868,24103,
315.19295982148236,74529,503,867,24104,
315.1996916285734,74529,502,868,24104,
315.2035808633236,74529,502,867,24105,
315.20567549760915,74529,501,868,24105,
315.20915498084906,74529,501,867,24106,
315.21276208664307,74529,500,868,24106,
315.21369869529406,74529,500,867,24107,
315.21717715238174,74528,501,867,24107,
315.22071799363545,74528,501,866,24108,
315.2212760871049,74528,500,867,24108,
315.23041646964384,74528,500,866,24109,
315.230971374164,74527,501,866,24109,
315.2337031319236,74527,500,867,24109,
315.23435530725146,74526,501,867,24109,
315.2362764952977,74525,502,867,24109,
315.2367595131196,74525,501,868,24109,
315.24345831944873,74525,501,867,24110,
315.24534326806236,74524,502,867,24110,
315.2507346009844,74524,502,866,24111,
315.25174505411206,74523,503,866,24111,
315.25513008834986,74522,504,866,24111,
315.2625161055412,74521,505,866,24111,
315.2711206566053,74521,505,865,24112,
315.27366582656634,74521,505,864,24113,
315.27667159609064,74521,505,863,24114,
315.2789638540838,74521,505,862,24115,
315.28247637340064,74521,504,863,24115,
315.2846912351794,74521,503,864,24115,
315.28956770839943,74521,502,865,24115,
315.2992705920893,74521,501,866,24115,
315.3034158716089,74520,502,866,24115,
315.30754981661136,74520,502,865,24116,
315.3120072096247,74519,503,865,24116,
315.31574395528145,74519,502,866,24116,
315.3165400133839,74519,501,867,24116,
315.31712765281964,74519,501,866,24117,
315.3198539997861,74519,501,865,24118,
315.32321737450724,74519,500,866,24118,
315.3263252469642,74519,499,867,24118,
315.32914995434,74519,499,866,24119,
315.33386152985867,74519,498,867,24119,
315.3347390227034,74519,498,866,24120,
315.3407875702467,74519,497,867,24120,
315.3484443080594,74519,497,866,24121,
315.34919334600625,74519,497,865,24122,
315.3506774054149,74518,498,865,24122,
315.35470526567224,74518,498,864,24123,
315.3660568999513,74518,498,863,24124,
315.3701306776411,74517,499,863,24124,
315.3707624394905,74517,498,864,24124,
315.37228260022425,74517,497,865,24124,
315.3727584806819,74517,496,866,24124,
315.37615043859273,74517,495,867,24124,
315.39138220586585,74516,496,867,24124,
315.394457418657,74516,495,868,24124,
315.3950575614387,74515,496,868,24124,
315.39641550783693,74515,495,869,24124,
315.3978583301384,74515,494,870,24124,
315.40603919227095,74515,493,871,24124,
315.4103558415802,74515,492,872,24124,
315.41368602328475,74514,493,872,24124,
315.4206537121045,74514,493,871,24125,
315.4258185388194,74514,493,870,24126,
315.4259511488472,74514,493,869,24127,
315.4388902667028,74513,494,869,24127,
315.44608663653077,74513,494,868,24128,
315.456701949465,74513,494,867,24129,
315.46061257661455,74513,493,868,24129,
315.4619336832678,74513,493,867,24130,
315.47189860798204,74513,493,866,24131,
315.4729861238808,74513,493,865,24132,
315.47867469461994,74512,494,865,24132,
315.4820308766447,74512,493,866,24132,
315.4944469638311,74512,492,867,24132,
315.49630828849575,74512,491,868,24132,
315.5039764463025,74511,492,868,24132,
315.51135406629015,74511,492,867,24133,
315.5114611977189,74511,492,866,24134,
315.51406836483756,74511,491,867,24134,
315.5155487318985,74511,490,868,24134,
315.5221456751072,74511,490,867,24135,
315.52922611746953,74511,490,866,24136,
315.53417838648943,74511,490,865,24137,
315.53475772246435,74511,489,866,24137,
315.537141086396,74510,490,866,24137,
315.53781335909093,74510,489,867,24137,
315.54413376580953,74509,490,867,24137,
315.5466953450885,74509,490,866,24138,
315.5550709002539,74508,491,866,24138,
315.55514340628014,74508,490,867,24138,
315.55755168439407,74507,491,867,24138,
315.5593510471759,74507,490,868,24138,
315.56065969417284,74507,490,867,24139,
315.5738790302503,74506,491,867,24139,
315.57521167419765,74506,490,868,24139,
315.57542226168647,74506,490,867,24140,
315.5770299054028,74506,490,866,24141,
315.57846512357384,74505,491,866,24141,
315.5802550343817,74504,492,866,24141,
315.58310755794037,74504,491,867,24141,
315.5833433437912,74503,492,867,24141,
315.5836364926587,74503,491,868,24141,
315.58923784499905,74503,491,867,24142,
315.58958506678,74503,491,866,24143,
315.59306911603124,74503,491,865,24144,
315.59563171214586,74503,491,864,24145,
315.5960363309882,74503,490,865,24145,
315.596269595921,74503,490,864,24146,
315.59746804074825,74503,490,863,24147,
315.59906048097605,74503,489,864,24147,
315.5999175956125,74503,489,863,24148,
315.6007483322909,74503,489,862,24149,
315.6024797243104,74503,488,863,24149,
315.6030152857174,74502,489,863,24149,
315.611295389415,74502,489,862,24150,
315.6125133041331,74502,489,861,24151,
315.62311536559974,74502,489,860,24152,
315.6249552263131,74502,489,859,24153,
315.63391394839516,74502,488,860,24153,
315.6380765404652,74502,487,861,24153,
315.64084489332896,74502,486,862,24153,
315.6532983362842,74502,486,861,24154,
315.6571351950629,74502,485,862,24154,
315.6591764396796,74502,485,861,24155,
315.6599641041549,74502,484,862,24155,
315.6603864775872,74502,484,861,24156,
315.66103035134006,74501,485,861,24156,
315.661466279471,74500,486,861,24156,
315.663051273057,74500,486,860,24157,
315.6873427400268,74500,486,859,24158,
315.70065117582493,74499,487,859,24158,
315.70241919452883,74498,488,859,24158,
315.70441094211947,74497,489,859,24158,
315.70758403826426,74496,490,859,24158,
315.71322546397784,74495,491,859,24158,
315.71349399914624,74495,491,858,24159,
315.71724295611335,74494,492,858,24159,
315.71805508750595,74494,491,859,24159,
315.72472656531244,74493,492,859,24159,
315.7258249710225,74492,493,859,24159,
315.7349965800615,74492,492,860,24159,
315.7357461269057,74492,492,859,24160,
315.736623622428,74491,493,859,24160,
315.7399882685913,74491,492,860,24160,
315.74295502451184,74491,492,859,24161,
315.7513193110652,74491,491,860,24161,
315.7532065664438,74491,490,861,24161,
315.753332435215,74490,491,861,24161,
315.75612742331043,74490,491,860,24162,
315.75793555646703,74489,492,860,24162,
315.7714878761435,74489,491,861,24162,
315.77364187052586,74488,492,861,24162,
315.77702499849573,74488,491,862,24162,
315.7807312362722,74488,491,861,24163,
315.7874503737221,74488,490,862,24163,
315.79623020017806,74488,489,863,24163,
315.80271582192927,74488,489,862,24164,
315.804086178508,74488,489,861,24165,
315.8082170822283,74488,488,862,24165,
315.8083644928214,74487,489,862,24165,
315.813872553732,74487,489,861,24166,
315.8151004557437,74486,490,861,24166,
315.8176217323767,74485,491,861,24166,
315.81788049416065,74485,490,862,24166,
315.8232580092319,74485,490,861,24167,
315.8253367184969,74485,490,860,24168,
315.828115002682,74485,490,859,24169,
315.83183062113517,74485,489,860,24169,
315.8351209400578,74485,488,861,24169,
315.8452150808887,74484,489,861,24169,
315.84552579142115,74484,488,862,24169,
315.8478222399526,74483,489,862,24169,
315.85362098987014,74483,488,863,24169,
315.8562466264287,74483,487,864,24169,
315.85708253420444,74483,487,863,24170,
315.86764025181003,74483,486,864,24170,
315.8681867448808,74483,485,865,24170,
315.8684277757209,74483,484,866,24170,
315.88328562810545,74483,483,867,24170,
315.8917342743346,74483,483,866,24171,
315.89330041410284,74482,484,866,24171,
315.89702448381314,74481,485,866,24171,
315.8994861742725,74481,484,867,24171,
315.90083886761056,74481,483,868,24171,
315.9086205354977,74481,483,867,24172,
315.9107113735615,74480,484,867,24172,
315.9116834951136,74479,485,867,24172,
315.91805369017953,74479,484,868,24172,
315.9238737148326,74478,485,868,24172,
315.9254895281407,74478,485,867,24173,
315.92758032629445,74477,486,867,24173,
315.9346705393473,74476,487,867,24173,
315.93692976884114,74476,486,868,24173,
315.9383597944174,74476,486,867,24174,
315.9384080446928,74476,485,868,24174,
315.95287706897415,74476,484,869,24174,
315.9579830580878,74476,484,868,24175,
315.95804655590547,74475,485,868,24175,
315.9601227557388,74475,484,869,24175,
315.96040883100176,74475,484,868,24176,
315.9604276296458,74475,484,867,24177,
315.96141745912314,74475,484,866,24178,
315.96332088661325,74474,485,866,24178,
315.96745419713216,74474,484,867,24178,
315.96863224132176,74473,485,867,24178,
315.9698380052034,74473,485,866,24179,
315.98063492194126,74472,486,866,24179,
315.9831712592457,74472,486,865,24180,
315.9853461827585,74472,486,864,24181,
315.9866904829331,74472,486,863,24182,
315.9918784576435,74472,486,862,24183,
315.9965081289044,74472,485,863,24183,
315.9966524766039,74471,486,863,24183,
315.9973879846599,74470,487,863,24183,
316.0020940058609,74470,487,862,24184,
316.006438769595,74470,487,861,24185,
316.01263188449343,74470,486,862,24185,
316.02128258565943,74469,487,862,24185,
316.0235135380592,74469,486,863,24185,
316.02435290970993,74468,487,863,24185,
316.0299557285366,74467,488,863,24185,
316.0374657119679,74467,488,862,24186,
316.04707645310725,74467,487,863,24186,
316.05128077841977,74467,487,862,24187,
316.0517997080938,74467,486,863,24187,
316.05616501003186,74467,486,862,24188,
316.05622908550265,74467,485,863,24188,
316.0598441573418,74466,486,863,24188,
316.0668001819538,74465,487,863,24188,
316.07221106649655,74465,487,862,24189,
316.07560098545054,74465,487,861,24190,
316.08162562470415,74465,486,862,24190,
316.09078031216086,74464,487,862,24190,
316.09448747476006,74464,487,861,24191,
316.10484337075434,74463,488,861,24191,
316.1067112911168,74463,487,862,24191,
316.119801277755,74463,487,861,24192,
316.1270101098725,74463,486,862,24192,
316.12830966293706,74462,487,862,24192,
316.1290378597847,74462,487,861,24193,
316.1325094368585,74462,487,860,24194,
316.13253388862944,74462,486,861,24194,
316.13514732544184,74461,487,861,24194,
316.1355684282922,74461,487,860,24195,
316.145208835896,74461,487,859,24196,
316.1482582356782,74461,487,858,24197,
316.148810589426,74461,486,859,24197,
316.15986929813477,74460,487,859,24197,
316.1626441673341,74459,488,859,24197,
316.1640881817631,74458,489,859,24197,
316.16409076719884,74457,490,859,24197,
316.17080362735726,74456,491,859,24197,
316.17261971298313,74456,490,860,24197,
316.1775707557006,74456,489,861,24197,
316.17880313522005,74455,490,861,24197,
316.1789102940614,74455,489,862,24197,
316.19630972742897,74455,488,863,24197,
316.1967429829344,74454,489,863,24197,
316.2099343188828,74454,488,864,24197,
316.21642059980104,74453,489,864,24197,
316.2229706614473,74453,489,863,24198,
316.2234524091339,74453,489,862,24199,
316.2250236912062,74453,489,861,24200,
316.2290698374683,74453,489,860,24201,
316.2336817321888,74453,488,861,24201,
316.2433129128425,74453,488,860,24202,
316.24753594586207,74452,489,860,24202,
316.25311232950986,74451,490,860,24202,
316.2587493607455,74451,489,861,24202,
316.2634381892217,74450,490,861,24202,
316.2711188199937,74450,490,860,24203,
316.27460053630125,74449,491,860,24203,
316.2763599222237,74449,491,859,24204,
316.2780919924856,74448,492,859,24204,
316.2795050223823,74448,492,858,24205,
316.2861218517181,74447,493,858,24205,
316.28715295103063,74446,494,858,24205,
316.2941817755824,74446,493,859,24205,
316.2963142050059,74446,493,858,24206,
316.30358033991905,74446,493,857,24207,
316.3049754049021,74446,492,858,24207,
316.31280819608537,74446,491,859,24207,
316.3136706686092,74446,490,860,24207,
316.3147934484154,74446,489,861,24207,
316.31617105752866,74446,489,860,24208,
316.316934243687,74446,488,861,24208,
316.31722723840306,74445,489,861,24208,
316.3204962554459,74445,488,862,24208,
316.320905642723,74444,489,862,24208,
316.329972334356,74444,489,861,24209,
316.3307332180359,74443,490,861,24209,
316.33195961130343,74443,489,862,24209,
316.3348051861604,74442,490,862,24209,
316.3384429776402,74442,489,863,24209,
316.34673745839757,74442,489,862,24210,
316.35055710115677,74442,488,863,24210,
316.3515417043197,74442,487,864,24210,
316.3527539280696,74441,488,864,24210,
316.3535987816716,74440,489,864,24210,
316.36047043814074,74440,488,865,24210,
316.36907375516745,74439,489,865,24210,
316.37526342994624,74439,488,866,24210,
316.4043831954632,74439,488,865,24211,
316.40701178009533,74439,487,866,24211,
316.40944203087867,74439,487,865,24212,
316.4117195330789,74438,488,865,24212,
316.41199438365373,74438,488,864,24213,
316.4120050928069,74438,487,865,24213,
316.41230243025376,74438,487,864,24214,
316.4126857775806,74437,488,864,24214,
316.4180033218889,74437,488,863,24215,
316.4204529427053,74437,487,864,24215,
316.4214351602042,74437,486,865,24215,
316.42187654617305,74437,486,864,24216,
316.4222632189979,74437,485,865,24216,
316.42470076414287,74437,485,864,24217,
316.42622881666483,74437,485,863,24218,
316.43101011919185,74437,484,864,24218,
316.4374445453792,74436,485,864,24218,
316.4405189160343,74436,485,863,24219,
316.4442337816369,74436,485,862,24220,
316.44427294474923,74436,485,861,24221,
316.4444830874412,74436,484,862,24221,
316.4474070886755,74436,484,861,24222,
316.45037765516565,74435,485,861,24222,
316.45126558074327,74435,484,862,24222,
316.45244832319776,74435,484,861,24223,
316.4526780073274,74435,484,860,24224,
316.4646549949164,74435,484,859,24225,
316.4689678635369,74434,485,859,24225,
316.47174544757894,74433,486,859,24225,
316.47492086960733,74432,487,859,24225,
316.47790453969236,74432,487,858,24226,
316.48024062940306,74432,487,857,24227,
316.4820531720595,74432,487,856,24228,
316.4840293558119,74432,486,857,24228,
316.48420721262704,74432,485,858,24228,
316.48766197791707,74432,484,859,24228,
316.4929446400214,74432,484,858,24229,
316.4972512365336,74432,484,857,24230,
316.4993479169344,74431,485,857,24230,
316.5069328765187,74431,484,858,24230,
316.507000366399,74431,484,857,24231,
316.5148662053939,74430,485,857,24231,
316.5164135235778,74430,484,858,24231,
316.5174536921485,74430,484,857,24232,
316.52146432133634,74430,484,856,24233,
316.52517323922063,74430,483,857,24233,
316.53094167417714,74430,482,858,24233,
316.53121100539676,74430,481,859,24233,
316.53138636717284,74430,480,860,24233,
316.5373170577972,74430,479,861,24233,
316.53906852605985,74430,479,860,24234,
316.54343101846104,74430,479,859,24235,
316.544212674754,74429,480,859,24235,
316.5447923630637,74429,479,860,24235,
316.5507747184938,74428,480,860,24235,
316.5529977389623,74428,479,861,24235,
316.55393842385183,74428,479,860,24236,
316.55754221521113,74428,479,859,24237,
316.5630496284249,74428,479,858,24238,
316.5648579381535,74428,479,857,24239,
316.5690246494292,74428,479,856,24240,
316.56962708490926,74428,479,855,24241,
316.5734629029773,74427,480,855,24241,
316.57789337423435,74427,479,856,24241,
316.57861188009747,74427,479,855,24242,
316.5812438898717,74427,479,854,24243,
316.5818116981389,74427,478,855,24243,
316.5865914985954,74427,478,854,24244,
316.58881669568433,74426,479,854,24244,
316.59377217084943,74426,479,853,24245,
316.5984545264633,74426,478,854,24245,
316.6039501470236,74426,477,855,24245,
316.6119326380262,74426,477,854,24246,
316.61249775022554,74426,477,853,24247,
316.61695217415513,74426,476,854,24247,
316.619532702404,74425,477,854,24247,
316.61976713127126,74425,477,853,24248,
316.62085767594186,74425,477,852,24249,
316.62726141355955,74425,476,853,24249,
316.6372166415921,74425,475,854,24249,
316.6386436843321,74425,474,855,24249,
316.63920141273,74425,474,854,24250,
316.64468715270993,74424,475,854,24250,
316.6466776556923,74423,476,854,24250,
316.6469142543348,74422,477,854,24250,
316.6490780683036,74421,478,854,24250,
316.6580323675052,74421,477,855,24250,
316.6587795077482,74420,478,855,24250,
316.66382059711697,74420,477,856,24250,
316.6698945035311,74420,476,857,24250,
316.6720924178216,74420,476,856,24251,
316.6767493756363,74420,476,855,24252,
316.68118365798966,74420,476,854,24253,
316.682825170045,74419,477,854,24253,
316.6861335743069,74419,476,855,24253,
316.6900957312363,74418,477,855,24253,
316.69231903746345,74417,478,855,24253,
316.70527033288676,74417,478,854,24254,
316.71449783106243,74416,479,854,24254,
316.7194227906691,74415,480,854,24254,
316.7217050570974,74415,480,853,24255,
316.7263384615715,74414,481,853,24255,
316.7296751806778,74414,480,854,24255,
316.730203348973,74413,481,854,24255,
316.7327823601117,74412,482,854,24255,
316.7394971993445,74411,483,854,24255,
316.7429121043304,74410,484,854,24255,
316.74331104950807,74410,483,855,24255,
316.7445070522882,74410,482,856,24255,
316.7473903458999,74409,483,856,24255,
316.7500523173906,74409,483,855,24256,
316.753071541131,74409,483,854,24257,
316.7533687100339,74409,483,853,24258,
316.7572331412262,74409,482,854,24258,
316.76467870357135,74408,483,854,24258,
316.7649901432121,74407,484,854,24258,
316.76584147508385,74406,485,854,24258,
316.7766915484302,74405,486,854,24258,
316.78003016094874,74405,486,853,24259,
316.78476738491884,74405,486,852,24260,
316.7870784906566,74405,486,851,24261,
316.7941701025975,74404,487,851,24261,
316.7943958462672,74404,486,852,24261,
316.7973509611635,74404,486,851,24262,
316.80250563101873,74404,486,850,24263,
316.8060289027948,74403,487,850,24263,
316.8123614347444,74403,487,849,24264,
316.8141193569178,74403,486,850,24264,
316.8153254034418,74403,485,851,24264,
316.81705989430634,74402,486,851,24264,
316.8172540369437,74401,487,851,24264,
316.82135474267216,74401,486,852,24264,
316.82147855549897,74401,485,853,24264,
316.8224333944283,74400,486,853,24264,
316.8296328629081,74400,486,852,24265,
316.8401791646271,74399,487,852,24265,
316.8409098209681,74399,487,851,24266,
316.84354184903367,74398,488,851,24266,
316.844582893271,74398,488,850,24267,
316.84900868619184,74398,488,849,24268,
316.84927693677133,74398,488,848,24269,
316.8517497658756,74398,488,847,24270,
316.8538296467781,74398,487,848,24270,
316.85404467827414,74398,487,847,24271,
316.85451553025536,74398,487,846,24272,
316.8611919151733,74398,487,845,24273,
316.8649134099073,74397,488,845,24273,
316.8657216183989,74397,488,844,24274,
316.86729302319424,74397,487,845,24274,
316.8678628881923,74397,487,844,24275,
316.868504994436,74397,486,845,24275,
316.8721692789323,74397,485,846,24275,
316.88251041213493,74396,486,846,24275,
316.88954608342715,74396,485,847,24275,
316.90219934373033,74396,484,848,24275,
316.9045851412928,74396,483,849,24275,
316.9147581461159,74396,483,848,24276,
316.91824247393987,74395,484,848,24276,
316.919870756671,74395,484,847,24277,
316.92176689759543,74395,484,846,24278,
316.93122770492465,74394,485,846,24278,
316.93282761631866,74394,484,847,24278,
316.93816605575796,74394,484,846,24279,
316.9403872413744,74394,483,847,24279,
316.9443664305276,74393,484,847,24279,
316.9444078336117,74393,484,846,24280,
316.953384904148,74393,484,845,24281,
316.95373829321903,74393,483,846,24281,
316.95498954327934,74393,483,845,24282,
316.9593805436143,74393,483,844,24283,
316.9640602561849,74393,483,843,24284,
316.97051325355017,74393,482,844,24284,
316.973351273789,74393,482,843,24285,
316.9768106862242,74393,482,842,24286,
316.9769749333867,74393,481,843,24286,
316.9793364352889,74393,481,842,24287,
316.98298777567965,74393,480,843,24287,
316.9878135411903,74393,480,842,24288,
316.9971073394364,74392,481,842,24288,
316.9995742051249,74391,482,842,24288,
317.0004922679024,74391,481,843,24288,
317.0071685556089,74390,482,843,24288,
317.00949500958205,74389,483,843,24288,
317.01027509890315,74389,483,842,24289,
317.0166686352419,74389,482,843,24289,
317.02029459514125,74388,483,843,24289,
317.02226645686784,74388,483,842,24290,
317.02356374541415,74388,482,843,24290,
317.02702451954536,74387,483,843,24290,
317.03075556460067,74387,482,844,24290,
317.0313405653618,74386,483,844,24290,
317.03257283151396,74385,484,844,24290,
317.03404133729026,74385,483,845,24290,
317.0416146691887,74384,484,845,24290,
317.04296275016054,74384,483,846,24290,
317.05570658615784,74384,483,845,24291,
317.0637162643124,74384,482,846,24291,
317.0647846016686,74384,482,845,24292,
317.0653879415128,74383,483,845,24292,
317.0664410266289,74383,482,846,24292,
317.0669572051605,74382,483,846,24292,
317.06958711155033,74381,484,846,24292,
317.07127809306434,74380,485,846,24292,
317.0713225155372,74379,486,846,24292,
317.0729331350578,74378,487,846,24292,
317.0731913404598,74378,487,845,24293,
317.0734647567033,74378,486,846,24293,
317.0764282470617,74377,487,846,24293,
317.07913915111465,74377,486,847,24293,
317.0861596179521,74377,485,848,24293,
317.08792037344625,74377,484,849,24293,
317.0938063580767,74377,484,848,24294,
317.1061528827947,74377,484,847,24295,
317.10710657871573,74376,485,847,24295,
317.11322966975854,74375,486,847,24295,
317.11339673368843,74374,487,847,24295,
317.1204982650472,74374,487,846,24296,
317.1209829950702,74374,486,847,24296,
317.1222867053579,74374,485,848,24296,
317.1237927145622,74374,484,849,24296,
317.1348134185342,74374,483,850,24296,
317.14872045563266,74374,483,849,24297,
317.15009086278593,74373,484,849,24297,
317.1545754655842,74372,485,849,24297,
317.1546851162666,74372,484,850,24297,
317.15567085538066,74372,484,849,24298,
317.1599083965651,74372,483,850,24298,
317.1619783817782,74372,483,849,24299,
317.16847673987974,74372,483,848,24300,
317.17036357297803,74372,482,849,24300,
317.17702465834685,74372,481,850,24300,
317.1786619495607,74372,480,851,24300,
317.17918909206554,74372,479,852,24300,
317.180767316125,74371,480,852,24300,
317.18107182660276,74370,481,852,24300,
317.18433392304945,74369,482,852,24300,
317.1861457511153,74369,482,851,24301,
317.1869017555053,74369,481,852,24301,
317.1899075960126,74368,482,852,24301,
317.1899182678524,74368,481,853,24301,
317.1931594306431,74368,480,854,24301,
317.2066376866465,74367,481,854,24301,
317.20781263783783,74367,480,855,24301,
317.2139140030447,74366,481,855,24301,
317.21739277713266,74366,481,854,24302,
317.2181246291791,74366,481,853,24303,
317.23021175805,74366,481,852,24304,
317.2305708469986,74366,480,853,24304,
317.23131228279976,74366,480,852,24305,
317.24206892516634,74366,479,853,24305,
317.24615075774045,74366,479,852,24306,
317.25137201486166,74366,479,851,24307,
317.25525035622246,74366,479,850,24308,
317.25980979374117,74365,480,850,24308,
317.26246174799576,74365,480,849,24309,
317.2626868130742,74365,480,848,24310,
317.2642391874882,74365,480,847,24311,
317.2663110968282,74365,480,846,24312,
317.2664738722416,74364,481,846,24312,
317.26968770205804,74363,482,846,24312,
317.26987971072106,74362,483,846,24312,
317.2709631250427,74362,483,845,24313,
317.2842541974852,74362,482,846,24313,
317.2892703833395,74361,483,846,24313,
317.2930399841611,74361,482,847,24313,
317.30123539716186,74361,481,848,24313,
317.304119027997,74361,481,847,24314,
317.3139119358886,74361,481,846,24315,
317.3187602402289,74361,480,847,24315,
317.3188214069025,74361,479,848,24315,
317.3292164047621,74360,480,848,24315,
317.33041749294614,74360,479,849,24315,
317.3343983051813,74360,479,848,24316,
317.33976120436375,74360,479,847,24317,
317.341103688489,74359,480,847,24317,
317.3417382992352,74358,481,847,24317,
317.3461734165822,74358,480,848,24317,
317.3464787867035,74358,479,849,24317,
317.3465336240151,74357,480,849,24317,
317.3513644684264,74356,481,849,24317,
317.35357535482206,74356,480,850,24317,
317.36133726284226,74356,479,851,24317,
317.36381183394354,74356,479,850,24318,
317.36867311816474,74356,478,851,24318,
317.3696966739524,74356,477,852,24318,
317.37131563709175,74356,476,853,24318,
317.37321925614833,74356,476,852,24319,
317.376067066936,74355,477,852,24319,
317.3764216500372,74354,478,852,24319,
317.37755034721584,74354,478,851,24320,
317.37813108699214,74354,478,850,24321,
317.3804370776893,74354,478,849,24322,
317.38908401388926,74354,478,848,24323,
317.3965398735171,74354,478,847,24324,
317.3991532107497,74353,479,847,24324,
317.4054507538238,74353,478,848,24324,
317.4113459323933,74353,478,847,24325,
317.42331458095896,74353,478,846,24326,
317.42450800699544,74353,478,845,24327,
317.4248212112312,74352,479,845,24327,
317.4262729194019,74351,480,845,24327,
317.4280599798297,74351,479,846,24327,
317.4288257260063,74351,479,845,24328,
317.4334096103777,74351,479,844,24329,
317.4378055979866,74351,479,843,24330,
317.4393821295428,74351,479,842,24331,
317.44199051999954,74351,479,841,24332,
317.4431381143564,74350,480,841,24332,
317.4432496454644,74350,480,840,24333,
317.4474088122868,74350,479,841,24333,
317.44944430865803,74350,478,842,24333,
317.4514465136842,74350,478,841,24334,
317.4529935684341,74350,478,840,24335,
317.4557748846954,74350,477,841,24335,
317.4627769099562,74350,477,840,24336,
317.46446045510277,74349,478,840,24336,
317.4647158565381,74348,479,840,24336,
317.47861109729837,74347,480,840,24336,
317.48025436936234,74347,479,841,24336,
317.48386233632874,74347,479,840,24337,
317.49254746295867,74347,478,841,24337,
317.50056700777856,74346,479,841,24337,
317.5043163376084,74346,479,840,24338,
317.5075510983063,74346,478,841,24338,
317.50788400402655,74345,479,841,24338,
317.5101640686697,74345,479,840,24339,
317.5110779255664,74345,479,839,24340,
317.5272304458174,74344,480,839,24340,
317.52734966132454,74344,479,840,24340,
317.52831939022224,74343,480,840,24340,
317.5294900280963,74342,481,840,24340,
317.5304604995016,74341,482,840,24340,
317.53219970905207,74341,481,841,24340,
317.5358136796476,74341,481,840,24341,
317.5362401170579,74341,480,841,24341,
317.536884284082,74341,479,842,24341,
317.53779423509144,74341,478,843,24341,
317.5406032173758,74340,479,843,24341,
317.54441233162754,74340,478,844,24341,
317.5455655144822,74340,478,843,24342,
317.5479458899996,74340,478,842,24343,
317.54809547354733,74340,478,841,24344,
317.54868208313604,74340,477,842,24344,
317.5514930224926,74339,478,842,24344,
317.5515676004418,74338,479,842,24344,
317.5607321014381,74338,479,841,24345,
317.56610827167003,74338,479,840,24346,
317.5744150849727,74337,480,840,24346,
317.58220518964663,74337,480,839,24347,
317.5933810412332,74336,481,839,24347,
317.5935047325763,74336,481,838,24348,
317.6031000236844,74335,482,838,24348,
317.603761224706,74335,481,839,24348,
317.60580288934926,74334,482,839,24348,
317.60740371539686,74334,482,838,24349,
317.60763775397515,74333,483,838,24349,
317.6177937239545,74333,483,837,24350,
317.61874863223534,74332,484,837,24350,
317.6192314859115,74332,484,836,24351,
317.6221177193123,74331,485,836,24351,
317.6241362054539,74331,485,835,24352,
317.63937588708404,74331,484,836,24352,
317.639578320406,74330,485,836,24352,
317.64016869088175,74330,485,835,24353,
317.6538719994233,74329,486,835,24353,
317.65620974415174,74329,486,834,24354,
317.67650218279374,74328,487,834,24354,
317.6776212166108,74328,487,833,24355,
317.6782464845125,74328,487,832,24356,
317.67999831020467,74328,486,833,24356,
317.68022177545333,74328,485,834,24356,
317.6807219865312,74328,484,835,24356,
317.68111686389864,74328,483,836,24356,
317.68161452858277,74328,483,835,24357,
317.6875934989369,74328,483,834,24358,
317.68832602045643,74327,484,834,24358,
317.6946938298812,74327,484,833,24359,
317.69685396832654,74326,485,833,24359,
317.6987739226874,74326,484,834,24359,
317.7027691167346,74326,484,833,24360,
317.7081663792318,74326,483,834,24360,
317.708191493554,74326,482,835,24360,
317.71022676142707,74325,483,835,24360,
317.7161085520002,74325,483,834,24361,
317.71686866454746,74325,483,833,24362,
317.71752673070847,74325,483,832,24363,
317.7225117001254,74325,482,833,24363,
317.7260951736811,74324,483,833,24363,
317.7344742776408,74323,484,833,24363,
317.73600202772656,74323,483,834,24363,
317.73700557560426,74323,482,835,24363,
317.738086629873,74323,481,836,24363,
317.7392000137547,74322,482,836,24363,
317.74257184925796,74322,482,835,24364,
317.7479947453242,74321,483,835,24364,
317.74832097367147,74321,482,836,24364,
317.7506359656958,74321,481,837,24364,
317.7549602793614,74321,481,836,24365,
317.7560174418723,74320,482,836,24365,
317.75701655764794,74320,482,835,24366,
317.75874262066,74320,481,836,24366,
317.75913850366385,74320,480,837,24366,
317.7661539718162,74319,481,837,24366,
317.7761581928311,74319,481,836,24367,
317.7828092676552,74318,482,836,24367,
317.7913063870146,74318,482,835,24368,
317.8014561233931,74318,481,836,24368,
317.80274205147845,74318,481,835,24369,
317.8049032924261,74317,482,835,24369,
317.81029377406975,74317,481,836,24369,
317.81686361584354,74316,482,836,24369,
317.819055359799,74316,482,835,24370,
317.82274031571654,74316,482,834,24371,
317.8233062587536,74315,483,834,24371,
317.8251053693166,74315,482,835,24371,
317.8327819878637,74314,483,835,24371,
317.8412895218437,74313,484,835,24371,
317.84491592414213,74312,485,835,24371,
317.8511510265208,74312,484,836,24371,
317.8522397988419,74312,484,835,24372,
317.85464621030377,74312,484,834,24373,
317.8567003715127,74311,485,834,24373,
317.85827710521886,74311,485,833,24374,
317.85847259499405,74311,484,834,24374,
317.85916801033216,74311,484,833,24375,
317.86537131641256,74311,483,834,24375,
317.8671115297645,74311,482,835,24375,
317.86723262453916,74310,483,835,24375,
317.86863682829306,74309,484,835,24375,
317.87070025560513,74309,484,834,24376,
317.87475296011013,74309,483,835,24376,
317.8764819014333,74309,483,834,24377,
317.87678155612673,74309,483,833,24378,
317.8836890423806,74309,482,834,24378,
317.8882406238862,74309,482,833,24379,
317.8958536735749,74308,483,833,24379,
317.9082920505434,74308,483,832,24380,
317.90848189699307,74308,482,833,24380,
317.9101892916598,74307,483,833,24380,
317.91393382735106,74307,482,834,24380,
317.91971522713675,74306,483,834,24380,
317.9198012817186,74306,483,833,24381,
317.92175788791803,74305,484,833,24381,
317.9263700106862,74305,483,834,24381,
317.92832780287586,74304,484,834,24381,
317.9287216468443,74304,484,833,24382,
317.9387391246441,74304,483,834,24382,
317.9447883339093,74303,484,834,24382,
317.9455365739046,74303,484,833,24383,
317.9459613321198,74303,483,834,24383,
317.9480952966818,74303,482,835,24383,
317.9492810114127,74302,483,835,24383,
317.95174310910016,74302,482,836,24383,
317.95328393477695,74302,481,837,24383,
317.9543229803732,74302,481,836,24384,
317.9594103984624,74302,481,835,24385,
317.96024265584464,74302,480,836,24385,
317.9696773686842,74301,481,836,24385,
317.9735873066075,74301,481,835,24386,
317.9805651854751,74301,480,836,24386,
317.99600027503703,74301,480,835,24387,
317.998617658899,74301,479,836,24387,
318.00078252125905,74300,480,836,24387,
318.0144190835981,74299,481,836,24387,
318.01479970960276,74299,481,835,24388,
318.0162509127686,74299,480,836,24388,
318.01755250159187,74299,479,837,24388,
318.01935597988137,74299,478,838,24388,
318.0207104944034,74298,479,838,24388,
318.0247111025129,74297,480,838,24388,
318.0285490616074,74296,481,838,24388,
318.0292012833228,74295,482,838,24388,
318.0301618375029,74295,481,839,24388,
318.0340802406328,74294,482,839,24388,
318.0341368884544,74294,481,840,24388,
318.04350407528847,74294,481,839,24389,
318.0519947805013,74294,480,840,24389,
318.06219635790785,74294,480,839,24390,
318.0664391773725,74294,480,838,24391,
318.07169564221226,74294,480,837,24392,
318.07270243879964,74294,479,838,24392,
318.07728106566606,74294,479,837,24393,
318.0777661135102,74293,480,837,24393,
318.0782696808244,74293,480,836,24394,
318.08130896542116,74293,480,835,24395,
318.0930562795749,74292,481,835,24395,
318.10013989089725,74292,480,836,24395,
318.1038673601381,74292,479,837,24395,
318.10653228833826,74291,480,837,24395,
318.10909648465383,74291,480,836,24396,
318.11249039136726,74291,479,837,24396,
318.1144294903041,74290,480,837,24396,
318.11913687449146,74290,479,838,24396,
318.12126147477386,74290,478,839,24396,
318.12832930163006,74290,477,840,24396,
318.140002166615,74290,477,839,24397,
318.1460603452117,74290,476,840,24397,
318.14611907595247,74289,477,840,24397,
318.14789991096853,74289,476,841,24397,
318.1569799932779,74289,476,840,24398,
318.15759007834015,74289,475,841,24398,
318.158142815375,74288,476,841,24398,
318.1650223618807,74287,477,841,24398,
318.16828013634904,74287,477,840,24399,
318.1689057078849,74286,478,840,24399,
318.1743735249822,74286,478,839,24400,
318.17495357883655,74286,478,838,24401,
318.17827117105963,74286,477,839,24401,
318.17871425527085,74285,478,839,24401,
318.18339468564795,74284,479,839,24401,
318.18532669935917,74284,479,838,24402,
318.19397747506645,74284,479,837,24403,
318.19841819659734,74284,479,836,24404,
318.19957061313085,74283,480,836,24404,
318.20220281067907,74283,480,835,24405,
318.2032675710436,74283,480,834,24406,
318.2055283748362,74282,481,834,24406,
318.20688976858116,74282,481,833,24407,
318.2089855871839,74282,480,834,24407,
318.21137692699494,74282,479,835,24407,
318.2255847678197,74281,480,835,24407,
318.2316988461235,74281,480,834,24408,
318.2335182210609,74281,480,833,24409,
318.23934137031733,74281,479,834,24409,
318.24224141191246,74281,479,833,24410,
318.2431298058844,74280,480,833,24410,
318.2457455002918,74279,481,833,24410,
318.2490369005136,74279,481,832,24411,
318.2602886685706,74279,480,833,24411,
318.26532825830066,74278,481,833,24411,
318.2705386433008,74278,480,834,24411,
318.27411949747125,74278,479,835,24411,
318.2750997405958,74277,480,835,24411,
318.27661306528523,74277,480,834,24412,
318.2775691492417,74276,481,834,24412,
318.28792310309314,74275,482,834,24412,
318.2923390834701,74274,483,834,24412,
318.29565797980183,74274,483,833,24413,
318.29860931933115,74274,483,832,24414,
318.29896915488075,74273,484,832,24414,
318.3005319037226,74272,485,832,24414,
318.300698701102,74272,484,833,24414,
318.301608671584,74271,485,833,24414,
318.30210933251857,74271,484,834,24414,
318.30304693685974,74270,485,834,24414,
318.3120417743325,74270,484,835,24414,
318.3140954759459,74270,484,834,24415,
318.3160463061647,74270,483,835,24415,
318.318054557531,74270,482,836,24415,
318.32664244241676,74270,481,837,24415,
318.33997611150517,74270,480,838,24415,
318.34110181170763,74269,481,838,24415,
318.3482877602177,74268,482,838,24415,
318.3484635618512,74268,482,837,24416,
318.3499806642573,74268,481,838,24416,
318.35611580586317,74267,482,838,24416,
318.35883315137863,74267,482,837,24417,
318.35949815031023,74267,482,836,24418,
318.36665731630677,74266,483,836,24418,
318.36911991306016,74265,484,836,24418,
318.3711713534023,74264,485,836,24418,
318.3731600905759,74264,485,835,24419,
318.3740131326548,74264,485,834,24420,
318.3805583959545,74264,484,835,24420,
318.3809447818927,74264,483,836,24420,
318.3826769158153,74264,483,835,24421,
318.3863441095931,74264,483,834,24422,
318.38784196289987,74263,484,834,24422,
318.39484549249033,74263,483,835,24422,
318.4074381409764,74263,483,834,24423,
318.4094042487445,74263,483,833,24424,
318.4111620238044,74262,484,833,24424,
318.41417865529223,74262,484,832,24425,
318.4143301496479,74262,483,833,24425,
318.417672325727,74261,484,833,24425,
318.42000584705346,74261,484,832,24426,
318.42028764347276,74260,485,832,24426,
318.42364814434916,74259,486,832,24426,
318.43060958820286,74259,486,831,24427,
318.4408120840604,74259,485,832,24427,
318.4534331099244,74259,485,831,24428,
318.4539158769913,74259,484,832,24428,
318.46607507865434,74259,484,831,24429,
318.4666112378083,74259,484,830,24430,
318.468889586048,74258,485,830,24430,
318.469136833543,74257,486,830,24430,
318.4755301215879,74257,485,831,24430,
318.47554145882594,74257,484,832,24430,
318.47961159257056,74257,483,833,24430,
318.4803121608869,74256,484,833,24430,
318.48038185167167,74256,483,834,24430,
318.48619097949285,74256,482,835,24430,
318.48819208436794,74255,483,835,24430,
318.4885868624751,74255,482,836,24430,
318.4949952782297,74255,482,835,24431,
318.5026818117462,74255,481,836,24431,
318.503959502292,74255,481,835,24432,
318.509891242419,74254,482,835,24432,
318.51142375722134,74254,481,836,24432,
318.5132799339013,74254,480,837,24432,
318.51514948734297,74253,481,837,24432,
318.51730639937574,74252,482,837,24432,
318.5212900742976,74252,481,838,24432,
318.5234019014889,74251,482,838,24432,
318.52699814882925,74251,482,837,24433,
318.5294849181334,74251,482,836,24434,
318.52984406476077,74251,481,837,24434,
318.53209551594387,74251,481,836,24435,
318.5399887551511,74251,481,835,24436,
318.54113876157226,74251,480,836,24436,
318.54132472104294,74251,480,835,24437,
318.5422176643957,74250,481,835,24437,
318.54294693668027,74249,482,835,24437,
318.54827469389693,74249,482,834,24438,
318.5498387048157,74248,483,834,24438,
318.56294072325295,74248,483,833,24439,
318.56455428277167,74248,482,834,24439,
318.5807098336318,74248,482,833,24440,
318.58599144337217,74248,482,832,24441,
318.5937633707748,74248,481,833,24441,
318.59471568212507,74248,480,834,24441,
318.59909497946853,74247,481,834,24441,
318.60161888624907,74247,480,835,24441,
318.60875923087303,74247,480,834,24442,
318.609034972822,74246,481,834,24442,
318.6103704014899,74245,482,834,24442,
318.61300237283285,74245,482,833,24443,
318.6229359084632,74245,481,834,24443,
318.6256220679694,74245,480,835,24443,
318.62850061138346,74244,481,835,24443,
318.63062188207755,74244,480,836,24443,
318.63254982500365,74243,481,836,24443,
318.63517266097244,74242,482,836,24443,
318.63625007762715,74242,481,837,24443,
318.6394829598493,74241,482,837,24443,
318.64092166057424,74241,481,838,24443,
318.6476773049007,74241,480,839,24443,
318.648748566899,74240,481,839,24443,
318.65267812826073,74240,481,838,24444,
318.65379677633666,74239,482,838,24444,
318.658344919508,74238,483,838,24444,
318.6634404569284,74238,483,837,24445,
318.66800341406633,74238,482,838,24445,
318.66825462590486,74238,481,839,24445,
318.6690915508561,74238,481,838,24446,
318.670742788797,74238,480,839,24446,
318.67444193778476,74238,479,840,24446,
318.6856026870487,74238,479,839,24447,
318.68585876691594,74238,478,840,24447,
318.70545235720056,74237,479,840,24447,
318.7063116267907,74237,479,839,24448,
318.7092524607188,74236,480,839,24448,
318.7096520572432,74236,479,840,24448,
318.71293170565195,74235,480,840,24448,
318.71346163283147,74234,481,840,24448,
318.72030084436227,74233,482,840,24448,
318.7235695733802,74233,481,841,24448,
318.72392099474206,74232,482,841,24448,
318.7245759378079,74232,482,840,24449,
318.731181835578,74232,482,839,24450,
318.73503068029135,74231,483,839,24450,
318.7369366659938,74231,483,838,24451,
318.7395792359534,74230,484,838,24451,
318.7435556684844,74230,484,837,24452,
318.7464374338342,74230,484,836,24453,
318.75225177085395,74230,484,835,24454,
318.75302476591855,74230,484,834,24455,
318.7568549186537,74230,484,833,24456,
318.7603449856198,74230,484,832,24457,
318.77609893018445,74230,483,833,24457,
318.7788443884515,74229,484,833,24457,
318.78090881791127,74229,484,832,24458,
318.7823780449756,74229,484,831,24459,
318.7851124107131,74229,483,832,24459,
318.78555132812465,74229,483,831,24460,
318.79136375057,74229,482,832,24460,
318.8055761366116,74229,482,831,24461,
318.80969886575804,74229,482,830,24462,
318.81428055635945,74229,482,829,24463,
318.81470992694165,74229,481,830,24463,
318.82089717955444,74229,480,831,24463,
318.826296346822,74229,480,830,24464,
318.83226350302346,74229,479,831,24464,
318.8329900517858,74228,480,831,24464,
318.8351019155279,74228,480,830,24465,
318.8371889433921,74228,480,829,24466,
318.83901478935803,74227,481,829,24466,
318.84402773437904,74227,481,828,24467,
318.8441101214182,74226,482,828,24467,
318.845165792171,74225,483,828,24467,
318.8478565265624,74224,484,828,24467,
318.84912151399277,74224,483,829,24467,
318.8511064104241,74224,482,830,24467,
318.8518863836206,74224,482,829,24468,
318.85310141738904,74224,481,830,24468,
318.8573461006281,74224,481,829,24469,
318.85884254855125,74223,482,829,24469,
318.8591002076925,74223,482,828,24470,
318.86659570494544,74223,481,829,24470,
318.86946622214145,74223,480,830,24470,
318.8697290096404,74223,480,829,24471,
318.87636083662983,74223,479,830,24471,
318.8782656462936,74222,480,830,24471,
318.87872838996077,74221,481,830,24471,
318.8892730266478,74221,480,831,24471,
318.8898088565524,74221,479,832,24471,
318.894335031646,74221,478,833,24471,
318.900724087681,74221,477,834,24471,
318.9014461895642,74220,478,834,24471,
318.9060187716884,74220,478,833,24472,
318.90727949216887,74219,479,833,24472,
318.9131124254283,74218,480,833,24472,
318.9160897957275,74218,479,834,24472,
318.91646686307735,74217,480,834,24472,
318.91767552595263,74217,479,835,24472,
318.92405482899244,74217,479,834,24473,
318.92606498403256,74217,479,833,24474,
318.92711178937634,74217,478,834,24474,
318.9271831990974,74217,478,833,24475,
318.92830226169815,74217,478,832,24476,
318.9286572147253,74217,478,831,24477,
318.9304811112457,74216,479,831,24477,
318.93264150779254,74216,478,832,24477,
318.93271797305454,74215,479,832,24477,
318.93274008841456,74215,478,833,24477,
318.9433062417456,74215,478,832,24478,
318.94510289291406,74214,479,832,24478,
318.9506655299977,74213,480,832,24478,
318.9524200734889,74212,481,832,24478,
318.95623364209314,74212,480,833,24478,
318.9565661663566,74212,479,834,24478,
318.95861078635335,74211,480,834,24478,
318.96088541717376,74211,480,833,24479,
318.9621067631399,74211,480,832,24480,
318.9665901768748,74211,480,831,24481,
318.96748519748934,74211,479,832,24481,
318.97393154710534,74211,479,831,24482,
318.9757298356633,74210,480,831,24482,
318.97755396420706,74210,480,830,24483,
318.9816367975405,74209,481,830,24483,
318.9824168114213,74209,480,831,24483,
318.98247342834077,74209,479,832,24483,
318.9871744742713,74208,480,832,24483,
318.9914881811677,74208,479,833,24483,
318.9922823942758,74207,480,833,24483,
318.9942563795619,74206,481,833,24483,
318.99903960112863,74205,482,833,24483,
319.0026878284116,74205,482,832,24484,
319.003627357813,74204,483,832,24484,
319.01339628778544,74204,483,831,24485,
319.0139489392689,74204,482,832,24485,
319.01438437379363,74203,483,832,24485,
319.0183247332611,74203,483,831,24486,
319.02513649228604,74203,482,832,24486,
319.0304976192815,74203,481,833,24486,
319.03699385320454,74203,481,832,24487,
319.0393562688289,74203,480,833,24487,
319.04478980898864,74203,480,832,24488,
319.04685645497784,74203,480,831,24489,
319.04705119434874,74203,480,830,24490,
319.04901555177884,74203,480,829,24491,
319.049459183946,74203,479,830,24491,
319.0526483450822,74203,478,831,24491,
319.059319011864,74203,477,832,24491,
319.06040817158487,74202,478,832,24491,
319.0669974823936,74202,478,831,24492,
319.06844295373924,74202,477,832,24492,
319.0697372380303,74202,477,831,24493,
319.07752789562664,74202,477,830,24494,
319.0778312777852,74202,477,829,24495,
319.081911667024,74202,477,828,24496,
319.0861089678488,74202,476,829,24496,
319.0969265397212,74201,477,829,24496,
319.1005264965489,74200,478,829,24496,
319.106679633926,74200,478,828,24497,
319.1141231823274,74200,477,829,24497,
319.11451296653627,74200,477,828,24498,
319.1174804310212,74199,478,828,24498,
319.11792891210365,74199,478,827,24499,
319.1195115487314,74199,477,828,24499,
319.1214579923277,74199,477,827,24500,
319.12954696444837,74199,476,828,24500,
319.1301624561946,74198,477,828,24500,
319.13149952379473,74197,478,828,24500,
319.1315081663764,74197,478,827,24501,
319.133376603596,74197,477,828,24501,
319.1404151146139,74197,476,829,24501,
319.1466435585949,74197,475,830,24501,
319.1481249407335,74197,475,829,24502,
319.14910446363206,74197,474,830,24502,
319.14983641235006,74196,475,830,24502,
319.154698556127,74196,475,829,24503,
319.15636588833496,74195,476,829,24503,
319.1660064943094,74194,477,829,24503,
319.168344052376,74194,477,828,24504,
319.1757877107804,74194,477,827,24505,
319.1800134270162,74194,477,826,24506,
319.1900494439315,74193,478,826,24506,
319.19037893908404,74193,478,825,24507,
319.2037260506929,74193,478,824,24508,
319.2080639174063,74193,477,825,24508,
319.20956448390257,74193,477,824,24509,
319.2275269229624,74192,478,824,24509,
319.22937988730234,74191,479,824,24509,
319.2307060499753,74191,478,825,24509,
319.2383722160825,74190,479,825,24509,
319.2391117551785,74190,479,824,24510,
319.2397623032096,74190,478,825,24510,
319.2439057706093,74189,479,825,24510,
319.24671770870765,74189,479,824,24511,
319.25518757803815,74189,478,825,24511,
319.26343859663643,74188,479,825,24511,
319.26552469546317,74187,480,825,24511,
319.2697274856393,74186,481,825,24511,
319.2706883676446,74186,480,826,24511,
319.27365519306585,74185,481,826,24511,
319.27648520632073,74185,481,825,24512,
319.2785106210546,74185,480,826,24512,
319.29029441440923,74185,480,825,24513,
319.2908847588408,74184,481,825,24513,
319.29551776487386,74183,482,825,24513,
319.2965022830422,74182,483,825,24513,
319.2998372412896,74182,483,824,24514,
319.30227568136553,74182,483,823,24515,
319.30254075254896,74182,483,822,24516,
319.30546240411445,74181,484,822,24516,
319.3085980467621,74181,483,823,24516,
319.31553814756455,74181,482,824,24516,
319.31997842319515,74181,482,823,24517,
319.3358102111467,74181,481,824,24517,
319.35114777678217,74181,480,825,24517,
319.35659764382814,74181,480,824,24518,
319.3586632062954,74181,480,823,24519,
319.35933880394987,74181,480,822,24520,
319.3625616185574,74181,479,823,24520,
319.3666872679949,74181,478,824,24520,
319.36972698289634,74181,477,825,24520,
319.37547760041525,74180,478,825,24520,
319.37887432544244,74179,479,825,24520,
319.3798703911235,74179,478,826,24520,
319.38993169789603,74179,477,827,24520,
319.39290539201954,74178,478,827,24520,
319.39504766754396,74178,477,828,24520,
319.39680292380444,74178,477,827,24521,
319.3978988553171,74178,477,826,24522,
319.40174337993665,74177,478,826,24522,
319.40313902671096,74177,478,825,24523,
319.4036198398701,74177,477,826,24523,
319.409523087168,74176,478,826,24523,
319.41537233390625,74176,478,825,24524,
319.4200218878022,74175,479,825,24524,
319.42056152484406,74175,479,824,24525,
319.42456730211353,74175,478,825,24525,
319.4279483995901,74174,479,825,24525,
319.43140732238663,74174,478,826,24525,
319.4345256659882,74174,477,827,24525,
319.4424243065649,74174,477,826,24526,
319.44797121844476,74174,476,827,24526,
319.4495621143565,74173,477,827,24526,
319.45604212244245,74173,477,826,24527,
319.4586196108895,74172,478,826,24527,
319.4601781549324,74172,478,825,24528,
319.4698455010424,74171,479,825,24528,
319.4725746693881,74171,478,826,24528,
319.4775668702886,74170,479,826,24528,
319.4942796000578,74169,480,826,24528,
319.4952405879826,74169,480,825,24529,
319.50388164193447,74169,480,824,24530,
319.519516924407,74168,481,824,24530,
319.5202324048857,74168,480,825,24530,
319.5209896636226,74168,479,826,24530,
319.5233281789578,74168,479,825,24531,
319.5244542084661,74167,480,825,24531,
319.52682536798517,74166,481,825,24531,
319.5293772450502,74165,482,825,24531,
319.5313567221197,74164,483,825,24531,
319.5342864078362,74164,482,826,24531,
319.54048021920624,74163,483,826,24531,
319.54163576814733,74162,484,826,24531,
319.55092326968514,74162,484,825,24532,
319.55995808332403,74162,483,826,24532,
319.5747348457245,74162,483,825,24533,
319.57554102542457,74162,482,826,24533,
319.58333685222476,74162,481,827,24533,
319.5862738044107,74162,480,828,24533,
319.59078520820384,74162,480,827,24534,
319.6000197919741,74162,480,826,24535,
319.601436515342,74162,479,827,24535,
319.60444619960765,74161,480,827,24535,
319.6075147345366,74161,479,828,24535,
319.61624482207833,74160,480,828,24535,
319.62116932214934,74160,480,827,24536,
319.6300539811581,74160,479,828,24536,
319.63249388196664,74159,480,828,24536,
319.63852793288294,74158,481,828,24536,
319.6394620817594,74158,481,827,24537,
319.64150221396557,74157,482,827,24537,
319.6461567802033,74156,483,827,24537,
319.6482432105932,74156,482,828,24537,
319.65124109404724,74156,482,827,24538,
319.6576953024547,74156,481,828,24538,
319.6632172014294,74156,481,827,24539,
319.6632825276696,74156,481,826,24540,
319.665226578995,74156,480,827,24540,
319.6796268388965,74156,480,826,24541,
319.6810465441309,74156,479,827,24541,
319.68118859535053,74156,478,828,24541,
319.68399054696175,74156,477,829,24541,
319.68584059799815,74155,478,829,24541,
319.68820948807996,74155,478,828,24542,
319.69011129363753,74155,477,829,24542,
319.6906248119799,74155,477,828,24543,
319.6957142339798,74154,478,828,24543,
319.70276688905767,74154,478,827,24544,
319.70367978594913,74154,478,826,24545,
319.70812485837047,74154,477,827,24545,
319.7136305298667,74154,477,826,24546,
319.72011905623077,74154,476,827,24546,
319.7238185446606,74154,475,828,24546,
319.7245948813016,74153,476,828,24546,
319.72544860271347,74153,475,829,24546,
319.7265904154137,74153,475,828,24547,
319.731837035592,74152,476,828,24547,
319.742977211333,74152,476,827,24548,
319.7469487421416,74151,477,827,24548,
319.74824599827895,74151,476,828,24548,
319.7491642120248,74151,476,827,24549,
319.75549297710637,74151,475,828,24549,
319.7571758682864,74151,474,829,24549,
319.76166607026306,74150,475,829,24549,
319.76233377894204,74150,474,830,24549,
319.7657411064975,74149,475,830,24549,
319.76862751519633,74149,474,831,24549,
319.7717073239465,74149,473,832,24549,
319.772183811339,74149,472,833,24549,
319.7761623498005,74149,472,832,24550,
319.78649773485915,74149,471,833,24550,
319.78957297270216,74149,471,832,24551,
319.79144931493323,74149,470,833,24551,
319.80143413445006,74149,469,834,24551,
319.80166251194225,74149,468,835,24551,
319.8020779583151,74148,469,835,24551,
319.8075124282856,74148,469,834,24552,
319.8097455991502,74147,470,834,24552,
319.81093732100607,74147,469,835,24552,
319.8166820443356,74147,469,834,24553,
319.82072697531265,74147,468,835,24553,
319.8233465564269,74146,469,835,24553,
319.8258814093955,74145,470,835,24553,
319.8276736110759,74145,470,834,24554,
319.8310984148131,74145,470,833,24555,
319.8337318124318,74145,469,834,24555,
319.84573667986444,74145,468,835,24555,
319.85320298895846,74144,469,835,24555,
319.85817238294385,74144,468,836,24555,
319.86253551317543,74144,468,835,24556,
319.8682039269195,74144,467,836,24556,
319.8791120909668,74144,466,837,24556,
319.88143150868615,74144,465,838,24556,
319.8829951641569,74144,465,837,24557,
319.88369335030694,74144,464,838,24557,
319.90927332207343,74144,464,837,24558,
319.91685819759834,74143,465,837,24558,
319.920377053232,74143,465,836,24559,
319.9222112031292,74143,464,837,24559,
319.92339497118724,74143,464,836,24560,
319.9278629554831,74143,463,837,24560,
319.92957911396945,74142,464,837,24560,
319.9407169700562,74142,463,838,24560,
319.9507592157761,74142,462,839,24560,
319.9542738783355,74142,461,840,24560,
319.96832773557895,74142,461,839,24561,
319.96881546714087,74142,460,840,24561,
319.9688690487413,74142,459,841,24561,
319.969739570455,74142,459,840,24562,
319.9792839324493,74142,458,841,24562,
319.9804037239688,74142,458,840,24563,
319.9814516639209,74142,458,839,24564,
319.981484425029,74142,458,838,24565,
319.98212411822396,74141,459,838,24565,
319.9833587142275,74141,459,837,24566,
319.98957712961794,74141,459,836,24567,
319.99018569058785,74140,460,836,24567,
319.9925314219813,74140,459,837,24567,
319.994471994302,74140,459,836,24568,
319.99760449772117,74140,459,835,24569,
320.00676969048686,74140,458,836,24569,
320.0089617512844,74140,457,837,24569,
320.01143634653596,74139,458,837,24569,
320.01255193570597,74139,458,836,24570,
320.015952820254,74139,458,835,24571,
320.02350649949335,74139,458,834,24572,
320.02379070106787,74138,459,834,24572,
320.0239755870678,74138,459,833,24573,
320.02900416372376,74138,459,832,24574,
320.041608345631,74137,460,832,24574,
320.04217302112636,74137,460,831,24575,
320.04239244344274,74137,460,830,24576,
320.0473850587241,74137,460,829,24577,
320.0474278856335,74137,459,830,24577,
320.0486764618975,74137,459,829,24578,
320.05138130402617,74137,459,828,24579,
320.05270475398567,74137,459,827,24580,
320.05279328986103,74136,460,827,24580,
320.0557640177179,74136,459,828,24580,
320.0568262399815,74135,460,828,24580,
320.0584367217561,74134,461,828,24580,
320.0607848075674,74134,461,827,24581,
320.06274090907436,74134,460,828,24581,
320.06414188047455,74133,461,828,24581,
320.0643478741456,74132,462,828,24581,
320.0645475817293,74132,462,827,24582,
320.07112926777666,74131,463,827,24582,
320.0753284780723,74130,464,827,24582,
320.08003155763157,74130,464,826,24583,
320.0809687146639,74130,464,825,24584,
320.08125651113903,74130,463,826,24584,
320.0840959619119,74130,462,827,24584,
320.0885719643495,74130,461,828,24584,
320.088648642861,74130,460,829,24584,
320.0892960010701,74130,459,830,24584,
320.08955346656177,74129,460,830,24584,
320.0896281101706,74129,459,831,24584,
320.0988855516355,74129,458,832,24584,
320.0996715119155,74129,457,833,24584,
320.10264745576706,74129,456,834,24584,
320.10799366010315,74129,456,833,24585,
320.1096749694117,74129,456,832,24586,
320.11428845631434,74129,455,833,24586,
320.11442780672115,74129,454,834,24586,
320.11719685015464,74129,453,835,24586,
320.12559492399043,74129,453,834,24587,
320.12715495197966,74128,454,834,24587,
320.13028772811634,74128,453,835,24587,
320.1321846037965,74127,454,835,24587,
320.13357530538934,74127,453,836,24587,
320.1336549687391,74127,452,837,24587,
320.1357309874789,74127,452,836,24588,
320.13903681060947,74127,451,837,24588,
320.142847655635,74127,451,836,24589,
320.1429387742208,74127,451,835,24590,
320.1437104055905,74126,452,835,24590,
320.14969503629897,74126,451,836,24590,
320.15295883560486,74126,450,837,24590,
320.1552420365143,74125,451,837,24590,
320.15669955485293,74125,451,836,24591,
320.15763299982825,74125,451,835,24592,
320.1644957764602,74125,450,836,24592,
320.1674375709896,74125,449,837,24592,
320.1703537500889,74125,448,838,24592,
320.17721393600965,74125,447,839,24592,
320.1812842659675,74125,447,838,24593,
320.18755379679385,74125,446,839,24593,
320.1956021524504,74124,447,839,24593,
320.196232606221,74124,446,840,24593,
320.2111068568543,74124,446,839,24594,
320.2161664505306,74124,446,838,24595,
320.22761191679365,74124,445,839,24595,
320.22828849166535,74123,446,839,24595,
320.2364045263746,74123,446,838,24596,
320.24229078614576,74122,447,838,24596,
320.2428098375296,74122,447,837,24597,
320.24372252757524,74121,448,837,24597,
320.2441497421633,74120,449,837,24597,
320.24693644044027,74120,449,836,24598,
320.2474249788704,74120,448,837,24598,
320.2502927361611,74119,449,837,24598,
320.2561718692609,74119,448,838,24598,
320.25996175051813,74119,447,839,24598,
320.2629534969298,74119,446,840,24598,
320.264490683679,74119,445,841,24598,
320.2672045595514,74119,445,840,24599,
320.2673041312232,74118,446,840,24599,
320.26871489594487,74118,446,839,24600,
320.2704035105557,74117,447,839,24600,
320.28013863713227,74117,447,838,24601,
320.28395245911895,74117,447,837,24602,
320.301078089016,74117,447,836,24603,
320.30361983121423,74116,448,836,24603,
320.3043357419592,74115,449,836,24603,
320.3089306383757,74115,448,837,24603,
320.3117313656743,74115,448,836,24604,
320.3165052005327,74115,448,835,24605,
320.3172262387129,74114,449,835,24605,
320.3179572656001,74114,449,834,24606,
320.3234444799077,74114,448,835,24606,
320.3252583457272,74114,448,834,24607,
320.33147383593877,74114,447,835,24607,
320.33465387917056,74114,447,834,24608,
320.3476531042858,74113,448,834,24608,
320.3537013295234,74113,447,835,24608,
320.3632259463166,74113,446,836,24608,
320.36630456004326,74113,445,837,24608,
320.37852041281405,74112,446,837,24608,
320.38010584305187,74112,446,836,24609,
320.39607384698445,74112,446,835,24610,
320.4121851415477,74112,446,834,24611,
320.4130811046486,74111,447,834,24611,
320.41716372915755,74111,447,833,24612,
320.41992333460627,74110,448,833,24612,
320.42526564138336,74109,449,833,24612,
320.4257178686868,74109,448,834,24612,
320.43340492532013,74109,448,833,24613,
320.43550411522807,74108,449,833,24613,
320.43657354945657,74108,449,832,24614,
320.4381242906194,74108,449,831,24615,
320.44105082244977,74108,448,832,24615,
320.44833948079156,74107,449,832,24615,
320.44923627106584,74107,448,833,24615,
320.449424598118,74107,447,834,24615,
320.44955357842036,74106,448,834,24615,
320.45185929912543,74106,447,835,24615,
320.45497170996913,74106,446,836,24615,
320.4550481323867,74106,446,835,24616,
320.4562681648544,74106,446,834,24617,
320.4582320075909,74105,447,834,24617,
320.4605513425359,74105,446,835,24617,
320.46223770788066,74104,447,835,24617,
320.47210683547576,74103,448,835,24617,
320.47664735680746,74102,449,835,24617,
320.4782591068141,74102,449,834,24618,
320.4825506025391,74102,449,833,24619,
320.48386814516726,74101,450,833,24619,
320.49224965862436,74100,451,833,24619,
320.49402002902497,74100,451,832,24620,
320.4954406882725,74099,452,832,24620,
320.5026095032548,74099,451,833,24620,
320.5106479166787,74099,450,834,24620,
320.51303644059186,74099,450,833,24621,
320.5139626666759,74098,451,833,24621,
320.514798038011,74098,451,832,24622,
320.5187992540211,74098,450,833,24622,
320.5263746340382,74098,449,834,24622,
320.5292004410719,74097,450,834,24622,
320.52955563342925,74096,451,834,24622,
320.53069349765167,74096,451,833,24623,
320.5316819400714,74095,452,833,24623,
320.5367516127936,74094,453,833,24623,
320.5368078803649,74093,454,833,24623,
320.54681772104357,74093,453,834,24623,
320.5492300168891,74093,452,835,24623,
320.554324001546,74093,451,836,24623,
320.5584470459943,74093,450,837,24623,
320.56616687524513,74092,451,837,24623,
320.56646656852627,74092,450,838,24623,
320.56771639774934,74092,450,837,24624,
320.56776295874846,74092,450,836,24625,
320.5699153300352,74092,450,835,24626,
320.57006110497,74092,449,836,24626,
320.57423120712616,74092,448,837,24626,
320.5756156840084,74091,449,837,24626,
320.57564114492493,74091,449,836,24627,
320.5775976040879,74091,448,837,24627,
320.57767642629466,74091,448,836,24628,
320.58116468153776,74091,447,837,24628,
320.58329557024183,74091,447,836,24629,
320.5880700468899,74091,446,837,24629,
320.58923378951226,74090,447,837,24629,
320.5917876706537,74090,447,836,24630,
320.59817504612386,74090,447,835,24631,
320.6000725326597,74089,448,835,24631,
320.6018999632623,74088,449,835,24631,
320.60234844582806,74088,448,836,24631,
320.6025577450305,74088,448,835,24632,
320.60354750086793,74088,447,836,24632,
320.6132164023491,74088,447,835,24633,
320.6157034706333,74088,447,834,24634,
320.6196345543828,74087,448,834,24634,
320.6222150052852,74087,448,833,24635,
320.6300771594865,74087,447,834,24635,
320.64615538650565,74086,448,834,24635,
320.6498276466302,74086,447,835,24635,
320.649901656606,74086,446,836,24635,
320.6513133620628,74086,446,835,24636,
320.6525202416885,74086,445,836,24636,
320.6559929135375,74086,445,835,24637,
320.6579396263595,74086,444,836,24637,
320.6586483528155,74086,443,837,24637,
320.6641277246326,74086,442,838,24637,
320.664458168341,74086,441,839,24637,
320.66796374793927,74086,440,840,24637,
320.6714375835089,74086,440,839,24638,
320.6788125546818,74086,439,840,24638,
320.68037119880995,74085,440,840,24638,
320.68142227491063,74084,441,840,24638,
320.68509664570706,74084,440,841,24638,
320.6941519447146,74084,440,840,24639,
320.69807480060854,74084,440,839,24640,
320.7014442948262,74084,440,838,24641,
320.7019931090258,74084,439,839,24641,
320.7202649467435,74084,438,840,24641,
320.73452831182203,74083,439,840,24641,
320.7403653972499,74083,438,841,24641,
320.74157954884583,74083,437,842,24641,
320.7422861916292,74083,437,841,24642,
320.74437569553487,74083,436,842,24642,
320.74480586293976,74083,435,843,24642,
320.7463128638349,74083,435,842,24643,
320.7464333864614,74083,434,843,24643,
320.7513858033995,74083,433,844,24643,
320.75534098492676,74082,434,844,24643,
320.7576468598207,74082,433,845,24643,
320.7667696026415,74082,433,844,24644,
320.7739053402666,74082,433,843,24645,
320.7769371213299,74081,434,843,24645,
320.7790085957544,74081,433,844,24645,
320.7806322793451,74080,434,844,24645,
320.7845935952789,74080,433,845,24645,
320.78482048516287,74080,433,844,24646,
320.78744001332996,74080,433,843,24647,
320.7878841394221,74079,434,843,24647,
320.7880982611189,74078,435,843,24647,
320.79109580068376,74077,436,843,24647,
320.7962056532579,74076,437,843,24647,
320.79801725124594,74076,437,842,24648,
320.80140576251085,74075,438,842,24648,
320.8014385985041,74074,439,842,24648,
320.803262478854,74073,440,842,24648,
320.8076839393203,74073,440,841,24649,
320.80872944138633,74072,441,841,24649,
320.8116411749129,74072,440,842,24649,
320.81544403598417,74071,441,842,24649,
320.82284618570793,74070,442,842,24649,
320.8331627835491,74070,441,843,24649,
320.83820558595266,74070,440,844,24649,
320.84115062811446,74070,440,843,24650,
320.8413271473162,74069,441,843,24650,
320.8439716916289,74069,440,844,24650,
320.85519559294244,74068,441,844,24650,
320.8592209050076,74068,441,843,24651,
320.86124062635355,74068,440,844,24651,
320.86143419767836,74068,440,843,24652,
320.86841020236955,74068,440,842,24653,
320.87957684804246,74067,441,842,24653,
320.8798956631913,74067,441,841,24654,
320.8824396569295,74066,442,841,24654,
320.88413419161077,74065,443,841,24654,
320.88677712841553,74065,442,842,24654,
320.8985881302235,74065,441,843,24654,
320.9004554810141,74064,442,843,24654,
320.9031867785978,74064,442,842,24655,
320.9044489717547,74063,443,842,24655,
320.9052539041899,74062,444,842,24655,
320.90570878197536,74062,443,843,24655,
320.90603176369416,74061,444,843,24655,
320.90608973786556,74061,444,842,24656,
320.9075042843715,74061,443,843,24656,
320.9077405489066,74060,444,843,24656,
320.90937937395717,74059,445,843,24656,
320.91760965711165,74059,445,842,24657,
320.91931910816237,74059,445,841,24658,
320.9239790943252,74058,446,841,24658,
320.93546270213085,74058,445,842,24658,
320.93693627429195,74058,445,841,24659,
320.9371040660468,74058,444,842,24659,
320.94099716065347,74057,445,842,24659,
320.94140428797067,74057,444,843,24659,
320.9450878403215,74057,443,844,24659,
320.9508643830104,74057,443,843,24660,
320.95300648098373,74057,443,842,24661,
320.95326106040045,74056,444,842,24661,
320.95390669556343,74056,444,841,24662,
320.9549413669378,74056,444,840,24663,
320.96643536340025,74056,443,841,24663,
320.9696408192465,74056,442,842,24663,
320.9698900172016,74056,442,841,24664,
320.9715184944337,74055,443,841,24664,
320.9789069802771,74055,442,842,24664,
320.98684697877405,74055,442,841,24665,
320.9959997535835,74055,441,842,24665,
320.9962125514725,74054,442,842,24665,
321.0056018432828,74054,442,841,24666,
321.0100875243906,74054,441,842,24666,
321.0149322561871,74054,440,843,24666,
321.0189189732161,74054,440,842,24667,
321.021917096194,74053,441,842,24667,
321.02699592928695,74052,442,842,24667,
321.02834013050096,74052,441,843,24667,
321.03251717299247,74051,442,843,24667,
321.03497693684824,74050,443,843,24667,
321.03979670562245,74050,443,842,24668,
321.0429921951422,74049,444,842,24668,
321.04322529989724,74048,445,842,24668,
321.0473671191603,74048,444,843,24668,
321.04827829630455,74048,444,842,24669,
321.0485124492612,74047,445,842,24669,
321.0501555243227,74047,444,843,24669,
321.0535236168395,74046,445,843,24669,
321.0609406652583,74045,446,843,24669,
321.06366292976344,74045,446,842,24670,
321.0644445155253,74045,445,843,24670,
321.0652162003741,74045,445,842,24671,
321.06551568211313,74044,446,842,24671,
321.0706878480563,74044,446,841,24672,
321.0722719481191,74043,447,841,24672,
321.0757115045157,74043,446,842,24672,
321.0758580633628,74043,446,841,24673,
321.07638795511826,74042,447,841,24673,
321.07832576834676,74042,447,840,24674,
321.0803221392292,74042,446,841,24674,
321.0837449218804,74041,447,841,24674,
321.08609706398283,74040,448,841,24674,
321.08766049082,74040,447,842,24674,
321.0888080334139,74039,448,842,24674,
321.0897785173728,74039,448,841,24675,
321.09010398994945,74038,449,841,24675,
321.097154000598,74037,450,841,24675,
321.10149736230204,74037,449,842,24675,
321.1108173651926,74037,448,843,24675,
321.1148811703084,74036,449,843,24675,
321.11534704133396,74036,448,844,24675,
321.1178347757579,74036,447,845,24675,
321.1180582697281,74036,447,844,24676,
321.12490193187983,74036,447,843,24677,
321.1359608435054,74036,446,844,24677,
321.13717504276167,74036,445,845,24677,
321.14298179915653,74035,446,845,24677,
321.1514881944101,74035,445,846,24677,
321.15237841850796,74035,444,847,24677,
321.15626578506175,74034,445,847,24677,
321.15785865067386,74034,445,846,24678,
321.1596603641919,74033,446,846,24678,
321.1641341508242,74033,445,847,24678,
321.17274905407277,74033,445,846,24679,
321.1731653137766,74033,445,845,24680,
321.1743832256404,74032,446,845,24680,
321.18036341431014,74031,447,845,24680,
321.1834059284701,74031,447,844,24681,
321.19550260404975,74030,448,844,24681,
321.19615994341353,74029,449,844,24681,
321.1978155421074,74029,449,843,24682,
321.1983341580262,74029,448,844,24682,
321.1988555942319,74029,447,845,24682,
321.198986000523,74029,447,844,24683,
321.2066555137706,74029,447,843,24684,
321.210905122381,74028,448,843,24684,
321.2130387179484,74027,449,843,24684,
321.2135922204815,74026,450,843,24684,
321.21768526720615,74025,451,843,24684,
321.22019343947056,74024,452,843,24684,
321.2214653927456,74024,452,842,24685,
321.2232923087185,74024,451,843,24685,
321.22401403128276,74024,450,844,24685,
321.2247773754193,74024,450,843,24686,
321.22615152849295,74024,449,844,24686,
321.23455568590396,74023,450,844,24686,
321.2380095132541,74023,449,845,24686,
321.24165926343346,74023,449,844,24687,
321.2427490887021,74023,449,843,24688,
321.24588348527544,74023,448,844,24688,
321.2638843564155,74022,449,844,24688,
321.2654572281205,74022,448,845,24688,
321.27096639517003,74022,447,846,24688,
321.27367864458427,74021,448,846,24688,
321.27555222727847,74020,449,846,24688,
321.2793346611495,74019,450,846,24688,
321.27939338178027,74019,449,847,24688,
321.2920076582549,74018,450,847,24688,
321.2923257441931,74018,450,846,24689,
321.29275108416584,74018,450,845,24690,
321.2947033508668,74018,450,844,24691,
321.29801611206125,74018,450,843,24692,
321.2995768936574,74018,449,844,24692,
321.30944356267327,74018,449,843,24693,
321.31116970261394,74018,449,842,24694,
321.3117349641014,74018,449,841,24695,
321.31753105724647,74018,448,842,24695,
321.31815926800147,74017,449,842,24695,
321.3287535219246,74017,448,843,24695,
321.33128393139157,74016,449,843,24695,
321.33969057820866,74015,450,843,24695,
321.34086323600354,74015,450,842,24696,
321.3419273704416,74015,449,843,24696,
321.3451613742306,74015,449,842,24697,
321.34966248242284,74015,449,841,24698,
321.3534413780454,74015,448,842,24698,
321.3625487664099,74015,447,843,24698,
321.3654425062456,74015,447,842,24699,
321.3659433690348,74014,448,842,24699,
321.3753903326231,74014,448,841,24700,
321.3814244796327,74013,449,841,24700,
321.3856746692212,74013,449,840,24701,
321.3880793758061,74013,448,841,24701,
321.3885117295623,74013,447,842,24701,
321.38926986940174,74012,448,842,24701,
321.39454770757715,74012,447,843,24701,
321.3987137808328,74011,448,843,24701,
321.40001667681463,74010,449,843,24701,
321.4030125905477,74009,450,843,24701,
321.4082662879013,74009,450,842,24702,
321.4137679934159,74008,451,842,24702,
321.41472457788075,74008,450,843,24702,
321.41608892399336,74008,450,842,24703,
321.4186254378608,74008,450,841,24704,
321.4242839847133,74008,450,840,24705,
321.4296153704548,74008,449,841,24705,
321.42985002787685,74008,449,840,24706,
321.43090675413606,74008,448,841,24706,
321.4351006986818,74008,447,842,24706,
321.44172118407715,74007,448,842,24706,
321.44953808961014,74007,448,841,24707,
321.45031027744153,74006,449,841,24707,
321.46014064600394,74006,448,842,24707,
321.460476936858,74006,447,843,24707,
321.46091339161416,74006,446,844,24707,
321.4661558859296,74006,446,843,24708,
321.471246814023,74005,447,843,24708,
321.47652620860083,74005,446,844,24708,
321.4843327438001,74004,447,844,24708,
321.4886774325687,74004,446,845,24708,
321.49210613394763,74003,447,845,24708,
321.4930589282154,74003,447,844,24709,
321.4951172201495,74002,448,844,24709,
321.495594771145,74002,448,843,24710,
321.4965732949863,74002,447,844,24710,
321.5016197038181,74001,448,844,24710,
321.5036252172769,74001,447,845,24710,
321.50743073692115,74000,448,845,24710,
321.5104330713152,73999,449,845,24710,
321.5117787041879,73999,449,844,24711,
321.51655680257556,73998,450,844,24711,
321.5168039862354,73998,449,845,24711,
321.5191153272569,73997,450,845,24711,
321.52591882141127,73997,449,846,24711,
321.52895013332574,73997,448,847,24711,
321.52983554781633,73997,448,846,24712,
321.53142909394194,73996,449,846,24712,
321.5370498857041,73996,449,845,24713,
321.5374493734685,73996,449,844,24714,
321.53748618425055,73996,449,843,24715,
321.53904526502134,73996,449,842,24716,
321.5532394435655,73996,449,841,24717,
321.5552687275546,73996,449,840,24718,
321.5624632814545,73996,448,841,24718,
321.56247815761776,73996,448,840,24719,
321.5642885523492,73995,449,840,24719,
321.5680902673462,73995,448,841,24719,
321.5726494888411,73994,449,841,24719,
321.57649499147004,73993,450,841,24719,
321.57721004162505,73993,449,842,24719,
321.5797292998982,73992,450,842,24719,
321.5804328143472,73992,450,841,24720,
321.5911175517416,73992,450,840,24721,
321.59325822641756,73992,449,841,24721,
321.596453655159,73992,448,842,24721,
321.5981303941459,73991,449,842,24721,
321.6017151798447,73990,450,842,24721,
321.6083166382081,73989,451,842,24721,
321.61181494773535,73989,451,841,24722,
321.6125863150572,73989,451,840,24723,
321.6128439029989,73989,450,841,24723,
321.61333864109616,73989,450,840,24724,
321.61457364239055,73989,449,841,24724,
321.6212246389447,73989,449,840,24725,
321.62594240257107,73988,450,840,24725,
321.6372188574168,73987,451,840,24725,
321.6429848514454,73986,452,840,24725,
321.647270581794,73986,452,839,24726,
321.6521525916463,73986,451,840,24726,
321.6556315623333,73985,452,840,24726,
321.66066782973496,73984,453,840,24726,
321.66297194170926,73984,453,839,24727,
321.66374044537423,73984,452,840,24727,
321.66652489878567,73984,451,841,24727,
321.6678018584255,73984,450,842,24727,
321.6706852685963,73984,449,843,24727,
321.67102581042246,73984,449,842,24728,
321.6725664974803,73983,450,842,24728,
321.67300834149023,73983,449,843,24728,
321.67409889296937,73983,448,844,24728,
321.6825789732462,73983,447,845,24728,
321.6860879255522,73982,448,845,24728,
321.68653907084706,73982,447,846,24728,
321.69209287971273,73982,447,845,24729,
321.692517743102,73982,447,844,24730,
321.6934749713235,73982,446,845,24730,
321.70030010052443,73982,445,846,24730,
321.70758056528905,73981,446,846,24730,
321.7090349334973,73980,447,846,24730,
321.7287304591124,73980,446,847,24730,
321.73098942190666,73980,446,846,24731,
321.7403232439924,73979,447,846,24731,
321.7421684227419,73978,448,846,24731,
321.74569209295134,73978,447,847,24731,
321.7465478571308,73977,448,847,24731,
321.75023424951854,73977,447,848,24731,
321.7504128703805,73977,447,847,24732,
321.75163565306633,73977,447,846,24733,
321.7535607447359,73976,448,846,24733,
321.76071490806555,73975,449,846,24733,
321.7657111670453,73975,449,845,24734,
321.7789268066602,73974,450,845,24734,
321.78028370985544,73973,451,845,24734,
321.7818104719466,73973,451,844,24735,
321.7869302176125,73973,451,843,24736,
321.78770537285385,73972,452,843,24736,
321.78958906366756,73972,452,842,24737,
321.79593724010505,73972,452,841,24738,
321.79850933323803,73972,451,842,24738,
321.8017365329013,73972,451,841,24739,
321.8066180566923,73971,452,841,24739,
321.8070091614883,73970,453,841,24739,
321.81982829014606,73970,453,840,24740,
321.82097432395034,73970,452,841,24740,
321.82191515552097,73970,452,840,24741,
321.82531720300386,73969,453,840,24741,
321.8253598883232,73968,454,840,24741,
321.8268544560882,73968,454,839,24742,
321.8315200832614,73968,453,840,24742,
321.83201105019367,73968,453,839,24743,
321.83224145957485,73967,454,839,24743,
321.84202038915157,73966,455,839,24743,
321.8423316224554,73966,454,840,24743,
321.8430447487548,73965,455,840,24743,
321.84327318913734,73965,455,839,24744,
321.84422227979786,73965,454,840,24744,
321.84875770662427,73965,454,839,24745,
321.8583549111389,73965,454,838,24746,
321.86063602065695,73964,455,838,24746,
321.86602472400625,73964,454,839,24746,
321.8660326976576,73963,455,839,24746,
321.87162742981013,73963,455,838,24747,
321.8777232442163,73963,455,837,24748,
321.8781076517906,73963,455,836,24749,
321.8784900651594,73962,456,836,24749,
321.8799941564066,73962,455,837,24749,
321.89229561909065,73961,456,837,24749,
321.8942696240527,73961,455,838,24749,
321.89614427254094,73961,454,839,24749,
321.90694086422246,73961,454,838,24750,
321.90849082796814,73960,455,838,24750,
321.911749556917,73960,454,839,24750,
321.91866309577415,73959,455,839,24750,
321.91927150804815,73959,455,838,24751,
321.9197127106857,73958,456,838,24751,
321.9251393578079,73958,455,839,24751,
321.9259132874902,73958,455,838,24752,
321.92837787248146,73958,455,837,24753,
321.928576061122,73958,455,836,24754,
321.93074370162026,73958,454,837,24754,
321.934065512422,73958,454,836,24755,
321.9407829545124,73958,453,837,24755,
321.94303795856877,73957,454,837,24755,
321.9430775685687,73957,453,838,24755,
321.9443342391819,73957,452,839,24755,
321.95793383397836,73957,452,838,24756,
321.9614427747342,73957,451,839,24756,
321.9649291189008,73957,451,838,24757,
321.96716900986837,73957,451,837,24758,
321.9696101204454,73956,452,837,24758,
321.9698157295072,73956,452,836,24759,
321.97320907346347,73955,453,836,24759,
321.97489871708655,73955,453,835,24760,
321.97903072164513,73955,452,836,24760,
321.9814460849066,73955,452,835,24761,
321.98540731660154,73955,452,834,24762,
321.9916879350946,73955,451,835,24762,
322.00407544035835,73955,451,834,24763,
322.00639107350855,73954,452,834,24763,
322.0115640542718,73954,451,835,24763,
322.01442206995534,73954,450,836,24763,
322.014979498345,73954,450,835,24764,
322.0177277234941,73954,450,834,24765,
322.018371769112,73954,450,833,24766,
322.020046915123,73953,451,833,24766,
322.0222057718736,73953,451,832,24767,
322.03738298570113,73952,452,832,24767,
322.0410662152215,73952,451,833,24767,
322.0468429118597,73952,451,832,24768,
322.0484529842986,73952,450,833,24768,
322.0528925115899,73951,451,833,24768,
322.05490617110274,73951,451,832,24769,
322.0595745694765,73951,451,831,24770,
322.06119665321876,73950,452,831,24770,
322.0632203210377,73950,452,830,24771,
322.06482817378514,73950,451,831,24771,
322.07234998956403,73950,451,830,24772,
322.0727451462694,73950,451,829,24773,
322.07459011814575,73949,452,829,24773,
322.0805879979581,73949,452,828,24774,
322.0828657668693,73949,452,827,24775,
322.0891528254005,73949,452,826,24776,
322.0891826508995,73948,453,826,24776,
322.093923327194,73948,453,825,24777,
322.09651954301813,73947,454,825,24777,
322.0966724905385,73946,455,825,24777,
322.0976126128643,73946,455,824,24778,
322.0990789797535,73946,454,825,24778,
322.1027413926107,73946,453,826,24778,
322.10994625724595,73946,453,825,24779,
322.1104106039752,73946,453,824,24780,
322.11130248418914,73945,454,824,24780,
322.11545762724944,73944,455,824,24780,
322.11700969968234,73943,456,824,24780,
322.11932353482894,73942,457,824,24780,
322.1307263924617,73942,457,823,24781,
322.1364103188451,73942,457,822,24782,
322.14500547186174,73941,458,822,24782,
322.1453176513229,73941,457,823,24782,
322.14989711342747,73940,458,823,24782,
322.1518057996291,73940,458,822,24783,
322.152131982236,73940,458,821,24784,
322.15655273932754,73940,457,822,24784,
322.15769819645413,73940,456,823,24784,
322.1587942039049,73939,457,823,24784,
322.1593327901633,73939,456,824,24784,
322.16041117695676,73939,456,823,24785,
322.1633215359605,73939,456,822,24786,
322.1647507834349,73939,455,823,24786,
322.1700197761522,73938,456,823,24786,
322.1721333231986,73937,457,823,24786,
322.17349353251797,73936,458,823,24786,
322.17368464233596,73936,458,822,24787,
322.1748134838759,73936,457,823,24787,
322.1750741553226,73936,457,822,24788,
322.1759164042561,73936,456,823,24788,
322.1777568106123,73936,456,822,24789,
322.1869777680957,73935,457,822,24789,
322.1916796511337,73934,458,822,24789,
322.19184735089675,73934,458,821,24790,
322.19671689175647,73934,458,820,24791,
322.1998657399627,73934,457,821,24791,
322.20441977770247,73934,456,822,24791,
322.2062420612623,73934,455,823,24791,
322.20983606587924,73934,455,822,24792,
322.21499044767876,73933,456,822,24792,
322.2201545166961,73933,456,821,24793,
322.2209417343265,73933,456,820,24794,
322.2223482268875,73933,455,821,24794,
322.2239125338111,73933,455,820,24795,
322.22794239408034,73933,455,819,24796,
322.2287529242261,73933,455,818,24797,
322.2302740217356,73933,455,817,24798,
322.2339292923721,73932,456,817,24798,
322.23692324364777,73932,456,816,24799,
322.23741949242327,73932,455,817,24799,
322.24119097051977,73931,456,817,24799,
322.2419674214739,73931,456,816,24800,
322.24368838667345,73930,457,816,24800,
322.2452586723732,73929,458,816,24800,
322.24705323953265,73928,459,816,24800,
322.2477047401488,73927,460,816,24800,
322.25127183698237,73926,461,816,24800,
322.2604987007616,73926,460,817,24800,
322.26239466736683,73926,460,816,24801,
322.2657259717112,73926,460,815,24802,
322.26624902047143,73925,461,815,24802,
322.2721029640404,73925,460,816,24802,
322.28824127358985,73925,460,815,24803,
322.29063267061133,73924,461,815,24803,
322.29705527155375,73923,462,815,24803,
322.2990733177628,73923,462,814,24804,
322.30054185986364,73923,461,815,24804,
322.30263575164537,73923,460,816,24804,
322.3098560584536,73923,459,817,24804,
322.3118895329815,73922,460,817,24804,
322.3144964165793,73921,461,817,24804,
322.31470392390014,73921,461,816,24805,
322.3165547063991,73921,460,817,24805,
322.3194188004743,73921,459,818,24805,
322.3235122860016,73921,458,819,24805,
322.3289913565791,73920,459,819,24805,
322.33458794453793,73920,459,818,24806,
322.33502911421516,73919,460,818,24806,
322.33639878486144,73919,460,817,24807,
322.3374767613118,73919,460,816,24808,
322.33813603931657,73919,460,815,24809,
322.34238810634236,73919,459,816,24809,
322.3441524884057,73919,458,817,24809,
322.34693648216575,73919,458,816,24810,
322.3483383078194,73919,457,817,24810,
322.35024042949726,73918,458,817,24810,
322.3513024966747,73917,459,817,24810,
322.3519184463355,73916,460,817,24810,
322.35727523205884,73916,459,818,24810,
322.3586715008378,73916,459,817,24811,
322.366421633216,73916,458,818,24811,
322.36976501117715,73915,459,818,24811,
322.37017480690514,73915,459,817,24812,
322.3702375897432,73914,460,817,24812,
322.3729400575334,73913,461,817,24812,
322.3771951547141,73913,461,816,24813,
322.3777706056619,73913,461,815,24814,
322.3786231278764,73913,460,816,24814,
322.3791290605962,73913,460,815,24815,
322.3822406892195,73913,459,816,24815,
322.3844230903143,73912,460,816,24815,
322.3896896062321,73911,461,816,24815,
322.39291386611126,73911,460,817,24815,
322.3929372128912,73910,461,817,24815,
322.39320965884565,73909,462,817,24815,
322.4030044613199,73908,463,817,24815,
322.4076994589511,73907,464,817,24815,
322.4103570671693,73906,465,817,24815,
322.4112972313535,73906,465,816,24816,
322.41740948598977,73906,465,815,24817,
322.418512353977,73906,465,814,24818,
322.4187794112197,73906,464,815,24818,
322.41888885783936,73906,464,814,24819,
322.42171704030176,73905,465,814,24819,
322.43031259252706,73905,465,813,24820,
322.43353235584533,73905,465,812,24821,
322.43445552777615,73905,464,813,24821,
322.4359358645841,73905,463,814,24821,
322.4367965072803,73905,463,813,24822,
322.4375514703723,73905,462,814,24822,
322.44579602302343,73905,462,813,24823,
322.4461707465597,73905,462,812,24824,
322.44848937242506,73905,461,813,24824,
322.4492438494003,73905,461,812,24825,
322.4497710645518,73905,460,813,24825,
322.45495530222445,73905,460,812,24826,
322.45680985855194,73905,460,811,24827,
322.46001715052995,73904,461,811,24827,
322.46797187719466,73903,462,811,24827,
322.4688061207123,73903,461,812,24827,
322.4699985573781,73903,461,811,24828,
322.4715298220144,73903,461,810,24829,
322.4723799349514,73903,461,809,24830,
322.472502250002,73903,461,808,24831,
322.4734328663847,73903,461,807,24832,
322.47381850495776,73903,460,808,24832,
322.47716943662493,73902,461,808,24832,
322.4774712958635,73902,461,807,24833,
322.4810424650027,73902,461,806,24834,
322.48112495124326,73902,461,805,24835,
322.4987328802773,73902,460,806,24835,
322.5020486256366,73901,461,806,24835,
322.50371456279015,73901,461,805,24836,
322.5075113271531,73901,460,806,24836,
322.53063630474355,73901,460,805,24837,
322.5310927235215,73901,459,806,24837,
322.5362875958233,73901,459,805,24838,
322.5367933217958,73901,459,804,24839,
322.53759804456854,73901,459,803,24840,
322.544102427777,73901,459,802,24841,
322.5475391380236,73900,460,802,24841,
322.5625069323455,73900,459,803,24841,
322.5668035540209,73899,460,803,24841,
322.56724186937083,73899,459,804,24841,
322.57089101767383,73899,459,803,24842,
322.5778964713091,73899,458,804,24842,
322.5782339675307,73898,459,804,24842,
322.5820196538508,73898,459,803,24843,
322.58387268558903,73898,458,804,24843,
322.58506149628425,73898,457,805,24843,
322.58635973314387,73898,457,804,24844,
322.5864555576516,73898,456,805,24844,
322.5922697126907,73898,456,804,24845,
322.59618749708625,73898,455,805,24845,
322.6021419559318,73898,455,804,24846,
322.60647413877314,73897,456,804,24846,
322.6124460424306,73897,456,803,24847,
322.61732998653486,73897,456,802,24848,
322.62746435368916,73897,456,801,24849,
322.62781712193333,73897,456,800,24850,
322.63744699928577,73897,455,801,24850,
322.6421800615142,73897,455,800,24851,
322.64639333356723,73896,456,800,24851,
322.64751223571164,73895,457,800,24851,
322.6521853221519,73894,458,800,24851,
322.66083564842637,73894,458,799,24852,
322.67072997362305,73893,459,799,24852,
322.6732152743326,73893,458,800,24852,
322.67875093617727,73892,459,800,24852,
322.6791853727701,73892,458,801,24852,
322.69240934135655,73892,458,800,24853,
322.6945838406917,73892,458,799,24854,
322.6955124081168,73892,457,800,24854,
322.6957177057666,73892,457,799,24855,
322.6962826720906,73892,456,800,24855,
322.69723167351145,73892,455,801,24855,
322.69861219295603,73892,455,800,24856,
322.69930752151447,73892,454,801,24856,
322.70148402964463,73892,453,802,24856,
322.7050777906649,73892,452,803,24856,
322.70802625526846,73892,452,802,24857,
322.7108534182229,73892,452,801,24858,
322.71140745839705,73892,452,800,24859,
322.7163337268941,73892,451,801,24859,
322.7201270029759,73892,451,800,24860,
322.72022043512237,73891,452,800,24860,
322.72460169402297,73891,452,799,24861,
322.7288176733392,73890,453,799,24861,
322.7327996637698,73890,453,798,24862,
322.7374581106936,73890,452,799,24862,
322.7383793132841,73890,451,800,24862,
322.7392996313875,73889,452,800,24862,
322.74001015444935,73888,453,800,24862,
322.7500317972624,73888,453,799,24863,
322.750455467916,73888,453,798,24864,
322.7521875133477,73887,454,798,24864,
322.759075273202,73887,453,799,24864,
322.76069942035286,73887,453,798,24865,
322.7617390854347,73887,453,797,24866,
322.7713684443243,73887,452,798,24866,
322.7752675790104,73886,453,798,24866,
322.77874015512856,73885,454,798,24866,
322.7797941030266,73885,453,799,24866,
322.7803343863146,73885,452,800,24866,
322.7946819139346,73885,451,801,24866,
322.7994442091382,73885,451,800,24867,
322.8017596989572,73885,451,799,24868,
322.8101796129865,73885,451,798,24869,
322.81568341959746,73885,451,797,24870,
322.82178534527293,73885,450,798,24870,
322.825834393061,73885,449,799,24870,
322.83360475446955,73884,450,799,24870,
322.83642013038957,73884,450,798,24871,
322.8385055201068,73884,449,799,24871,
322.8393747153154,73884,448,800,24871,
322.8449574507374,73883,449,800,24871,
322.84987615834734,73883,449,799,24872,
322.85082103396485,73883,449,798,24873,
322.8511503584523,73882,450,798,24873,
322.8529106534832,73882,449,799,24873,
322.8582388072888,73881,450,799,24873,
322.8612282716085,73881,449,800,24873,
322.8646536187901,73881,449,799,24874,
322.8711929496231,73880,450,799,24874,
322.8744650670592,73880,449,800,24874,
322.87712970065195,73880,448,801,24874,
322.88500217482647,73879,449,801,24874,
322.8872383324919,73879,448,802,24874,
322.8874240512022,73878,449,802,24874,
322.88922099074125,73878,448,803,24874,
322.894070383405,73877,449,803,24874,
322.8985883997113,73877,448,804,24874,
322.8994980838218,73877,448,803,24875,
322.90262265147595,73876,449,803,24875,
322.9099960606105,73876,449,802,24876,
322.91253991145476,73876,448,803,24876,
322.9270116546837,73875,449,803,24876,
322.9298513844108,73875,448,804,24876,
322.93468056291874,73874,449,804,24876,
322.9356230698212,73873,450,804,24876,
322.93743873216437,73873,450,803,24877,
322.9380752813717,73873,450,802,24878,
322.9422217442337,73873,450,801,24879,
322.94548302336653,73872,451,801,24879,
322.9482982951226,73872,451,800,24880,
322.95607442853645,73871,452,800,24880,
322.96437458262454,73871,451,801,24880,
322.96709716424044,73870,452,801,24880,
322.9717561956214,73870,452,800,24881,
322.97417831281626,73870,452,799,24882,
322.9863015122836,73870,452,798,24883,
322.98653341124253,73870,452,797,24884,
322.98766234781453,73869,453,797,24884,
323.0008779016746,73869,453,796,24885,
323.00428661515843,73869,453,795,24886,
323.009048054748,73868,454,795,24886,
323.0172393887327,73868,454,794,24887,
323.01753741104284,73868,454,793,24888,
323.0177216495812,73867,455,793,24888,
323.02623455424856,73867,455,792,24889,
323.0294167657444,73867,455,791,24890,
323.03126927353753,73867,455,790,24891,
323.0359581961775,73867,454,791,24891,
323.03756743757043,73866,455,791,24891,
323.04007511765985,73865,456,791,24891,
323.0425626957308,73865,455,792,24891,
323.04313714145445,73865,454,793,24891,
323.045493648726,73865,454,792,24892,
323.0498847592893,73865,453,793,24892,
323.0501422619528,73865,452,794,24892,
323.05132012551354,73865,451,795,24892,
323.0545647617607,73865,451,794,24893,
323.0566630388398,73865,451,793,24894,
323.06064063300545,73865,450,794,24894,
323.0619481098089,73864,451,794,24894,
323.063570722439,73864,451,793,24895,
323.07356176315955,73864,450,794,24895,
323.07844412807964,73864,450,793,24896,
323.08060950963005,73864,449,794,24896,
323.08571580008805,73864,449,793,24897,
323.08804729118776,73864,449,792,24898,
323.08857808487306,73864,449,791,24899,
323.0896067294682,73864,448,792,24899,
323.09389765041334,73863,449,792,24899,
323.0988764024157,73862,450,792,24899,
323.10113654523815,73862,450,791,24900,
323.10488494593454,73861,451,791,24900,
323.11880819702264,73861,451,790,24901,
323.12918694417255,73861,450,791,24901,
323.13250642288676,73860,451,791,24901,
323.13740650209047,73860,450,792,24901,
323.1380009440083,73859,451,792,24901,
323.13943771604903,73859,451,791,24902,
323.1405221817463,73859,451,790,24903,
323.1412499654445,73859,450,791,24903,
323.1491851628843,73858,451,791,24903,
323.15157346591013,73858,450,792,24903,
323.1532307235843,73857,451,792,24903,
323.15784021184356,73857,450,793,24903,
323.15892107612626,73857,450,792,24904,
323.1597354051087,73857,449,793,24904,
323.15979678986014,73857,448,794,24904,
323.1672425171252,73857,447,795,24904,
323.16733862971756,73857,447,794,24905,
323.16931181221355,73857,446,795,24905,
323.172600809614,73857,445,796,24905,
323.18058418274865,73856,446,796,24905,
323.1808436135224,73856,445,797,24905,
323.1862367140523,73856,445,796,24906,
323.18894698890875,73856,444,797,24906,
323.18935491164694,73856,444,796,24907,
323.190226017172,73856,443,797,24907,
323.1929572934494,73856,442,798,24907,
323.1950939681222,73855,443,798,24907,
323.19695036963645,73855,442,799,24907,
323.19811319924537,73855,441,800,24907,
323.21052217747143,73855,441,799,24908,
323.2185710036268,73855,440,800,24908,
323.2191998129504,73855,440,799,24909,
323.22872184067455,73855,440,798,24910,
323.2299957964269,73855,439,799,24910,
323.23979194266997,73855,438,800,24910,
323.2413114779456,73855,438,799,24911,
323.2435647196969,73855,438,798,24912,
323.24517277063575,73855,438,797,24913,
323.24724044684524,73855,437,798,24913,
323.2491596578525,73855,436,799,24913,
323.255326067001,73855,436,798,24914,
323.26534673281157,73855,436,797,24915,
323.2668500038117,73854,437,797,24915,
323.2813552742424,73853,438,797,24915,
323.28142649129063,73853,437,798,24915,
323.2826991823905,73853,436,799,24915,
323.2852684497615,73853,435,800,24915,
323.2976363366416,73853,434,801,24915,
323.30263801155365,73853,434,800,24916,
323.3049087412467,73853,434,799,24917,
323.3056902628192,73852,435,799,24917,
323.3119288964172,73851,436,799,24917,
323.3120487823846,73851,435,800,24917,
323.3264448302857,73851,434,801,24917,
323.3297610987898,73851,434,800,24918,
323.32991298045545,73851,433,801,24918,
323.34960808399507,73850,434,801,24918,
323.35085540180194,73850,434,800,24919,
323.3577683130862,73850,434,799,24920,
323.35948482116703,73850,434,798,24921,
323.3659178543491,73850,434,797,24922,
323.3689935736458,73850,434,796,24923,
323.3761499381913,73849,435,796,24923,
323.3790335216671,73849,435,795,24924,
323.3818021115302,73848,436,795,24924,
323.3863309864952,73848,436,794,24925,
323.3865441917466,73848,436,793,24926,
323.3925773974299,73848,436,792,24927,
323.3982807172199,73848,436,791,24928,
323.3984485501356,73848,436,790,24929,
323.40001799564686,73848,435,791,24929,
323.4062190364101,73848,434,792,24929,
323.4224742107251,73847,435,792,24929,
323.42419712680186,73846,436,792,24929,
323.4288474838596,73846,436,791,24930,
323.43102694538504,73846,436,790,24931,
323.43583886599964,73846,436,789,24932,
323.44533335198895,73846,436,788,24933,
323.45248206316796,73845,437,788,24933,
323.4539101008752,73845,436,789,24933,
323.4598087943004,73845,435,790,24933,
323.46095456399627,73845,434,791,24933,
323.4663536145192,73844,435,791,24933,
323.4681548385812,73844,435,790,24934,
323.4748342751493,73843,436,790,24934,
323.4751095956198,73843,435,791,24934,
323.47674054156266,73843,435,790,24935,
323.47967416795774,73843,435,789,24936,
323.4820788234801,73842,436,789,24936,
323.4930402128386,73842,436,788,24937,
323.4986428112234,73841,437,788,24937,
323.49947097125545,73840,438,788,24937,
323.5086170355724,73839,439,788,24937,
323.5185244249754,73839,439,787,24938,
323.5250659965821,73838,440,787,24938,
323.52560067434325,73838,440,786,24939,
323.52678492007095,73837,441,786,24939,
323.535906886699,73837,440,787,24939,
323.54085846416046,73837,439,788,24939,
323.5446792135476,73836,440,788,24939,
323.54646850340146,73835,441,788,24939,
323.5524172389883,73834,442,788,24939,
323.555962377621,73834,441,789,24939,
323.5572804991138,73834,440,790,24939,
323.55867339391466,73834,440,789,24940,
323.5595932071443,73834,439,790,24940,
323.56039746529683,73834,438,791,24940,
323.5670108828522,73834,438,790,24941,
323.5693738671328,73834,438,789,24942,
323.57895048548306,73834,437,790,24942,
323.5795561225282,73834,436,791,24942,
323.59031197336566,73833,437,791,24942,
323.59039160113895,73832,438,791,24942,
323.59440731040104,73832,438,790,24943,
323.60536161578415,73831,439,790,24943,
323.61621586036887,73830,440,790,24943,
323.61642864084337,73829,441,790,24943,
323.62092279824253,73829,441,789,24944,
323.6235768887644,73828,442,789,24944,
323.62701582676493,73827,443,789,24944,
323.6323850313367,73827,443,788,24945,
323.6333372092344,73827,443,787,24946,
323.6350233250281,73826,444,787,24946,
323.6515324146831,73826,443,788,24946,
323.65320351169163,73826,443,787,24947,
323.6623395215532,73826,443,786,24948,
323.66635235779256,73825,444,786,24948,
323.66876092922814,73824,445,786,24948,
323.67050464296193,73824,445,785,24949,
323.671034432751,73824,444,786,24949,
323.6718020591458,73824,443,787,24949,
323.67808803745913,73824,443,786,24950,
323.6789478815963,73823,444,786,24950,
323.6809378065952,73823,444,785,24951,
323.6853807843481,73823,444,784,24952,
323.6879104956497,73822,445,784,24952,
323.68904709507376,73822,445,783,24953,
323.69343493625627,73821,446,783,24953,
323.69366010289997,73821,445,784,24953,
323.6965621279032,73821,445,783,24954,
323.7031499467143,73821,444,784,24954,
323.7108035925317,73821,443,785,24954,
323.7142211001968,73821,443,784,24955,
323.719264645413,73821,442,785,24955,
323.719284316439,73821,442,784,24956,
323.72232895967545,73821,441,785,24956,
323.72523831501974,73821,441,784,24957,
323.72873383300794,73821,440,785,24957,
323.73281969628965,73820,441,785,24957,
323.73464083357277,73819,442,785,24957,
323.73692118272186,73819,441,786,24957,
323.74433077605534,73819,440,787,24957,
323.7523196154624,73818,441,787,24957,
323.75743450919475,73818,440,788,24957,
323.75822263594455,73818,439,789,24957,
323.76265601992134,73817,440,789,24957,
323.76835131321366,73816,441,789,24957,
323.77002725070514,73816,441,788,24958,
323.79444165252414,73816,441,787,24959,
323.79490039841005,73816,441,786,24960,
323.7979846952293,73816,440,787,24960,
323.80052788888804,73816,440,786,24961,
323.8040418093917,73815,441,786,24961,
323.8067884765455,73814,442,786,24961,
323.81174343212354,73814,441,787,24961,
323.81451986315534,73814,440,788,24961,
323.8178591629492,73814,440,787,24962,
323.8198424793799,73813,441,787,24962,
323.8211630103518,73813,441,786,24963,
323.82320514164877,73813,440,787,24963,
323.8242383136361,73812,441,787,24963,
323.8250513568132,73812,440,788,24963,
323.82574264809585,73812,439,789,24963,
323.8265891731374,73812,438,790,24963,
323.8421205322472,73811,439,790,24963,
323.8476062762285,73811,438,791,24963,
323.8536126987999,73810,439,791,24963,
323.8581948919125,73809,440,791,24963,
323.86938961385636,73809,439,792,24963,
323.8694593520988,73809,438,793,24963,
323.8701792684333,73808,439,793,24963,
323.87352328283055,73808,439,792,24964,
323.8752951027626,73808,439,791,24965,
323.87594354747466,73807,440,791,24965,
323.8783352661736,73807,439,792,24965,
323.87925448532803,73807,439,791,24966,
323.8826171357772,73807,438,792,24966,
323.8858133105621,73807,437,793,24966,
323.8886742134432,73806,438,793,24966,
323.8941973061356,73806,437,794,24966,
323.8942798752143,73806,436,795,24966,
323.89967731117514,73806,436,794,24967,
323.9029967509443,73805,437,794,24967,
323.9035820773233,73805,436,795,24967,
323.90593221406,73805,436,794,24968,
323.91224894429655,73805,435,795,24968,
323.91298153983524,73805,434,796,24968,
323.91728351547243,73804,435,796,24968,
323.92254931407757,73803,436,796,24968,
323.9230572633223,73802,437,796,24968,
323.9252984203476,73802,437,795,24969,
323.9288295049757,73802,436,796,24969,
323.9366380390406,73802,435,797,24969,
323.93737580165475,73802,435,796,24970,
323.9388940534226,73802,434,797,24970,
323.9399344796559,73801,435,797,24970,
323.9474149158641,73800,436,797,24970,
323.9519929441441,73800,435,798,24970,
323.9565460278327,73800,434,799,24970,
323.96249523613443,73799,435,799,24970,
323.9686076144409,73798,436,799,24970,
323.97027014479573,73798,435,800,24970,
323.97963300233084,73798,435,799,24971,
323.9799589209564,73798,435,798,24972,
323.98251769968294,73797,436,798,24972,
323.98662714686003,73796,437,798,24972,
323.9904970121629,73796,437,797,24973,
323.9907249286379,73795,438,797,24973,
323.99344455232256,73795,438,796,24974,
324.0044574499761,73795,438,795,24975,
324.00831721754184,73794,439,795,24975,
324.00951925274074,73794,438,796,24975,
324.01851726874776,73794,438,795,24976,
324.0188572110328,73793,439,795,24976,
324.02190018287126,73793,438,796,24976,
324.02359962048365,73793,437,797,24976,
324.0262184802512,73793,436,798,24976,
324.0325643270623,73793,435,799,24976,
324.0339451295849,73793,434,800,24976,
324.04308797867657,73793,434,799,24977,
324.05233082812117,73793,433,800,24977,
324.0529033076675,73793,432,801,24977,
324.0606426455245,73792,433,801,24977,
324.0660913201084,73792,433,800,24978,
324.06722482752457,73792,432,801,24978,
324.06830608571124,73792,431,802,24978,
324.06886173864575,73792,431,801,24979,
324.0803653694603,73792,430,802,24979,
324.08153891072203,73792,429,803,24979,
324.0822034107486,73792,429,802,24980,
324.0904354137352,73791,430,802,24980,
324.091035341221,73791,430,801,24981,
324.091883982909,73791,429,802,24981,
324.0943358967793,73791,429,801,24982,
324.09673419568657,73791,428,802,24982,
324.1085500479715,73791,428,801,24983,
324.11015170564093,73791,428,800,24984,
324.1119440848705,73791,428,799,24985,
324.1194146135406,73791,428,798,24986,
324.12044862512647,73791,428,797,24987,
324.12661682498396,73791,427,798,24987,
324.1290130504784,73791,426,799,24987,
324.13745822753987,73791,425,800,24987,
324.13827500294053,73790,426,800,24987,
324.1395307736254,73790,426,799,24988,
324.16443470563314,73790,426,798,24989,
324.16903951707997,73789,427,798,24989,
324.17084111628736,73789,426,799,24989,
324.1713484885389,73789,426,798,24990,
324.1731683570026,73788,427,798,24990,
324.1742888960138,73788,426,799,24990,
324.17916857898194,73787,427,799,24990,
324.18501922325913,73787,427,798,24991,
324.19318610819266,73787,427,797,24992,
324.2042152933045,73787,426,798,24992,
324.20699034530554,73786,427,798,24992,
324.2176770045996,73786,427,797,24993,
324.2182963059469,73786,427,796,24994,
324.2185981830214,73786,427,795,24995,
324.2205002317743,73786,427,794,24996,
324.2217615863401,73785,428,794,24996,
324.22180726747445,73785,427,795,24996,
324.2248045146604,73785,427,794,24997,
324.2252916189892,73785,426,795,24997,
324.22597024329366,73785,425,796,24997,
324.22920163884095,73785,425,795,24998,
324.2300209026273,73785,425,794,24999,
324.2386349574588,73785,425,793,25000,
324.2419303691569,73784,426,793,25000,
324.2485737880379,73784,426,792,25001,
324.24963881212545,73783,427,792,25001,
324.2559314786567,73782,428,792,25001,
324.2563784803554,73782,428,791,25002,
324.26150977525083,73782,427,792,25002,
324.2626089639359,73782,426,793,25002,
324.27323703286515,73782,425,794,25002,
324.27722979718203,73781,426,794,25002,
324.2800017870307,73781,425,795,25002,
324.2804888046167,73781,424,796,25002,
324.285277521228,73781,423,797,25002,
324.2904472662784,73781,422,798,25002,
324.29164491061,73780,423,798,25002,
324.29499333375134,73780,422,799,25002,
324.29764497304416,73780,421,800,25002,
324.29966763776656,73780,420,801,25002,
324.3002674430251,73780,420,800,25003,
324.30117713248524,73779,421,800,25003,
324.3018722286395,73779,421,799,25004,
324.3051876877459,73779,421,798,25005,
324.3063611631579,73778,422,798,25005,
324.3070354518184,73777,423,798,25005,
324.3137025244724,73777,422,799,25005,
324.3198463804497,73777,421,800,25005,
324.32051795309604,73776,422,800,25005,
324.33271351732895,73776,422,799,25006,
324.3327633732073,73776,422,798,25007,
324.3440084899214,73776,421,799,25007,
324.3441154326891,73776,421,798,25008,
324.345414690143,73776,421,797,25009,
324.3490081420433,73775,422,797,25009,
324.3492907003331,73774,423,797,25009,
324.36045378080024,73773,424,797,25009,
324.36610652381296,73773,424,796,25010,
324.3674594280801,73773,424,795,25011,
324.3685892484027,73772,425,795,25011,
324.3720409905176,73771,426,795,25011,
324.3744146944168,73771,425,796,25011,
324.3751792221152,73771,424,797,25011,
324.3752549183102,73771,424,796,25012,
324.37691328796194,73771,424,795,25013,
324.3770584628149,73771,423,796,25013,
324.37831906138547,73770,424,796,25013,
324.38917683428315,73769,425,796,25013,
324.39108882633485,73769,425,795,25014,
324.3916455322614,73768,426,795,25014,
324.39215722257876,73768,425,796,25014,
324.4166660038085,73767,426,796,25014,
324.41699775945136,73767,425,797,25014,
324.41701044525644,73767,424,798,25014,
324.4181720798669,73766,425,798,25014,
324.4229444201476,73766,425,797,25015,
324.43149144891885,73766,424,798,25015,
324.4364162073338,73765,425,798,25015,
324.43946737616375,73764,426,798,25015,
324.4402276983349,73764,426,797,25016,
324.44481709245474,73764,426,796,25017,
324.45507972269905,73764,426,795,25018,
324.46120315074927,73764,426,794,25019,
324.473201800478,73764,426,793,25020,
324.4751272545018,73764,426,792,25021,
324.47546834882735,73764,426,791,25022,
324.47650441263505,73764,425,792,25022,
324.4778916884982,73764,425,791,25023,
324.47794859388455,73764,425,790,25024,
324.4817103493224,73764,425,789,25025,
324.48901790807787,73764,424,790,25025,
324.4920341265084,73764,423,791,25025,
324.49568967197405,73764,423,790,25026,
324.5006129110027,73764,422,791,25026,
324.5019939360172,73763,423,791,25026,
324.50825820599823,73763,423,790,25027,
324.51121114420863,73763,423,789,25028,
324.5159753837843,73762,424,789,25028,
324.51699144071046,73762,424,788,25029,
324.52123802079,73762,423,789,25029,
324.53071634314716,73762,423,788,25030,
324.5385626266969,73762,422,789,25030,
324.5394955444516,73762,422,788,25031,
324.5462550123659,73762,421,789,25031,
324.5493352956342,73761,422,789,25031,
324.55543346005686,73761,422,788,25032,
324.555866766502,73761,422,787,25033,
324.5813852566057,73761,422,786,25034,
324.58449166143913,73761,422,785,25035,
324.58535014036073,73760,423,785,25035,
324.58592971934615,73760,423,784,25036,
324.58612575881256,73759,424,784,25036,
324.58956162551596,73759,424,783,25037,
324.5934432865754,73758,425,783,25037,
324.5937740775481,73758,424,784,25037,
324.59607799806355,73758,424,783,25038,
324.60667961009744,73758,424,782,25039,
324.61060537617794,73758,424,781,25040,
324.6107115375907,73757,425,781,25040,
324.61127041236665,73756,426,781,25040,
324.62588078338433,73755,427,781,25040,
324.6277149184333,73755,427,780,25041,
324.63000803166904,73755,427,779,25042,
324.6310047923891,73754,428,779,25042,
324.64925005943803,73754,428,778,25043,
324.6554763650915,73754,428,777,25044,
324.65582161167384,73753,429,777,25044,
324.66066704026036,73753,429,776,25045,
324.6656821531352,73753,429,775,25046,
324.673941976742,73752,430,775,25046,
324.6748611847428,73752,429,776,25046,
324.67705032969025,73752,428,777,25046,
324.67779349361325,73752,427,778,25046,
324.6807855129384,73752,426,779,25046,
324.6808545296568,73752,426,778,25047,
324.68264027478546,73752,426,777,25048,
324.68371194947684,73752,425,778,25048,
324.6895681223261,73752,425,777,25049,
324.6953539287769,73752,425,776,25050,
324.7041694547871,73752,425,775,25051,
324.7046714956721,73752,424,776,25051,
324.7079048439056,73752,423,777,25051,
324.71068238946043,73752,422,778,25051,
324.72632918312456,73752,422,777,25052,
324.7337757777781,73751,423,777,25052,
324.73397923178976,73750,424,777,25052,
324.738077897047,73750,423,778,25052,
324.7403655724336,73750,423,777,25053,
324.7427321988964,73750,422,778,25053,
324.74563280513985,73750,421,779,25053,
324.74644728026567,73750,421,778,25054,
324.74823045141454,73750,421,777,25055,
324.74928215525665,73750,421,776,25056,
324.7496252599148,73749,422,776,25056,
324.75932419900755,73749,422,775,25057,
324.75955858391285,73748,423,775,25057,
324.7611515496154,73748,422,776,25057,
324.7651218492568,73748,421,777,25057,
324.7668139073323,73747,422,777,25057,
324.77499947046635,73747,422,776,25058,
324.78584920661143,73747,422,775,25059,
324.7975480545326,73747,422,774,25060,
324.79991176210416,73747,421,775,25060,
324.8023102801291,73747,421,774,25061,
324.80354413808095,73747,420,775,25061,
324.80580813760065,73747,419,776,25061,
324.80843101996993,73746,420,776,25061,
324.81794750379333,73746,420,775,25062,
324.82129008260597,73746,419,776,25062,
324.82777399288096,73746,419,775,25063,
324.8303417911665,73745,420,775,25063,
324.8418497840002,73745,419,776,25063,
324.8422158685036,73745,418,777,25063,
324.8460269553008,73744,419,777,25063,
324.85967931727697,73744,418,778,25063,
324.861323653267,73744,417,779,25063,
324.8623386316464,73743,418,779,25063,
324.86527586582736,73743,417,780,25063,
324.871178400292,73742,418,780,25063,
324.88220207410404,73741,419,780,25063,
324.8891904452448,73741,419,779,25064,
324.89040654675387,73741,419,778,25065,
324.8911751805247,73741,419,777,25066,
324.89503968777296,73740,420,777,25066,
324.9047267612269,73740,420,776,25067,
324.90512973621134,73739,421,776,25067,
324.91094679788506,73739,421,775,25068,
324.918202206928,73738,422,775,25068,
324.9188952155123,73738,422,774,25069,
324.9202326564149,73737,423,774,25069,
324.9221397420496,73736,424,774,25069,
324.93798720069134,73736,423,775,25069,
324.9423389716649,73736,422,776,25069,
324.94324984849754,73736,422,775,25070,
324.9454278876907,73735,423,775,25070,
324.9526914370217,73735,422,776,25070,
324.9603466351076,73735,421,777,25070,
324.9664535810318,73735,420,778,25070,
324.96822315911874,73735,419,779,25070,
324.96946047848405,73734,420,779,25070,
324.96947295593145,73733,421,779,25070,
324.97352229678626,73733,420,780,25070,
324.9750779347749,73733,419,781,25070,
324.9804482306776,73732,420,781,25070,
324.98683211858247,73732,420,780,25071,
324.9875104323841,73731,421,780,25071,
324.99387633164145,73730,422,780,25071,
325.00028037443474,73729,423,780,25071,
325.0050493125135,73729,423,779,25072,
325.00699958918005,73729,423,778,25073,
325.03297302549436,73729,423,777,25074,
325.03370730617564,73728,424,777,25074,
325.0354050746174,73728,424,776,25075,
325.0382790580775,73727,425,776,25075,
325.0412569558208,73726,426,776,25075,
325.04693045126794,73726,426,775,25076,
325.05094044478807,73726,425,776,25076,
325.05979873382415,73726,424,777,25076,
325.06057017167643,73726,424,776,25077,
325.0613508922851,73726,423,777,25077,
325.0688845579778,73726,422,778,25077,
325.0733755542938,73725,423,778,25077,
325.07807232370607,73724,424,778,25077,
325.0784582757382,73724,423,779,25077,
325.0804110369297,73724,423,778,25078,
325.08168714972436,73724,423,777,25079,
325.0823014402778,73723,424,777,25079,
325.08368685308636,73722,425,777,25079,
325.0896755835744,73722,425,776,25080,
325.09010855707345,73721,426,776,25080,
325.09216377567265,73721,426,775,25081,
325.09548566250845,73720,427,775,25081,
325.09580031947434,73720,427,774,25082,
325.09913420793316,73720,426,775,25082,
325.09943208058525,73720,425,776,25082,
325.10131458385587,73720,425,775,25083,
325.10381026944907,73720,424,776,25083,
325.107494659242,73720,423,777,25083,
325.10767425621367,73719,424,777,25083,
325.1088771824231,73719,424,776,25084,
325.1113008401102,73718,425,776,25084,
325.11572411106476,73717,426,776,25084,
325.1197903756282,73717,425,777,25084,
325.11993905186426,73716,426,777,25084,
325.1268176406552,73716,426,776,25085,
325.1269406115711,73716,426,775,25086,
325.127141088544,73715,427,775,25086,
325.1271986337372,73715,427,774,25087,
325.1332358961728,73715,427,773,25088,
325.1362506261211,73715,427,772,25089,
325.1362725767483,73715,427,771,25090,
325.1391342735927,73715,427,770,25091,
325.1451516527462,73714,428,770,25091,
325.14924461742396,73713,429,770,25091,
325.1535031849393,73712,430,770,25091,
325.15689544814063,73712,430,769,25092,
325.1591738603667,73712,430,768,25093,
325.1605752533076,73711,431,768,25093,
325.16090393297884,73710,432,768,25093,
325.16570862934174,73710,431,769,25093,
325.1712357346121,73709,432,769,25093,
325.1969561128959,73709,431,770,25093,
325.1983699426231,73709,430,771,25093,
325.2020891954813,73709,429,772,25093,
325.2059823023122,73709,429,771,25094,
325.2087412738443,73709,428,772,25094,
325.21377526225274,73709,428,771,25095,
325.2274925014612,73709,428,770,25096,
325.2296174336396,73708,429,770,25096,
325.22974849439623,73708,429,769,25097,
325.2350309447863,73708,429,768,25098,
325.2365687285206,73708,429,767,25099,
325.237210278416,73708,428,768,25099,
325.2386133253249,73707,429,768,25099,
325.2398497673615,73707,429,767,25100,
325.2417954167216,73707,429,766,25101,
325.24504231719976,73707,428,767,25101,
325.24670741868186,73707,427,768,25101,
325.2472513512548,73706,428,768,25101,
325.252938966642,73705,429,768,25101,
325.2541449539224,73704,430,768,25101,
325.25584515120727,73704,429,769,25101,
325.25927406832926,73704,429,768,25102,
325.263033101896,73703,430,768,25102,
325.26861228700926,73703,429,769,25102,
325.27351444679647,73703,429,768,25103,
325.2819661537846,73702,430,768,25103,
325.2862304085055,73702,429,769,25103,
325.28728421094667,73701,430,769,25103,
325.28971325799796,73700,431,769,25103,
325.2907334710158,73700,430,770,25103,
325.2918434721168,73699,431,770,25103,
325.29426992947685,73699,431,769,25104,
325.3022818618377,73699,431,768,25105,
325.30624781800617,73698,432,768,25105,
325.3160287711348,73698,432,767,25106,
325.31643619006917,73697,433,767,25106,
325.3170653421457,73696,434,767,25106,
325.3186554182567,73696,433,768,25106,
325.32557941161605,73696,432,769,25106,
325.3281794931132,73696,431,770,25106,
325.3296190971595,73696,431,769,25107,
325.33179216081174,73695,432,769,25107,
325.3390822853105,73694,433,769,25107,
325.3441320878517,73693,434,769,25107,
325.3465073449514,73693,433,770,25107,
325.3533630053388,73693,433,769,25108,
325.35920959162496,73693,433,768,25109,
325.37637943280276,73693,433,767,25110,
325.3847773858775,73692,434,767,25110,
325.38643352667725,73692,434,766,25111,
325.3958424291903,73692,433,767,25111,
325.4003720727154,73692,433,766,25112,
325.40296750676026,73692,432,767,25112,
325.4134727994776,73692,432,766,25113,
325.4145599279141,73692,431,767,25113,
325.4176242995919,73692,431,766,25114,
325.4294222130222,73692,431,765,25115,
325.429957132385,73692,431,764,25116,
325.43137455249706,73691,432,764,25116,
325.4336721331768,73691,432,763,25117,
325.43370540199294,73691,432,762,25118,
325.4366055261902,73690,433,762,25118,
325.4377091694162,73689,434,762,25118,
325.4391744929229,73689,434,761,25119,
325.4405189153187,73688,435,761,25119,
325.4431991166834,73688,434,762,25119,
325.4452776766527,73688,434,761,25120,
325.4459552648614,73687,435,761,25120,
325.4507630876033,73687,435,760,25121,
325.4531578033349,73687,435,759,25122,
325.45835192853156,73687,434,760,25122,
325.45848862872657,73687,433,761,25122,
325.45948614548104,73687,433,760,25123,
325.46095434661987,73687,433,759,25124,
325.4712597950155,73687,433,758,25125,
325.47700376629797,73687,433,757,25126,
325.4832075289043,73686,434,757,25126,
325.48541643410306,73686,433,758,25126,
325.4856058907982,73686,433,757,25127,
325.49186566329575,73686,432,758,25127,
325.4947996458663,73686,431,759,25127,
325.4970451498605,73686,430,760,25127,
325.50032073723037,73685,431,760,25127,
325.5033478766345,73685,431,759,25128,
325.50726190196207,73685,431,758,25129,
325.5143943314583,73684,432,758,25129,
325.51458601386025,73683,433,758,25129,
325.5228140154618,73683,433,757,25130,
325.5231106147826,73683,432,758,25130,
325.5245346784717,73683,432,757,25131,
325.52746324096773,73683,432,756,25132,
325.531850367284,73683,432,755,25133,
325.5330507565677,73683,432,754,25134,
325.53582353973894,73683,432,753,25135,
325.53921787244343,73683,431,754,25135,
325.5398013168522,73683,431,753,25136,
325.5420488120898,73683,430,754,25136,
325.54791584401937,73682,431,754,25136,
325.5542056418246,73681,432,754,25136,
325.5588396534934,73681,432,753,25137,
325.5629548257529,73680,433,753,25137,
325.5637602325485,73680,433,752,25138,
325.5687676376361,73679,434,752,25138,
325.568798240433,73679,433,753,25138,
325.57311039630355,73679,432,754,25138,
325.57642927095907,73679,431,755,25138,
325.5920902061613,73679,431,754,25139,
325.59579642316453,73679,431,753,25140,
325.5960762391461,73679,430,754,25140,
325.6064599658232,73679,430,753,25141,
325.60714629482965,73679,429,754,25141,
325.61117539619283,73679,428,755,25141,
325.6184981284521,73678,429,755,25141,
325.6209018484106,73678,429,754,25142,
325.6234429787548,73678,428,755,25142,
325.624618546748,73678,427,756,25142,
325.6261801999887,73678,426,757,25142,
325.634227787749,73678,425,758,25142,
325.6402852729529,73677,426,758,25142,
325.6440694183914,73677,426,757,25143,
325.64465455073025,73677,425,758,25143,
325.6564553443637,73677,425,757,25144,
325.662919014273,73676,426,757,25144,
325.6694151390627,73676,425,758,25144,
325.6772126031513,73675,426,758,25144,
325.6782687493961,73675,426,757,25145,
325.67898729394255,73674,427,757,25145,
325.6802848901271,73673,428,757,25145,
325.68756404889206,73672,429,757,25145,
325.68936377670474,73671,430,757,25145,
325.6942698683046,73671,430,756,25146,
325.6947074299416,73671,430,755,25147,
325.70048620943646,73670,431,755,25147,
325.70134464288236,73669,432,755,25147,
325.70443941099177,73669,432,754,25148,
325.7076532379628,73669,431,755,25148,
325.7087913548101,73669,430,756,25148,
325.7136368013841,73668,431,756,25148,
325.7148000944308,73668,431,755,25149,
325.7183626428387,73667,432,755,25149,
325.72077060570797,73666,433,755,25149,
325.7227729536512,73666,433,754,25150,
325.7234631894992,73666,432,755,25150,
325.728169332225,73666,431,756,25150,
325.75698736373,73665,432,756,25150,
325.7622709767907,73664,433,756,25150,
325.76233901474893,73664,433,755,25151,
325.7719095324177,73664,433,754,25152,
325.7750548716953,73664,432,755,25152,
325.77883163479356,73663,433,755,25152,
325.78145969424287,73663,433,754,25153,
325.78715402042417,73663,433,753,25154,
325.78927794385925,73662,434,753,25154,
325.78994124518084,73662,434,752,25155,
325.79058865918694,73661,435,752,25155,
325.79189194326545,73661,434,753,25155,
325.79782694818556,73661,433,754,25155,
325.8044033389587,73660,434,754,25155,
325.80865186323393,73660,434,753,25156,
325.81361639548703,73660,433,754,25156,
325.81918160112406,73660,432,755,25156,
325.8212228399149,73660,432,754,25157,
325.8243801079057,73660,432,753,25158,
325.8250469961655,73659,433,753,25158,
325.834842260293,73659,433,752,25159,
325.8401289632565,73658,434,752,25159,
325.844866285259,73658,434,751,25160,
325.84863234252026,73658,434,750,25161,
325.849862365229,73658,434,749,25162,
325.85547804596604,73658,434,748,25163,
325.85593329445925,73657,435,748,25163,
325.85641316935875,73657,435,747,25164,
325.86620550574395,73657,434,748,25164,
325.86818098290547,73657,433,749,25164,
325.87004208586455,73657,432,750,25164,
325.87496175904346,73657,432,749,25165,
325.8766979785233,73657,431,750,25165,
325.882316778629,73657,431,749,25166,
325.89192486313965,73657,431,748,25167,
325.8935135947008,73656,432,748,25167,
325.8963665644417,73656,432,747,25168,
325.90373134451903,73656,432,746,25169,
325.9049843037741,73655,433,746,25169,
325.91242562002213,73655,432,747,25169,
325.9126850005279,73655,432,746,25170,
325.9181569409337,73654,433,746,25170,
325.9192700013258,73653,434,746,25170,
325.9197893985664,73653,434,745,25171,
325.92035517710883,73653,433,746,25171,
325.92281978965576,73653,433,745,25172,
325.9268994922368,73652,434,745,25172,
325.9270342010361,73652,434,744,25173,
325.9280449374726,73652,433,745,25173,
325.9286398579792,73651,434,745,25173,
325.9293357097192,73651,434,744,25174,
325.92968258345667,73651,434,743,25175,
325.9312633070293,73651,433,744,25175,
325.93281993053716,73650,434,744,25175,
325.9390571264107,73649,435,744,25175,
325.9462052833473,73649,434,745,25175,
325.94734240718094,73649,434,744,25176,
325.9591709812536,73649,434,743,25177,
325.96563671449115,73649,433,744,25177,
325.9688618770744,73649,432,745,25177,
325.9714260168759,73649,431,746,25177,
325.9793859215119,73649,430,747,25177,
325.98668713977224,73649,430,746,25178,
325.9886691258574,73649,429,747,25178,
325.9936923859546,73649,428,748,25178,
325.9986641428202,73648,429,748,25178,
326.0027253413764,73647,430,748,25178,
326.0034037218673,73647,430,747,25179,
326.0058763853028,73647,430,746,25180,
326.00637626014753,73646,431,746,25180,
326.0127686424015,73645,432,746,25180,
326.0182408646645,73645,431,747,25180,
326.0289699351729,73645,430,748,25180,
326.0318969995278,73644,431,748,25180,
326.0325544471212,73643,432,748,25180,
326.0340309309428,73643,431,749,25180,
326.0397594022253,73643,430,750,25180,
326.040228629125,73643,430,749,25181,
326.04690832813037,73642,431,749,25181,
326.04991379796235,73642,430,750,25181,
326.05166068491025,73641,431,750,25181,
326.0543693964889,73641,430,751,25181,
326.0667171447022,73641,430,750,25182,
326.06842685145494,73641,429,751,25182,
326.0692632809363,73641,428,752,25182,
326.07072175265796,73641,427,753,25182,
326.0713227613122,73641,426,754,25182,
326.07139283006444,73641,425,755,25182,
326.0776617919571,73641,424,756,25182,
326.0820148028232,73641,423,757,25182,
326.09261545296084,73640,424,757,25182,
326.1000835120806,73640,423,758,25182,
326.11193022585724,73639,424,758,25182,
326.1156843362128,73639,423,759,25182,
326.12129096419136,73638,424,759,25182,
326.12357014398356,73637,425,759,25182,
326.12552513259067,73637,425,758,25183,
326.1266156165124,73637,425,757,25184,
326.13570214071535,73637,425,756,25185,
326.1363838247697,73637,425,755,25186,
326.13787582701275,73636,426,755,25186,
326.14682306832293,73635,427,755,25186,
326.1492042811554,73634,428,755,25186,
326.16069633131167,73634,428,754,25187,
326.16440749996997,73634,428,753,25188,
326.1657681278673,73634,427,754,25188,
326.1658029211509,73634,427,753,25189,
326.1751982657547,73634,426,754,25189,
326.1820161833533,73634,425,755,25189,
326.19021856015377,73634,424,756,25189,
326.19200450100647,73634,424,755,25190,
326.19309748040365,73634,423,756,25190,
326.2005924264856,73634,423,755,25191,
326.20225925660753,73634,422,756,25191,
326.2033203549769,73634,421,757,25191,
326.20496678371734,73634,420,758,25191,
326.2128525360765,73634,419,759,25191,
326.2140036686991,73633,420,759,25191,
326.21660011003576,73633,419,760,25191,
326.2183604034811,73633,418,761,25191,
326.21994291221597,73632,419,761,25191,
326.2257879010627,73631,420,761,25191,
326.2355806512452,73631,420,760,25192,
326.23895446678404,73630,421,760,25192,
326.24515157212244,73629,422,760,25192,
326.24925467308327,73629,421,761,25192,
326.2515489230934,73629,420,762,25192,
326.25385809303816,73629,419,763,25192,
326.25829039988,73628,420,763,25192,
326.2593455469602,73628,419,764,25192,
326.26079405522603,73628,419,763,25193,
326.2723409328209,73628,419,762,25194,
326.2725459811058,73627,420,762,25194,
326.28923050408895,73626,421,762,25194,
326.2924152755575,73626,421,761,25195,
326.3010522141517,73625,422,761,25195,
326.30578098679786,73624,423,761,25195,
326.3081167721816,73624,423,760,25196,
326.3088235716194,73624,423,759,25197,
326.3098050746778,73623,424,759,25197,
326.3098496352,73623,424,758,25198,
326.3138873742098,73623,423,759,25198,
326.3214605939312,73622,424,759,25198,
326.33101591152814,73622,424,758,25199,
326.336232442572,73622,424,757,25200,
326.3390808570564,73622,423,758,25200,
326.3413257448695,73621,424,758,25200,
326.34575176485805,73621,423,759,25200,
326.3512502938055,73620,424,759,25200,
326.35792882182704,73620,423,760,25200,
326.36129866648537,73620,422,761,25200,
326.3621868804596,73620,422,760,25201,
326.36486708049995,73620,421,761,25201,
326.36970140952246,73620,420,762,25201,
326.37511262271715,73619,421,762,25201,
326.37844155454434,73618,422,762,25201,
326.3878118941141,73617,423,762,25201,
326.3997778298014,73617,423,761,25202,
326.4004940740859,73617,422,762,25202,
326.40265723233034,73617,422,761,25203,
326.4043805237922,73616,423,761,25203,
326.4145754021377,73615,424,761,25203,
326.4197043064985,73615,423,762,25203,
326.42830672923986,73615,423,761,25204,
326.42914945675335,73614,424,761,25204,
326.44070195485585,73614,423,762,25204,
326.44329888702094,73614,423,761,25205,
326.44978342978357,73614,422,762,25205,
326.4530050476182,73613,423,762,25205,
326.4531788917026,73613,423,761,25206,
326.45583950228274,73613,423,760,25207,
326.4595836059507,73612,424,760,25207,
326.4633862073521,73612,424,759,25208,
326.46851116273217,73611,425,759,25208,
326.4743330483829,73611,425,758,25209,
326.48263050297425,73610,426,758,25209,
326.4827377041188,73610,425,759,25209,
326.48316920049075,73610,424,760,25209,
326.4876385450011,73609,425,760,25209,
326.4942457281911,73609,425,759,25210,
326.4948819729427,73609,425,758,25211,
326.4971197556,73609,424,759,25211,
326.5011520450343,73608,425,759,25211,
326.50216707797387,73607,426,759,25211,
326.5054975779954,73607,425,760,25211,
326.50552487433276,73606,426,760,25211,
326.5078868849397,73606,425,761,25211,
326.5160745452632,73605,426,761,25211,
326.517598287783,73604,427,761,25211,
326.5300280038964,73603,428,761,25211,
326.53035007057326,73603,428,760,25212,
326.5327711518145,73603,427,761,25212,
326.533856632275,73602,428,761,25212,
326.53409624168756,73602,428,760,25213,
326.55331212035884,73601,429,760,25213,
326.5570189272531,73601,428,761,25213,
326.5597682663936,73601,427,762,25213,
326.56029240116885,73601,427,761,25214,
326.56051502775495,73601,426,762,25214,
326.56442134287397,73601,425,763,25214,
326.56546058302604,73601,424,764,25214,
326.5698213684595,73600,425,764,25214,
326.5699303606698,73599,426,764,25214,
326.5706668886342,73599,425,765,25214,
326.5718014780272,73599,424,766,25214,
326.576061910844,73599,423,767,25214,
326.5771463849293,73599,423,766,25215,
326.5774182301121,73599,423,765,25216,
326.57975406843,73599,423,764,25217,
326.5799236101056,73598,424,764,25217,
326.580093509318,73597,425,764,25217,
326.58037905978256,73596,426,764,25217,
326.5808934718972,73595,427,764,25217,
326.5832723723092,73594,428,764,25217,
326.5834052809977,73594,428,763,25218,
326.5864935607892,73593,429,763,25218,
326.5920547089335,73593,429,762,25219,
326.5922519737985,73593,428,763,25219,
326.5935015268956,73592,429,763,25219,
326.59350370249285,73592,429,762,25220,
326.59562332884,73591,430,762,25220,
326.6017358019571,73591,429,763,25220,
326.6028815661886,73591,428,764,25220,
326.6099004678663,73591,428,763,25221,
326.6126878147714,73591,427,764,25221,
326.6148217842911,73591,426,765,25221,
326.6189572573951,73590,427,765,25221,
326.62491268526435,73590,426,766,25221,
326.6294741456679,73590,425,767,25221,
326.63817338193815,73589,426,767,25221,
326.6407379304234,73588,427,767,25221,
326.6447603859856,73587,428,767,25221,
326.6507890234555,73587,427,768,25221,
326.6581285374828,73587,427,767,25222,
326.66315031958584,73586,428,767,25222,
326.66799439318424,73586,428,766,25223,
326.669273851032,73586,428,765,25224,
326.66969402129683,73586,427,766,25224,
326.6698250297708,73585,428,766,25224,
326.6716137483821,73584,429,766,25224,
326.6743748625156,73584,429,765,25225,
326.68256986970914,73583,430,765,25225,
326.69025007384306,73582,431,765,25225,
326.70008355970657,73581,432,765,25225,
326.70807868497775,73581,431,766,25225,
326.7152848058702,73581,431,765,25226,
326.71577620978445,73581,431,764,25227,
326.7177933000413,73581,430,765,25227,
326.7197793701404,73581,430,764,25228,
326.72301074891857,73581,429,765,25228,
326.7269105663744,73581,428,766,25228,
326.73142044277245,73581,428,765,25229,
326.73478636287274,73581,428,764,25230,
326.73597161830634,73581,427,765,25230,
326.7400810035377,73581,426,766,25230,
326.7427908115514,73581,425,767,25230,
326.74681960889404,73581,424,768,25230,
326.7479655277044,73581,424,767,25231,
326.7524581383332,73581,424,766,25232,
326.755510015016,73581,423,767,25232,
326.7584270240516,73581,423,766,25233,
326.758929228999,73580,424,766,25233,
326.7602417021636,73579,425,766,25233,
326.76171765241554,73578,426,766,25233,
326.7626600548918,73578,425,767,25233,
326.76512594569505,73578,424,768,25233,
326.7661223838251,73578,423,769,25233,
326.76850113688243,73578,422,770,25233,
326.7685398580562,73577,423,770,25233,
326.7686870493301,73577,422,771,25233,
326.770819549431,73577,421,772,25233,
326.7736480426072,73577,421,771,25234,
326.7830716606488,73576,422,771,25234,
326.7839944441602,73576,422,770,25235,
326.7845752603075,73576,421,771,25235,
326.7881163621319,73576,421,770,25236,
326.793616908518,73576,420,771,25236,
326.7943869264428,73576,420,770,25237,
326.80114495583194,73576,419,771,25237,
326.8031623995661,73576,418,772,25237,
326.8035004497387,73576,418,771,25238,
326.8051026907225,73576,417,772,25238,
326.8054908326124,73576,416,773,25238,
326.80628516555873,73576,416,772,25239,
326.81065378497385,73576,415,773,25239,
326.81152326746536,73575,416,773,25239,
326.81265474234044,73574,417,773,25239,
326.81399823257004,73573,418,773,25239,
326.8174369268364,73573,417,774,25239,
326.823057491356,73573,417,773,25240,
326.8234645165017,73573,416,774,25240,
326.8242486883283,73573,416,773,25241,
326.8250052782647,73572,417,773,25241,
326.82621174744065,73571,418,773,25241,
326.8288502013771,73571,417,774,25241,
326.8311087364412,73571,417,773,25242,
326.8417621900519,73570,418,773,25242,
326.8472433820188,73569,419,773,25242,
326.8477468028378,73569,418,774,25242,
326.84814030401606,73569,418,773,25243,
326.8544662736915,73568,419,773,25243,
326.8571568571266,73567,420,773,25243,
326.8623769027829,73567,420,772,25244,
326.86476664353097,73567,419,773,25244,
326.871355395497,73566,420,773,25244,
326.87331937317197,73566,419,774,25244,
326.87842201305193,73565,420,774,25244,
326.8850873050115,73565,420,773,25245,
326.8882162162753,73565,419,774,25245,
326.8890176534502,73565,418,775,25245,
326.89561990458566,73565,418,774,25246,
326.89735318643153,73564,419,774,25246,
326.8984542964611,73563,420,774,25246,
326.90704069543364,73562,421,774,25246,
326.910983448031,73561,422,774,25246,
326.9136323907735,73561,421,775,25246,
326.915534581701,73561,420,776,25246,
326.91650563531744,73560,421,776,25246,
326.91925444024207,73560,420,777,25246,
326.92659243418365,73560,419,778,25246,
326.92724280055404,73560,419,777,25247,
326.92833446872703,73560,418,778,25247,
326.93061370858646,73560,417,779,25247,
326.9344619357202,73560,416,780,25247,
326.9347318606364,73559,417,780,25247,
326.940442330753,73559,416,781,25247,
326.94100210983913,73558,417,781,25247,
326.9426378761526,73557,418,781,25247,
326.94567058407034,73557,417,782,25247,
326.9499968170594,73557,416,783,25247,
326.9540532002735,73557,416,782,25248,
326.9571720842723,73556,417,782,25248,
326.96414492042015,73556,417,781,25249,
326.9642254885943,73556,416,782,25249,
326.96691392642776,73556,416,781,25250,
326.97035001238464,73556,415,782,25250,
326.9718129251605,73556,415,781,25251,
326.971943289783,73556,415,780,25252,
326.97216120942915,73555,416,780,25252,
326.9753759620002,73555,416,779,25253,
326.97740947364053,73555,415,780,25253,
326.97876863100606,73554,416,780,25253,
326.9795722789292,73553,417,780,25253,
326.9812927553308,73552,418,780,25253,
326.9830193473743,73552,418,779,25254,
326.98686649943755,73552,418,778,25255,
326.98981722664104,73551,419,778,25255,
326.9900630490985,73551,418,779,25255,
327.006774174734,73551,417,780,25255,
327.0077803575871,73551,417,779,25256,
327.0111239768632,73550,418,779,25256,
327.0120318309124,73550,418,778,25257,
327.0189950944468,73550,418,777,25258,
327.0233197202414,73550,418,776,25259,
327.02466139833655,73550,418,775,25260,
327.02471662154574,73550,417,776,25260,
327.05515862038,73549,418,776,25260,
327.0590776986828,73549,418,775,25261,
327.0611983237893,73549,418,774,25262,
327.0613875472274,73549,418,773,25263,
327.06410475818984,73549,417,774,25263,
327.0672149791085,73548,418,774,25263,
327.069261380623,73547,419,774,25263,
327.0705147910384,73547,419,773,25264,
327.07357163532697,73547,419,772,25265,
327.07447610590924,73547,419,771,25266,
327.07626711553615,73547,419,770,25267,
327.07663024174053,73547,418,771,25267,
327.07738243331335,73547,417,772,25267,
327.08578437103296,73547,416,773,25267,
327.090598146222,73547,415,774,25267,
327.0925392584327,73547,415,773,25268,
327.0948056486318,73547,415,772,25269,
327.09844919078137,73547,415,771,25270,
327.0997529637631,73546,416,771,25270,
327.1004684615638,73546,415,772,25270,
327.1065041714029,73545,416,772,25270,
327.1076925877267,73544,417,772,25270,
327.1083972105602,73544,416,773,25270,
327.11268775372866,73543,417,773,25270,
327.1129620969954,73543,417,772,25271,
327.1174341207209,73543,416,773,25271,
327.1180879418741,73543,415,774,25271,
327.1392284470039,73543,415,773,25272,
327.1422224599653,73543,414,774,25272,
327.1440852904803,73543,414,773,25273,
327.14677750935687,73543,414,772,25274,
327.15127458885553,73543,414,771,25275,
327.1524663186678,73543,414,770,25276,
327.1652546298154,73543,413,771,25276,
327.17503207585014,73542,414,771,25276,
327.17639677189356,73542,413,772,25276,
327.18399549490226,73542,413,771,25277,
327.1842163276268,73542,413,770,25278,
327.18769874152343,73541,414,770,25278,
327.1903001110982,73541,414,769,25279,
327.1940913524295,73541,414,768,25280,
327.19442997416013,73541,414,767,25281,
327.19480077918274,73540,415,767,25281,
327.19949304340497,73539,416,767,25281,
327.2047161519903,73539,415,768,25281,
327.20669517692744,73539,414,769,25281,
327.2070613227629,73539,414,768,25282,
327.20900691637263,73539,413,769,25282,
327.20908346979087,73539,413,768,25283,
327.21127292601716,73539,413,767,25284,
327.22132308524874,73538,414,767,25284,
327.2252208534537,73538,414,766,25285,
327.22545442047254,73537,415,766,25285,
327.2269235584084,73537,415,765,25286,
327.239165000143,73537,414,766,25286,
327.2405069302044,73536,415,766,25286,
327.2416137672696,73536,415,765,25287,
327.2417102130601,73536,415,764,25288,
327.2419114412673,73535,416,764,25288,
327.24542552496797,73534,417,764,25288,
327.25745295095913,73534,417,763,25289,
327.25898663049514,73533,418,763,25289,
327.26874303941753,73532,419,763,25289,
327.26940852637046,73532,419,762,25290,
327.2719878098886,73532,419,761,25291,
327.2739554075688,73532,418,762,25291,
327.2836269598994,73531,419,762,25291,
327.28732167637475,73531,418,763,25291,
327.2881950032429,73531,418,762,25292,
327.2921382352578,73531,417,763,25292,
327.2982552754152,73531,416,764,25292,
327.3068134364031,73531,416,763,25293,
327.3116294632716,73531,415,764,25293,
327.3129066403376,73531,415,763,25294,
327.31293393346937,73531,415,762,25295,
327.3139341551677,73531,414,763,25295,
327.323125277008,73531,413,764,25295,
327.32322047032335,73530,414,764,25295,
327.32466208097804,73530,414,763,25296,
327.32845809956166,73530,414,762,25297,
327.33128450909487,73529,415,762,25297,
327.33148162785585,73529,415,761,25298,
327.33904050737056,73529,415,760,25299,
327.3430588542009,73529,415,759,25300,
327.3487972000705,73528,416,759,25300,
327.34900162711693,73528,416,758,25301,
327.3500181238706,73528,416,757,25302,
327.3512392469703,73528,415,758,25302,
327.3520739302727,73528,414,759,25302,
327.35619344723665,73528,414,758,25303,
327.3632499319338,73528,414,757,25304,
327.363622855864,73528,413,758,25304,
327.3762477278207,73528,412,759,25304,
327.3842864470532,73528,412,758,25305,
327.39334442109066,73528,411,759,25305,
327.39560030022477,73527,412,759,25305,
327.40174384480235,73527,412,758,25306,
327.4017548730622,73526,413,758,25306,
327.41024738285176,73525,414,758,25306,
327.41370267363254,73524,415,758,25306,
327.41472219314795,73523,416,758,25306,
327.41504717988147,73522,417,758,25306,
327.4182548737966,73522,417,757,25307,
327.4264667498044,73522,416,758,25307,
327.43525391633597,73521,417,758,25307,
327.4421615016698,73520,418,758,25307,
327.4431908125508,73520,417,759,25307,
327.4439445914967,73520,416,760,25307,
327.4514470145426,73520,416,759,25308,
327.45692429360696,73520,415,760,25308,
327.46024226059836,73520,414,761,25308,
327.46147544184186,73520,413,762,25308,
327.46435062689085,73520,412,763,25308,
327.47154167710124,73519,413,763,25308,
327.4728250199521,73519,413,762,25309,
327.4753065966392,73518,414,762,25309,
327.4885741141057,73518,414,761,25310,
327.4924529249555,73518,414,760,25311,
327.49718214079684,73518,414,759,25312,
327.49872495042666,73518,413,760,25312,
327.50310242305136,73518,413,759,25313,
327.5042591050031,73518,413,758,25314,
327.5048339635873,73518,412,759,25314,
327.50603951114914,73518,412,758,25315,
327.51145447645615,73518,412,757,25316,
327.51470814610497,73518,412,756,25317,
327.51487662405526,73518,412,755,25318,
327.516279137222,73518,411,756,25318,
327.5217836970685,73518,410,757,25318,
327.525801419673,73517,411,757,25318,
327.5296073222871,73517,411,756,25319,
327.5328690333913,73517,410,757,25319,
327.53425237119757,73517,410,756,25320,
327.53885908677097,73516,411,756,25320,
327.53978143507726,73515,412,756,25320,
327.5504851240288,73515,412,755,25321,
327.5531519959951,73515,412,754,25322,
327.5555886242811,73514,413,754,25322,
327.5601461414163,73514,413,753,25323,
327.5606794229677,73514,413,752,25324,
327.56876643004455,73514,412,753,25324,
327.5698901026085,73514,412,752,25325,
327.5775463590932,73514,412,751,25326,
327.57933717672836,73514,411,752,25326,
327.58497367946234,73514,411,751,25327,
327.58992540092623,73514,411,750,25328,
327.59050029286533,73514,411,749,25329,
327.60030321816066,73514,411,748,25330,
327.6043052408073,73514,411,747,25331,
327.6162479600811,73514,410,748,25331,
327.6163887597452,73514,410,747,25332,
327.6271344000822,73513,411,747,25332,
327.62937229848427,73513,410,748,25332,
327.6301731194753,73512,411,748,25332,
327.63064951326663,73511,412,748,25332,
327.63075948367816,73511,412,747,25333,
327.63081033124007,73510,413,747,25333,
327.63090970466783,73510,413,746,25334,
327.63580913113793,73509,414,746,25334,
327.6410295083926,73508,415,746,25334,
327.64336839683034,73508,415,745,25335,
327.6445345161435,73508,415,744,25336,
327.648614881488,73508,415,743,25337,
327.6497882860089,73508,415,742,25338,
327.6524181730338,73507,416,742,25338,
327.65472025455506,73507,415,743,25338,
327.65812518771287,73507,415,742,25339,
327.6586372697554,73507,415,741,25340,
327.6590669795705,73507,414,742,25340,
327.6640822636371,73506,415,742,25340,
327.6644729414137,73506,415,741,25341,
327.66688324584874,73505,416,741,25341,
327.66808164257606,73505,416,740,25342,
327.67461858994113,73504,417,740,25342,
327.67905247952405,73504,417,739,25343,
327.68022176242386,73504,417,738,25344,
327.6962624425341,73503,418,738,25344,
327.7072151579236,73503,417,739,25344,
327.70781261721845,73503,417,738,25345,
327.70881616360333,73502,418,738,25345,
327.710704951591,73501,419,738,25345,
327.7119607033469,73501,418,739,25345,
327.71471364713693,73501,418,738,25346,
327.7156619846594,73501,417,739,25346,
327.71952687356605,73501,417,738,25347,
327.7203648194104,73501,416,739,25347,
327.7227205619332,73501,415,740,25347,
327.72376425259216,73501,414,741,25347,
327.73089737192424,73501,413,742,25347,
327.7315489975394,73500,414,742,25347,
327.7346663753439,73500,413,743,25347,
327.7372335729595,73500,412,744,25347,
327.7450367050748,73500,412,743,25348,
327.7456936460635,73500,411,744,25348,
327.747739686457,73500,411,743,25349,
327.7485246427029,73499,412,743,25349,
327.75157484544206,73499,411,744,25349,
327.7536181033771,73499,411,743,25350,
327.7603239669619,73499,411,742,25351,
327.76190766097307,73499,411,741,25352,
327.7625229917302,73499,410,742,25352,
327.76365130292925,73499,410,741,25353,
327.7649356311778,73499,409,742,25353,
327.76710776877303,73499,408,743,25353,
327.7913209401159,73499,407,744,25353,
327.79230070324735,73499,406,745,25353,
327.79484336656276,73498,407,745,25353,
327.7957122989405,73497,408,745,25353,
327.7971224838389,73496,409,745,25353,
327.8093581318063,73496,409,744,25354,
327.81298882992127,73496,409,743,25355,
327.8146010119756,73495,410,743,25355,
327.8147730248319,73495,409,744,25355,
327.8170989151582,73494,410,744,25355,
327.8236692652924,73494,410,743,25356,
327.8267249347619,73494,409,744,25356,
327.8272126251008,73494,408,745,25356,
327.85265605945506,73494,408,744,25357,
327.85345763860875,73494,407,745,25357,
327.85387831491516,73494,407,744,25358,
327.8546749479451,73493,408,744,25358,
327.8561864419949,73492,409,744,25358,
327.8580197536146,73492,409,743,25359,
327.8592536463191,73492,409,742,25360,
327.8618706752196,73491,410,742,25360,
327.86358554528624,73491,410,741,25361,
327.8674099880361,73491,409,742,25361,
327.86893447770825,73490,410,742,25361,
327.8744378499724,73490,410,741,25362,
327.8767873950185,73489,411,741,25362,
327.8817397207461,73489,411,740,25363,
327.88437732486244,73488,412,740,25363,
327.88655227047076,73488,411,741,25363,
327.894192917819,73488,410,742,25363,
327.89816351151916,73487,411,742,25363,
327.89955367583525,73487,410,743,25363,
327.9121365161104,73486,411,743,25363,
327.91686488924904,73485,412,743,25363,
327.9190910008134,73484,413,743,25363,
327.9266496005378,73484,412,744,25363,
327.9304910154362,73483,413,744,25363,
327.93104384664974,73483,413,743,25364,
327.931075294093,73483,413,742,25365,
327.93865823710394,73483,412,743,25365,
327.9469079161605,73483,411,744,25365,
327.9491618213032,73483,411,743,25366,
327.950950135961,73482,412,743,25366,
327.95122179360067,73482,412,742,25367,
327.95179796842785,73482,411,743,25367,
327.9536546301081,73482,411,742,25368,
327.95453505635084,73482,410,743,25368,
327.9637090344569,73482,410,742,25369,
327.9658061621156,73482,410,741,25370,
327.96943839891736,73482,409,742,25370,
327.9736784504161,73482,408,743,25370,
327.97489089583956,73481,409,743,25370,
327.98328345156546,73480,410,743,25370,
327.98822526412164,73479,411,743,25370,
327.9887791415481,73478,412,743,25370,
327.9900722585578,73477,413,743,25370,
327.9994791014487,73477,413,742,25371,
328.01539459559604,73477,412,743,25371,
328.01609969121273,73477,411,744,25371,
328.01711622717227,73477,410,745,25371,
328.022160992469,73476,411,745,25371,
328.02327146378354,73476,410,746,25371,
328.0251913937934,73476,409,747,25371,
328.02671677318517,73476,408,748,25371,
328.0289549298507,73475,409,748,25371,
328.0336348847042,73475,409,747,25372,
328.0359933097068,73474,410,747,25372,
328.0362956749572,73474,409,748,25372,
328.0393390331412,73474,409,747,25373,
328.04195983439087,73474,409,746,25374,
328.04811723179233,73474,409,745,25375,
328.04909207843366,73474,409,744,25376,
328.04944911124346,73473,410,744,25376,
328.05690429630414,73472,411,744,25376,
328.0585887147653,73472,411,743,25377,
328.06585692123105,73472,410,744,25377,
328.0694377239737,73472,409,745,25377,
328.07329768474636,73471,410,745,25377,
328.0748664317858,73470,411,745,25377,
328.07619516926525,73470,411,744,25378,
328.0784743827988,73469,412,744,25378,
328.0870495747308,73469,411,745,25378,
328.1073013522941,73469,411,744,25379,
328.10743303199183,73468,412,744,25379,
328.12381513969143,73467,413,744,25379,
328.12635246965635,73466,414,744,25379,
328.12826990693014,73466,413,745,25379,
328.13681459513526,73466,413,744,25380,
328.1387704323828,73466,412,745,25380,
328.1425426114436,73466,412,744,25381,
328.14614995699964,73465,413,744,25381,
328.15036841782,73465,413,743,25382,
328.15317811441616,73465,413,742,25383,
328.1541188646822,73465,413,741,25384,
328.1549306837886,73464,414,741,25384,
328.15509742822246,73464,413,742,25384,
328.1568141960049,73464,413,741,25385,
328.1584653365012,73464,413,740,25386,
328.1723653772866,73464,413,739,25387,
328.17968661914205,73464,412,740,25387,
328.1811852619764,73464,412,739,25388,
328.1829102083822,73464,412,738,25389,
328.1918849202754,73463,413,738,25389,
328.20193180062745,73462,414,738,25389,
328.20247109828716,73462,413,739,25389,
328.20634191394225,73461,414,739,25389,
328.20902248036305,73461,414,738,25390,
328.21573487955806,73460,415,738,25390,
328.21991694760567,73459,416,738,25390,
328.22300211261427,73458,417,738,25390,
328.2279114832474,73458,417,737,25391,
328.2350042111466,73458,417,736,25392,
328.2363152897324,73457,418,736,25392,
328.23737414266986,73456,419,736,25392,
328.24147194626806,73455,420,736,25392,
328.2450491340329,73455,420,735,25393,
328.25028661759137,73455,420,734,25394,
328.25164247402415,73454,421,734,25394,
328.2570820812724,73454,421,733,25395,
328.25764448162795,73453,422,733,25395,
328.27342580847187,73452,423,733,25395,
328.27620003425454,73452,423,732,25396,
328.2773787694063,73452,422,733,25396,
328.27804279398316,73452,421,734,25396,
328.28166098687456,73451,422,734,25396,
328.28707385092105,73451,422,733,25397,
328.2931851543122,73451,422,732,25398,
328.2971463418188,73450,423,732,25398,
328.2988015725125,73450,422,733,25398,
328.3016221078509,73450,422,732,25399,
328.30848293590026,73450,422,731,25400,
328.3107135499781,73450,422,730,25401,
328.31486165766637,73449,423,730,25401,
328.32085519738933,73448,424,730,25401,
328.3315361036701,73448,423,731,25401,
328.33489277867915,73448,422,732,25401,
328.336929958288,73447,423,732,25401,
328.3383014476189,73446,424,732,25401,
328.3419484393686,73446,423,733,25401,
328.34730305230863,73445,424,733,25401,
328.35079431274823,73445,424,732,25402,
328.3564423454277,73445,424,731,25403,
328.3591537791059,73445,424,730,25404,
328.36543317145254,73445,423,731,25404,
328.36686370564377,73445,423,730,25405,
328.37506613924336,73444,424,730,25405,
328.3766728549827,73444,423,731,25405,
328.38416947785583,73444,422,732,25405,
328.3868161530424,73444,421,733,25405,
328.3926978222022,73444,420,734,25405,
328.3934730514993,73444,420,733,25406,
328.39497974987205,73444,420,732,25407,
328.42196935054494,73444,420,731,25408,
328.4244560651993,73443,421,731,25408,
328.4313193151389,73443,420,732,25408,
328.43284245798526,73442,421,732,25408,
328.45508186303346,73442,421,731,25409,
328.4552341596392,73442,420,732,25409,
328.4564042015182,73442,420,731,25410,
328.4583644581898,73442,420,730,25411,
328.4591809897218,73442,420,729,25412,
328.4653607749273,73442,420,728,25413,
328.4660949373394,73442,419,729,25413,
328.46850662665,73441,420,729,25413,
328.46904582503566,73441,419,730,25413,
328.4703363258525,73440,420,730,25413,
328.47040691172333,73440,420,729,25414,
328.47390269084565,73440,420,728,25415,
328.4794605841863,73440,419,729,25415,
328.48573584812794,73440,418,730,25415,
328.48986861919553,73440,418,729,25416,
328.4905085491838,73439,419,729,25416,
328.49766187555645,73439,418,730,25416,
328.4982898958855,73439,418,729,25417,
328.51029085396203,73439,417,730,25417,
328.5111297841852,73439,417,729,25418,
328.5138721924072,73438,418,729,25418,
328.5244772313452,73438,418,728,25419,
328.53427862440077,73438,418,727,25420,
328.53511814509284,73438,417,728,25420,
328.5450733689966,73437,418,728,25420,
328.54913843100576,73437,417,729,25420,
328.5505688834079,73436,418,729,25420,
328.5535452622693,73436,418,728,25421,
328.55381340051383,73436,418,727,25422,
328.55499490979133,73435,419,727,25422,
328.5596826937763,73434,420,727,25422,
328.5644257459041,73434,420,726,25423,
328.5653310927633,73433,421,726,25423,
328.5733862004864,73433,421,725,25424,
328.582419288394,73433,421,724,25425,
328.58349893801426,73433,420,725,25425,
328.6127183239671,73433,419,726,25425,
328.61384731134336,73433,419,725,25426,
328.618139392248,73432,420,725,25426,
328.6218178910486,73432,419,726,25426,
328.62625008811693,73431,420,726,25426,
328.62711117859124,73430,421,726,25426,
328.62789565309646,73429,422,726,25426,
328.6340481843596,73429,422,725,25427,
328.6340833466922,73429,421,726,25427,
328.64205493552066,73428,422,726,25427,
328.64505279931524,73427,423,726,25427,
328.6505882636757,73426,424,726,25427,
328.65745946715674,73426,423,727,25427,
328.65762072600734,73426,423,726,25428,
328.66720965012547,73425,424,726,25428,
328.66885272237664,73425,424,725,25429,
328.67370397719935,73425,423,726,25429,
328.67436329606016,73424,424,726,25429,
328.6768074031374,73424,424,725,25430,
328.67721372075073,73423,425,725,25430,
328.6834532585301,73423,425,724,25431,
328.69025750852114,73422,426,724,25431,
328.69562630025854,73422,425,725,25431,
328.6957458205877,73421,426,725,25431,
328.6966163407498,73421,425,726,25431,
328.70467206309013,73420,426,726,25431,
328.71246514468993,73420,425,727,25431,
328.71259626356454,73420,424,728,25431,
328.71285008391845,73420,423,729,25431,
328.71710267276507,73420,423,728,25432,
328.722867622301,73420,422,729,25432,
328.72481957532,73420,421,730,25432,
328.72666599033715,73420,421,729,25433,
328.73560671755143,73420,420,730,25433,
328.7448252180886,73420,419,731,25433,
328.74585070890726,73420,418,732,25433,
328.7502170992311,73420,418,731,25434,
328.751739125504,73419,419,731,25434,
328.7675206174659,73419,418,732,25434,
328.78707335974383,73419,418,731,25435,
328.78858555010453,73419,418,730,25436,
328.7933918877058,73419,418,729,25437,
328.79438790798,73419,417,730,25437,
328.79475012230597,73419,416,731,25437,
328.80256002178527,73419,415,732,25437,
328.8029605866357,73418,416,732,25437,
328.8034346576123,73418,415,733,25437,
328.80733871110164,73418,414,734,25437,
328.80885998739274,73418,413,735,25437,
328.8201121178937,73418,412,736,25437,
328.8278655873507,73418,412,735,25438,
328.83306982714356,73418,412,734,25439,
328.8355763529817,73418,412,733,25440,
328.84189395927547,73417,413,733,25440,
328.84602146597547,73416,414,733,25440,
328.84911140539566,73415,415,733,25440,
328.8491202717147,73414,416,733,25440,
328.8558684907201,73414,416,732,25441,
328.8588456277171,73413,417,732,25441,
328.86052656458816,73412,418,732,25441,
328.8673816817592,73411,419,732,25441,
328.8813510867316,73411,419,731,25442,
328.89014132399865,73411,418,732,25442,
328.89383029916155,73411,417,733,25442,
328.89483613040886,73411,417,732,25443,
328.8965424940359,73411,416,733,25443,
328.899674414208,73411,415,734,25443,
328.90397535667046,73410,416,734,25443,
328.91198216252076,73410,415,735,25443,
328.91206243236456,73409,416,735,25443,
328.9128111184229,73409,416,734,25444,
328.9153752026926,73409,416,733,25445,
328.91743170762174,73409,415,734,25445,
328.9178216695803,73408,416,734,25445,
328.9194587401247,73407,417,734,25445,
328.9369420138676,73407,416,735,25445,
328.94706011507,73407,416,734,25446,
328.95015850440427,73407,415,735,25446,
328.95588758002236,73406,416,735,25446,
328.96403453349507,73406,416,734,25447,
328.9660163274555,73406,416,733,25448,
328.966544991263,73406,415,734,25448,
328.9696736566602,73405,416,734,25448,
328.97547958551536,73405,415,735,25448,
328.97734421564707,73404,416,735,25448,
328.9780213141068,73404,416,734,25449,
328.97938835417625,73404,416,733,25450,
328.9802554764025,73403,417,733,25450,
328.98256423945503,73403,416,734,25450,
328.98449860483936,73403,415,735,25450,
328.99924736856264,73403,415,734,25451,
329.00822871198045,73403,414,735,25451,
329.01044105317334,73403,414,734,25452,
329.0110645736534,73403,414,733,25453,
329.0155055155059,73402,415,733,25453,
329.01562274529016,73402,415,732,25454,
329.0195026224978,73402,415,731,25455,
329.02008027973517,73402,414,732,25455,
329.0311529128829,73401,415,732,25455,
329.0367419841762,73401,414,733,25455,
329.0405124609242,73400,415,733,25455,
329.04778581056615,73400,415,732,25456,
329.05726259947056,73399,416,732,25456,
329.0626876205439,73399,416,731,25457,
329.0664111963735,73399,416,730,25458,
329.06853707928826,73399,415,731,25458,
329.0704766796625,73399,415,730,25459,
329.0851593348159,73399,415,729,25460,
329.08696724271095,73398,416,729,25460,
329.0991023737257,73398,416,728,25461,
329.1046875416475,73398,415,729,25461,
329.1060025781542,73398,415,728,25462,
329.10848627395825,73398,415,727,25463,
329.1093371588115,73398,415,726,25464,
329.1192355556649,73398,415,725,25465,
329.1196607045993,73398,414,726,25465,
329.13266857073,73398,414,725,25466,
329.1359731716778,73398,413,726,25466,
329.1373932295991,73398,412,727,25466,
329.15129426241765,73398,411,728,25466,
329.1527893547006,73397,412,728,25466,
329.1530092368126,73397,411,729,25466,
329.15525160055626,73396,412,729,25466,
329.1576984755237,73396,411,730,25466,
329.157903946791,73395,412,730,25466,
329.1581371034649,73394,413,730,25466,
329.1652824548103,73394,412,731,25466,
329.16537032628844,73393,413,731,25466,
329.1657039919652,73393,413,730,25467,
329.1661821743131,73392,414,730,25467,
329.166583645436,73392,414,729,25468,
329.1678618927415,73392,414,728,25469,
329.1681099995771,73392,414,727,25470,
329.17569800033755,73391,415,727,25470,
329.18835237581936,73391,414,728,25470,
329.19907329920915,73391,413,729,25470,
329.20274986423203,73391,412,730,25470,
329.2127695219123,73391,412,729,25471,
329.2141060803898,73391,411,730,25471,
329.2152470980172,73391,411,729,25472,
329.2164918525338,73391,410,730,25472,
329.2178619176143,73391,410,729,25473,
329.2224980546825,73391,410,728,25474,
329.2240965962994,73391,409,729,25474,
329.22602598848346,73390,410,729,25474,
329.23675405666893,73390,410,728,25475,
329.23787556051116,73390,410,727,25476,
329.24549021756485,73390,410,726,25477,
329.2467515392983,73389,411,726,25477,
329.25279962781934,73389,410,727,25477,
329.2547659834131,73389,410,726,25478,
329.25697751574756,73388,411,726,25478,
329.25729128638733,73387,412,726,25478,
329.2599695601442,73386,413,726,25478,
329.262227335465,73385,414,726,25478,
329.2718260807204,73385,413,727,25478,
329.27465597808435,73385,412,728,25478,
329.27532375223626,73385,412,727,25479,
329.2756825479477,73385,411,728,25479,
329.2796353339905,73384,412,728,25479,
329.28013012541624,73384,411,729,25479,
329.2815377195938,73384,411,728,25480,
329.2821904371665,73384,410,729,25480,
329.2829557835009,73384,410,728,25481,
329.2859933662945,73384,410,727,25482,
329.2914074280194,73384,409,728,25482,
329.29487129238635,73384,408,729,25482,
329.2974111547758,73384,407,730,25482,
329.29913878095044,73383,408,730,25482,
329.30104633713216,73383,408,729,25483,
329.3026464575167,73383,408,728,25484,
329.30454093095807,73383,407,729,25484,
329.3084540146092,73383,406,730,25484,
329.3117789652132,73383,406,729,25485,
329.31183332750584,73383,406,728,25486,
329.31407261362773,73382,407,728,25486,
329.32158109425166,73382,407,727,25487,
329.32204870015966,73381,408,727,25487,
329.3272930279299,73380,409,727,25487,
329.3294304048443,73380,408,728,25487,
329.3314631020396,73380,407,729,25487,
329.3345746109278,73380,406,730,25487,
329.3367162906105,73380,406,729,25488,
329.3379389403647,73380,406,728,25489,
329.3431384111692,73379,407,728,25489,
329.3531269443773,73379,406,729,25489,
329.3534146499502,73378,407,729,25489,
329.35471253337994,73378,407,728,25490,
329.35901738648886,73378,407,727,25491,
329.36356475601724,73378,407,726,25492,
329.3674875306044,73377,408,726,25492,
329.3681462875982,73376,409,726,25492,
329.3726073406995,73375,410,726,25492,
329.37572315860365,73375,410,725,25493,
329.37726590208945,73375,409,726,25493,
329.388700749432,73375,409,725,25494,
329.41480791504546,73374,410,725,25494,
329.4150686844287,73373,411,725,25494,
329.4154049048047,73373,410,726,25494,
329.4160852597611,73372,411,726,25494,
329.4176242410316,73372,411,725,25495,
329.4215183092299,73372,410,726,25495,
329.4218968727874,73372,410,725,25496,
329.42375328796936,73372,409,726,25496,
329.4268076745716,73372,409,725,25497,
329.42985623130187,73372,408,726,25497,
329.43038809761816,73371,409,726,25497,
329.4317813329156,73371,409,725,25498,
329.43505978380426,73371,408,726,25498,
329.4391273630169,73370,409,726,25498,
329.4484643592106,73369,410,726,25498,
329.4595160781365,73369,410,725,25499,
329.46198554618894,73369,410,724,25500,
329.4665516097001,73368,411,724,25500,
329.47438184828655,73368,411,723,25501,
329.4781484329547,73367,412,723,25501,
329.4808364017522,73366,413,723,25501,
329.48129882012506,73366,412,724,25501,
329.4832459701165,73365,413,724,25501,
329.49043355776604,73365,412,725,25501,
329.49581697059955,73365,412,724,25502,
329.5148547386236,73365,412,723,25503,
329.5151340569485,73365,411,724,25503,
329.531111807829,73365,411,723,25504,
329.5341831248332,73365,411,722,25505,
329.5342042685272,73365,411,721,25506,
329.536448623175,73365,411,720,25507,
329.537251648112,73365,410,721,25507,
329.538358438849,73365,409,722,25507,
329.54493484950814,73365,409,721,25508,
329.5470663549969,73364,410,721,25508,
329.5513619306339,73364,409,722,25508,
329.56045032571285,73364,408,723,25508,
329.5630875018544,73364,408,722,25509,
329.57466308302264,73364,407,723,25509,
329.57747931030923,73363,408,723,25509,
329.5797330061269,73363,407,724,25509,
329.58112181153524,73363,406,725,25509,
329.58890552084233,73363,405,726,25509,
329.5904286406883,73363,404,727,25509,
329.59761833737576,73362,405,727,25509,
329.6030723284668,73362,405,726,25510,
329.61096709543546,73361,406,726,25510,
329.62099883454243,73361,406,725,25511,
329.6286103904377,73360,407,725,25511,
329.6295147747744,73360,407,724,25512,
329.64381084038183,73360,407,723,25513,
329.6459867388183,73360,407,722,25514,
329.6477656460242,73359,408,722,25514,
329.6509043513415,73359,408,721,25515,
329.65477709735364,73358,409,721,25515,
329.6595624584612,73358,408,722,25515,
329.66623899148607,73358,408,721,25516,
329.66792557574587,73358,407,722,25516,
329.67237140722625,73357,408,722,25516,
329.674927432078,73356,409,722,25516,
329.6775573437343,73356,408,723,25516,
329.67855494886726,73356,407,724,25516,
329.6868091664329,73355,408,724,25516,
329.6932803726043,73354,409,724,25516,
329.6976777232599,73354,408,725,25516,
329.70408620311525,73353,409,725,25516,
329.7085553619841,73353,408,726,25516,
329.7104889911779,73352,409,726,25516,
329.71581925294464,73351,410,726,25516,
329.7166834489161,73351,409,727,25516,
329.71702142350534,73351,408,728,25516,
329.7190725064241,73351,408,727,25517,
329.72101181077284,73351,407,728,25517,
329.7235611941933,73351,406,729,25517,
329.7251276666218,73351,405,730,25517,
329.725563441416,73351,405,729,25518,
329.72695685919246,73351,404,730,25518,
329.7275398215291,73351,404,729,25519,
329.7310980566707,73351,403,730,25519,
329.7317730042524,73351,403,729,25520,
329.7337714920387,73351,403,728,25521,
329.7344620004772,73351,402,729,25521,
329.7346159087124,73350,403,729,25521,
329.7350986928504,73350,402,730,25521,
329.7443987679954,73349,403,730,25521,
329.74607204382096,73348,404,730,25521,
329.74669088666434,73348,404,729,25522,
329.75369561646886,73348,403,730,25522,
329.7567047151569,73347,404,730,25522,
329.76756567239505,73347,403,731,25522,
329.7725378356853,73347,403,730,25523,
329.7753960494432,73346,404,730,25523,
329.77641720980455,73346,404,729,25524,
329.77946413772924,73346,403,730,25524,
329.7796736888329,73345,404,730,25524,
329.7891408328179,73345,403,731,25524,
329.79007622486347,73345,403,730,25525,
329.7918880245897,73345,403,729,25526,
329.7961781784598,73345,402,730,25526,
329.80459418302536,73344,403,730,25526,
329.8049045588155,73343,404,730,25526,
329.8075175054495,73342,405,730,25526,
329.80767703380843,73342,405,729,25527,
329.8086565828604,73342,405,728,25528,
329.81306665265873,73342,404,729,25528,
329.81391880695185,73341,405,729,25528,
329.8205116595999,73340,406,729,25528,
329.82280674042033,73340,405,730,25528,
329.82342335154317,73340,405,729,25529,
329.82422179452703,73340,404,730,25529,
329.82441986920577,73339,405,730,25529,
329.8314113013625,73338,406,730,25529,
329.8357589010743,73338,405,731,25529,
329.8372077288486,73338,405,730,25530,
329.8545954875852,73338,404,731,25530,
329.8553622366657,73338,404,730,25531,
329.86095555479426,73338,403,731,25531,
329.8649708404898,73338,402,732,25531,
329.86513194753604,73338,401,733,25531,
329.86897961366697,73338,400,734,25531,
329.8802212919403,73338,400,733,25532,
329.88230218498194,73338,399,734,25532,
329.8874289107732,73337,400,734,25532,
329.88976331722307,73336,401,734,25532,
329.8916645649191,73335,402,734,25532,
329.894875945495,73334,403,734,25532,
329.8990849622643,73334,402,735,25532,
329.89992567175995,73333,403,735,25532,
329.90024268412424,73332,404,735,25532,
329.9155212998298,73331,405,735,25532,
329.92079493879675,73331,405,734,25533,
329.92276252293806,73330,406,734,25533,
329.92647466486113,73329,407,734,25533,
329.9291670715598,73328,408,734,25533,
329.93038948258067,73328,407,735,25533,
329.9308303862739,73328,407,734,25534,
329.94101379503496,73328,406,735,25534,
329.94447641659735,73328,405,736,25534,
329.9454461135705,73327,406,736,25534,
329.9482382206024,73326,407,736,25534,
329.95047765647837,73326,407,735,25535,
329.96120783426414,73325,408,735,25535,
329.96405738914797,73325,407,736,25535,
329.9643058652763,73325,406,737,25535,
329.9812449913711,73325,405,738,25535,
329.9819293715164,73325,405,737,25536,
329.9857585978898,73324,406,737,25536,
329.9995345330767,73324,405,738,25536,
330.0000224481979,73324,405,737,25537,
330.0054560519506,73324,404,738,25537,
330.007052338872,73324,403,739,25537,
330.0102215500292,73323,404,739,25537,
330.0119858604311,73323,403,740,25537,
330.0229042330044,73322,404,740,25537,
330.02536104093286,73322,404,739,25538,
330.025954554951,73322,403,740,25538,
330.02948398414304,73322,403,739,25539,
330.0344484978315,73322,403,738,25540,
330.0348925438437,73321,404,738,25540,
330.03664794011513,73321,404,737,25541,
330.0427066706512,73321,404,736,25542,
330.04292404395596,73320,405,736,25542,
330.0496854220643,73319,406,736,25542,
330.05099598643193,73319,405,737,25542,
330.051983580389,73319,404,738,25542,
330.0553734625637,73319,403,739,25542,
330.0627018786684,73318,404,739,25542,
330.0673462207779,73317,405,739,25542,
330.0702149652828,73316,406,739,25542,
330.07238919698176,73315,407,739,25542,
330.0790681505774,73315,406,740,25542,
330.0862398808022,73314,407,740,25542,
330.09058798104803,73313,408,740,25542,
330.0914299737312,73312,409,740,25542,
330.09397810268456,73311,410,740,25542,
330.09537618286697,73311,410,739,25543,
330.1036484340162,73311,410,738,25544,
330.10380176667263,73311,410,737,25545,
330.1070548537796,73311,409,738,25545,
330.1097685442599,73310,410,738,25545,
330.11399910869545,73310,410,737,25546,
330.1155610068322,73310,410,736,25547,
330.1215719536269,73309,411,736,25547,
330.1322143072698,73309,410,737,25547,
330.1329601051666,73308,411,737,25547,
330.13949842066626,73308,411,736,25548,
330.15203194977335,73307,412,736,25548,
330.15222862202853,73306,413,736,25548,
330.1558537302484,73306,413,735,25549,
330.15979635470393,73305,414,735,25549,
330.1655171307576,73305,413,736,25549,
330.16642893707103,73305,412,737,25549,
330.16701876770003,73305,411,738,25549,
330.173185838574,73304,412,738,25549,
330.1754304003852,73304,411,739,25549,
330.1779563449237,73304,410,740,25549,
330.1864439135162,73304,409,741,25549,
330.19168746856246,73304,409,740,25550,
330.1968451293816,73304,409,739,25551,
330.2018780313341,73303,410,739,25551,
330.20833882162214,73303,409,740,25551,
330.2105420991776,73303,409,739,25552,
330.2111055615397,73303,408,740,25552,
330.21335924639317,73302,409,740,25552,
330.21367220737045,73301,410,740,25552,
330.21375610210293,73301,410,739,25553,
330.2241658794412,73301,409,740,25553,
330.2256920198172,73300,410,740,25553,
330.2274607446369,73300,410,739,25554,
330.22890580572727,73300,410,738,25555,
330.2408592568498,73299,411,738,25555,
330.24249958948354,73298,412,738,25555,
330.24623070609016,73298,411,739,25555,
330.25050788867355,73298,410,740,25555,
330.2512245046082,73297,411,740,25555,
330.256917301667,73296,412,740,25555,
330.2576113264372,73296,412,739,25556,
330.2597553077356,73296,412,738,25557,
330.2598194345737,73296,412,737,25558,
330.2647271225379,73296,411,738,25558,
330.2659037370148,73295,412,738,25558,
330.26825995844086,73295,412,737,25559,
330.27133519496624,73295,412,736,25560,
330.2805962943483,73294,413,736,25560,
330.2888791694793,73294,413,735,25561,
330.2927450149072,73294,413,734,25562,
330.2931134361258,73293,414,734,25562,
330.29496578945253,73293,413,735,25562,
330.30170604832904,73293,412,736,25562,
330.3052320450639,73293,411,737,25562,
330.3052825508075,73293,410,738,25562,
330.31085338045517,73292,411,738,25562,
330.3122646702475,73292,410,739,25562,
330.3232731124723,73292,409,740,25562,
330.32487536905666,73292,408,741,25562,
330.3330004057626,73292,407,742,25562,
330.3379737018567,73292,406,743,25562,
330.3408416903988,73292,405,744,25562,
330.3426124360635,73291,406,744,25562,
330.35062624905856,73290,407,744,25562,
330.35145679600635,73290,406,745,25562,
330.3527667332531,73289,407,745,25562,
330.35560617142266,73288,408,745,25562,
330.3713928688894,73288,408,744,25563,
330.3784015212269,73287,409,744,25563,
330.386263682362,73286,410,744,25563,
330.3994118867018,73285,411,744,25563,
330.39966679029055,73285,410,745,25563,
330.39975298957694,73284,411,745,25563,
330.40617941664686,73284,410,746,25563,
330.4099529752099,73284,409,747,25563,
330.4174658844007,73283,410,747,25563,
330.42053164400824,73283,409,748,25563,
330.42084903430873,73283,409,747,25564,
330.4305400929068,73282,410,747,25564,
330.4332028017323,73281,411,747,25564,
330.43800326881495,73281,411,746,25565,
330.44571693420136,73280,412,746,25565,
330.4610075535183,73280,411,747,25565,
330.46493963608077,73280,411,746,25566,
330.4718329092304,73279,412,746,25566,
330.4756685382338,73278,413,746,25566,
330.4776122679464,73278,412,747,25566,
330.47866811382494,73278,412,746,25567,
330.48433996633395,73277,413,746,25567,
330.48604547512775,73277,413,745,25568,
330.48685490545586,73277,412,746,25568,
330.49168489735814,73277,411,747,25568,
330.49203973661946,73276,412,747,25568,
330.49646164924957,73276,412,746,25569,
330.50483902812675,73276,411,747,25569,
330.5063505645282,73276,410,748,25569,
330.5111884017386,73276,410,747,25570,
330.5117351418189,73275,411,747,25570,
330.51372887693276,73275,411,746,25571,
330.51464886586587,73275,411,745,25572,
330.5159591504974,73275,411,744,25573,
330.5190754133593,73275,410,745,25573,
330.54030896100306,73275,410,744,25574,
330.54594740763906,73275,410,743,25575,
330.5466121374098,73275,409,744,25575,
330.5479941788474,73274,410,744,25575,
330.54829656567637,73273,411,744,25575,
330.5496926697649,73273,411,743,25576,
330.5512658027578,73273,410,744,25576,
330.55167592590766,73273,410,743,25577,
330.5618977595894,73273,409,744,25577,
330.5623081451287,73273,409,743,25578,
330.5673506431683,73272,410,743,25578,
330.57872957079303,73272,410,742,25579,
330.58268245969776,73271,411,742,25579,
330.583268005923,73271,410,743,25579,
330.5970484307112,73271,409,744,25579,
330.59870595739005,73271,409,743,25580,
330.60360506475047,73271,408,744,25580,
330.6045662334358,73270,409,744,25580,
330.6050788801559,73270,409,743,25581,
330.61136353255273,73270,408,744,25581,
330.6138360614066,73269,409,744,25581,
330.6206510535412,73268,410,744,25581,
330.6231378426605,73268,410,743,25582,
330.62516005118226,73267,411,743,25582,
330.6288106352209,73267,410,744,25582,
330.6310546163838,73266,411,744,25582,
330.63285405032826,73266,410,745,25582,
330.6336599017992,73266,410,744,25583,
330.63626913060233,73265,411,744,25583,
330.6397065729898,73265,410,745,25583,
330.6435285193317,73265,410,744,25584,
330.6476844291034,73265,409,745,25584,
330.6495285262639,73264,410,745,25584,
330.64990030177216,73264,409,746,25584,
330.6500310062818,73264,409,745,25585,
330.6507648807507,73263,410,745,25585,
330.6514153179883,73263,410,744,25586,
330.6522658728127,73263,410,743,25587,
330.6570426428191,73262,411,743,25587,
330.65773196815644,73261,412,743,25587,
330.6619812207033,73261,412,742,25588,
330.6634948392467,73261,412,741,25589,
330.6694095947859,73261,411,742,25589,
330.6710423177763,73261,411,741,25590,
330.6724726215798,73261,410,742,25590,
330.6745958825199,73261,410,741,25591,
330.68177387811085,73261,410,740,25592,
330.6867776438449,73261,409,741,25592,
330.696512219265,73261,409,740,25593,
330.69675644864725,73261,409,739,25594,
330.6981413737114,73260,410,739,25594,
330.7045108558472,73260,410,738,25595,
330.7046487960227,73260,409,739,25595,
330.70746803960304,73260,408,740,25595,
330.7115499950949,73259,409,740,25595,
330.7145188010812,73259,408,741,25595,
330.7213657011822,73259,408,740,25596,
330.72144147578604,73258,409,740,25596,
330.7264189133777,73258,409,739,25597,
330.72785602706443,73258,408,740,25597,
330.72793634914814,73257,409,740,25597,
330.7334698015579,73256,410,740,25597,
330.7369083729814,73256,410,739,25598,
330.74880096466916,73256,409,740,25598,
330.7502437980928,73256,408,741,25598,
330.75113763590065,73256,407,742,25598,
330.7512777026877,73256,407,741,25599,
330.75426236145955,73255,408,741,25599,
330.7686877122603,73255,408,740,25600,
330.772906029319,73254,409,740,25600,
330.7782051544616,73254,408,741,25600,
330.77885394177014,73254,408,740,25601,
330.780486760835,73254,407,741,25601,
330.7903270004443,73254,407,740,25602,
330.8029339183097,73254,406,741,25602,
330.8050286010037,73254,406,740,25603,
330.81724014135875,73254,406,739,25604,
330.8223259793602,73254,406,738,25605,
330.82279160582596,73253,407,738,25605,
330.83134829141494,73252,408,738,25605,
330.8339848735037,73251,409,738,25605,
330.83575721784354,73250,410,738,25605,
330.84155594451965,73249,411,738,25605,
330.84410001706203,73249,411,737,25606,
330.8451698381399,73249,410,738,25606,
330.8497840527033,73248,411,738,25606,
330.85244675733895,73248,411,737,25607,
330.8601462995834,73248,410,738,25607,
330.86518349224843,73247,411,738,25607,
330.87761293310984,73246,412,738,25607,
330.87790219569183,73246,411,739,25607,
330.8779867209996,73246,410,740,25607,
330.8802566614905,73245,411,740,25607,
330.8814812690929,73245,410,741,25607,
330.88505118785594,73245,410,740,25608,
330.89033887660287,73245,410,739,25609,
330.89220296673835,73245,409,740,25609,
330.9008266687093,73244,410,740,25609,
330.90095007159965,73244,410,739,25610,
330.9055525990483,73244,410,738,25611,
330.9284747495442,73244,410,737,25612,
330.9355405763106,73243,411,737,25612,
330.93667411780666,73242,412,737,25612,
330.93681003307825,73242,412,736,25613,
330.94121433751417,73242,411,737,25613,
330.94256978586077,73242,411,736,25614,
330.9430598677893,73242,411,735,25615,
330.94561152654165,73241,412,735,25615,
330.95293325406584,73241,411,736,25615,
330.9559404075128,73240,412,736,25615,
330.9616910288166,73239,413,736,25615,
330.9631107688621,73239,412,737,25615,
330.9678214478627,73239,412,736,25616,
330.97173491039047,73239,412,735,25617,
330.9763417061767,73239,411,736,25617,
330.97809133662287,73239,410,737,25617,
330.98270169718387,73239,410,736,25618,
330.98287277118345,73239,409,737,25618,
330.98397447098586,73239,409,736,25619,
330.98678079136357,73238,410,736,25619,
330.98807203267245,73238,409,737,25619,
330.99168541502087,73238,408,738,25619,
330.9931515811196,73237,409,738,25619,
330.99419133980126,73236,410,738,25619,
330.99771870917215,73236,410,737,25620,
330.99835470825315,73236,410,736,25621,
330.9993114320811,73236,410,735,25622,
331.0020652169626,73235,411,735,25622,
331.0038534327772,73235,411,734,25623,
331.01876056232965,73235,410,735,25623,
331.0235759102437,73235,410,734,25624,
331.0239878111784,73234,411,734,25624,
331.0350833432577,73234,411,733,25625,
331.03834689149926,73233,412,733,25625,
331.04581595274607,73232,413,733,25625,
331.0475690331591,73231,414,733,25625,
331.05390203884866,73231,413,734,25625,
331.05837135612484,73231,412,735,25625,
331.0606497878986,73231,411,736,25625,
331.06184808932784,73231,411,735,25626,
331.06333419509355,73231,411,734,25627,
331.0648967169198,73231,410,735,25627,
331.0678393321517,73230,411,735,25627,
331.0719384282097,73230,411,734,25628,
331.07366224162564,73230,411,733,25629,
331.0756687080831,73230,410,734,25629,
331.0816143591891,73229,411,734,25629,
331.0850300356996,73229,410,735,25629,
331.08608750204155,73229,410,734,25630,
331.0919662585813,73229,410,733,25631,
331.0941691470371,73228,411,733,25631,
331.10412127517435,73228,410,734,25631,
331.106957746249,73228,410,733,25632,
331.1148358178224,73228,410,732,25633,
331.1244357593246,73228,410,731,25634,
331.12768859409647,73228,409,732,25634,
331.1358490803034,73228,409,731,25635,
331.1382278159283,73228,409,730,25636,
331.14134447760966,73228,409,729,25637,
331.1415056100932,73227,410,729,25637,
331.1441494116743,73227,410,728,25638,
331.1488466495362,73226,411,728,25638,
331.15123112923345,73225,412,728,25638,
331.156700149801,73224,413,728,25638,
331.1572731695682,73224,412,729,25638,
331.1574899908773,73223,413,729,25638,
331.1724937808667,73222,414,729,25638,
331.1784151119267,73222,413,730,25638,
331.1802863687935,73221,414,730,25638,
331.18440580359743,73221,414,729,25639,
331.1859434009428,73221,414,728,25640,
331.19368459009115,73220,415,728,25640,
331.19539193177735,73220,415,727,25641,
331.20615680732,73219,416,727,25641,
331.21418322994936,73219,415,728,25641,
331.2154225624961,73219,414,729,25641,
331.2202035251431,73219,413,730,25641,
331.2204226765047,73219,413,729,25642,
331.2222862050567,73219,413,728,25643,
331.22334251190983,73219,413,727,25644,
331.2266721746075,73219,413,726,25645,
331.2281398775564,73218,414,726,25645,
331.25205722082967,73218,413,727,25645,
331.2530536735341,73218,413,726,25646,
331.2581065216417,73218,413,725,25647,
331.2742987231642,73218,412,726,25647,
331.289987629634,73218,412,725,25648,
331.2907246193315,73218,411,726,25648,
331.2910530296082,73217,412,726,25648,
331.29171545763353,73217,411,727,25648,
331.29392144967665,73217,411,726,25649,
331.29548831657115,73216,412,726,25649,
331.3004064163697,73216,412,725,25650,
331.3005859003795,73215,413,725,25650,
331.30624339746856,73215,412,726,25650,
331.30898940223994,73214,413,726,25650,
331.30901983979936,73214,413,725,25651,
331.32383924126526,73214,413,724,25652,
331.3248549401892,73214,412,725,25652,
331.330825490562,73214,411,726,25652,
331.3362634510352,73214,410,727,25652,
331.33803252357126,73214,410,726,25653,
331.3481530985431,73214,409,727,25653,
331.35043697116026,73214,408,728,25653,
331.3523089582563,73214,407,729,25653,
331.35645325106293,73213,408,729,25653,
331.3609998643286,73213,407,730,25653,
331.3613145062721,73213,406,731,25653,
331.3638268107385,73213,406,730,25654,
331.3651918499693,73213,405,731,25654,
331.367333769189,73212,406,731,25654,
331.3753261006184,73212,405,732,25654,
331.3802702787715,73212,404,733,25654,
331.3815913908724,73212,404,732,25655,
331.39357786140397,73212,403,733,25655,
331.39529576763704,73212,402,734,25655,
331.39682973368144,73212,401,735,25655,
331.411906704017,73211,402,735,25655,
331.41233407941127,73210,403,735,25655,
331.4130363496275,73210,403,734,25656,
331.42429816386675,73209,404,734,25656,
331.42455734618926,73208,405,734,25656,
331.4253523662952,73207,406,734,25656,
331.43657124280503,73206,407,734,25656,
331.43795811660107,73206,407,733,25657,
331.43812846055414,73206,407,732,25658,
331.4435477047742,73206,407,731,25659,
331.4473088969584,73205,408,731,25659,
331.45693067336316,73205,408,730,25660,
331.4575212390356,73205,408,729,25661,
331.46096117018334,73204,409,729,25661,
331.465636932746,73204,408,730,25661,
331.4669705508926,73204,407,731,25661,
331.4701154956609,73203,408,731,25661,
331.4705845695113,73202,409,731,25661,
331.4901186077369,73201,410,731,25661,
331.4923026428967,73201,410,730,25662,
331.4934051777351,73200,411,730,25662,
331.49406893666173,73199,412,730,25662,
331.4974098200132,73198,413,730,25662,
331.4976858559955,73198,413,729,25663,
331.5023520819452,73198,413,728,25664,
331.50266740131934,73197,414,728,25664,
331.50452346317746,73197,413,729,25664,
331.50694708384157,73196,414,729,25664,
331.5071922116627,73196,414,728,25665,
331.5142557468227,73196,414,727,25666,
331.51762679422933,73196,413,728,25666,
331.5190485753546,73196,413,727,25667,
331.52200996418196,73196,413,726,25668,
331.52361857456935,73196,412,727,25668,
331.5253304583293,73196,411,728,25668,
331.5305359923428,73196,410,729,25668,
331.53502750820974,73196,409,730,25668,
331.54242018537497,73195,410,730,25668,
331.54304566376777,73194,411,730,25668,
331.54449557649355,73193,412,730,25668,
331.55622794453416,73193,411,731,25668,
331.5562569485324,73193,410,732,25668,
331.5577883517628,73193,410,731,25669,
331.55886754909227,73193,410,730,25670,
331.5628738261243,73193,409,731,25670,
331.56761998461013,73192,410,731,25670,
331.5715388542738,73191,411,731,25670,
331.5728186649722,73191,411,730,25671,
331.5743061268845,73191,410,731,25671,
331.57690232172325,73191,410,730,25672,
331.57832230794946,73191,409,731,25672,
331.5833784509574,73191,409,730,25673,
331.59121300407696,73191,409,729,25674,
331.5968468921454,73190,410,729,25674,
331.59691760143,73190,409,730,25674,
331.6023368156602,73190,408,731,25674,
331.6109270229225,73189,409,731,25674,
331.6116859245482,73189,408,732,25674,
331.61693385212567,73188,409,732,25674,
331.6206042014123,73187,410,732,25674,
331.6267226187507,73187,410,731,25675,
331.6294889192814,73187,410,730,25676,
331.6303320032689,73186,411,730,25676,
331.63670681116315,73186,411,729,25677,
331.63743387346017,73186,410,730,25677,
331.6491706517222,73186,410,729,25678,
331.651339374444,73185,411,729,25678,
331.65192080036593,73184,412,729,25678,
331.65280860348247,73184,412,728,25679,
331.65997527183066,73183,413,728,25679,
331.6734405795166,73183,413,727,25680,
331.67615634914307,73183,413,726,25681,
331.6828544860598,73183,413,725,25682,
331.6872436517786,73183,412,726,25682,
331.6881631609586,73183,412,725,25683,
331.68952893372034,73183,412,724,25684,
331.6908423162195,73183,412,723,25685,
331.6914602033382,73183,412,722,25686,
331.6950704857192,73182,413,722,25686,
331.7033403197503,73182,412,723,25686,
331.7059717790626,73182,412,722,25687,
331.7076878132786,73182,412,721,25688,
331.71155569589195,73181,413,721,25688,
331.7162243499749,73181,413,720,25689,
331.72234310899296,73181,412,721,25689,
331.72833176000574,73180,413,721,25689,
331.72862899272485,73180,412,722,25689,
331.7316779303796,73180,411,723,25689,
331.7331421891476,73179,412,723,25689,
331.73391567984856,73179,411,724,25689,
331.7349815097295,73179,411,723,25690,
331.737893076323,73178,412,723,25690,
331.7557720649039,73178,412,722,25691,
331.7593169193593,73178,412,721,25692,
331.76274861559665,73177,413,721,25692,
331.7638639303768,73176,414,721,25692,
331.7665456764805,73176,414,720,25693,
331.7679916322724,73176,413,721,25693,
331.7736266988556,73176,412,722,25693,
331.77975505957966,73176,412,721,25694,
331.78528799400146,73175,413,721,25694,
331.7863675670516,73175,412,722,25694,
331.7873563355004,73175,411,723,25694,
331.78907780275875,73174,412,723,25694,
331.79125927091906,73173,413,723,25694,
331.79548160303557,73173,412,724,25694,
331.7956839726902,73173,412,723,25695,
331.7957986732679,73173,411,724,25695,
331.7992065297078,73173,410,725,25695,
331.7995873011672,73173,410,724,25696,
331.8023883768159,73173,410,723,25697,
331.80527214011244,73172,411,723,25697,
331.80747495468813,73171,412,723,25697,
331.8126070191963,73171,411,724,25697,
331.812976938949,73171,410,725,25697,
331.81309665171375,73171,409,726,25697,
331.8134429119252,73171,408,727,25697,
331.8144189837612,73171,407,728,25697,
331.8177430507202,73171,407,727,25698,
331.82365074226215,73171,406,728,25698,
331.8326731247258,73171,405,729,25698,
331.83627038126554,73171,404,730,25698,
331.8526616660364,73171,404,729,25699,
331.8564292946347,73171,403,730,25699,
331.8590888112166,73170,404,730,25699,
331.86444475057186,73169,405,730,25699,
331.86575722354706,73169,405,729,25700,
331.86851948751826,73169,405,728,25701,
331.87666891157204,73169,404,729,25701,
331.880577586462,73169,403,730,25701,
331.88399603190186,73168,404,730,25701,
331.88583165568576,73168,403,731,25701,
331.89349688883664,73168,403,730,25702,
331.8964121741365,73168,403,729,25703,
331.89856573024304,73168,403,728,25704,
331.9047163020264,73168,403,727,25705,
331.9103235462278,73168,403,726,25706,
331.91294457205015,73168,403,725,25707,
331.91652431662163,73168,403,724,25708,
331.91703901307596,73168,402,725,25708,
331.91897277285415,73168,402,724,25709,
331.92334208691125,73168,401,725,25709,
331.9310544280697,73167,402,725,25709,
331.93210020571587,73167,402,724,25710,
331.9428674820902,73167,401,725,25710,
331.94378356076743,73167,401,724,25711,
331.9541735185095,73167,401,723,25712,
331.96069192348887,73166,402,723,25712,
331.9672434889188,73166,402,722,25713,
331.96853282515286,73166,402,721,25714,
331.96987609914606,73166,402,720,25715,
331.9714465882648,73165,403,720,25715,
331.9726761524038,73165,402,721,25715,
331.97381342361984,73164,403,721,25715,
331.97978860881875,73164,403,720,25716,
331.9885926033836,73164,402,721,25716,
331.9892316476768,73164,401,722,25716,
331.9895956846293,73164,401,721,25717,
332.0022093129155,73164,400,722,25717,
332.0042427005073,73164,400,721,25718,
332.00963601807155,73164,399,722,25718,
332.01225731302856,73163,400,722,25718,
332.020206126697,73163,399,723,25718,
332.02227813094873,73163,399,722,25719,
332.02295673560303,73162,400,722,25719,
332.0301389086939,73162,399,723,25719,
332.03125716355646,73162,398,724,25719,
332.0341135485236,73161,399,724,25719,
332.03517326125024,73161,399,723,25720,
332.0381695656623,73160,400,723,25720,
332.04416048974736,73160,399,724,25720,
332.05181478565055,73160,398,725,25720,
332.0600541073481,73159,399,725,25720,
332.0717452247718,73159,398,726,25720,
332.07660833249383,73158,399,726,25720,
332.079446815784,73158,399,725,25721,
332.0867707933586,73158,398,726,25721,
332.08761197056907,73158,398,725,25722,
332.090169696938,73158,398,724,25723,
332.0940492530077,73158,398,723,25724,
332.10586605856656,73158,397,724,25724,
332.1134583554987,73158,396,725,25724,
332.1155851785052,73158,396,724,25725,
332.11683379615613,73158,396,723,25726,
332.1168741993395,73158,395,724,25726,
332.1196612270966,73157,396,724,25726,
332.1254220535992,73157,396,723,25727,
332.1298195764057,73157,396,722,25728,
332.13755995523394,73157,395,723,25728,
332.139749243833,73157,395,722,25729,
332.1435899755214,73157,394,723,25729,
332.14679397504773,73157,394,722,25730,
332.1586279148322,73156,395,722,25730,
332.15932329988505,73155,396,722,25730,
332.168852295037,73154,397,722,25730,
332.173309609294,73154,396,723,25730,
332.1744250951711,73153,397,723,25730,
332.17768759755546,73153,396,724,25730,
332.1777092120124,73153,395,725,25730,
332.1785341292336,73153,394,726,25730,
332.185953105311,73152,395,726,25730,
332.1862664784668,73151,396,726,25730,
332.19471509515904,73151,395,727,25730,
332.20021651016754,73151,394,728,25730,
332.20499851886416,73150,395,728,25730,
332.2102217523862,73150,394,729,25730,
332.21217238601184,73150,393,730,25730,
332.2130201134056,73150,393,729,25731,
332.21703225980974,73149,394,729,25731,
332.2261101001195,73149,394,728,25732,
332.22854077782074,73149,393,729,25732,
332.229454618221,73149,392,730,25732,
332.2374467205549,73149,391,731,25732,
332.24397186753004,73149,391,730,25733,
332.25029413528085,73149,390,731,25733,
332.25494070688933,73149,390,730,25734,
332.2555297965912,73148,391,730,25734,
332.256286528992,73148,390,731,25734,
332.2569381892867,73148,389,732,25734,
332.25846000452754,73148,389,731,25735,
332.261791131785,73148,388,732,25735,
332.27019319747853,73148,387,733,25735,
332.28251820667197,73148,387,732,25736,
332.28369102508816,73148,387,731,25737,
332.2888040835959,73147,388,731,25737,
332.30066954974507,73147,387,732,25737,
332.3044736677358,73146,388,732,25737,
332.30609867689674,73145,389,732,25737,
332.30822006573527,73144,390,732,25737,
332.3116168056757,73144,390,731,25738,
332.32065222742693,73144,389,732,25738,
332.3219379294944,73144,388,733,25738,
332.32782574185194,73144,387,734,25738,
332.33014609654833,73144,387,733,25739,
332.33268441625364,73144,387,732,25740,
332.3364194748048,73144,386,733,25740,
332.3370688258897,73144,386,732,25741,
332.34169542336997,73144,385,733,25741,
332.34180655784525,73144,385,732,25742,
332.3456625062493,73144,384,733,25742,
332.34663797757025,73143,385,733,25742,
332.3471059913598,73143,384,734,25742,
332.3538873882162,73142,385,734,25742,
332.3546869634428,73141,386,734,25742,
332.36480641477846,73141,386,733,25743,
332.3780138372212,73141,385,734,25743,
332.3847653927936,73141,385,733,25744,
332.38721366454905,73141,384,734,25744,
332.39217177428816,73141,384,733,25745,
332.3933295643549,73141,384,732,25746,
332.3974326621062,73141,383,733,25746,
332.3994219499693,73141,383,732,25747,
332.4018115599997,73141,383,731,25748,
332.40808023135895,73140,384,731,25748,
332.4093782065269,73139,385,731,25748,
332.42534546402516,73138,386,731,25748,
332.4443311374767,73138,385,732,25748,
332.45154602320196,73137,386,732,25748,
332.4561496025031,73136,387,732,25748,
332.45740727430336,73136,386,733,25748,
332.4586775707432,73136,385,734,25748,
332.4598992556674,73136,385,733,25749,
332.45995882531383,73135,386,733,25749,
332.46300428860724,73134,387,733,25749,
332.47942520040084,73134,386,734,25749,
332.47981716341303,73133,387,734,25749,
332.4886485965559,73133,387,733,25750,
332.49024348964866,73132,388,733,25750,
332.49076448175884,73132,388,732,25751,
332.4981996320105,73132,387,733,25751,
332.4992610023704,73132,387,732,25752,
332.5028470995831,73132,386,733,25752,
332.50524744884433,73132,386,732,25753,
332.5113478000847,73131,387,732,25753,
332.5163295605664,73130,388,732,25753,
332.5176688733016,73130,387,733,25753,
332.5219587067339,73130,386,734,25753,
332.52448731159416,73130,386,733,25754,
332.5261662475683,73130,386,732,25755,
332.5267466675674,73130,386,731,25756,
332.52897390451926,73130,385,732,25756,
332.52930207178554,73130,384,733,25756,
332.5349313717298,73130,383,734,25756,
332.53556402866093,73130,383,733,25757,
332.53620934924106,73130,383,732,25758,
332.54387180086877,73130,383,731,25759,
332.5520803687693,73130,383,730,25760,
332.5582984821149,73130,383,729,25761,
332.56417942081185,73130,382,730,25761,
332.5677385415804,73129,383,730,25761,
332.569402110522,73128,384,730,25761,
332.5727863107445,73128,384,729,25762,
332.5729694339701,73128,383,730,25762,
332.5737718945476,73127,384,730,25762,
332.582978295878,73127,384,729,25763,
332.59317793529436,73127,383,730,25763,
332.5972780492168,73126,384,730,25763,
332.61125191841063,73126,384,729,25764,
332.6124141318857,73126,384,728,25765,
332.61333116812744,73126,384,727,25766,
332.6143442776402,73126,383,728,25766,
332.61556941654203,73125,384,728,25766,
332.6183703788679,73125,384,727,25767,
332.61898837823276,73125,383,728,25767,
332.6201480946999,73124,384,728,25767,
332.6232740195376,73124,383,729,25767,
332.62940218207996,73124,382,730,25767,
332.6358737632942,73124,382,729,25768,
332.64189125761686,73124,382,728,25769,
332.6537510703044,73124,381,729,25769,
332.6562036633044,73123,382,729,25769,
332.66516831393716,73123,381,730,25769,
332.6697489167764,73123,380,731,25769,
332.67049547341543,73122,381,731,25769,
332.6730119817088,73122,381,730,25770,
332.67759660109243,73122,380,731,25770,
332.6806789374857,73121,381,731,25770,
332.683352550939,73120,382,731,25770,
332.6852151698564,73120,382,730,25771,
332.6895745540175,73120,382,729,25772,
332.68983338311216,73120,381,730,25772,
332.6918608406269,73120,381,729,25773,
332.69692499988776,73120,381,728,25774,
332.7017170497658,73119,382,728,25774,
332.7073918683344,73119,382,727,25775,
332.7145353886347,73119,382,726,25776,
332.7260561995871,73119,382,725,25777,
332.7277293826387,73119,381,726,25777,
332.72962006610925,73119,381,725,25778,
332.7325625910241,73118,382,725,25778,
332.737437060365,73118,381,726,25778,
332.74255668016553,73118,380,727,25778,
332.7432504465342,73118,379,728,25778,
332.7460932644423,73118,379,727,25779,
332.74946974782824,73118,378,728,25779,
332.75600531573474,73118,377,729,25779,
332.75808660420967,73117,378,729,25779,
332.7647219119476,73117,378,728,25780,
332.77809358428146,73117,378,727,25781,
332.77940326296704,73117,378,726,25782,
332.7852975555204,73117,378,725,25783,
332.7874426639926,73116,379,725,25783,
332.79160474467886,73115,380,725,25783,
332.79291869000554,73114,381,725,25783,
332.7953426017363,73114,381,724,25784,
332.79963390561295,73113,382,724,25784,
332.8017234115423,73112,383,724,25784,
332.80350165559975,73112,382,725,25784,
332.80833666711544,73111,383,725,25784,
332.8092947099018,73111,382,726,25784,
332.8149522485215,73111,381,727,25784,
332.81555454138163,73111,380,728,25784,
332.8185406449663,73111,379,729,25784,
332.8185406449663,73111,379,729,25784,
332.8188382252568,73111,379,728,25785,
332.82266320692526,73111,379,727,25786,
332.82558270064254,73111,379,726,25787,
332.8303625783791,73111,378,727,25787,
332.83936102487854,73110,379,727,25787,
332.84120185251544,73110,378,728,25787,
332.8414373200045,73110,378,727,25788,
332.8473867952282,73110,377,728,25788,
332.84860598615813,73109,378,728,25788,
332.848957015977,73108,379,728,25788,
332.85188485731345,73108,379,727,25789,
332.8591982596985,73108,379,726,25790,
332.86598158452387,73108,378,727,25790,
332.86832670593026,73108,377,728,25790,
332.8721459344974,73107,378,728,25790,
332.87538635919174,73107,378,727,25791,
332.88080446058444,73106,379,727,25791,
332.88259768504446,73106,378,728,25791,
332.8878927151597,73106,378,727,25792,
332.8913549875256,73106,378,726,25793,
332.8915369367141,73106,377,727,25793,
332.89201776718767,73106,377,726,25794,
332.8946321231844,73106,376,727,25794,
332.8977883803613,73106,375,728,25794,
332.9103482265155,73105,376,728,25794,
332.9181724324132,73104,377,728,25794,
332.9226230836384,73104,376,729,25794,
332.92487997713386,73103,377,729,25794,
332.93434720627323,73103,377,728,25795,
332.9349576044641,73103,377,727,25796,
332.93638497447256,73103,377,726,25797,
332.94520046413766,73102,378,726,25797,
332.94572321834556,73102,378,725,25798,
332.94843381839075,73102,378,724,25799,
332.94912371998697,73102,377,725,25799,
332.949745997197,73102,377,724,25800,
332.9548739182418,73101,378,724,25800,
332.9630144321908,73101,378,723,25801,
332.9821719030742,73101,377,724,25801,
332.988779317964,73101,377,723,25802,
332.9906131362983,73101,377,722,25803,
332.99197822380415,73101,376,723,25803,
332.9982302302466,73100,377,723,25803,
332.9982790991751,73099,378,723,25803,
332.99833743320085,73099,377,724,25803,
333.000366006124,73099,377,723,25804,
333.0023476212624,73099,377,722,25805,
333.0099253055459,73098,378,722,25805,
333.0169534522297,73098,378,721,25806,
333.0174065923869,73098,377,722,25806,
333.01780827488216,73098,377,721,25807,
333.0190649562197,73098,377,720,25808,
333.0218121818696,73098,376,721,25808,
333.02355942443813,73098,375,722,25808,
333.02551901847437,73098,375,721,25809,
333.0426619303127,73098,374,722,25809,
333.0503814079824,73098,373,723,25809,
333.0532448288849,73097,374,723,25809,
333.0532630896356,73096,375,723,25809,
333.0618989527565,73095,376,723,25809,
333.06327034504824,73094,377,723,25809,
333.0657392305468,73094,377,722,25810,
333.06744644712927,73094,377,721,25811,
333.0676040036249,73094,377,720,25812,
333.07670478941264,73094,377,719,25813,
333.0769314043872,73094,376,720,25813,
333.07832454513425,73094,376,719,25814,
333.08493618378355,73094,376,718,25815,
333.0856974449361,73094,376,717,25816,
333.08586532438835,73093,377,717,25816,
333.10508409870914,73093,377,716,25817,
333.1065505742169,73092,378,716,25817,
333.1133528820403,73092,377,717,25817,
333.1217125755125,73092,377,716,25818,
333.1220546804864,73092,376,717,25818,
333.12841513332245,73092,376,716,25819,
333.12904495711365,73092,376,715,25820,
333.14990620864205,73092,375,716,25820,
333.1571535297661,73091,376,716,25820,
333.15730405406975,73091,376,715,25821,
333.15947000577097,73091,376,714,25822,
333.1606253655456,73091,376,713,25823,
333.16246238618413,73090,377,713,25823,
333.16483364903615,73090,377,712,25824,
333.1665753643034,73090,376,713,25824,
333.1713188009943,73089,377,713,25824,
333.17196566436786,73089,377,712,25825,
333.1733607456638,73089,377,711,25826,
333.1762972711521,73089,377,710,25827,
333.20072092149167,73089,377,709,25828,
333.2010355054363,73089,377,708,25829,
333.2076825073862,73089,377,707,25830,
333.2095168978698,73089,377,706,25831,
333.21081437692794,73089,377,705,25832,
333.21400587755784,73089,376,706,25832,
333.21898238339475,73088,377,706,25832,
333.2270271121129,73088,377,705,25833,
333.2275818761458,73088,376,706,25833,
333.2290176058338,73088,375,707,25833,
333.2325165169784,73087,376,707,25833,
333.2329266631002,73087,375,708,25833,
333.23322808367595,73087,375,707,25834,
333.2420644646347,73087,374,708,25834,
333.2435781886715,73087,374,707,25835,
333.2453741070388,73087,373,708,25835,
333.2500300782831,73087,372,709,25835,
333.2581085360145,73087,371,710,25835,
333.26994638881786,73086,372,710,25835,
333.27537655450544,73086,371,711,25835,
333.27560702559146,73086,371,710,25836,
333.27836976864796,73085,372,710,25836,
333.2806458734283,73085,372,709,25837,
333.2858722658179,73085,371,710,25837,
333.29390162323114,73085,370,711,25837,
333.298883388488,73085,370,710,25838,
333.3000372341488,73085,369,711,25838,
333.300504605913,73085,369,710,25839,
333.3038343055262,73084,370,710,25839,
333.30413087678386,73084,369,711,25839,
333.30614513932966,73084,368,712,25839,
333.3091438218911,73084,368,711,25840,
333.3139468394871,73084,368,710,25841,
333.31453411914197,73083,369,710,25841,
333.3155730202893,73083,369,709,25842,
333.31708860452164,73082,370,709,25842,
333.3291996353691,73082,369,710,25842,
333.3294054638314,73081,370,710,25842,
333.3358272558157,73080,371,710,25842,
333.3360559304105,73080,370,711,25842,
333.36169930041046,73079,371,711,25842,
333.38122294065477,73079,370,712,25842,
333.38255745273636,73079,370,711,25843,
333.3869584459512,73078,371,711,25843,
333.399707225476,73078,370,712,25843,
333.4023237417982,73077,371,712,25843,
333.40593697910356,73076,372,712,25843,
333.410186714826,73076,372,711,25844,
333.412224360124,73075,373,711,25844,
333.41484863532213,73075,373,710,25845,
333.41635797585457,73075,373,709,25846,
333.41858769749837,73075,373,708,25847,
333.41982017034326,73075,372,709,25847,
333.4228259005979,73075,371,710,25847,
333.425104639423,73074,372,710,25847,
333.43209128146333,73074,372,709,25848,
333.4325165998247,73074,372,708,25849,
333.43585124222216,73074,371,709,25849,
333.43803789703344,73074,370,710,25849,
333.439991322028,73074,370,709,25850,
333.45407444013074,73073,371,709,25850,
333.4587912555482,73073,371,708,25851,
333.4609928627457,73073,371,707,25852,
333.4643807846406,73073,370,708,25852,
333.47808295633484,73073,370,707,25853,
333.48614249118936,73072,371,707,25853,
333.49735406337123,73072,370,708,25853,
333.5036231805829,73072,370,707,25854,
333.5134781125511,73072,370,706,25855,
333.520139607294,73072,369,707,25855,
333.5266086984557,73072,369,706,25856,
333.5350987671504,73071,370,706,25856,
333.53707183958835,73071,369,707,25856,
333.54738772242325,73071,369,706,25857,
333.5494576884489,73070,370,706,25857,
333.55852483157094,73069,371,706,25857,
333.56324973655796,73068,372,706,25857,
333.5634603109691,73067,373,706,25857,
333.5655483478867,73067,373,705,25858,
333.56759136273973,73067,373,704,25859,
333.5705492134318,73067,373,703,25860,
333.57883279800484,73067,372,704,25860,
333.5904980015289,73067,371,705,25860,
333.5925722859374,73067,370,706,25860,
333.5942181504369,73067,369,707,25860,
333.59758716232244,73067,368,708,25860,
333.5991973277639,73067,368,707,25861,
333.6000795996942,73067,367,708,25861,
333.60616312400697,73066,368,708,25861,
333.6072829964695,73066,368,707,25862,
333.61803197752397,73066,368,706,25863,
333.62058344082106,73066,368,705,25864,
333.6244911701896,73065,369,705,25864,
333.62490122628463,73065,368,706,25864,
333.62612343217637,73064,369,706,25864,
333.63213955839615,73063,370,706,25864,
333.633503411421,73063,370,705,25865,
333.634775696833,73063,370,704,25866,
333.64231318093874,73063,370,703,25867,
333.6479058251186,73063,369,704,25867,
333.6572128481306,73062,370,704,25867,
333.65946121439464,73062,369,705,25867,
333.659921763491,73061,370,705,25867,
333.66020117344556,73060,371,705,25867,
333.66815227907074,73060,370,706,25867,
333.68453986655544,73060,370,705,25868,
333.68524625510804,73059,371,705,25868,
333.6900158977812,73059,370,706,25868,
333.69230131227704,73058,371,706,25868,
333.6932364815423,73058,371,705,25869,
333.6946088547734,73057,372,705,25869,
333.6947366609563,73057,372,704,25870,
333.69694619588677,73057,371,705,25870,
333.6996813896327,73056,372,705,25870,
333.70419156771857,73056,372,704,25871,
333.70514997043387,73056,371,705,25871,
333.71305070984124,73055,372,705,25871,
333.71423800729747,73054,373,705,25871,
333.7167279504989,73053,374,705,25871,
333.72347759549695,73053,374,704,25872,
333.744299270569,73053,373,705,25872,
333.74734877124695,73052,374,705,25872,
333.75481226315935,73051,375,705,25872,
333.75694163277086,73051,374,706,25872,
333.7634998195953,73051,373,707,25872,
333.77685151456757,73050,374,707,25872,
333.78062227847505,73050,374,706,25873,
333.78450168747844,73050,373,707,25873,
333.7846609151656,73050,372,708,25873,
333.81685465267054,73049,373,708,25873,
333.82691827537195,73049,372,709,25873,
333.8310921068392,73049,371,710,25873,
333.831781657843,73049,371,709,25874,
333.8364305950631,73048,372,709,25874,
333.83842234113627,73047,373,709,25874,
333.8465987327784,73046,374,709,25874,
333.8628132306768,73046,374,708,25875,
333.86418564287624,73046,374,707,25876,
333.87148077088614,73046,373,708,25876,
333.87533804769816,73046,373,707,25877,
333.87703359002865,73046,372,708,25877,
333.88360581373803,73046,371,709,25877,
333.88401738130545,73046,371,708,25878,
333.88934659341714,73046,371,707,25879,
333.89230246994134,73045,372,707,25879,
333.9033286568366,73045,372,706,25880,
333.93238186203195,73045,372,705,25881,
333.9342199238162,73045,372,704,25882,
333.94003712837235,73045,371,705,25882,
333.9444570940823,73044,372,705,25882,
333.94624674368305,73043,373,705,25882,
333.9619970265188,73043,372,706,25882,
333.96332885585184,73043,372,705,25883,
333.96778128135605,73043,372,704,25884,
333.9690809674062,73043,371,705,25884,
333.97235038937305,73043,370,706,25884,
333.9728899577684,73043,369,707,25884,
333.98075552826947,73043,369,706,25885,
333.9818097678865,73043,369,705,25886,
333.9896526466299,73043,369,704,25887,
333.99030821593163,73043,368,705,25887,
333.99627242815245,73042,369,705,25887,
333.99749860973077,73041,370,705,25887,
334.00005662501604,73041,370,704,25888,
334.00091734858165,73040,371,704,25888,
334.0059012753929,73040,371,703,25889,
334.00823911788257,73040,371,702,25890,
334.0107127097546,73040,370,703,25890,
334.02153555482886,73039,371,703,25890,
334.02173014345834,73039,371,702,25891,
334.02701834439983,73038,372,702,25891,
334.0299048763949,73038,371,703,25891,
334.0426247266629,73038,371,702,25892,
334.0472495399469,73037,372,702,25892,
334.0494544259661,73037,371,703,25892,
334.0586951502487,73037,370,704,25892,
334.0605462567767,73036,371,704,25892,
334.0608862563993,73036,370,705,25892,
334.06516309824457,73036,370,704,25893,
334.0710275702014,73035,371,704,25893,
334.0714162981502,73035,371,703,25894,
334.0765808936251,73035,371,702,25895,
334.0817444228104,73035,371,701,25896,
334.08595615349003,73035,370,702,25896,
334.0905439045013,73035,370,701,25897,
334.09557812093254,73035,369,702,25897,
334.09729176973593,73035,369,701,25898,
334.1002722235477,73034,370,701,25898,
334.103131078998,73034,370,700,25899,
334.10403011726055,73034,369,701,25899,
334.10555541064434,73033,370,701,25899,
334.106138025127,73033,369,702,25899,
334.1184379063265,73033,368,703,25899,
334.11974179530665,73033,367,704,25899,
334.12163905476604,73033,367,703,25900,
334.1264752730699,73033,367,702,25901,
334.1358139284696,73032,368,702,25901,
334.1370039993541,73032,368,701,25902,
334.1426609715783,73032,368,700,25903,
334.1468410386521,73032,368,699,25904,
334.15001567393165,73032,368,698,25905,
334.1502596749882,73032,368,697,25906,
334.15103857658954,73031,369,697,25906,
334.18179133355216,73030,370,697,25906,
334.1824751667173,73029,371,697,25906,
334.183878500169,73029,371,696,25907,
334.1940111913772,73028,372,696,25907,
334.2030725612325,73027,373,696,25907,
334.2114007123912,73026,374,696,25907,
334.21765041873425,73025,375,696,25907,
334.2209574075976,73025,374,697,25907,
334.2214247035793,73025,373,698,25907,
334.2214570851494,73025,372,699,25907,
334.2220162525653,73024,373,699,25907,
334.22672368578446,73023,374,699,25907,
334.230531462656,73023,373,700,25907,
334.23063601363117,73023,372,701,25907,
334.23153786015047,73023,372,700,25908,
334.2368129292504,73022,373,700,25908,
334.23847262255714,73022,373,699,25909,
334.2409247180897,73022,372,700,25909,
334.258312735406,73022,371,701,25909,
334.26837816480287,73022,371,700,25910,
334.2894262756287,73022,370,701,25910,
334.2943476355518,73022,369,702,25910,
334.29613788396546,73022,368,703,25910,
334.2968009202126,73022,368,702,25911,
334.3060270361293,73022,368,701,25912,
334.315405756403,73022,368,700,25913,
334.3265835664051,73022,368,699,25914,
334.3374014302069,73022,368,698,25915,
334.34503462771823,73022,367,699,25915,
334.346258569415,73022,366,700,25915,
334.3630781221624,73021,367,700,25915,
334.3709778668575,73021,366,701,25915,
334.3735896981966,73021,365,702,25915,
334.3747839871866,73021,364,703,25915,
334.37805906881886,73020,365,703,25915,
334.3830708893256,73020,364,704,25915,
334.3835592756176,73019,365,704,25915,
334.3882842413496,73019,364,705,25915,
334.3934481735729,73019,364,704,25916,
334.3983412626557,73019,364,703,25917,
334.4006913009312,73019,363,704,25917,
334.40543567454415,73018,364,704,25917,
334.40885865648056,73017,365,704,25917,
334.4168574624298,73016,366,704,25917,
334.41856068524726,73016,366,703,25918,
334.4241988554621,73015,367,703,25918,
334.4245001102459,73015,367,702,25919,
334.43155198949756,73015,367,701,25920,
334.4338816845112,73015,366,702,25920,
334.44962467251906,73014,367,702,25920,
334.45046442541866,73014,366,703,25920,
334.45874419056946,73014,365,704,25920,
334.46128357267787,73014,365,703,25921,
334.47268184016247,73014,365,702,25922,
334.480026366914,73013,366,702,25922,
334.48421974477156,73012,367,702,25922,
334.4877960540871,73012,367,701,25923,
334.4899534867087,73012,366,702,25923,
334.4931930403443,73012,365,703,25923,
334.5043247171435,73012,365,702,25924,
334.5110203175653,73012,365,701,25925,
334.52331810497094,73012,364,702,25925,
334.5299127084408,73011,365,702,25925,
334.5319422982684,73011,365,701,25926,
334.5330971505638,73011,365,700,25927,
334.54668730150485,73011,365,699,25928,
334.54865518554226,73010,366,699,25928,
334.5528537432653,73010,365,700,25928,
334.553639904032,73009,366,700,25928,
334.55510692072147,73008,367,700,25928,
334.5642255728931,73008,367,699,25929,
334.58008290049946,73008,366,700,25929,
334.5813060790538,73008,366,699,25930,
334.5820434553238,73007,367,699,25930,
334.5824664023264,73006,368,699,25930,
334.58433282588146,73006,368,698,25931,
334.60385256682383,73006,368,697,25932,
334.60649012796455,73005,369,697,25932,
334.61003292916416,73004,370,697,25932,
334.61203482952357,73004,370,696,25933,
334.6122609474834,73004,370,695,25934,
334.6140067409147,73004,369,696,25934,
334.6178809942911,73003,370,696,25934,
334.61916633366286,73003,369,697,25934,
334.62021315850586,73003,368,698,25934,
334.6216264025888,73003,368,697,25935,
334.62288718824544,73003,368,696,25936,
334.63230222365456,73003,368,695,25937,
334.6347740813177,73003,367,696,25937,
334.63728674014607,73003,367,695,25938,
334.63935976022117,73003,366,696,25938,
334.64131775312234,73002,367,696,25938,
334.66982181931735,73002,367,695,25939,
334.67276736939556,73002,366,696,25939,
334.68022033080035,73002,366,695,25940,
334.6876115342349,73002,366,694,25941,
334.6893219651581,73002,366,693,25942,
334.69117832141575,73001,367,693,25942,
334.69235250859396,73001,366,694,25942,
334.69831421658284,73000,367,694,25942,
334.70226071444154,73000,367,693,25943,
334.70422520495134,72999,368,693,25943,
334.7111685509153,72999,368,692,25944,
334.71284870585237,72999,368,691,25945,
334.7132671601092,72998,369,691,25945,
334.7144372989258,72997,370,691,25945,
334.71845132188906,72997,369,692,25945,
334.71961174206547,72996,370,692,25945,
334.72125917342663,72995,371,692,25945,
334.7213517620872,72995,371,691,25946,
334.7258745364006,72995,370,692,25946,
334.72643153352857,72994,371,692,25946,
334.7355402646739,72993,372,692,25946,
334.73908777867393,72992,373,692,25946,
334.75491123302874,72992,372,693,25946,
334.7590065098164,72992,372,692,25947,
334.7709854817748,72992,371,693,25947,
334.77284322291524,72991,372,693,25947,
334.77309944501417,72990,373,693,25947,
334.77405607223756,72990,372,694,25947,
334.7758649892667,72990,371,695,25947,
334.77883700501457,72990,370,696,25947,
334.7852219711195,72989,371,696,25947,
334.7859527278922,72989,371,695,25948,
334.7886888886281,72989,371,694,25949,
334.7899902809365,72988,372,694,25949,
334.790652494654,72988,372,693,25950,
334.79186368813544,72988,371,694,25950,
334.7972320646719,72988,370,695,25950,
334.7992127147623,72988,370,694,25951,
334.80141327949866,72988,369,695,25951,
334.80193937960775,72988,368,696,25951,
334.8023596783106,72988,367,697,25951,
334.80388841716854,72988,367,696,25952,
334.80759504747874,72987,368,696,25952,
334.8144186462652,72987,367,697,25952,
334.8166606465046,72986,368,697,25952,
334.81730202942,72986,368,696,25953,
334.82017019065165,72986,368,695,25954,
334.82243439680275,72985,369,695,25954,
334.82664670230116,72985,368,696,25954,
334.8305890681413,72985,368,695,25955,
334.8323198339039,72985,368,694,25956,
334.83304153643513,72984,369,694,25956,
334.84489919828155,72984,369,693,25957,
334.8454446403755,72983,370,693,25957,
334.84559157869376,72983,369,694,25957,
334.84795534739584,72982,370,694,25957,
334.8493174196999,72982,370,693,25958,
334.86610408747543,72982,370,692,25959,
334.8730007618617,72982,370,691,25960,
334.87384196281675,72982,370,690,25961,
334.880161578953,72981,371,690,25961,
334.8895854311385,72981,370,691,25961,
334.8955242140492,72980,371,691,25961,
334.8970788985211,72980,371,690,25962,
334.89833786631266,72979,372,690,25962,
334.9105899140354,72979,371,691,25962,
334.9150817028897,72978,372,691,25962,
334.9179486097809,72978,371,692,25962,
334.9251476699796,72978,371,691,25963,
334.9283710786503,72978,370,692,25963,
334.93091960393826,72978,369,693,25963,
334.9386585732156,72978,369,692,25964,
334.94520803421244,72978,369,691,25965,
334.94677205892674,72978,369,690,25966,
334.95109899139055,72977,370,690,25966,
334.9606366651401,72977,369,691,25966,
334.96401290835166,72977,369,690,25967,
334.9641037852307,72977,368,691,25967,
334.9743160743492,72977,367,692,25967,
334.9822010387787,72977,366,693,25967,
334.9864935057458,72976,367,693,25967,
334.9889421027892,72976,366,694,25967,
334.99061380298457,72976,366,693,25968,
334.99619154698115,72975,367,693,25968,
335.0045568571362,72975,367,692,25969,
335.00541787963095,72974,368,692,25969,
335.006131489191,72973,369,692,25969,
335.00645454517354,72973,368,693,25969,
335.00903059278005,72973,367,694,25969,
335.01608836752905,72973,367,693,25970,
335.0228534616621,72972,368,693,25970,
335.0343277074169,72972,367,694,25970,
335.04036059799637,72972,366,695,25970,
335.0470348955356,72972,366,694,25971,
335.05149277939154,72971,367,694,25971,
335.0537592254741,72970,368,694,25971,
335.0622665981694,72970,368,693,25972,
335.06290697031767,72970,368,692,25973,
335.0641483450799,72970,367,693,25973,
335.0682968600293,72970,367,692,25974,
335.0689315746302,72969,368,692,25974,
335.08347118091405,72969,368,691,25975,
335.0869311398702,72968,369,691,25975,
335.09384728540147,72968,368,692,25975,
335.09551160529213,72967,369,692,25975,
335.0978609010448,72966,370,692,25975,
335.10159473924705,72966,370,691,25976,
335.103480026503,72966,370,690,25977,
335.10615150125636,72966,370,689,25978,
335.1063244562553,72966,370,688,25979,
335.1066969170732,72965,371,688,25979,
335.1156627756391,72964,372,688,25979,
335.11868591113017,72964,372,687,25980,
335.12088822712354,72964,371,688,25980,
335.12548159161025,72964,371,687,25981,
335.12609608503436,72963,372,687,25981,
335.12737143831794,72963,372,686,25982,
335.12854179166794,72963,371,687,25982,
335.133260828631,72963,371,686,25983,
335.13389523340874,72963,370,687,25983,
335.1374073982495,72963,370,686,25984,
335.1383987025744,72963,370,685,25985,
335.1401844419416,72963,370,684,25986,
335.14131100592095,72963,369,685,25986,
335.14234524850474,72963,368,686,25986,
335.14983662676883,72963,367,687,25986,
335.15539036028423,72962,368,687,25986,
335.1560256835582,72962,368,686,25987,
335.1563478324505,72961,369,686,25987,
335.16824659458706,72961,368,687,25987,
335.1715425112472,72960,369,687,25987,
335.17514868795314,72959,370,687,25987,
335.17755886793725,72959,369,688,25987,
335.1814311108953,72959,368,689,25987,
335.18330519391907,72958,369,689,25987,
335.1987190820828,72957,370,689,25987,
335.2002115535007,72957,370,688,25988,
335.2015681323317,72956,371,688,25988,
335.2072213928703,72956,370,689,25988,
335.20939731159024,72956,370,688,25989,
335.21028856853667,72955,371,688,25989,
335.217173581687,72954,372,688,25989,
335.23014943075606,72954,371,689,25989,
335.23750145857315,72953,372,689,25989,
335.2450330106508,72952,373,689,25989,
335.2453180857463,72952,373,688,25990,
335.24968042051705,72952,372,689,25990,
335.25063202116564,72952,372,688,25991,
335.25746992442765,72952,371,689,25991,
335.26306675735634,72952,370,690,25991,
335.2647938627438,72952,370,689,25992,
335.26732805010107,72952,370,688,25993,
335.2751550604528,72952,369,689,25993,
335.2774578684933,72952,368,690,25993,
335.27874686618816,72952,367,691,25993,
335.28157139554634,72952,366,692,25993,
335.2892131915432,72951,367,692,25993,
335.2895243055101,72951,367,691,25994,
335.2921191211704,72950,368,691,25994,
335.29293808565586,72949,369,691,25994,
335.3031425038741,72949,368,692,25994,
335.3051697321305,72949,368,691,25995,
335.3097279225169,72949,368,690,25996,
335.31651420990625,72949,367,691,25996,
335.32384125088856,72949,367,690,25997,
335.3255153859551,72949,366,691,25997,
335.3381587492326,72949,366,690,25998,
335.3444578314909,72949,366,689,25999,
335.3545358237609,72949,366,688,26000,
335.35525460053987,72948,367,688,26000,
335.3574580635653,72948,366,689,26000,
335.35840047714464,72947,367,689,26000,
335.358673485467,72947,366,690,26000,
335.37347651795113,72947,365,691,26000,
335.3791855768403,72947,365,690,26001,
335.3800239242502,72947,364,691,26001,
335.39535458418544,72947,363,692,26001,
335.3960459918069,72946,364,692,26001,
335.40302353481644,72946,363,693,26001,
335.4074538503585,72946,363,692,26002,
335.4079111849342,72945,364,692,26002,
335.40858260148383,72944,365,692,26002,
335.4130220287218,72944,364,693,26002,
335.4133988485857,72944,364,692,26003,
335.4151966243369,72944,364,691,26004,
335.41890627347755,72944,364,690,26005,
335.42013448701664,72943,365,690,26005,
335.43170768609264,72943,365,689,26006,
335.4481165597111,72942,366,689,26006,
335.4543950129636,72942,366,688,26007,
335.4583990544799,72941,367,688,26007,
335.45952124356876,72941,367,687,26008,
335.4690513232935,72941,366,688,26008,
335.4704602657745,72941,365,689,26008,
335.47414964509665,72941,364,690,26008,
335.474480740631,72941,363,691,26008,
335.4793079676733,72940,364,691,26008,
335.4955009639774,72939,365,691,26008,
335.4962223214599,72939,364,692,26008,
335.50198268547786,72939,364,691,26009,
335.5019961115174,72938,365,691,26009,
335.50273257568654,72938,364,692,26009,
335.5074662942401,72938,363,693,26009,
335.508399591805,72938,362,694,26009,
335.5229224150873,72937,363,694,26009,
335.5258546599821,72937,363,693,26010,
335.5386918466725,72937,363,692,26011,
335.54417496014815,72937,363,691,26012,
335.5445433545868,72937,362,692,26012,
335.5494075174607,72937,362,691,26013,
335.54966949434225,72937,361,692,26013,
335.55087821315,72936,362,692,26013,
335.55103031643,72936,362,691,26014,
335.5531010880806,72936,362,690,26015,
335.5551207034089,72936,361,691,26015,
335.5650284126913,72936,361,690,26016,
335.5712535734002,72936,360,691,26016,
335.57245868661994,72936,359,692,26016,
335.57474153460566,72936,358,693,26016,
335.5788680762432,72936,357,694,26016,
335.5793327060006,72936,357,693,26017,
335.58003226091404,72936,357,692,26018,
335.5874441039973,72935,358,692,26018,
335.58745186749286,72934,359,692,26018,
335.6026317228374,72934,359,691,26019,
335.60531423826694,72934,358,692,26019,
335.6083138661419,72934,358,691,26020,
335.61209270504276,72933,359,691,26020,
335.61686765596545,72933,359,690,26021,
335.6394527458654,72932,360,690,26021,
335.64155281924616,72931,361,690,26021,
335.64547548879887,72931,360,691,26021,
335.65367755063374,72931,360,690,26022,
335.6573375511311,72930,361,690,26022,
335.66927393269617,72930,361,689,26023,
335.67202985485966,72930,361,688,26024,
335.67226068458166,72929,362,688,26024,
335.68642154432865,72928,363,688,26024,
335.68986713434566,72927,364,688,26024,
335.693124888185,72926,365,688,26024,
335.69356397125614,72926,364,689,26024,
335.6971308957007,72925,365,689,26024,
335.70002005123763,72925,364,690,26024,
335.70023763094747,72924,365,690,26024,
335.70838552422845,72924,364,691,26024,
335.7089766713676,72923,365,691,26024,
335.7148547916076,72923,364,692,26024,
335.7164543372908,72923,364,691,26025,
335.72827988237395,72922,365,691,26025,
335.7387112622156,72922,365,690,26026,
335.73956664318945,72922,365,689,26027,
335.74103172910725,72921,366,689,26027,
335.7662813039152,72921,366,688,26028,
335.77428827311826,72920,367,688,26028,
335.7765220975137,72920,366,689,26028,
335.7792173688782,72920,365,690,26028,
335.7841953264859,72920,365,689,26029,
335.7855479418188,72920,364,690,26029,
335.78875868943845,72920,364,689,26030,
335.7953948410658,72920,363,690,26030,
335.79839398174323,72920,362,691,26030,
335.8005871883465,72920,361,692,26030,
335.80488207688643,72919,362,692,26030,
335.80853474283794,72919,362,691,26031,
335.8102680402978,72919,361,692,26031,
335.818714345183,72919,361,691,26032,
335.81960805342663,72919,360,692,26032,
335.82363550046404,72919,359,693,26032,
335.82540985257396,72918,360,693,26032,
335.82776382547746,72917,361,693,26032,
335.8325079754566,72917,360,694,26032,
335.8327923019568,72917,360,693,26033,
335.83660167100265,72916,361,693,26033,
335.8418439830899,72915,362,693,26033,
335.8433597623483,72915,362,692,26034,
335.8438099124039,72915,362,691,26035,
335.84666681620047,72915,362,690,26036,
335.8570106169852,72915,362,689,26037,
335.859083852899,72915,361,690,26037,
335.86785310482736,72915,361,689,26038,
335.8833533609651,72915,361,688,26039,
335.88706993323143,72915,360,689,26039,
335.88777398691076,72914,361,689,26039,
335.8877749779742,72914,361,688,26040,
335.8882279587846,72913,362,688,26040,
335.88877158914534,72912,363,688,26040,
335.88903359000835,72912,363,687,26041,
335.8975680230362,72912,363,686,26042,
335.90597546951193,72912,362,687,26042,
335.9078281108036,72912,362,686,26043,
335.90951713671296,72912,361,687,26043,
335.92808606451814,72911,362,687,26043,
335.92962323578735,72910,363,687,26043,
335.94110146111535,72909,364,687,26043,
335.94238223663984,72909,363,688,26043,
335.95189615494945,72909,362,689,26043,
335.95737071228905,72909,362,688,26044,
335.9581832639419,72909,361,689,26044,
335.96207998810854,72909,360,690,26044,
335.9655237761123,72908,361,690,26044,
335.9778607563016,72908,360,691,26044,
335.97935410813784,72908,360,690,26045,
335.9828453326209,72907,361,690,26045,
335.9836295871208,72906,362,690,26045,
335.986428751736,72906,361,691,26045,
335.9878491778798,72906,360,692,26045,
335.98800712534893,72906,359,693,26045,
335.9901420503908,72906,359,692,26046,
335.99203461870894,72905,360,692,26046,
335.99354541886726,72905,359,693,26046,
336.000309098078,72905,358,694,26046,
336.001460298364,72905,358,693,26047,
336.0036615816654,72904,359,693,26047,
336.00383768024636,72904,358,694,26047,
336.01038424484204,72904,358,693,26048,
336.016468747074,72904,357,694,26048,
336.0184075181915,72904,356,695,26048,
336.02484573617505,72904,355,696,26048,
336.0316439374374,72904,355,695,26049,
336.0324786185968,72904,354,696,26049,
336.033253914311,72904,354,695,26050,
336.0404594695273,72903,355,695,26050,
336.0454594966524,72903,355,694,26051,
336.05233608855343,72902,356,694,26051,
336.05474689120217,72902,356,693,26052,
336.0717909351514,72902,355,694,26052,
336.0723316240723,72902,355,693,26053,
336.0862917013662,72902,355,692,26054,
336.0877869422296,72902,355,691,26055,
336.09030070322325,72902,354,692,26055,
336.09195567347757,72901,355,692,26055,
336.09222175500366,72900,356,692,26055,
336.0958895113509,72899,357,692,26055,
336.1021214967606,72899,357,691,26056,
336.10423272273835,72899,357,690,26057,
336.10442617139216,72899,357,689,26058,
336.10524688731016,72899,356,690,26058,
336.10677348068526,72899,356,689,26059,
336.1097323282805,72899,356,688,26060,
336.11832871888004,72898,357,688,26060,
336.1187581906224,72898,356,689,26060,
336.12206577440327,72898,355,690,26060,
336.1482766434034,72898,355,689,26061,
336.15162370382706,72897,356,689,26061,
336.15240748207145,72897,355,690,26061,
336.1559097519971,72896,356,690,26061,
336.15806672969956,72896,356,689,26062,
336.1684806519126,72896,355,690,26062,
336.1709746656831,72896,354,691,26062,
336.17186053095185,72895,355,691,26062,
336.177803306171,72894,356,691,26062,
336.1847274859168,72894,355,692,26062,
336.18880552467834,72894,355,691,26063,
336.18921382235317,72894,354,692,26063,
336.2081887614461,72894,354,691,26064,
336.2091428181942,72894,353,692,26064,
336.21299592846543,72894,352,693,26064,
336.2203842448055,72894,351,694,26064,
336.2228597765808,72894,350,695,26064,
336.2236221588648,72893,351,695,26064,
336.22638665874007,72893,351,694,26065,
336.23419541621155,72893,350,695,26065,
336.2374729842546,72892,351,695,26065,
336.23770927140487,72892,350,696,26065,
336.24089679704895,72892,349,697,26065,
336.2415379011083,72892,348,698,26065,
336.24505890867823,72892,348,697,26066,
336.24574462632904,72891,349,697,26066,
336.2457803604902,72890,350,697,26066,
336.2701215726438,72890,349,698,26066,
336.2713084236848,72890,348,699,26066,
336.2721022512398,72890,348,698,26067,
336.2757644293475,72890,348,697,26068,
336.2794427411474,72889,349,697,26068,
336.290694046279,72889,349,696,26069,
336.2957346406234,72889,348,697,26069,
336.3006613626415,72889,347,698,26069,
336.31135037108163,72888,348,698,26069,
336.31920905663753,72888,347,699,26069,
336.3231849144625,72888,346,700,26069,
336.3237909095092,72887,347,700,26069,
336.3278274329028,72886,348,700,26069,
336.3325228841025,72886,347,701,26069,
336.33862473921755,72886,346,702,26069,
336.3392213599775,72886,346,701,26070,
336.3410495406421,72886,345,702,26070,
336.3453800019389,72885,346,702,26070,
336.34653637732697,72885,346,701,26071,
336.35471430929437,72884,347,701,26071,
336.3548000282365,72884,346,702,26071,
336.35846436466136,72883,347,702,26071,
336.3668770638232,72883,347,701,26072,
336.3690551489181,72883,347,700,26073,
336.3787556979639,72882,348,700,26073,
336.39533912408626,72882,348,699,26074,
336.4085270976742,72882,348,698,26075,
336.4138953409296,72882,347,699,26075,
336.4171203055397,72881,348,699,26075,
336.42208382149875,72881,348,698,26076,
336.4244493318271,72881,348,697,26077,
336.4253938858967,72881,347,698,26077,
336.4276957754512,72881,346,699,26077,
336.43624186617353,72881,345,700,26077,
336.43964256160314,72881,344,701,26077,
336.4598759853571,72881,343,702,26077,
336.4615036930004,72881,342,703,26077,
336.46220936042715,72880,343,703,26077,
336.46442781148363,72879,344,703,26077,
336.47104933727456,72879,344,702,26078,
336.47214858904624,72878,345,702,26078,
336.4732095850683,72878,344,703,26078,
336.4770471874907,72878,344,702,26079,
336.47893704136766,72878,344,701,26080,
336.4919083457064,72878,343,702,26080,
336.49246816585304,72878,342,703,26080,
336.499930968074,72878,341,704,26080,
336.5011816657642,72877,342,704,26080,
336.50726312763754,72877,341,705,26080,
336.5474341766997,72876,342,705,26080,
336.5626798489538,72876,341,706,26080,
336.56598549800754,72876,341,705,26081,
336.57441543304185,72876,341,704,26082,
336.57589344947706,72875,342,704,26082,
336.58179353325676,72875,342,703,26083,
336.5863561932257,72875,342,702,26084,
336.5864113179264,72875,342,701,26085,
336.5879188823696,72874,343,701,26085,
336.59060705838107,72873,344,701,26085,
336.5907386386432,72873,344,700,26086,
336.59160054968464,72873,343,701,26086,
336.5973580630327,72873,342,702,26086,
336.6031545233418,72872,343,702,26086,
336.60747390218233,72871,344,702,26086,
336.6098512997472,72871,343,703,26086,
336.6117313359277,72870,344,703,26086,
336.61317635866607,72870,344,702,26087,
336.6183699668845,72869,345,702,26087,
336.61942688436653,72868,346,702,26087,
336.6235755331318,72868,346,701,26088,
336.6277147268831,72867,347,701,26088,
336.6278081998052,72867,346,702,26088,
336.6282488386007,72867,346,701,26089,
336.63109864505134,72867,345,702,26089,
336.6358190832929,72867,345,701,26090,
336.641017317698,72867,345,700,26091,
336.6466630163456,72867,345,699,26092,
336.6506901763541,72867,344,700,26092,
336.6566825414112,72867,344,699,26093,
336.6584503072014,72867,343,700,26093,
336.6619640084727,72867,343,699,26094,
336.66556764875804,72867,343,698,26095,
336.6702993600028,72866,344,698,26095,
336.67682993398205,72865,345,698,26095,
336.67690969063074,72864,346,698,26095,
336.6790883114496,72864,346,697,26096,
336.6887887284245,72864,346,696,26097,
336.6985423765052,72863,347,696,26097,
336.7016279764442,72863,347,695,26098,
336.7111587722707,72862,348,695,26098,
336.71266470355977,72861,349,695,26098,
336.7146653770231,72861,348,696,26098,
336.7188541825256,72861,347,697,26098,
336.7273621533473,72861,346,698,26098,
336.7290849568067,72861,346,697,26099,
336.7380008307234,72861,345,698,26099,
336.74043181332246,72861,344,699,26099,
336.7484996926318,72860,345,699,26099,
336.748641616704,72860,345,698,26100,
336.74966475060774,72859,346,698,26100,
336.75137752158804,72859,345,699,26100,
336.75569198330413,72859,345,698,26101,
336.75890722278035,72859,344,699,26101,
336.7617753878547,72859,343,700,26101,
336.7656522195184,72858,344,700,26101,
336.7689054894007,72857,345,700,26101,
336.7793139157777,72856,346,700,26101,
336.7811336200998,72856,345,701,26101,
336.80606542986493,72856,344,702,26101,
336.80627625918765,72856,343,703,26101,
336.8100756403241,72855,344,703,26101,
336.81774519893406,72855,344,702,26102,
336.8177751200562,72855,343,703,26102,
336.8226504077461,72855,343,702,26103,
336.8239434336016,72855,342,703,26103,
336.82482582467645,72855,342,702,26104,
336.8371098320804,72855,342,701,26105,
336.8374530454749,72855,342,700,26106,
336.83809749030667,72855,342,699,26107,
336.8442997362,72855,342,698,26108,
336.84678509965715,72854,343,698,26108,
336.8496873895129,72853,344,698,26108,
336.8500264650225,72852,345,698,26108,
336.85244197489595,72852,345,697,26109,
336.85408726037144,72851,346,697,26109,
336.8554930571206,72851,345,698,26109,
336.85550125581955,72851,345,697,26110,
336.8587858387926,72851,344,698,26110,
336.8639871502846,72850,345,698,26110,
336.87716117917455,72850,345,697,26111,
336.88323838855183,72850,344,698,26111,
336.8848040011208,72849,345,698,26111,
336.887622719407,72848,346,698,26111,
336.89725019469245,72847,347,698,26111,
336.9039878756178,72847,347,697,26112,
336.90513545339894,72847,347,696,26113,
336.92066267941,72846,348,696,26113,
336.92878735671997,72845,349,696,26113,
336.9404468004427,72845,348,697,26113,
336.94182690697613,72845,348,696,26114,
336.9538803103048,72844,349,696,26114,
336.9609642503105,72843,350,696,26114,
336.96282653956115,72843,350,695,26115,
336.9650629523529,72842,351,695,26115,
336.96570786486603,72842,350,696,26115,
336.97954912755665,72841,351,696,26115,
336.98261569744295,72841,351,695,26116,
336.98279781920564,72840,352,695,26116,
336.98828057492074,72840,351,696,26116,
336.9920205972488,72839,352,696,26116,
336.9976256744543,72839,352,695,26117,
337.00820525090893,72839,351,696,26117,
337.0170432503029,72838,352,696,26117,
337.01723469203694,72838,352,695,26118,
337.0180822986066,72838,352,694,26119,
337.02176191578025,72838,352,693,26120,
337.0230315989361,72837,353,693,26120,
337.0278374314007,72836,354,693,26120,
337.03193876289544,72835,355,693,26120,
337.032622763809,72835,355,692,26121,
337.0332791485688,72835,355,691,26122,
337.0341959866543,72835,355,690,26123,
337.0347511262013,72834,356,690,26123,
337.0445626065748,72833,357,690,26123,
337.04878058688377,72833,357,689,26124,
337.0524499910528,72833,357,688,26125,
337.0527670272086,72832,358,688,26125,
337.05685022132474,72831,359,688,26125,
337.05808316125723,72830,360,688,26125,
337.0642344594938,72829,361,688,26125,
337.072387193337,72829,360,689,26125,
337.0753066892368,72829,359,690,26125,
337.07639218671056,72829,358,691,26125,
337.07730598016764,72829,357,692,26125,
337.078531279445,72828,358,692,26125,
337.08706080835515,72827,359,692,26125,
337.10472258604625,72827,359,691,26126,
337.1110945812585,72827,359,690,26127,
337.11496181324236,72827,358,691,26127,
337.1172781812399,72827,357,692,26127,
337.12002911700506,72826,358,692,26127,
337.1219541869826,72826,358,691,26128,
337.1264199203581,72825,359,691,26128,
337.1268904397717,72824,360,691,26128,
337.12700796969466,72824,360,690,26129,
337.1346149600567,72824,360,689,26130,
337.15686714991176,72824,360,688,26131,
337.167329491526,72824,360,687,26132,
337.17119601337583,72824,360,686,26133,
337.1713674296693,72824,359,687,26133,
337.17176101996404,72824,359,686,26134,
337.1810750154287,72824,359,685,26135,
337.18185680432475,72824,358,686,26135,
337.18351550647327,72824,357,687,26135,
337.1956660023683,72824,357,686,26136,
337.1964974785711,72824,356,687,26136,
337.19669088977327,72824,355,688,26136,
337.1982901706335,72824,355,687,26137,
337.2001392044854,72824,354,688,26137,
337.2060166081647,72824,353,689,26137,
337.2140196300876,72823,354,689,26137,
337.22521988438734,72823,353,690,26137,
337.23321170127196,72822,354,690,26137,
337.2372218195278,72822,354,689,26138,
337.24003648046744,72822,354,688,26139,
337.24702183593394,72821,355,688,26139,
337.2540637557561,72820,356,688,26139,
337.255355526333,72819,357,688,26139,
337.25829295566064,72819,357,687,26140,
337.25878231076484,72819,357,686,26141,
337.26330523169617,72819,357,685,26142,
337.284726639144,72819,356,686,26142,
337.28560637465984,72819,355,687,26142,
337.2898543417342,72819,354,688,26142,
337.2904623992056,72818,355,688,26142,
337.29788790614873,72818,354,689,26142,
337.29947556195776,72818,353,690,26142,
337.3067880874511,72818,352,691,26142,
337.31613790772565,72818,352,690,26143,
337.32022132169817,72818,351,691,26143,
337.3258931006355,72817,352,691,26143,
337.3290640785955,72817,351,692,26143,
337.3376537722047,72817,350,693,26143,
337.353123055375,72817,349,694,26143,
337.35693544224097,72816,350,694,26143,
337.3597001087608,72816,350,693,26144,
337.36261744518833,72816,350,692,26145,
337.36833899637656,72816,349,693,26145,
337.36877629114355,72816,348,694,26145,
337.37230666917304,72816,348,693,26146,
337.37781960484017,72815,349,693,26146,
337.378645994261,72815,349,692,26147,
337.3786730853475,72815,349,691,26148,
337.3789467819581,72815,348,692,26148,
337.38024695317586,72815,348,691,26149,
337.38229886661884,72814,349,691,26149,
337.38671573127084,72814,349,690,26150,
337.3919301589333,72813,350,690,26150,
337.39438853404323,72812,351,690,26150,
337.39566954655896,72811,352,690,26150,
337.3967313140173,72810,353,690,26150,
337.4038935818679,72809,354,690,26150,
337.4099376252088,72809,354,689,26151,
337.4116837007046,72809,354,688,26152,
337.41441232265,72809,354,687,26153,
337.4156101522256,72809,353,688,26153,
337.41821272998413,72809,353,687,26154,
337.4224834140444,72808,354,687,26154,
337.4231701866873,72807,355,687,26154,
337.42381005037544,72807,354,688,26154,
337.42522721304414,72807,354,687,26155,
337.4303016323437,72806,355,687,26155,
337.4315946860269,72806,355,686,26156,
337.4325909850044,72806,355,685,26157,
337.4369589802663,72805,356,685,26157,
337.4390073125658,72805,356,684,26158,
337.4407854614804,72804,357,684,26158,
337.4412109897583,72804,357,683,26159,
337.4432604432427,72803,358,683,26159,
337.44434125414097,72803,357,684,26159,
337.44558856818117,72803,357,683,26160,
337.449627188233,72802,358,683,26160,
337.4553406016388,72801,359,683,26160,
337.45763372560197,72800,360,683,26160,
337.4600895033087,72800,359,684,26160,
337.46014901421074,72800,359,683,26161,
337.4614769456841,72800,359,682,26162,
337.4646178034495,72800,359,681,26163,
337.46973073791935,72799,360,681,26163,
337.47746914550885,72798,361,681,26163,
337.4803038393979,72798,361,680,26164,
337.48214566734947,72798,361,679,26165,
337.489247526418,72798,360,680,26165,
337.4920102395137,72798,360,679,26166,
337.49586426266956,72798,359,680,26166,
337.49610225666544,72798,359,679,26167,
337.50532792814215,72797,360,679,26167,
337.5066521531657,72797,360,678,26168,
337.51159097563686,72797,359,679,26168,
337.5139497728639,72797,359,678,26169,
337.524441626618,72797,358,679,26169,
337.52772607017255,72796,359,679,26169,
337.53417047269517,72795,360,679,26169,
337.54773665867225,72795,360,678,26170,
337.55731403392514,72795,359,679,26170,
337.55969699798294,72795,359,678,26171,
337.57062002250257,72794,360,678,26171,
337.57736419920633,72793,361,678,26171,
337.5934769906706,72793,361,677,26172,
337.5967814599052,72792,362,677,26172,
337.5983608568821,72791,363,677,26172,
337.60338251241126,72791,362,678,26172,
337.6052450280815,72790,363,678,26172,
337.61116102161355,72790,363,677,26173,
337.6123421356997,72790,362,678,26173,
337.6281588080044,72789,363,678,26173,
337.6291928944498,72789,362,679,26173,
337.63397853658194,72789,362,678,26174,
337.6464974827024,72789,362,677,26175,
337.64669253422994,72788,363,677,26175,
337.6512792740485,72788,362,678,26175,
337.65141656033364,72788,361,679,26175,
337.6518197696615,72787,362,679,26175,
337.657197590327,72787,361,680,26175,
337.6623909031947,72787,360,681,26175,
337.66241538220316,72786,361,681,26175,
337.66326435010114,72785,362,681,26175,
337.66546907014714,72785,362,680,26176,
337.67370886224444,72785,362,679,26177,
337.6748975100191,72784,363,679,26177,
337.6768929131141,72784,363,678,26178,
337.67964261583575,72784,363,677,26179,
337.6878105224773,72784,363,676,26180,
337.6891542130048,72784,363,675,26181,
337.69209863283885,72784,362,676,26181,
337.69216549493586,72784,362,675,26182,
337.69441412563907,72783,363,675,26182,
337.69763406403865,72783,363,674,26183,
337.7053389961292,72783,362,675,26183,
337.7213392359514,72783,362,674,26184,
337.7271750588761,72782,363,674,26184,
337.7300583332882,72781,364,674,26184,
337.73119043787193,72781,364,673,26185,
337.73225348333386,72781,363,674,26185,
337.73719516821257,72781,362,675,26185,
337.7433366300526,72780,363,675,26185,
337.7436500820108,72780,363,674,26186,
337.7475274167168,72780,363,673,26187,
337.7494349522032,72780,363,672,26188,
337.7504615392282,72780,362,673,26188,
337.7506838884322,72779,363,673,26188,
337.75536673870494,72779,363,672,26189,
337.75571394427885,72779,363,671,26190,
337.7561232643278,72779,362,672,26190,
337.7567930949475,72779,362,671,26191,
337.7632144293103,72779,362,670,26192,
337.7657458864375,72779,361,671,26192,
337.7680227232751,72779,360,672,26192,
337.77405080661515,72778,361,672,26192,
337.77609407089886,72777,362,672,26192,
337.7779783630708,72777,361,673,26192,
337.7842953524423,72777,361,672,26193,
337.7868390554662,72776,362,672,26193,
337.79827660654246,72776,361,673,26193,
337.80605148872274,72775,362,673,26193,
337.81513438398093,72775,361,674,26193,
337.8208583790114,72775,361,673,26194,
337.82563308543826,72775,361,672,26195,
337.8276826799732,72775,361,671,26196,
337.8365609492865,72775,361,670,26197,
337.83859912638957,72774,362,670,26197,
337.8466826637939,72774,361,671,26197,
337.84724377193766,72773,362,671,26197,
337.8536402628574,72773,361,672,26197,
337.85900706600415,72772,362,672,26197,
337.8629458446687,72771,363,672,26197,
337.86413277549616,72771,363,671,26198,
337.86611185113753,72770,364,671,26198,
337.86904640212697,72769,365,671,26198,
337.8752110962197,72769,365,670,26199,
337.8821043397611,72769,364,671,26199,
337.8899238776535,72769,364,670,26200,
337.89112628181056,72768,365,670,26200,
337.89680851061746,72767,366,670,26200,
337.9104642717554,72767,366,669,26201,
337.9126054493415,72767,366,668,26202,
337.92280511459387,72767,365,669,26202,
337.9243333182384,72767,365,668,26203,
337.9252069610548,72766,366,668,26203,
337.93036459162164,72766,366,667,26204,
337.93320756464095,72765,367,667,26204,
337.93398975285794,72765,366,668,26204,
337.93773060299833,72765,365,669,26204,
337.9388293175615,72765,365,668,26205,
337.9423385316275,72765,364,669,26205,
337.9433195643883,72765,364,668,26206,
337.95466290571227,72765,363,669,26206,
337.961797231857,72765,363,668,26207,
337.96325475293213,72765,362,669,26207,
337.9692013369356,72765,362,668,26208,
337.9695094746371,72765,362,667,26209,
337.9705845598284,72765,362,666,26210,
337.9711768742084,72765,361,667,26210,
337.9774689262257,72765,360,668,26210,
337.9824626266381,72764,361,668,26210,
337.9853422979164,72764,361,667,26211,
337.9919658039911,72764,360,668,26211,
337.9954684883019,72763,361,668,26211,
338.00044898440154,72762,362,668,26211,
338.0044507005576,72762,361,669,26211,
338.0120249742021,72762,360,670,26211,
338.01366546850903,72762,360,669,26212,
338.0179551315759,72761,361,669,26212,
338.0179644791405,72761,361,668,26213,
338.0192232704902,72760,362,668,26213,
338.0322918033381,72760,362,667,26214,
338.0353916332167,72760,362,666,26215,
338.03678302371526,72759,363,666,26215,
338.03765364220254,72758,364,666,26215,
338.0497878755788,72758,363,667,26215,
338.05464052655793,72758,362,668,26215,
338.0577692083106,72757,363,668,26215,
338.05999871389884,72757,363,667,26216,
338.065423367305,72757,362,668,26216,
338.0918942508479,72757,361,669,26216,
338.0939177567902,72757,361,668,26217,
338.0942475653323,72756,362,668,26217,
338.0992294086113,72756,362,667,26218,
338.10455410826967,72756,362,666,26219,
338.11689996042895,72756,362,665,26220,
338.1229607818838,72756,362,664,26221,
338.12620186110894,72755,363,664,26221,
338.1294531851856,72755,363,663,26222,
338.12958266496804,72755,363,662,26223,
338.1345644107836,72755,362,663,26223,
338.1369044158816,72754,363,663,26223,
338.1382020821454,72754,363,662,26224,
338.1448789407122,72754,362,663,26224,
338.1482901053847,72754,362,662,26225,
338.1499164388435,72754,361,663,26225,
338.1532804914499,72754,361,662,26226,
338.15872623146817,72753,362,662,26226,
338.1601558485076,72753,362,661,26227,
338.164737406471,72752,363,661,26227,
338.1666736678469,72752,362,662,26227,
338.16684062310765,72752,361,663,26227,
338.17199516235917,72751,362,663,26227,
338.17537541326004,72751,361,664,26227,
338.186989765336,72751,360,665,26227,
338.18701543597643,72750,361,665,26227,
338.18883757071194,72749,362,665,26227,
338.1896104495449,72748,363,665,26227,
338.19308503230076,72748,363,664,26228,
338.19695188158994,72748,363,663,26229,
338.19900189428745,72748,362,664,26229,
338.2085006549655,72748,362,663,26230,
338.21592455734026,72748,362,662,26231,
338.21700891064324,72747,363,662,26231,
338.2182189857005,72747,363,661,26232,
338.2220644098177,72746,364,661,26232,
338.2223295194609,72746,364,660,26233,
338.22850090403034,72746,364,659,26234,
338.2301329723011,72746,364,658,26235,
338.2306529080013,72746,363,659,26235,
338.23156652864736,72745,364,659,26235,
338.24360126207114,72745,363,660,26235,
338.24376470469747,72745,362,661,26235,
338.2455330517705,72745,361,662,26235,
338.2481488550395,72744,362,662,26235,
338.2624777930589,72744,361,663,26235,
338.2692657689393,72743,362,663,26235,
338.2759697869337,72743,361,664,26235,
338.2799602865501,72742,362,664,26235,
338.2909213085172,72742,361,665,26235,
338.29690104142236,72742,361,664,26236,
338.3086587312229,72742,361,663,26237,
338.3099007368487,72742,361,662,26238,
338.32264161772775,72741,362,662,26238,
338.32596731408046,72741,362,661,26239,
338.3287430501639,72741,362,660,26240,
338.33139980359056,72740,363,660,26240,
338.3323754111117,72740,363,659,26241,
338.3325948919903,72740,363,658,26242,
338.33324617241476,72740,363,657,26243,
338.33425405311755,72740,362,658,26243,
338.33573557491724,72740,361,659,26243,
338.3382883727646,72740,361,658,26244,
338.3430360233632,72739,362,658,26244,
338.3467794383327,72739,362,657,26245,
338.3722602250137,72739,362,656,26246,
338.375170466541,72739,362,655,26247,
338.39473491526894,72739,362,654,26248,
338.3947392280037,72739,361,655,26248,
338.39493019083324,72739,360,656,26248,
338.4020521999949,72739,360,655,26249,
338.40435044875807,72739,360,654,26250,
338.40497604362145,72739,359,655,26250,
338.40966826224104,72739,359,654,26251,
338.4107492402529,72739,359,653,26252,
338.4278916601052,72739,358,654,26252,
338.43113022351577,72738,359,654,26252,
338.43163291067555,72738,358,655,26252,
338.433780464347,72737,359,655,26252,
338.44009369688865,72737,358,656,26252,
338.4408436172403,72736,359,656,26252,
338.4496696963726,72736,358,657,26252,
338.4503485261357,72735,359,657,26252,
338.4606658936251,72735,359,656,26253,
338.4607903364956,72734,360,656,26253,
338.4678889706769,72733,361,656,26253,
338.4718871674512,72733,360,657,26253,
338.47394396523384,72733,359,658,26253,
338.4741146640517,72732,360,658,26253,
338.47619172594665,72731,361,658,26253,
338.47821953431895,72731,361,657,26254,
338.48430032374245,72730,362,657,26254,
338.4853385334849,72729,363,657,26254,
338.49464770698904,72729,362,658,26254,
338.49721100504314,72728,363,658,26254,
338.5007446384574,72728,362,659,26254,
338.51001365371945,72728,362,658,26255,
338.5137383927455,72728,362,657,26256,
338.51650342303185,72728,361,658,26256,
338.5191565570845,72728,360,659,26256,
338.52442668338176,72728,360,658,26257,
338.52497044973865,72728,360,657,26258,
338.52784211510055,72728,359,658,26258,
338.52929265601,72727,360,658,26258,
338.52963372084355,72727,360,657,26259,
338.52987299232745,72727,359,658,26259,
338.53900522045336,72727,359,657,26260,
338.53994549435663,72727,359,656,26261,
338.5427476349621,72726,360,656,26261,
338.5490264916162,72726,359,657,26261,
338.55733324342333,72726,358,658,26261,
338.5597303319838,72725,359,658,26261,
338.5639968840743,72725,359,657,26262,
338.5649911562481,72724,360,657,26262,
338.56593133336384,72723,361,657,26262,
338.5697288860194,72722,362,657,26262,
338.58179867934825,72721,363,657,26262,
338.59187735421716,72721,363,656,26263,
338.60901049405027,72721,363,655,26264,
338.61464614430605,72720,364,655,26264,
338.6149035241498,72720,364,654,26265,
338.6293434211708,72720,363,655,26265,
338.6306106018476,72720,363,654,26266,
338.6309185124213,72720,363,653,26267,
338.63156499338766,72719,364,653,26267,
338.6520085495483,72719,364,652,26268,
338.65688763702553,72718,365,652,26268,
338.65736977645645,72718,365,651,26269,
338.6670118922057,72718,365,650,26270,
338.6692971648356,72718,364,651,26270,
338.6694143227692,72718,363,652,26270,
338.6698028847809,72718,362,653,26270,
338.6730638026257,72718,362,652,26271,
338.67456213396895,72718,362,651,26272,
338.6809424293728,72718,362,650,26273,
338.6814684263401,72718,362,649,26274,
338.68323557218264,72717,363,649,26274,
338.6834259039488,72717,362,650,26274,
338.685864221937,72717,361,651,26274,
338.6921134853543,72717,361,650,26275,
338.69472495568294,72716,362,650,26275,
338.69626005045706,72716,362,649,26276,
338.69938804221783,72716,361,650,26276,
338.71280056255694,72716,361,649,26277,
338.7199321543989,72716,360,650,26277,
338.7264520186883,72716,360,649,26278,
338.7353236833421,72715,361,649,26278,
338.7442911788702,72715,360,650,26278,
338.7527039021173,72714,361,650,26278,
338.75403743848375,72714,360,651,26278,
338.7621030143717,72714,359,652,26278,
338.76470771023594,72714,359,651,26279,
338.76509090485376,72714,359,650,26280,
338.76997321626743,72714,358,651,26280,
338.77013942028367,72714,357,652,26280,
338.7710198076103,72714,357,651,26281,
338.7735119496705,72714,357,650,26282,
338.7772461562241,72714,356,651,26282,
338.7797468097752,72713,357,651,26282,
338.78150189751324,72712,358,651,26282,
338.80899493511436,72712,358,650,26283,
338.81484433117,72712,357,651,26283,
338.8171184721975,72712,357,650,26284,
338.81749529730723,72711,358,650,26284,
338.8228143957655,72711,357,651,26284,
338.82858930656187,72711,356,652,26284,
338.828892444845,72710,357,652,26284,
338.83357760081606,72710,357,651,26285,
338.838040654385,72709,358,651,26285,
338.8398142276239,72708,359,651,26285,
338.84899225533286,72708,359,650,26286,
338.8505884936829,72707,360,650,26286,
338.8546773513282,72707,359,651,26286,
338.8566203518173,72706,360,651,26286,
338.8687653169618,72706,359,652,26286,
338.87758877894845,72705,360,652,26286,
338.8861506092096,72705,359,653,26286,
338.89352146881305,72704,360,653,26286,
338.9079252928573,72703,361,653,26286,
338.91228525831264,72702,362,653,26286,
338.91788578779125,72702,361,654,26286,
338.92024478720447,72702,360,655,26286,
338.93694496927407,72702,359,656,26286,
338.93884893726624,72701,360,656,26286,
338.94174316170927,72701,360,655,26287,
338.9426932395121,72701,360,654,26288,
338.9459421990117,72700,361,654,26288,
338.95507025265505,72700,361,653,26289,
338.9577026582493,72700,361,652,26290,
338.9579841134047,72700,361,651,26291,
338.959780025321,72700,361,650,26292,
338.96857714404166,72699,362,650,26292,
338.96978047841316,72698,363,650,26292,
338.9722420608073,72697,364,650,26292,
338.9730018842002,72696,365,650,26292,
338.97333883506155,72696,364,651,26292,
338.97405175183235,72696,364,650,26293,
338.98792837463014,72695,365,650,26293,
338.99080864645845,72695,365,649,26294,
338.9947934007892,72695,364,650,26294,
339.01375951304766,72695,363,651,26294,
339.0151590841772,72695,363,650,26295,
339.0158152491828,72695,363,649,26296,
339.0178210973877,72695,363,648,26297,
339.018415175823,72694,364,648,26297,
339.02483104391195,72694,364,647,26298,
339.02805968532726,72694,363,648,26298,
339.03174596276165,72694,362,649,26298,
339.0353348496512,72694,362,648,26299,
339.0379665012456,72694,362,647,26300,
339.0394500761801,72694,362,646,26301,
339.0469244045902,72694,361,647,26301,
339.05473177608,72694,361,646,26302,
339.05591166878,72694,361,645,26303,
339.0600786801369,72693,362,645,26303,
339.06531312005615,72692,363,645,26303,
339.0732003378615,72692,362,646,26303,
339.07335359319455,72692,362,645,26304,
339.0736964875744,72692,361,646,26304,
339.08227229069854,72692,361,645,26305,
339.0917881748688,72691,362,645,26305,
339.09428896510104,72690,363,645,26305,
339.0977764402575,72690,363,644,26306,
339.1057740587396,72690,362,645,26306,
339.107204973343,72690,362,644,26307,
339.1095263151983,72690,362,643,26308,
339.1117195175842,72689,363,643,26308,
339.1122295791507,72688,364,643,26308,
339.12972439321595,72688,364,642,26309,
339.13456558869586,72688,364,641,26310,
339.13738467800215,72687,365,641,26310,
339.14007269367175,72687,364,642,26310,
339.14223890478263,72687,364,641,26311,
339.14558079224383,72687,364,640,26312,
339.16428492178335,72686,365,640,26312,
339.16686643676223,72685,366,640,26312,
339.1735100731202,72685,365,641,26312,
339.17738345707625,72685,365,640,26313,
339.1808655015956,72685,365,639,26314,
339.1825990240653,72685,364,640,26314,
339.193318814218,72685,364,639,26315,
339.1942280037132,72685,364,638,26316,
339.1943165335734,72684,365,638,26316,
339.1999233110449,72684,365,637,26317,
339.2062383108048,72683,366,637,26317,
339.20737120339436,72683,365,638,26317,
339.2113217199106,72683,364,639,26317,
339.21378721509217,72683,364,638,26318,
339.2164101580216,72683,364,637,26319,
339.2330638668175,72683,363,638,26319,
339.23310659896055,72683,362,639,26319,
339.23429339620407,72682,363,639,26319,
339.2349848748713,72682,363,638,26320,
339.23651376435106,72682,363,637,26321,
339.2494228632854,72682,363,636,26322,
339.26984150029625,72681,364,636,26322,
339.2736040670967,72681,364,635,26323,
339.27568896731975,72680,365,635,26323,
339.27648214685723,72680,364,636,26323,
339.28668796761656,72680,364,635,26324,
339.2887152994662,72680,364,634,26325,
339.2934437775907,72679,365,634,26325,
339.308905526886,72679,365,633,26326,
339.30909643665575,72679,365,632,26327,
339.31037331737133,72679,365,631,26328,
339.3213570133949,72678,366,631,26328,
339.3365102939215,72677,367,631,26328,
339.34945722159523,72677,367,630,26329,
339.35036018538926,72677,367,629,26330,
339.35206055364927,72676,368,629,26330,
339.35720832193186,72675,369,629,26330,
339.3589150459865,72675,368,630,26330,
339.36103432954854,72674,369,630,26330,
339.36122304145044,72674,368,631,26330,
339.36334605323975,72673,369,631,26330,
339.3708561854256,72673,369,630,26331,
339.3798513764837,72673,368,631,26331,
339.38119943486436,72672,369,631,26331,
339.3857663648621,72672,369,630,26332,
339.3861662345482,72672,369,629,26333,
339.3864922732868,72672,368,630,26333,
339.3897136789452,72672,367,631,26333,
339.396415735725,72672,367,630,26334,
339.3969395175557,72672,367,629,26335,
339.3980486852373,72672,367,628,26336,
339.398334786333,72671,368,628,26336,
339.39871539049835,72671,368,627,26337,
339.40315298587126,72671,368,626,26338,
339.41030741750575,72671,367,627,26338,
339.41753338132855,72671,367,626,26339,
339.4193727552268,72671,367,625,26340,
339.4235965866599,72670,368,625,26340,
339.42487378864354,72670,368,624,26341,
339.4268063717358,72670,367,625,26341,
339.4377081751813,72670,367,624,26342,
339.44751443390595,72670,366,625,26342,
339.4558759934821,72670,365,626,26342,
339.45865046057884,72670,364,627,26342,
339.4658132511191,72669,365,627,26342,
339.4715075673929,72669,364,628,26342,
339.48037866939114,72669,363,629,26342,
339.484851526217,72669,363,628,26343,
339.49015172980864,72669,362,629,26343,
339.49657592965605,72669,361,630,26343,
339.4987437954341,72669,361,629,26344,
339.4987816236415,72668,362,629,26344,
339.49934646673785,72667,363,629,26344,
339.50220575719993,72667,362,630,26344,
339.50318429330775,72666,363,630,26344,
339.5059193849107,72666,363,629,26345,
339.507230594874,72666,363,628,26346,
339.5209659834166,72666,362,629,26346,
339.5235156161848,72666,361,630,26346,
339.5284418082581,72666,361,629,26347,
339.5361345086155,72666,360,630,26347,
339.53839507045916,72666,360,629,26348,
339.54249065736,72666,360,628,26349,
339.54311169472294,72665,361,628,26349,
339.54814581803254,72665,360,629,26349,
339.55808208584074,72665,360,628,26350,
339.5581738535179,72665,360,627,26351,
339.562578405757,72665,359,628,26351,
339.56348084697856,72665,358,629,26351,
339.59700489168375,72665,357,630,26351,
339.6000820175388,72665,357,629,26352,
339.6011214776057,72665,356,630,26352,
339.60698357354397,72665,355,631,26352,
339.6124599422399,72664,356,631,26352,
339.61684687534347,72664,355,632,26352,
339.61972911558024,72664,354,633,26352,
339.6259997935066,72664,353,634,26352,
339.6291150779819,72663,354,634,26352,
339.6305961500835,72663,354,633,26353,
339.6313576507934,72663,354,632,26354,
339.6339920542559,72663,354,631,26355,
339.63722081002504,72663,353,632,26355,
339.6423932879346,72663,352,633,26355,
339.65341920296123,72663,351,634,26355,
339.66222989132325,72662,352,634,26355,
339.66772180723046,72662,352,633,26356,
339.6842597544456,72661,353,633,26356,
339.6880223569759,72661,353,632,26357,
339.68809163021524,72661,352,633,26357,
339.6927972275066,72661,351,634,26357,
339.69349766165567,72661,350,635,26357,
339.7063221411047,72660,351,635,26357,
339.71011962497073,72659,352,635,26357,
339.71195900031097,72659,351,636,26357,
339.712913880989,72659,351,635,26358,
339.7169609269001,72658,352,635,26358,
339.7192729689321,72657,353,635,26358,
339.7286068812945,72656,354,635,26358,
339.729719718693,72656,354,634,26359,
339.73164893540144,72655,355,634,26359,
339.73373450126866,72655,354,635,26359,
339.7346925019235,72654,355,635,26359,
339.7351395780656,72653,356,635,26359,
339.7431588415422,72653,355,636,26359,
339.745992000275,72653,354,637,26359,
339.7492491923762,72653,354,636,26360,
339.75117484685325,72653,353,637,26360,
339.75773094453456,72653,353,636,26361,
339.76319331728644,72653,353,635,26362,
339.76616135733696,72653,353,634,26363,
339.77959049729986,72653,352,635,26363,
339.7815595155954,72653,352,634,26364,
339.78279588507803,72653,351,635,26364,
339.7838687315974,72653,350,636,26364,
339.7842686646913,72653,350,635,26365,
339.7857323981145,72652,351,635,26365,
339.78628097307666,72652,351,634,26366,
339.79418643842087,72652,350,635,26366,
339.7953136222605,72652,349,636,26366,
339.7971660445587,72652,349,635,26367,
339.7995872187519,72652,349,634,26368,
339.8013225068269,72651,350,634,26368,
339.80153906650565,72650,351,634,26368,
339.8030348192505,72650,350,635,26368,
339.8130894549735,72649,351,635,26368,
339.81758409756304,72648,352,635,26368,
339.81807058366434,72648,352,634,26369,
339.8229522289138,72647,353,634,26369,
339.8231911154663,72646,354,634,26369,
339.8293776620975,72645,355,634,26369,
339.83219618537964,72645,354,635,26369,
339.83794696273213,72645,354,634,26370,
339.83890753221766,72644,355,634,26370,
339.8408898054265,72644,355,633,26371,
339.84753924299656,72644,355,632,26372,
339.8522111599396,72643,356,632,26372,
339.85572132461385,72642,357,632,26372,
339.8594406770346,72641,358,632,26372,
339.8629469430982,72640,359,632,26372,
339.86483043100355,72640,358,633,26372,
339.87345571006034,72640,358,632,26373,
339.8737399346637,72640,358,631,26374,
339.87395965661375,72639,359,631,26374,
339.87440863473233,72639,359,630,26375,
339.8774767690594,72639,358,631,26375,
339.87934129536546,72639,358,630,26376,
339.8824214805926,72639,358,629,26377,
339.8826191776593,72638,359,629,26377,
339.8857580646605,72637,360,629,26377,
339.89908244315296,72637,359,630,26377,
339.907053470498,72637,358,631,26377,
339.90731723528774,72637,358,630,26378,
339.9079145710775,72637,358,629,26379,
339.90941354926275,72636,359,629,26379,
339.9204952685309,72636,359,628,26380,
339.93639019860484,72635,360,628,26380,
339.9565410737045,72635,359,629,26380,
339.95677912017123,72634,360,629,26380,
339.96126136779753,72634,360,628,26381,
339.9612720709244,72633,361,628,26381,
339.9634734604606,72633,360,629,26381,
339.9635879106736,72632,361,629,26381,
339.9652690378174,72632,361,628,26382,
339.9663203187889,72632,360,629,26382,
339.96880314574275,72632,359,630,26382,
339.97005928071263,72632,359,629,26383,
339.98627618548437,72632,359,628,26384,
340.00755114378205,72631,360,628,26384,
340.0196466259341,72631,360,627,26385,
340.0303586259828,72631,360,626,26386,
340.0328332674833,72631,360,625,26387,
340.03699291511697,72631,360,624,26388,
340.0372918149545,72631,360,623,26389,
340.03909733127296,72631,359,624,26389,
340.0414269757806,72631,358,625,26389,
340.0548222995083,72631,358,624,26390,
340.0654236932105,72631,358,623,26391,
340.06939887215407,72631,358,622,26392,
340.07278269003075,72631,358,621,26393,
340.07600892669353,72631,357,622,26393,
340.0789841474361,72630,358,622,26393,
340.08124604233217,72630,357,623,26393,
340.08153089556237,72630,356,624,26393,
340.085375323464,72629,357,624,26393,
340.0861162705074,72629,356,625,26393,
340.0870443161729,72629,355,626,26393,
340.08711275363794,72629,355,625,26394,
340.09244270563164,72629,354,626,26394,
340.095089554569,72628,355,626,26394,
340.10516102278183,72627,356,626,26394,
340.11551484029246,72627,355,627,26394,
340.1172940146553,72627,355,626,26395,
340.117927148724,72627,354,627,26395,
340.13304122746456,72627,353,628,26395,
340.13612668236016,72627,353,627,26396,
340.14761764647864,72627,353,626,26397,
340.1497423605317,72627,352,627,26397,
340.1508312615417,72626,353,627,26397,
340.1599443722922,72626,352,628,26397,
340.169540429746,72626,352,627,26398,
340.17123095566797,72625,353,627,26398,
340.1718035794092,72625,352,628,26398,
340.1726771250306,72624,353,628,26398,
340.1761957164788,72623,354,628,26398,
340.1767578734443,72623,353,629,26398,
340.1870918784558,72623,353,628,26399,
340.18765871691323,72623,353,627,26400,
340.1970920637571,72623,352,628,26400,
340.2010650162215,72623,352,627,26401,
340.2012072562467,72623,352,626,26402,
340.2021357099361,72622,353,626,26402,
340.2055238836149,72622,353,625,26403,
340.20642969662396,72622,353,624,26404,
340.2075066091507,72622,353,623,26405,
340.2084504037053,72621,354,623,26405,
340.20943600324586,72621,354,622,26406,
340.2177309547675,72621,353,623,26406,
340.2213296905196,72621,352,624,26406,
340.2218240951225,72621,351,625,26406,
340.22950054439576,72621,351,624,26407,
340.23116521598354,72621,350,625,26407,
340.23813791055306,72620,351,625,26407,
340.2381527980451,72620,351,624,26408,
340.23942270363415,72619,352,624,26408,
340.2399996923233,72619,352,623,26409,
340.24210428275586,72618,353,623,26409,
340.24388951112763,72618,352,624,26409,
340.24576534487403,72618,352,623,26410,
340.25184116662433,72618,352,622,26411,
340.2651826671329,72618,352,621,26412,
340.28325334933294,72618,352,620,26413,
340.2861547131609,72618,351,621,26413,
340.2871960578217,72618,351,620,26414,
340.2939233738484,72617,352,620,26414,
340.29608013245894,72617,352,619,26415,
340.29652867359744,72617,351,620,26415,
340.29880846494075,72616,352,620,26415,
340.2996704607656,72616,352,619,26416,
340.3001263084741,72616,352,618,26417,
340.3024090433218,72616,351,619,26417,
340.30995621417105,72615,352,619,26417,
340.31704417063776,72615,352,618,26418,
340.31956874822396,72615,352,617,26419,
340.3290646404345,72614,353,617,26419,
340.3377825901703,72613,354,617,26419,
340.33782910553737,72613,353,618,26419,
340.3403518910871,72613,353,617,26420,
340.3482649625931,72613,353,616,26421,
340.3564221825371,72613,353,615,26422,
340.3576326693782,72613,353,614,26423,
340.35820845498915,72613,353,613,26424,
340.36110367012907,72613,352,614,26424,
340.36887092466395,72613,351,615,26424,
340.380879055844,72612,352,615,26424,
340.3834366955819,72612,351,616,26424,
340.38737336995723,72612,351,615,26425,
340.3938785312307,72612,351,614,26426,
340.3951591792021,72612,350,615,26426,
340.4050571721393,72612,350,614,26427,
340.4108332813471,72612,349,615,26427,
340.41481626511774,72612,348,616,26427,
340.41865616839004,72612,347,617,26427,
340.4253413620533,72612,346,618,26427,
340.4265642092458,72612,346,617,26428,
340.4395377493915,72611,347,617,26428,
340.4686541567593,72611,346,618,26428,
340.4695749734013,72611,345,619,26428,
340.47607133752496,72611,345,618,26429,
340.4784481462458,72611,344,619,26429,
340.48790588421133,72610,345,619,26429,
340.48830797412836,72609,346,619,26429,
340.4893326309869,72608,347,619,26429,
340.49188662926747,72607,348,619,26429,
340.49570743978927,72607,347,620,26429,
340.4985262977371,72607,346,621,26429,
340.505297065763,72607,346,620,26430,
340.5185954634554,72607,346,619,26431,
340.52295047096817,72607,345,620,26431,
340.5230294540844,72607,345,619,26432,
340.5318100172324,72607,345,618,26433,
340.5331494822997,72607,345,617,26434,
340.53477123482816,72607,345,616,26435,
340.5382539996792,72607,345,615,26436,
340.53887206524206,72606,346,615,26436,
340.54441727163186,72605,347,615,26436,
340.54893193791855,72605,346,616,26436,
340.56232239637484,72604,347,616,26436,
340.56270596956057,72604,347,615,26437,
340.5646241096215,72604,346,616,26437,
340.5664869145093,72604,346,615,26438,
340.56712334316666,72603,347,615,26438,
340.5721467540878,72602,348,615,26438,
340.5750274792322,72602,348,614,26439,
340.5794764739909,72602,348,613,26440,
340.5814221133583,72602,348,612,26441,
340.5815136013269,72601,349,612,26441,
340.5830718272155,72601,348,613,26441,
340.59091684812626,72601,348,612,26442,
340.59282992301024,72600,349,612,26442,
340.6041510483837,72599,350,612,26442,
340.60542337320044,72599,350,611,26443,
340.6109182224916,72599,350,610,26444,
340.6129847922931,72599,349,611,26444,
340.6180785940015,72599,349,610,26445,
340.6310119071112,72599,348,611,26445,
340.6363330814771,72598,349,611,26445,
340.6441385216015,72597,350,611,26445,
340.6479625853786,72597,349,612,26445,
340.6506206798539,72597,349,611,26446,
340.6513283726108,72597,349,610,26447,
340.65294321258114,72596,350,610,26447,
340.6567685084384,72595,351,610,26447,
340.65721011406134,72594,352,610,26447,
340.6668672391648,72594,352,609,26448,
340.6709785664569,72593,353,609,26448,
340.68714099356237,72593,353,608,26449,
340.6939559483392,72592,354,608,26449,
340.69583810805347,72591,355,608,26449,
340.7111742238777,72590,356,608,26449,
340.7123834457345,72590,356,607,26450,
340.7258110982708,72590,356,606,26451,
340.74146982608937,72590,355,607,26451,
340.7529252503983,72590,354,608,26451,
340.75814205976013,72589,355,608,26451,
340.76721022778645,72589,355,607,26452,
340.7680222106483,72589,354,608,26452,
340.7697323800311,72588,355,608,26452,
340.7746410109382,72588,355,607,26453,
340.7818812755201,72588,354,608,26453,
340.7876156099487,72588,354,607,26454,
340.78764673656747,72588,354,606,26455,
340.7915830532845,72587,355,606,26455,
340.7918280167236,72586,356,606,26455,
340.79477519536226,72585,357,606,26455,
340.7948084392658,72585,357,605,26456,
340.8008625027805,72585,357,604,26457,
340.80525198085417,72585,356,605,26457,
340.80714834997406,72585,356,604,26458,
340.8212829741187,72585,356,603,26459,
340.82290459850105,72585,356,602,26460,
340.82823159973526,72585,356,601,26461,
340.84023963952546,72584,357,601,26461,
340.8405257378402,72584,357,600,26462,
340.8414502746467,72584,357,599,26463,
340.8605931978158,72584,357,598,26464,
340.87547884444166,72583,358,598,26464,
340.8784184150139,72583,358,597,26465,
340.8804334069464,72583,358,596,26466,
340.88466075032295,72583,357,597,26466,
340.89556193686576,72583,357,596,26467,
340.9084095135823,72583,356,597,26467,
340.9084713842372,72583,356,596,26468,
340.9122021247607,72583,355,597,26468,
340.9141006829587,72582,356,597,26468,
340.91855459342577,72582,356,596,26469,
340.92106284128624,72582,356,595,26470,
340.92269531887,72582,355,596,26470,
340.9277261246852,72582,354,597,26470,
340.9314400737639,72582,353,598,26470,
340.9346286835069,72581,354,598,26470,
340.93847264884556,72581,354,597,26471,
340.9412501622683,72580,355,597,26471,
340.9421795912822,72580,355,596,26472,
340.9422539091608,72580,354,597,26472,
340.9445763094138,72579,355,597,26472,
340.9598489740908,72579,354,598,26472,
340.9627553289693,72578,355,598,26472,
340.9658066744637,72578,355,597,26473,
340.96706542412966,72578,354,598,26473,
340.97654098011685,72578,354,597,26474,
340.9789380346742,72578,354,596,26475,
340.98003644706785,72578,354,595,26476,
340.9950453489968,72578,354,594,26477,
340.9989965025707,72577,355,594,26477,
341.0004970817896,72577,355,593,26478,
341.004297314732,72576,356,593,26478,
341.0072200416986,72576,355,594,26478,
341.00853375440755,72576,354,595,26478,
341.0128161596451,72575,355,595,26478,
341.0379837461166,72574,356,595,26478,
341.03888053589645,72574,356,594,26479,
341.0489057130022,72574,355,595,26479,
341.05311816140346,72573,356,595,26479,
341.0532052148127,72572,357,595,26479,
341.0545197275701,72571,358,595,26479,
341.0682319890066,72571,358,594,26480,
341.07326942842985,72571,358,593,26481,
341.0997487268809,72571,358,592,26482,
341.10176067492233,72571,357,593,26482,
341.1044690196566,72571,356,594,26482,
341.1059384476185,72570,357,594,26482,
341.106336250189,72570,357,593,26483,
341.10961944557755,72570,357,592,26484,
341.1102015066127,72570,356,593,26484,
341.11420947745125,72569,357,593,26484,
341.1151363816109,72569,357,592,26485,
341.11890820704133,72569,357,591,26486,
341.1216557175716,72569,356,592,26486,
341.1217896798903,72569,355,593,26486,
341.1250015418829,72569,354,594,26486,
341.1294893141777,72569,354,593,26487,
341.14089728257414,72568,355,593,26487,
341.152764273516,72568,355,592,26488,
341.1536166455787,72567,356,592,26488,
341.1574697669358,72567,355,593,26488,
341.1663292299419,72567,354,594,26488,
341.16652282039604,72567,353,595,26488,
341.1757175062086,72566,354,595,26488,
341.18337528966504,72565,355,595,26488,
341.19092500327474,72564,356,595,26488,
341.20305776655573,72564,355,596,26488,
341.2044295954508,72564,355,595,26489,
341.2205967948702,72564,355,594,26490,
341.22788654924284,72564,355,593,26491,
341.22800865927945,72564,355,592,26492,
341.2343520370837,72563,356,592,26492,
341.2362996129326,72562,357,592,26492,
341.24492112114683,72562,357,591,26493,
341.2492449512213,72562,357,590,26494,
341.2495293856181,72562,357,589,26495,
341.2497828395559,72562,356,590,26495,
341.25131929141895,72561,357,590,26495,
341.2518436331638,72561,356,591,26495,
341.2541421153383,72560,357,591,26495,
341.2573195972147,72559,358,591,26495,
341.2590455095075,72558,359,591,26495,
341.2594976681838,72558,358,592,26495,
341.25953646421715,72557,359,592,26495,
341.27226498555336,72557,358,593,26495,
341.27924827837694,72557,357,594,26495,
341.2802674091657,72556,358,594,26495,
341.2828307955325,72556,357,595,26495,
341.28506149101315,72556,357,594,26496,
341.28816096500736,72556,357,593,26497,
341.2924276834837,72556,357,592,26498,
341.2953354906338,72556,357,591,26499,
341.2967288077238,72556,357,590,26500,
341.300891053851,72555,358,590,26500,
341.3163164196167,72555,357,591,26500,
341.31675023408894,72555,357,590,26501,
341.3167989712168,72555,357,589,26502,
341.33810482937554,72555,356,590,26502,
341.3396320494615,72555,356,589,26503,
341.34083568935233,72555,356,588,26504,
341.34502458101815,72555,356,587,26505,
341.3620973722178,72555,355,588,26505,
341.3723858154505,72555,354,589,26505,
341.37369939720037,72555,353,590,26505,
341.3808910348974,72555,352,591,26505,
341.38256779816703,72554,353,591,26505,
341.38426653462005,72553,354,591,26505,
341.3950443531672,72553,354,590,26506,
341.40161896609186,72553,353,591,26506,
341.4096759306401,72553,353,590,26507,
341.4122021820523,72553,353,589,26508,
341.41817112487115,72552,354,589,26508,
341.42109697582913,72552,353,590,26508,
341.4252687365143,72552,352,591,26508,
341.4271459493659,72552,351,592,26508,
341.43594812426943,72551,352,592,26508,
341.4503421269505,72551,352,591,26509,
341.45103586582337,72551,351,592,26509,
341.45228252053283,72551,351,591,26510,
341.45366892378513,72550,352,591,26510,
341.4616103770738,72550,351,592,26510,
341.4902770291953,72550,351,591,26511,
341.4904491454944,72550,350,592,26511,
341.495867280594,72550,350,591,26512,
341.50124961639625,72550,350,590,26513,
341.5043011112504,72549,351,590,26513,
341.51745207193903,72548,352,590,26513,
341.52098567058744,72548,351,591,26513,
341.5235655638246,72547,352,591,26513,
341.5340015958718,72547,351,592,26513,
341.5341537572698,72546,352,592,26513,
341.5381987772643,72546,352,591,26514,
341.54505439843433,72545,353,591,26514,
341.55217476071186,72545,353,590,26515,
341.5525681827906,72545,352,591,26515,
341.5534688824721,72545,351,592,26515,
341.55468999419963,72545,351,591,26516,
341.5560389421196,72545,350,592,26516,
341.55798832975813,72545,350,591,26517,
341.5585367832427,72544,351,591,26517,
341.56025117209765,72544,350,592,26517,
341.5695478620276,72544,349,593,26517,
341.5735459804104,72543,350,593,26517,
341.57868686588046,72543,350,592,26518,
341.58266064870037,72543,350,591,26519,
341.58551017978544,72543,350,590,26520,
341.58777706724516,72542,351,590,26520,
341.592346614671,72542,350,591,26520,
341.594383443886,72542,349,592,26520,
341.6082615974262,72542,348,593,26520,
341.6150457564337,72541,349,593,26520,
341.6155199314437,72541,348,594,26520,
341.6187158813384,72541,348,593,26521,
341.6260697629838,72541,348,592,26522,
341.626335184446,72541,348,591,26523,
341.6281619707758,72541,348,590,26524,
341.63375803440283,72541,347,591,26524,
341.6387548767216,72541,347,590,26525,
341.6391017488627,72541,347,589,26526,
341.6392292890163,72541,346,590,26526,
341.6454293580484,72540,347,590,26526,
341.64763601610576,72540,346,591,26526,
341.64885300268395,72540,345,592,26526,
341.65232322561246,72540,344,593,26526,
341.6657018617388,72540,343,594,26526,
341.66843742392683,72540,343,593,26527,
341.67462676513935,72539,344,593,26527,
341.68640262230457,72538,345,593,26527,
341.68698608552637,72537,346,593,26527,
341.69249220163726,72537,345,594,26527,
341.6929714604597,72537,345,593,26528,
341.69598542469487,72537,344,594,26528,
341.6970615966567,72537,344,593,26529,
341.70030495490914,72537,344,592,26530,
341.705981781596,72537,344,591,26531,
341.706567064383,72536,345,591,26531,
341.70866702583515,72535,346,591,26531,
341.7160541924734,72534,347,591,26531,
341.7216249628409,72534,346,592,26531,
341.726486001131,72533,347,592,26531,
341.73488583279465,72533,347,591,26532,
341.73529870775707,72533,346,592,26532,
341.74717722143333,72533,345,593,26532,
341.75470038388636,72532,346,593,26532,
341.75843623777445,72532,345,594,26532,
341.75868699088096,72532,344,595,26532,
341.7601596691601,72532,343,596,26532,
341.76584152094443,72532,342,597,26532,
341.76599947558935,72532,341,598,26532,
341.7665837950701,72531,342,598,26532,
341.7729656518082,72531,341,599,26532,
341.77326305293906,72530,342,599,26532,
341.77685654656136,72530,342,598,26533,
341.7778884071345,72530,342,597,26534,
341.78324546505144,72530,342,596,26535,
341.78461939826707,72529,343,596,26535,
341.78589609702124,72528,344,596,26535,
341.78892806639357,72528,343,597,26535,
341.7951712824312,72528,342,598,26535,
341.80242958168424,72528,341,599,26535,
341.8032408513849,72528,341,598,26536,
341.8040886592313,72527,342,598,26536,
341.805531627774,72527,342,597,26537,
341.80730037086533,72526,343,597,26537,
341.8101004777456,72526,343,596,26538,
341.8143838120886,72526,343,595,26539,
341.81811149952364,72526,343,594,26540,
341.82057737131413,72526,342,595,26540,
341.821270087453,72525,343,595,26540,
341.82974832545,72525,343,594,26541,
341.8341660607182,72525,343,593,26542,
341.83663217773346,72524,344,593,26542,
341.84430458202155,72524,343,594,26542,
341.8509863697234,72523,344,594,26542,
341.856016328286,72523,344,593,26543,
341.8570505158737,72523,343,594,26543,
341.8578814620252,72523,343,593,26544,
341.86096218335217,72523,342,594,26544,
341.8616713503651,72523,341,595,26544,
341.8704474814671,72523,340,596,26544,
341.8705090121425,72523,339,597,26544,
341.8719160463848,72523,339,596,26545,
341.87313941200637,72522,340,596,26545,
341.8742098656536,72522,340,595,26546,
341.8826835958943,72522,339,596,26546,
341.8868350700979,72522,338,597,26546,
341.8953710466021,72521,339,597,26546,
341.90357560631,72521,338,598,26546,
341.90821817080365,72521,337,599,26546,
341.91136530659156,72520,338,599,26546,
341.91211045859393,72520,338,598,26547,
341.91762947226954,72519,339,598,26547,
341.9188280658148,72519,339,597,26548,
341.91901234492104,72518,340,597,26548,
341.9307971590142,72518,340,596,26549,
341.93206431094495,72517,341,596,26549,
341.93231846282765,72517,340,597,26549,
341.93388058597344,72516,341,597,26549,
341.934696899467,72516,341,596,26550,
341.93581770042505,72516,340,597,26550,
341.9404497708113,72515,341,597,26550,
341.9428537945064,72515,341,596,26551,
341.9474870506486,72515,340,597,26551,
341.9619189050442,72515,339,598,26551,
341.96474342807375,72514,340,598,26551,
341.96558437417565,72514,340,597,26552,
341.97393306934026,72513,341,597,26552,
341.97414199996297,72513,341,596,26553,
341.97671216481785,72513,340,597,26553,
341.9775164371001,72513,339,598,26553,
341.97998602195963,72513,338,599,26553,
341.99574526363335,72513,337,600,26553,
341.99720476900785,72513,337,599,26554,
341.9982891631903,72513,336,600,26554,
342.0011186118805,72512,337,600,26554,
342.00276368177214,72512,337,599,26555,
342.00716107494014,72512,336,600,26555,
342.0109363403273,72512,336,599,26556,
342.01220699282953,72512,335,600,26556,
342.02241476960484,72511,336,600,26556,
342.03010761086045,72511,335,601,26556,
342.0319102740657,72511,334,602,26556,
342.0342777104657,72511,334,601,26557,
342.0484551155399,72511,333,602,26557,
342.0517670599981,72510,334,602,26557,
342.0553980075137,72510,334,601,26558,
342.07801516541565,72510,333,602,26558,
342.08573198520935,72510,332,603,26558,
342.0871773387689,72510,331,604,26558,
342.09065380979484,72510,330,605,26558,
342.0964404259462,72509,331,605,26558,
342.09779915620067,72509,330,606,26558,
342.1113870569383,72509,329,607,26558,
342.11690569361707,72508,330,607,26558,
342.1172816921588,72507,331,607,26558,
342.1192489901367,72507,331,606,26559,
342.1227189272267,72507,330,607,26559,
342.1353430482069,72506,331,607,26559,
342.1434512167299,72506,330,608,26559,
342.14588821625716,72505,331,608,26559,
342.15069938506235,72504,332,608,26559,
342.15460216664746,72504,331,609,26559,
342.15541933007444,72504,331,608,26560,
342.17179410928986,72504,330,609,26560,
342.1720562116049,72504,330,608,26561,
342.1790966738826,72504,329,609,26561,
342.1865990687407,72503,330,609,26561,
342.1914040657125,72503,330,608,26562,
342.19913331367593,72502,331,608,26562,
342.1992431947884,72502,331,607,26563,
342.2027574529502,72501,332,607,26563,
342.20286969702727,72501,331,608,26563,
342.204990115575,72500,332,608,26563,
342.2210555308505,72500,331,609,26563,
342.2241307336607,72500,331,608,26564,
342.22672162196307,72500,331,607,26565,
342.2402783745462,72500,331,606,26566,
342.244770333019,72500,331,605,26567,
342.2480352603025,72500,331,604,26568,
342.25684365559994,72500,330,605,26568,
342.270239561744,72500,330,604,26569,
342.27060899420854,72500,329,605,26569,
342.27485844736736,72500,329,604,26570,
342.2765228675047,72499,330,604,26570,
342.27677051150454,72499,329,605,26570,
342.2816745813442,72499,328,606,26570,
342.29101571865584,72499,328,605,26571,
342.2938581500567,72499,328,604,26572,
342.2966329713203,72499,328,603,26573,
342.2976699783007,72499,327,604,26573,
342.3081079820592,72499,327,603,26574,
342.3148233960826,72499,327,602,26575,
342.3177043103421,72498,328,602,26575,
342.3268468023472,72498,328,601,26576,
342.33040014556354,72498,328,600,26577,
342.3307019823714,72497,329,600,26577,
342.3415204378665,72497,329,599,26578,
342.3422225259851,72496,330,599,26578,
342.3453724370061,72496,330,598,26579,
342.3504954160351,72495,331,598,26579,
342.3554114321325,72495,330,599,26579,
342.36109173739345,72495,329,600,26579,
342.3712094412073,72495,329,599,26580,
342.3725318348988,72494,330,599,26580,
342.3787443209552,72493,331,599,26580,
342.38452894467713,72493,330,600,26580,
342.38488325953347,72492,331,600,26580,
342.39370602415323,72491,332,600,26580,
342.3946951624879,72491,331,601,26580,
342.39618042532226,72490,332,601,26580,
342.4042852193391,72490,331,602,26580,
342.40880283561415,72490,330,603,26580,
342.4358229972313,72490,329,604,26580,
342.44185615333464,72490,329,603,26581,
342.44332695440255,72490,328,604,26581,
342.4492588323649,72489,329,604,26581,
342.4535664675584,72488,330,604,26581,
342.4538311116978,72487,331,604,26581,
342.4633976132443,72487,330,605,26581,
342.4696710475058,72487,329,606,26581,
342.4767994156846,72487,329,605,26582,
342.4824457978275,72487,329,604,26583,
342.4868943396945,72487,329,603,26584,
342.4896134541981,72487,329,602,26585,
342.5008527597723,72486,330,602,26585,
342.50613481738066,72486,329,603,26585,
342.5081546961945,72486,328,604,26585,
342.5230099837157,72485,329,604,26585,
342.5291629596432,72485,328,605,26585,
342.5304870227248,72485,328,604,26586,
342.5306188133215,72484,329,604,26586,
342.5343315866479,72484,328,605,26586,
342.5366124920332,72483,329,605,26586,
342.5435658213269,72482,330,605,26586,
342.54400403492383,72482,329,606,26586,
342.5533574889063,72481,330,606,26586,
342.55537597966855,72481,329,607,26586,
342.557704844329,72481,328,608,26586,
342.55817119141835,72480,329,608,26586,
342.5595037281213,72480,328,609,26586,
342.5644912721235,72480,327,610,26586,
342.5700666589376,72479,328,610,26586,
342.5706980374392,72479,328,609,26587,
342.5722445753754,72479,328,608,26588,
342.58185910522036,72479,327,609,26588,
342.5819596301679,72478,328,609,26588,
342.58265502841954,72478,328,608,26589,
342.5869002695218,72478,328,607,26590,
342.5876237388146,72478,328,606,26591,
342.59236117063494,72478,327,607,26591,
342.6180647427385,72478,326,608,26591,
342.6200851836532,72478,325,609,26591,
342.6338902002478,72477,326,609,26591,
342.64498282090125,72476,327,609,26591,
342.6465063057111,72476,326,610,26591,
342.64796539150154,72476,326,609,26592,
342.6565910721762,72475,327,609,26592,
342.6656764999973,72475,327,608,26593,
342.67072719917917,72475,327,607,26594,
342.67089777281814,72475,327,606,26595,
342.67690590552405,72475,327,605,26596,
342.67846070501037,72474,328,605,26596,
342.6866185474862,72474,327,606,26596,
342.69114648342156,72473,328,606,26596,
342.71620388629293,72473,327,607,26596,
342.72643379789906,72473,327,606,26597,
342.7314293499241,72472,328,606,26597,
342.7343410985845,72472,328,605,26598,
342.736259079815,72472,327,606,26598,
342.7370825906609,72472,327,605,26599,
342.73784352917534,72471,328,605,26599,
342.7448206520066,72471,327,606,26599,
342.7469382625546,72471,327,605,26600,
342.75067175239565,72471,327,604,26601,
342.7548983312503,72471,327,603,26602,
342.75519852197,72471,327,602,26603,
342.76437253795035,72471,327,601,26604,
342.76616068139685,72471,326,602,26604,
342.7669107636227,72471,326,601,26605,
342.7909192029446,72471,326,600,26606,
342.7931380706052,72471,326,599,26607,
342.79375073807876,72470,327,599,26607,
342.7940619090092,72469,328,599,26607,
342.79647786352746,72469,328,598,26608,
342.79761579569066,72469,328,597,26609,
342.80942273224366,72469,328,596,26610,
342.8264140914025,72469,327,597,26610,
342.83004004181834,72468,328,597,26610,
342.83825922238145,72467,329,597,26610,
342.8413188341593,72466,330,597,26610,
342.8417447305594,72466,330,596,26611,
342.84309004246376,72465,331,596,26611,
342.8440063579902,72465,330,597,26611,
342.8523483244889,72464,331,597,26611,
342.86234731115906,72464,330,598,26611,
342.8638997693233,72464,329,599,26611,
342.87944236086224,72464,328,600,26611,
342.88354501563515,72464,327,601,26611,
342.90763398354704,72464,327,600,26612,
342.90905495497435,72464,327,599,26613,
342.9216649371958,72464,327,598,26614,
342.9234887687116,72464,327,597,26615,
342.9245933732385,72464,326,598,26615,
342.92534477099844,72464,326,597,26616,
342.9266708199298,72464,326,596,26617,
342.95539979431356,72463,327,596,26617,
342.9598358951785,72463,326,597,26617,
342.95989830918796,72463,326,596,26618,
342.96287230531476,72462,327,596,26618,
342.9657389998926,72462,326,597,26618,
342.97421802666383,72462,326,596,26619,
342.98226836048434,72461,327,596,26619,
342.98525606578653,72461,326,597,26619,
342.9905489758837,72461,325,598,26619,
343.0060743294954,72460,326,598,26619,
343.0095301397564,72460,325,599,26619,
343.01322293382475,72460,324,600,26619,
343.01627283029467,72460,324,599,26620,
343.0166069608358,72460,323,600,26620,
343.01711533481557,72460,323,599,26621,
343.0175226069855,72460,322,600,26621,
343.01821469292827,72459,323,600,26621,
343.02354735053126,72459,323,599,26622,
343.023560804111,72458,324,599,26622,
343.0270969314606,72458,323,600,26622,
343.0275717696746,72458,323,599,26623,
343.02788425880044,72458,323,598,26624,
343.0307990005337,72457,324,598,26624,
343.03241647594626,72457,323,599,26624,
343.03493846177577,72457,323,598,26625,
343.0350772556951,72457,322,599,26625,
343.0363644804621,72457,321,600,26625,
343.05013490070166,72456,322,600,26625,
343.0569397533686,72456,322,599,26626,
343.05746042117266,72456,322,598,26627,
343.05913253319903,72456,322,597,26628,
343.06354922765127,72455,323,597,26628,
343.0641582254325,72455,322,598,26628,
343.0686153542497,72455,322,597,26629,
343.07413045612435,72455,322,596,26630,
343.08308473019736,72454,323,596,26630,
343.08533117192457,72453,324,596,26630,
343.09193269545113,72452,325,596,26630,
343.09543843815504,72452,324,597,26630,
343.1078255254708,72452,324,596,26631,
343.11387424450965,72451,325,596,26631,
343.115329233957,72451,324,597,26631,
343.14154538729906,72451,324,596,26632,
343.1435106786761,72450,325,596,26632,
343.15691426288686,72450,325,595,26633,
343.17281650475036,72450,324,596,26633,
343.1735713553866,72449,325,596,26633,
343.17564143477847,72448,326,596,26633,
343.17596283604115,72448,326,595,26634,
343.17630542950576,72448,325,596,26634,
343.1771776298775,72447,326,596,26634,
343.18673029435354,72447,325,597,26634,
343.19420494358724,72447,325,596,26635,
343.2038697463926,72447,325,595,26636,
343.2064670521446,72447,324,596,26636,
343.20749521209916,72447,323,597,26636,
343.20790062048076,72447,323,596,26637,
343.2282745833293,72447,322,597,26637,
343.2302387944762,72447,322,596,26638,
343.23504097060777,72447,322,595,26639,
343.26125097481923,72447,321,596,26639,
343.26371352221696,72446,322,596,26639,
343.26615392541345,72445,323,596,26639,
343.2675452096661,72445,323,595,26640,
343.267551655343,72445,322,596,26640,
343.27106445589106,72444,323,596,26640,
343.27385643354444,72444,322,597,26640,
343.2806812849869,72444,321,598,26640,
343.2811471159498,72444,321,597,26641,
343.28984669904713,72444,320,598,26641,
343.29074295123223,72444,319,599,26641,
343.2951329036912,72443,320,599,26641,
343.30121020769883,72443,320,598,26642,
343.3016590485174,72443,319,599,26642,
343.30332694317275,72442,320,599,26642,
343.30688323274205,72442,319,600,26642,
343.33181113537756,72442,318,601,26642,
343.3324183800351,72442,318,600,26643,
343.3339623216589,72442,317,601,26643,
343.3355746217261,72441,318,601,26643,
343.34772021026333,72440,319,601,26643,
343.34989076188316,72440,318,602,26643,
343.35088231789115,72440,318,601,26644,
343.36269451646035,72440,318,600,26645,
343.36728481382926,72440,318,599,26646,
343.3690531308226,72440,318,598,26647,
343.37143455834877,72439,319,598,26647,
343.3946020828621,72439,319,597,26648,
343.3990518428488,72439,318,598,26648,
343.39928317323154,72439,317,599,26648,
343.40313703499277,72438,318,599,26648,
343.4037238660786,72438,317,600,26648,
343.40575974918886,72437,318,600,26648,
343.4074483188676,72437,317,601,26648,
343.42626217136643,72437,316,602,26648,
343.43381025679923,72437,315,603,26648,
343.4445342027584,72437,315,602,26649,
343.4471931121778,72437,315,601,26650,
343.4476864953422,72436,316,601,26650,
343.44816191136886,72435,317,601,26650,
343.45093223131624,72435,317,600,26651,
343.4524853955227,72434,318,600,26651,
343.4564677442154,72433,319,600,26651,
343.45999000066104,72432,320,600,26651,
343.4616292672217,72431,321,600,26651,
343.47202794006165,72431,321,599,26652,
343.4739521134796,72431,321,598,26653,
343.4849975548625,72431,321,597,26654,
343.49073232014024,72430,322,597,26654,
343.4909978617337,72430,322,596,26655,
343.4940583601265,72429,323,596,26655,
343.4962760902818,72429,323,595,26656,
343.4971429892628,72429,322,596,26656,
343.4985907907361,72428,323,596,26656,
343.51205841682236,72427,324,596,26656,
343.51569581330284,72427,323,597,26656,
343.52068718847613,72426,324,597,26656,
343.5260532773926,72426,324,596,26657,
343.5421467376367,72425,325,596,26657,
343.5444182620769,72425,325,595,26658,
343.54589029929923,72424,326,595,26658,
343.550064697665,72424,325,596,26658,
343.5593047951046,72423,326,596,26658,
343.56147484747527,72422,327,596,26658,
343.56405950226906,72421,328,596,26658,
343.5721147993936,72420,329,596,26658,
343.5750436573662,72420,328,597,26658,
343.5756995429252,72419,329,597,26658,
343.5771510491736,72419,328,598,26658,
343.5891997934566,72419,327,599,26658,
343.5892412829178,72419,326,600,26658,
343.5915777651206,72419,325,601,26658,
343.6083127193432,72419,324,602,26658,
343.612581692475,72418,325,602,26658,
343.62784084414346,72418,325,601,26659,
343.6283868132091,72418,325,600,26660,
343.6324573229081,72418,325,599,26661,
343.6327359040602,72418,325,598,26662,
343.6353713046544,72417,326,598,26662,
343.6520419052781,72417,326,597,26663,
343.65936262278507,72417,325,598,26663,
343.6695451488133,72417,325,597,26664,
343.6805789991747,72416,326,597,26664,
343.68079682088194,72415,327,597,26664,
343.681766186449,72415,326,598,26664,
343.68332887329063,72415,325,599,26664,
343.689685543821,72415,324,600,26664,
343.7237408252933,72415,323,601,26664,
343.7237937014266,72414,324,601,26664,
343.72386297069,72413,325,601,26664,
343.7278824448971,72413,325,600,26665,
343.7279588794321,72413,325,599,26666,
343.7414713572241,72413,325,598,26667,
343.74668803502857,72413,324,599,26667,
343.74751534833223,72412,325,599,26667,
343.7511898602182,72412,325,598,26668,
343.75433622238006,72412,324,599,26668,
343.7558904322928,72411,325,599,26668,
343.7562863627664,72411,325,598,26669,
343.7660209313879,72411,324,599,26669,
343.7713086396975,72410,325,599,26669,
343.77386765442395,72409,326,599,26669,
343.7801944957546,72409,326,598,26670,
343.7825226000595,72409,326,597,26671,
343.78511700441754,72409,326,596,26672,
343.78760415198656,72409,325,597,26672,
343.78769314473453,72409,325,596,26673,
343.7901828135542,72408,326,596,26673,
343.7937608390165,72408,326,595,26674,
343.79570320171905,72408,325,596,26674,
343.7996774069465,72408,325,595,26675,
343.80244088768967,72408,325,594,26676,
343.8077952681263,72408,324,595,26676,
343.82743229586544,72408,323,596,26676,
343.8344725464498,72408,323,595,26677,
343.8359515424412,72408,323,594,26678,
343.8367374257481,72408,323,593,26679,
343.8396883175611,72408,323,592,26680,
343.8402798810142,72407,324,592,26680,
343.84134345387525,72407,324,591,26681,
343.84380752230044,72407,324,590,26682,
343.8467264698435,72407,323,591,26682,
343.84705233031724,72406,324,591,26682,
343.8478422132054,72406,324,590,26683,
343.8489460843674,72406,324,589,26684,
343.84977861026715,72406,323,590,26684,
343.85054288677145,72405,324,590,26684,
343.87346625203526,72405,324,589,26685,
343.8745876814541,72404,325,589,26685,
343.8750362035281,72404,325,588,26686,
343.8799451787579,72403,326,588,26686,
343.8822110725638,72402,327,588,26686,
343.8846166701685,72402,326,589,26686,
343.9039206026907,72401,327,589,26686,
343.90448745183437,72400,328,589,26686,
343.91061113082986,72400,327,590,26686,
343.91499031663363,72400,327,589,26687,
343.9350315559701,72400,327,588,26688,
343.94336368449257,72400,326,589,26688,
343.9490169514381,72400,326,588,26689,
343.9522753207333,72400,325,589,26689,
343.95756233531813,72399,326,589,26689,
343.9804421558316,72398,327,589,26689,
343.98434663707525,72398,326,590,26689,
343.98922994980353,72398,326,589,26690,
343.9910256283002,72398,326,588,26691,
344.00362329990395,72398,325,589,26691,
344.0075125562383,72398,324,590,26691,
344.0391187086422,72398,324,589,26692,
344.04266096582273,72398,323,590,26692,
344.05800279134013,72398,323,589,26693,
344.07614559336537,72398,322,590,26693,
344.0771379923394,72398,321,591,26693,
344.0837116943873,72398,321,590,26694,
344.0849117382639,72398,320,591,26694,
344.08679135488427,72397,321,591,26694,
344.08779599064786,72396,322,591,26694,
344.0922203990065,72395,323,591,26694,
344.0944941724531,72394,324,591,26694,
344.09834598906417,72394,324,590,26695,
344.1089728467843,72394,324,589,26696,
344.1091855540955,72393,325,589,26696,
344.11215079245795,72392,326,589,26696,
344.1165502966668,72392,325,590,26696,
344.13483803830275,72391,326,590,26696,
344.1372438002273,72390,327,590,26696,
344.14214896277974,72390,326,591,26696,
344.1447666892451,72389,327,591,26696,
344.14545786154446,72388,328,591,26696,
344.1472618271713,72388,327,592,26696,
344.1536660650654,72387,328,592,26696,
344.15796745776566,72386,329,592,26696,
344.16922471506825,72386,329,591,26697,
344.17288496632057,72386,329,590,26698,
344.1744762911737,72386,328,591,26698,
344.1780250361997,72385,329,591,26698,
344.1791589279782,72385,329,590,26699,
344.18310099805296,72385,329,589,26700,
344.1844725862039,72385,329,588,26701,
344.18520202222555,72385,329,587,26702,
344.19531488939566,72385,329,586,26703,
344.2032800368327,72385,329,585,26704,
344.20659703205797,72385,328,586,26704,
344.21371895453365,72385,327,587,26704,
344.2166929790679,72385,327,586,26705,
344.2309294489367,72385,327,585,26706,
344.232566239403,72385,326,586,26706,
344.23287693876705,72385,325,587,26706,
344.2352356358617,72385,324,588,26706,
344.2358694343331,72385,324,587,26707,
344.24672343555864,72385,324,586,26708,
344.25350462734383,72385,324,585,26709,
344.2611022108591,72385,323,586,26709,
344.26358012056147,72385,322,587,26709,
344.26623871329764,72384,323,587,26709,
344.26853003534825,72384,322,588,26709,
344.2694996013944,72383,323,588,26709,
344.270302307564,72382,324,588,26709,
344.27257164351494,72382,324,587,26710,
344.2766847727426,72382,324,586,26711,
344.2785905591933,72381,325,586,26711,
344.2830020110962,72381,324,587,26711,
344.28833090353936,72381,323,588,26711,
344.2932364401976,72380,324,588,26711,
344.29427910155323,72380,323,589,26711,
344.2965967728688,72379,324,589,26711,
344.29775075634444,72379,324,588,26712,
344.3155549600502,72379,323,589,26712,
344.31558111812944,72378,324,589,26712,
344.32356331279243,72378,324,588,26713,
344.328518575968,72378,324,587,26714,
344.33007488176355,72378,324,586,26715,
344.33097952909947,72378,323,587,26715,
344.33641884765314,72377,324,587,26715,
344.3415625578346,72377,324,586,26716,
344.342849156531,72377,323,587,26716,
344.34668024855716,72377,322,588,26716,
344.35104324369274,72377,322,587,26717,
344.3568143195722,72377,322,586,26718,
344.3605707307801,72376,323,586,26718,
344.3611696837028,72375,324,586,26718,
344.3612080448235,72374,325,586,26718,
344.3648767153265,72373,326,586,26718,
344.37017614119026,72373,326,585,26719,
344.38014932766544,72373,325,586,26719,
344.3871241348049,72372,326,586,26719,
344.4011057846858,72372,326,585,26720,
344.41161208202055,72372,326,584,26721,
344.4145529229128,72372,325,585,26721,
344.41941685968203,72371,326,585,26721,
344.4211085894416,72371,326,584,26722,
344.42152071053243,72370,327,584,26722,
344.4284685132286,72370,327,583,26723,
344.43465102407384,72370,327,582,26724,
344.4394039355921,72370,326,583,26724,
344.448988913582,72370,325,584,26724,
344.450729219126,72370,325,583,26725,
344.4512114433449,72369,326,583,26725,
344.4563016134615,72368,327,583,26725,
344.45953417336983,72368,327,582,26726,
344.47268647077044,72368,326,583,26726,
344.47561558074227,72367,327,583,26726,
344.4831798738891,72367,327,582,26727,
344.48857219441476,72366,328,582,26727,
344.4889107800128,72366,328,581,26728,
344.48923716946433,72365,329,581,26728,
344.4910694513291,72365,329,580,26729,
344.4979023426008,72365,329,579,26730,
344.501384409299,72365,328,580,26730,
344.50388532945914,72365,328,579,26731,
344.50875437431796,72365,328,578,26732,
344.51728376819614,72364,329,578,26732,
344.5233323691957,72364,329,577,26733,
344.5272780555833,72364,329,576,26734,
344.52837319840455,72363,330,576,26734,
344.5301401274273,72363,330,575,26735,
344.53778770383724,72363,329,576,26735,
344.5481792803908,72362,330,576,26735,
344.5512906341643,72362,330,575,26736,
344.55578466628566,72362,329,576,26736,
344.56165084750046,72362,329,575,26737,
344.57711814608876,72361,330,575,26737,
344.5789060948564,72360,331,575,26737,
344.5836903573688,72360,331,574,26738,
344.5863214266867,72360,331,573,26739,
344.59093846077303,72359,332,573,26739,
344.5944587383692,72359,332,572,26740,
344.5967235522077,72359,331,573,26740,
344.5989385014792,72359,331,572,26741,
344.6139575346019,72359,331,571,26742,
344.620099586361,72359,331,570,26743,
344.6216109856945,72359,331,569,26744,
344.63363435241246,72359,331,568,26745,
344.64235034912394,72359,330,569,26745,
344.64598823866226,72359,330,568,26746,
344.65115141430925,72359,329,569,26746,
344.6514058193048,72359,328,570,26746,
344.6654166006462,72359,327,571,26746,
344.67980524255603,72359,327,570,26747,
344.6917229211671,72359,326,571,26747,
344.6956293642448,72359,325,572,26747,
344.69689613814114,72359,325,571,26748,
344.70100162373063,72359,325,570,26749,
344.7030116767495,72358,326,570,26749,
344.7062072491326,72358,326,569,26750,
344.71476442978644,72358,326,568,26751,
344.71912013319786,72358,325,569,26751,
344.7206212000689,72358,324,570,26751,
344.7237135663747,72358,323,571,26751,
344.7259342803559,72357,324,571,26751,
344.7261188885045,72357,324,570,26752,
344.7266820748192,72356,325,570,26752,
344.7364579531514,72355,326,570,26752,
344.7584403881157,72354,327,570,26752,
344.75952907872545,72353,328,570,26752,
344.7601569500157,72352,329,570,26752,
344.7602432417209,72352,328,571,26752,
344.76520082917506,72352,328,570,26753,
344.7714106290722,72352,328,569,26754,
344.77639889421823,72351,329,569,26754,
344.77692580535273,72351,328,570,26754,
344.782557465154,72350,329,570,26754,
344.7834848240074,72349,330,570,26754,
344.80174547936866,72348,331,570,26754,
344.80840948619004,72348,331,569,26755,
344.8224503737359,72348,331,568,26756,
344.8367481860468,72348,331,567,26757,
344.84587261796867,72348,331,566,26758,
344.8508170147086,72348,331,565,26759,
344.85544171892957,72347,332,565,26759,
344.85794860846585,72347,332,564,26760,
344.86190688191994,72347,332,563,26761,
344.86953279663624,72347,332,562,26762,
344.8803188105699,72347,332,561,26763,
344.88167761168376,72347,331,562,26763,
344.9021518490848,72346,332,562,26763,
344.90244614436585,72346,331,563,26763,
344.90452734274896,72346,331,562,26764,
344.91517404334996,72346,331,561,26765,
344.91555184755055,72346,331,560,26766,
344.9306554873585,72346,331,559,26767,
344.944385662467,72346,330,560,26767,
344.9567254294461,72346,330,559,26768,
344.9654670526514,72346,329,560,26768,
344.9737499847125,72345,330,560,26768,
344.98343979336653,72345,330,559,26769,
344.9888314708471,72344,331,559,26769,
344.9889024368651,72344,331,558,26770,
344.99566221289035,72343,332,558,26770,
344.9998923639736,72343,331,559,26770,
345.0021669262857,72343,330,560,26770,
345.0118678483744,72343,330,559,26771,
345.0167502068921,72343,329,560,26771,
345.0195799833208,72342,330,560,26771,
345.02444289087293,72342,329,561,26771,
345.02788138909733,72341,330,561,26771,
345.02884845995857,72341,329,562,26771,
345.0305880322378,72341,329,561,26772,
345.0323649053565,72340,330,561,26772,
345.04828044151503,72340,329,562,26772,
345.05456296388735,72339,330,562,26772,
345.0596820872732,72338,331,562,26772,
345.0706512590191,72338,330,563,26772,
345.0724555217717,72337,331,563,26772,
345.0755413663121,72336,332,563,26772,
345.07657235318356,72336,332,562,26773,
345.085063436296,72336,332,561,26774,
345.0874565179822,72336,331,562,26774,
345.0934400907185,72336,331,561,26775,
345.1067340277765,72336,330,562,26775,
345.10679831633286,72336,330,561,26776,
345.10926534505427,72336,329,562,26776,
345.1186059601605,72336,328,563,26776,
345.11937220597247,72336,328,562,26777,
345.1228097888876,72336,328,561,26778,
345.1303801015673,72336,327,562,26778,
345.1388871503175,72335,328,562,26778,
345.13941131086233,72335,327,563,26778,
345.14106306197317,72335,326,564,26778,
345.14138619081496,72335,325,565,26778,
345.16969004390666,72335,325,564,26779,
345.17492940529814,72335,325,563,26780,
345.1814989899876,72335,324,564,26780,
345.18535561523976,72335,323,565,26780,
345.1883831618821,72334,324,565,26780,
345.19013450173765,72334,324,564,26781,
345.19432275046074,72333,325,564,26781,
345.2015795085072,72333,325,563,26782,
345.206420933155,72332,326,563,26782,
345.20805923663687,72331,327,563,26782,
345.2104784723082,72330,328,563,26782,
345.2257330676099,72330,327,564,26782,
345.22752392237544,72330,326,565,26782,
345.22932926613555,72330,326,564,26783,
345.23071834557965,72330,325,565,26783,
345.23220636704775,72330,325,564,26784,
345.2329628240862,72330,324,565,26784,
345.23907988673085,72330,324,564,26785,
345.24196975734947,72330,324,563,26786,
345.2475063548499,72330,323,564,26786,
345.2480382603819,72330,322,565,26786,
345.27268326198197,72329,323,565,26786,
345.27393914582325,72329,322,566,26786,
345.2830845421813,72329,322,565,26787,
345.2861329973621,72329,322,564,26788,
345.2889659465442,72328,323,564,26788,
345.29567426425575,72328,323,563,26789,
345.2983035566204,72327,324,563,26789,
345.3026269611157,72327,324,562,26790,
345.3035265577245,72327,324,561,26791,
345.31217224047236,72326,325,561,26791,
345.31288639220384,72326,325,560,26792,
345.3255371026288,72326,325,559,26793,
345.327860924326,72326,324,560,26793,
345.3348225728401,72325,325,560,26793,
345.3384547839092,72325,325,559,26794,
345.34884342309743,72324,326,559,26794,
345.34891399521774,72324,325,560,26794,
345.35768777084286,72324,324,561,26794,
345.35974953942394,72324,323,562,26794,
345.3627116307292,72324,323,561,26795,
345.3636143923704,72323,324,561,26795,
345.3714263624255,72323,324,560,26796,
345.38457006996026,72322,325,560,26796,
345.3864804353665,72321,326,560,26796,
345.38832547676634,72321,325,561,26796,
345.3894090131672,72321,324,562,26796,
345.4038582453386,72320,325,562,26796,
345.40649898728304,72320,324,563,26796,
345.4131843574406,72320,323,564,26796,
345.41531127581214,72320,323,563,26797,
345.41726856985406,72320,323,562,26798,
345.4190188351476,72320,322,563,26798,
345.41955015095857,72320,322,562,26799,
345.4259791974156,72320,321,563,26799,
345.42839069336054,72320,320,564,26799,
345.4328637870195,72320,320,563,26800,
345.43735242888914,72320,319,564,26800,
345.4393456158298,72319,320,564,26800,
345.44225177067904,72319,320,563,26801,
345.44287423914756,72318,321,563,26801,
345.45448836468233,72318,321,562,26802,
345.4680171259658,72318,320,563,26802,
345.47696946563326,72318,320,562,26803,
345.4810535834966,72318,319,563,26803,
345.4863195029217,72317,320,563,26803,
345.48957448960493,72317,319,564,26803,
345.50547333140565,72317,319,563,26804,
345.5085939291686,72317,319,562,26805,
345.5112901792625,72317,318,563,26805,
345.51219482263787,72317,318,562,26806,
345.51636518117084,72316,319,562,26806,
345.5199870178634,72316,319,561,26807,
345.5310285120675,72316,319,560,26808,
345.5368590285162,72316,318,561,26808,
345.54078348910684,72316,317,562,26808,
345.5489956589243,72315,318,562,26808,
345.59343107733355,72314,319,562,26808,
345.5995609234564,72313,320,562,26808,
345.5998452212775,72313,319,563,26808,
345.6020070697377,72313,319,562,26809,
345.60496782760447,72313,319,561,26810,
345.6100161380961,72313,319,560,26811,
345.6105739628018,72313,319,559,26812,
345.61284939984887,72312,320,559,26812,
345.61501824522634,72312,320,558,26813,
345.62362825346986,72312,319,559,26813,
345.6257409338644,72311,320,559,26813,
345.62604318165234,72311,320,558,26814,
345.6377792396772,72311,319,559,26814,
345.6449433471505,72311,318,560,26814,
345.6491554515619,72311,317,561,26814,
345.65529922145026,72311,316,562,26814,
345.65618738450553,72310,317,562,26814,
345.6607614320551,72310,316,563,26814,
345.663981062348,72309,317,563,26814,
345.68009835519837,72309,317,562,26815,
345.68960249155526,72308,318,562,26815,
345.6915759369615,72308,318,561,26816,
345.693536992721,72308,317,562,26816,
345.6940878079612,72308,316,563,26816,
345.7048714373026,72307,317,563,26816,
345.70737416943246,72306,318,563,26816,
345.7176396448267,72306,318,562,26817,
345.72436305305035,72306,318,561,26818,
345.72436592849454,72305,319,561,26818,
345.7252968703507,72305,319,560,26819,
345.73295322669696,72305,319,559,26820,
345.73317849962376,72305,318,560,26820,
345.73525470335017,72304,319,560,26820,
345.73556637613035,72304,319,559,26821,
345.73793405822965,72304,318,560,26821,
345.7414622637949,72304,317,561,26821,
345.74361887872186,72304,317,560,26822,
345.74765948604784,72304,317,559,26823,
345.75020655128696,72304,316,560,26823,
345.76232532475206,72304,316,559,26824,
345.76423079103796,72304,316,558,26825,
345.7775133294957,72304,316,557,26826,
345.7799759061069,72303,317,557,26826,
345.78062261375766,72303,316,558,26826,
345.78328291026287,72303,316,557,26827,
345.7885461704921,72303,315,558,26827,
345.82217488290144,72303,315,557,26828,
345.8243895279434,72303,315,556,26829,
345.82697993426297,72303,315,555,26830,
345.8427806790981,72302,316,555,26830,
345.8479462329551,72302,315,556,26830,
345.85011339711207,72301,316,556,26830,
345.85154683789824,72301,316,555,26831,
345.8552555672932,72301,316,554,26832,
345.856525111773,72301,316,553,26833,
345.87064456429846,72300,317,553,26833,
345.8715342008465,72299,318,553,26833,
345.8753349946155,72298,319,553,26833,
345.8833443394347,72298,318,554,26833,
345.88375477781534,72298,317,555,26833,
345.8924741093501,72298,317,554,26834,
345.89879289910283,72298,316,555,26834,
345.90202999642554,72298,315,556,26834,
345.9156136132809,72298,314,557,26834,
345.92808181980877,72298,314,556,26835,
345.93253876808365,72297,315,556,26835,
345.93606209833075,72297,315,555,26836,
345.9379162004201,72297,314,556,26836,
345.94006953856854,72296,315,556,26836,
345.9461005664636,72295,316,556,26836,
345.9466860056788,72294,317,556,26836,
345.94831238195155,72294,317,555,26837,
345.9581828475001,72294,316,556,26837,
345.96151869260734,72294,315,557,26837,
345.9655309656676,72294,315,556,26838,
345.967010547443,72294,314,557,26838,
345.9678774084995,72293,315,557,26838,
345.9700258587737,72293,315,556,26839,
345.971685106113,72292,316,556,26839,
345.97514743531565,72291,317,556,26839,
345.9824259003471,72291,316,557,26839,
345.9824972142392,72290,317,557,26839,
345.98342490218994,72290,317,556,26840,
345.9908820428507,72290,316,557,26840,
345.9919768266568,72290,316,556,26841,
345.9934509773465,72290,315,557,26841,
345.99422957676694,72290,314,558,26841,
345.99981193397986,72290,313,559,26841,
346.0076781349558,72290,313,558,26842,
346.0188237284665,72290,313,557,26843,
346.0298008983837,72289,314,557,26843,
346.0317029087828,72289,314,556,26844,
346.0450083606815,72289,314,555,26845,
346.06244655909956,72289,313,556,26845,
346.06497016763586,72288,314,556,26845,
346.0742207696388,72287,315,556,26845,
346.0805153779766,72286,316,556,26845,
346.0816872044869,72286,316,555,26846,
346.08519555222085,72286,316,554,26847,
346.1040014836214,72286,316,553,26848,
346.1074260959363,72286,316,552,26849,
346.11141558121443,72286,316,551,26850,
346.1129315667549,72285,317,551,26850,
346.12132266383117,72285,316,552,26850,
346.1218268637709,72284,317,552,26850,
346.13772217286476,72284,316,553,26850,
346.142736271022,72284,315,554,26850,
346.1531522468771,72284,314,555,26850,
346.1599106148533,72283,315,555,26850,
346.16395072222844,72283,315,554,26851,
346.17291349353746,72282,316,554,26851,
346.17908489644094,72281,317,554,26851,
346.17955764289,72281,316,555,26851,
346.18101626857884,72281,315,556,26851,
346.18303759408127,72281,314,557,26851,
346.18358620624247,72281,313,558,26851,
346.1882960488104,72280,314,558,26851,
346.18994007929166,72279,315,558,26851,
346.1917385478582,72279,314,559,26851,
346.19520123891846,72279,314,558,26852,
346.19565034130636,72279,313,559,26852,
346.1964322797901,72278,314,559,26852,
346.202323638122,72278,314,558,26853,
346.20421129015693,72278,314,557,26854,
346.2082152439481,72277,315,557,26854,
346.22077874233867,72276,316,557,26854,
346.2264782822684,72276,316,556,26855,
346.22673082435364,72276,316,555,26856,
346.2297711630066,72276,316,554,26857,
346.2303129244957,72275,317,554,26857,
346.2410112670239,72275,316,555,26857,
346.2412891085458,72275,316,554,26858,
346.2414878194652,72275,315,555,26858,
346.2483630275227,72274,316,555,26858,
346.2510578505004,72274,316,554,26859,
346.25381981886363,72274,315,555,26859,
346.26754294455196,72274,315,554,26860,
346.2811206613222,72274,314,555,26860,
346.2815236319661,72273,315,555,26860,
346.2839069677278,72273,315,554,26861,
346.29673357313897,72272,316,554,26861,
346.3022611252807,72271,317,554,26861,
346.3070970607677,72271,317,553,26862,
346.3092112097744,72271,316,554,26862,
346.313490920124,72271,316,553,26863,
346.3193824544384,72271,315,554,26863,
346.3222190774201,72271,315,553,26864,
346.3232347363314,72271,314,554,26864,
346.3410960292079,72271,314,553,26865,
346.3434273734285,72270,315,553,26865,
346.35405956613187,72270,315,552,26866,
346.35515764390306,72270,314,553,26866,
346.3587667832543,72270,313,554,26866,
346.38369535910425,72269,314,554,26866,
346.39080595887685,72269,314,553,26867,
346.39118458230234,72269,314,552,26868,
346.3935871011456,72268,315,552,26868,
346.3968663971377,72267,316,552,26868,
346.40270032861855,72267,316,551,26869,
346.42438952065345,72267,316,550,26870,
346.4252841047364,72267,316,549,26871,
346.44386355107486,72267,315,550,26871,
346.44421316511034,72266,316,550,26871,
346.4449551163127,72266,316,549,26872,
346.44586735853926,72266,316,548,26873,
346.4515802307659,72266,316,547,26874,
346.45805699599794,72266,315,548,26874,
346.46367215020797,72266,314,549,26874,
346.4693662017157,72265,315,549,26874,
346.47117261090636,72264,316,549,26874,
346.47515550128037,72264,315,550,26874,
346.4796098618105,72263,316,550,26874,
346.48947204831836,72263,316,549,26875,
346.49394259858116,72263,315,550,26875,
346.49439947668196,72263,314,551,26875,
346.5046121542971,72263,313,552,26875,
346.5154452081503,72262,314,552,26875,
346.5208985480547,72261,315,552,26875,
346.5344330551973,72260,316,552,26875,
346.5355791435817,72260,315,553,26875,
346.53770661835046,72260,314,554,26875,
346.5382137463249,72260,314,553,26876,
346.5408286878046,72260,313,554,26876,
346.54787459366804,72259,314,554,26876,
346.55055194833733,72259,313,555,26876,
346.5575882725154,72259,312,556,26876,
346.561553942073,72259,312,555,26877,
346.5642755062669,72259,311,556,26877,
346.5813790117375,72258,312,556,26877,
346.59222024396047,72258,312,555,26878,
346.6056380713701,72257,313,555,26878,
346.6073141243119,72257,312,556,26878,
346.61325105528863,72257,311,557,26878,
346.63436877337983,72256,312,557,26878,
346.63673372549283,72256,312,556,26879,
346.6374690321283,72256,311,557,26879,
346.6463288168094,72256,310,558,26879,
346.6610332174261,72256,309,559,26879,
346.6673003071553,72256,308,560,26879,
346.67397144468765,72256,308,559,26880,
346.6817249750267,72255,309,559,26880,
346.6850409592473,72255,309,558,26881,
346.689278481046,72254,310,558,26881,
346.69449552818446,72254,310,557,26882,
346.70605357309904,72254,310,556,26883,
346.71634018342394,72254,309,557,26883,
346.7190773570413,72254,309,556,26884,
346.7216501616399,72254,309,555,26885,
346.72880366073036,72254,308,556,26885,
346.7328677122762,72253,309,556,26885,
346.7445575046727,72253,309,555,26886,
346.7481564936404,72253,309,554,26887,
346.7520039768646,72253,309,553,26888,
346.7520702138283,72253,308,554,26888,
346.75313665370646,72252,309,554,26888,
346.7552725514287,72252,308,555,26888,
346.7559736296208,72252,307,556,26888,
346.7623076605323,72251,308,556,26888,
346.7656499731071,72251,308,555,26889,
346.766577923437,72250,309,555,26889,
346.76938203701656,72250,309,554,26890,
346.77102036864295,72250,308,555,26890,
346.7716666692029,72250,308,554,26891,
346.77800729591456,72250,308,553,26892,
346.7828089457505,72249,309,553,26892,
346.78925952183533,72249,308,554,26892,
346.7973898021706,72249,307,555,26892,
346.8022109546548,72249,307,554,26893,
346.8126606119707,72249,306,555,26893,
346.81417142909885,72248,307,555,26893,
346.8241809455789,72248,307,554,26894,
346.82818832584707,72248,307,553,26895,
346.82830436870796,72248,306,554,26895,
346.8406485020257,72248,306,553,26896,
346.8429670898182,72247,307,553,26896,
346.8474945860723,72247,306,554,26896,
346.84789416631526,72247,306,553,26897,
346.84827251744974,72247,305,554,26897,
346.84834023554146,72247,304,555,26897,
346.8495171005883,72247,303,556,26897,
346.85745781470405,72246,304,556,26897,
346.85827600513215,72246,303,557,26897,
346.85867982033,72246,302,558,26897,
346.8605221678421,72246,302,557,26898,
346.86567754574264,72246,302,556,26899,
346.8657466742518,72246,302,555,26900,
346.868080428231,72246,301,556,26900,
346.8702847192095,72246,301,555,26901,
346.88084851493943,72246,301,554,26902,
346.89399101066164,72245,302,554,26902,
346.9318260871871,72244,303,554,26902,
346.9383534884543,72243,304,554,26902,
346.9505061976392,72243,304,553,26903,
346.95154968348834,72242,305,553,26903,
346.952220689825,72242,304,554,26903,
346.953570438692,72241,305,554,26903,
346.9613295091235,72240,306,554,26903,
346.9641359115606,72240,305,555,26903,
346.96736846428627,72240,304,556,26903,
346.9882665844654,72239,305,556,26903,
346.9889742955684,72239,304,557,26903,
346.98935319302825,72239,303,558,26903,
346.99099886759774,72238,304,558,26903,
347.00273370250795,72238,303,559,26903,
347.00507798387326,72238,302,560,26903,
347.01373731170986,72237,303,560,26903,
347.01413809670106,72237,303,559,26904,
347.02355307527904,72236,304,559,26904,
347.02854100910434,72235,305,559,26904,
347.03256207318,72234,306,559,26904,
347.0362725011287,72234,305,560,26904,
347.0385060961364,72234,305,559,26905,
347.03899164458034,72234,304,560,26905,
347.04028909895186,72234,304,559,26906,
347.046237079585,72234,303,560,26906,
347.05261830092024,72234,302,561,26906,
347.056350305815,72233,303,561,26906,
347.0609503332305,72233,302,562,26906,
347.06152339593194,72233,301,563,26906,
347.06600303929923,72233,301,562,26907,
347.06807661327736,72232,302,562,26907,
347.0892612899572,72232,301,563,26907,
347.0893903818336,72231,302,563,26907,
347.0920038369102,72230,303,563,26907,
347.0952643467366,72230,303,562,26908,
347.09615608696004,72230,302,563,26908,
347.0996313689303,72230,302,562,26909,
347.10424667477264,72230,302,561,26910,
347.11118844819987,72230,302,560,26911,
347.1144494131765,72229,303,560,26911,
347.11744526240716,72228,304,560,26911,
347.1241051828491,72228,304,559,26912,
347.12433362624427,72228,304,558,26913,
347.1332416041263,72227,305,558,26913,
347.1345916574835,72227,304,559,26913,
347.1365858433635,72227,303,560,26913,
347.14133325096657,72226,304,560,26913,
347.160668654078,72226,303,561,26913,
347.1675560489372,72225,304,561,26913,
347.16901121411377,72224,305,561,26913,
347.1751612394974,72224,305,560,26914,
347.1798825883134,72224,305,559,26915,
347.1860755348737,72224,305,558,26916,
347.18941125655476,72224,304,559,26916,
347.1972059133974,72224,303,560,26916,
347.20675431310553,72224,303,559,26917,
347.20915088631574,72224,303,558,26918,
347.22026972411584,72224,303,557,26919,
347.22124930898343,72224,303,556,26920,
347.2261205901582,72224,302,557,26920,
347.23092835930873,72224,302,556,26921,
347.2346121426136,72223,303,556,26921,
347.2434807662047,72222,304,556,26921,
347.25320828207356,72222,303,557,26921,
347.2577704182841,72222,303,556,26922,
347.27264940448083,72222,302,557,26922,
347.2824574388617,72222,302,556,26923,
347.29196894687146,72222,302,555,26924,
347.29681426478083,72222,302,554,26925,
347.3027568821039,72222,302,553,26926,
347.30734272711925,72222,302,552,26927,
347.3095792584073,72222,301,553,26927,
347.3163756163483,72222,300,554,26927,
347.3200665157998,72222,299,555,26927,
347.32293657408826,72221,300,555,26927,
347.33264114726865,72221,299,556,26927,
347.3349581373505,72220,300,556,26927,
347.3359434396146,72220,300,555,26928,
347.3433256230107,72219,301,555,26928,
347.3443533456926,72218,302,555,26928,
347.3489879405773,72218,301,556,26928,
347.35511689944127,72218,301,555,26929,
347.360721163545,72217,302,555,26929,
347.3740034990921,72216,303,555,26929,
347.4012348400564,72215,304,555,26929,
347.40427637530706,72215,303,556,26929,
347.42146617881514,72215,303,555,26930,
347.4256143461094,72215,303,554,26931,
347.42601018164663,72215,302,555,26931,
347.4268884961646,72214,303,555,26931,
347.432393085844,72214,303,554,26932,
347.43475119357447,72213,304,554,26932,
347.4355478795638,72212,305,554,26932,
347.43962606865534,72211,306,554,26932,
347.4500488635927,72211,306,553,26933,
347.4682132214463,72211,305,554,26933,
347.47170891632686,72211,305,553,26934,
347.4767785937587,72211,305,552,26935,
347.4816914117697,72211,304,553,26935,
347.48599744854744,72211,303,554,26935,
347.4933880795121,72210,304,554,26935,
347.51695754351636,72210,304,553,26936,
347.51696201025004,72210,304,552,26937,
347.5199521944533,72210,303,553,26937,
347.5228457105497,72210,302,554,26937,
347.5338414805181,72210,301,555,26937,
347.53462413558714,72210,301,554,26938,
347.53813411838127,72210,301,553,26939,
347.5389116226159,72210,301,552,26940,
347.54109977824095,72210,300,553,26940,
347.55186532986806,72209,301,553,26940,
347.56284137164397,72209,300,554,26940,
347.565745034424,72209,299,555,26940,
347.56969666593886,72208,300,555,26940,
347.5719744968982,72208,299,556,26940,
347.5735205625566,72208,298,557,26940,
347.5749225429434,72208,297,558,26940,
347.5802417269652,72208,297,557,26941,
347.6007905559696,72208,296,558,26941,
347.6095382712638,72208,296,557,26942,
347.61154551729356,72207,297,557,26942,
347.61338239842144,72207,296,558,26942,
347.61496672659365,72207,295,559,26942,
347.61928718125296,72206,296,559,26942,
347.62237094936125,72206,295,560,26942,
347.6276178449744,72206,294,561,26942,
347.6286442112807,72206,293,562,26942,
347.62916119638794,72205,294,562,26942,
347.63120999077614,72205,294,561,26943,
347.6312532313865,72204,295,561,26943,
347.642484143747,72204,295,560,26944,
347.65822189605956,72203,296,560,26944,
347.67080607966994,72203,295,561,26944,
347.674794029645,72203,295,560,26945,
347.68329669681225,72202,296,560,26945,
347.68646852245917,72202,295,561,26945,
347.7028181834907,72202,295,560,26946,
347.72049000800735,72201,296,560,26946,
347.7230017681517,72201,296,559,26947,
347.7242973277421,72200,297,559,26947,
347.72559295637797,72200,296,560,26947,
347.7327535175584,72199,297,560,26947,
347.74367613910454,72199,296,561,26947,
347.75019723504016,72198,297,561,26947,
347.75580019792255,72198,297,560,26948,
347.7603465787089,72198,296,561,26948,
347.7638695077876,72198,295,562,26948,
347.7652603928094,72198,295,561,26949,
347.7705982219114,72198,295,560,26950,
347.77872063850447,72198,295,559,26951,
347.78068762680846,72198,294,560,26951,
347.78776952601277,72198,294,559,26952,
347.7888723043955,72197,295,559,26952,
347.7908354963149,72197,295,558,26953,
347.7981766918568,72197,294,559,26953,
347.8089876154173,72197,293,560,26953,
347.81075269958814,72197,292,561,26953,
347.815040123444,72196,293,561,26953,
347.81984708341815,72196,293,560,26954,
347.8201282976855,72195,294,560,26954,
347.8227021959505,72194,295,560,26954,
347.8303818888184,72193,296,560,26954,
347.8396018181952,72192,297,560,26954,
347.84197589271514,72191,298,560,26954,
347.84485134648537,72190,299,560,26954,
347.85004184027025,72189,300,560,26954,
347.85033621510235,72189,299,561,26954,
347.85215368668383,72188,300,561,26954,
347.8541663064211,72188,300,560,26955,
347.85483384855524,72187,301,560,26955,
347.8558828784102,72187,301,559,26956,
347.85612449098903,72187,301,558,26957,
347.8586462791123,72187,301,557,26958,
347.8706330122493,72186,302,557,26958,
347.88241647188556,72185,303,557,26958,
347.89270252543065,72185,303,556,26959,
347.8978745446076,72185,302,557,26959,
347.8980190429101,72184,303,557,26959,
347.89988245443703,72183,304,557,26959,
347.9065146544575,72183,303,558,26959,
347.9167033695251,72183,303,557,26960,
347.94418787303255,72183,303,556,26961,
347.96076118243576,72183,303,555,26962,
347.9644561171759,72183,303,554,26963,
347.9646641455117,72183,302,555,26963,
347.96529435410355,72183,301,556,26963,
347.96790780570336,72183,300,557,26963,
347.9736620223303,72183,300,556,26964,
347.975134193276,72182,301,556,26964,
347.98073238679956,72182,300,557,26964,
347.982628695223,72181,301,557,26964,
347.98896732953574,72181,300,558,26964,
347.9991469497302,72181,300,557,26965,
348.0032251666544,72180,301,557,26965,
348.00453631062794,72179,302,557,26965,
348.01275937401897,72178,303,557,26965,
348.020807360746,72178,302,558,26965,
348.0281297070615,72178,302,557,26966,
348.03425824374307,72178,302,556,26967,
348.0493910772851,72177,303,556,26967,
348.04951352057924,72177,303,555,26968,
348.05252549580575,72177,302,556,26968,
348.05609486941677,72177,301,557,26968,
348.0638498916317,72177,301,556,26969,
348.07318382411614,72176,302,556,26969,
348.0789053340533,72176,301,557,26969,
348.08053371582713,72176,300,558,26969,
348.081774748399,72176,299,559,26969,
348.0974688878913,72176,299,558,26970,
348.10581415723766,72175,300,558,26970,
348.10933019043256,72175,300,557,26971,
348.11636551587253,72175,299,558,26971,
348.11649493820573,72174,300,558,26971,
348.1334824739816,72173,301,558,26971,
348.13747718630526,72173,300,559,26971,
348.1383912546905,72173,299,560,26971,
348.1407842690824,72173,298,561,26971,
348.1414198382999,72173,298,560,26972,
348.1433545849754,72172,299,560,26972,
348.1465223549134,72172,298,561,26972,
348.1468566784032,72171,299,561,26972,
348.14901266297176,72170,300,561,26972,
348.159832850041,72169,301,561,26972,
348.1753328360777,72168,302,561,26972,
348.1766820992885,72168,301,562,26972,
348.18301377691375,72167,302,562,26972,
348.18618908778666,72166,303,562,26972,
348.19010375533657,72165,304,562,26972,
348.196859545009,72165,303,563,26972,
348.2053194736676,72165,302,564,26972,
348.2075486288895,72164,303,564,26972,
348.2099052058443,72163,304,564,26972,
348.2120184007401,72162,305,564,26972,
348.21282760560615,72162,305,563,26973,
348.2183812632056,72161,306,563,26973,
348.23007788314465,72160,307,563,26973,
348.23156811417846,72160,306,564,26973,
348.2340174651607,72160,305,565,26973,
348.23687093051973,72160,305,564,26974,
348.2388365449983,72160,305,563,26975,
348.2393323994383,72159,306,563,26975,
348.2407409800152,72158,307,563,26975,
348.2530247529694,72158,306,564,26975,
348.2563859578681,72158,305,565,26975,
348.2568493130341,72158,304,566,26975,
348.26133107161456,72157,305,566,26975,
348.2778036705654,72157,305,565,26976,
348.28277562906567,72156,306,565,26976,
348.28993666355706,72155,307,565,26976,
348.2915170023943,72154,308,565,26976,
348.3054866207246,72154,307,566,26976,
348.305733561533,72154,306,567,26976,
348.3065420212384,72153,307,567,26976,
348.311498052184,72153,306,568,26976,
348.32015662350267,72153,305,569,26976,
348.3209265951882,72152,306,569,26976,
348.32404348942123,72152,305,570,26976,
348.3243540660579,72152,304,571,26976,
348.3287150391622,72152,303,572,26976,
348.3316732178934,72152,303,571,26977,
348.33802461205863,72152,302,572,26977,
348.35880563172316,72152,302,571,26978,
348.35883236882665,72152,302,570,26979,
348.35887316580295,72152,301,571,26979,
348.36853157246054,72152,300,572,26979,
348.3716998313165,72152,300,571,26980,
348.3756367639146,72151,301,571,26980,
348.377166110871,72151,301,570,26981,
348.3792287325202,72151,300,571,26981,
348.3834177549698,72151,300,570,26982,
348.3844291059791,72151,299,571,26982,
348.38824342255805,72150,300,571,26982,
348.39058115664284,72149,301,571,26982,
348.39813256037763,72149,301,570,26983,
348.4020365364646,72149,301,569,26984,
348.40649376319186,72149,301,568,26985,
348.4072954796531,72148,302,568,26985,
348.40944755908527,72147,303,568,26985,
348.4119480966666,72147,302,569,26985,
348.4135333433971,72146,303,569,26985,
348.42429572178855,72145,304,569,26985,
348.42508134206264,72144,305,569,26985,
348.42787468000233,72144,305,568,26986,
348.4419203333063,72143,306,568,26986,
348.4480266217178,72143,306,567,26987,
348.4542065591048,72143,306,566,26988,
348.4549713920349,72142,307,566,26988,
348.4640025769459,72142,306,567,26988,
348.4652310635609,72142,305,568,26988,
348.4693648443359,72142,304,569,26988,
348.4703018828843,72142,304,568,26989,
348.4767120506532,72141,305,568,26989,
348.4770109263293,72141,305,567,26990,
348.48053518008896,72141,304,568,26990,
348.4829680127119,72141,304,567,26991,
348.488675474225,72141,304,566,26992,
348.48895964642304,72140,305,566,26992,
348.489455449593,72140,305,565,26993,
348.4906972776451,72140,304,566,26993,
348.49141807407227,72139,305,566,26993,
348.50761223696594,72138,306,566,26993,
348.51318317044064,72137,307,566,26993,
348.5217627826379,72137,307,565,26994,
348.52195699601333,72137,307,564,26995,
348.5292634684289,72137,307,563,26996,
348.5802120613577,72136,308,563,26996,
348.5912562884638,72136,307,564,26996,
348.62472585628865,72136,306,565,26996,
348.62848757367567,72135,307,565,26996,
348.66350016057265,72135,307,564,26997,
348.66406367372497,72134,308,564,26997,
348.66648558044443,72134,307,565,26997,
348.6694909360871,72134,306,566,26997,
348.6766793463573,72134,306,565,26998,
348.6774065240583,72134,306,564,26999,
348.68281081563066,72133,307,564,26999,
348.68338842030073,72133,307,563,27000,
348.7022380472636,72133,307,562,27001,
348.70674794449275,72133,307,561,27002,
348.70765849185966,72133,306,562,27002,
348.7125324654897,72132,307,562,27002,
348.7195054898654,72131,308,562,27002,
348.720156147151,72130,309,562,27002,
348.72370989770786,72130,308,563,27002,
348.7241145769463,72130,307,564,27002,
348.73009053551704,72130,307,563,27003,
348.7334569099933,72130,307,562,27004,
348.7378985477186,72129,308,562,27004,
348.73949767974864,72129,307,563,27004,
348.7533116782127,72129,306,564,27004,
348.75396977052924,72129,306,563,27005,
348.7585582104803,72129,306,562,27006,
348.7599791929586,72129,305,563,27006,
348.7603590493455,72129,304,564,27006,
348.76064244303296,72129,303,565,27006,
348.7725874265966,72129,302,566,27006,
348.7736137484094,72129,302,565,27007,
348.7783074324097,72128,303,565,27007,
348.7816980238064,72127,304,565,27007,
348.7819275791843,72127,304,564,27008,
348.788869109678,72127,303,565,27008,
348.78996671747893,72127,303,564,27009,
348.79412219782705,72127,302,565,27009,
348.8108170595129,72127,301,566,27009,
348.81284806278177,72127,301,565,27010,
348.8155152249659,72127,301,564,27011,
348.81864806426324,72127,300,565,27011,
348.8198121625319,72126,301,565,27011,
348.8253443863334,72126,300,566,27011,
348.8268850414132,72126,300,565,27012,
348.8382689706495,72125,301,565,27012,
348.84286194546473,72125,301,564,27013,
348.84481235708336,72125,300,565,27013,
348.8479394009766,72125,299,566,27013,
348.8708165489254,72124,300,566,27013,
348.87195792645275,72123,301,566,27013,
348.8789605372134,72122,302,566,27013,
348.8818884554678,72122,301,567,27013,
348.8872504660342,72122,301,566,27014,
348.8968715358717,72122,301,565,27015,
348.90811044622944,72121,302,565,27015,
348.9091458410239,72121,301,566,27015,
348.92180709744383,72121,301,565,27016,
348.93417192043273,72120,302,565,27016,
348.9357624840329,72119,303,565,27016,
348.9411173442731,72119,303,564,27017,
348.9414891367943,72118,304,564,27017,
348.949383083655,72117,305,564,27017,
348.9494929282222,72116,306,564,27017,
348.95259269107765,72115,307,564,27017,
348.95521493916465,72114,308,564,27017,
348.96933844825037,72114,307,565,27017,
348.97127306158666,72114,306,566,27017,
348.97673191413674,72113,307,566,27017,
348.98950097897,72113,307,565,27018,
348.9917511498705,72112,308,565,27018,
348.99424729748654,72111,309,565,27018,
349.000206901308,72111,309,564,27019,
349.0044474015883,72110,310,564,27019,
349.02264327420966,72110,309,565,27019,
349.0256154898952,72109,310,565,27019,
349.03194451889664,72109,309,566,27019,
349.03267629793635,72108,310,566,27019,
349.0390674691522,72108,309,567,27019,
349.04191570378646,72108,308,568,27019,
349.0528631449122,72108,307,569,27019,
349.0551723671927,72108,307,568,27020,
349.0558776150469,72108,306,569,27020,
349.0633854951383,72108,306,568,27021,
349.064493017529,72108,306,567,27022,
349.0708879080376,72108,306,566,27023,
349.0783111377124,72108,305,567,27023,
349.0790314087426,72108,305,566,27024,
349.0905417273446,72108,305,565,27025,
349.11414873313197,72108,305,564,27026,
349.13879463593105,72108,304,565,27026,
349.1390756389011,72108,304,564,27027,
349.13908898694666,72108,303,565,27027,
349.1445398663279,72108,303,564,27028,
349.1590767064507,72107,304,564,27028,
349.15992145161323,72107,303,565,27028,
349.1660787579433,72107,303,564,27029,
349.1694487174196,72107,302,565,27029,
349.18672344221864,72107,302,564,27030,
349.2013587553058,72107,302,563,27031,
349.20427984364545,72107,301,564,27031,
349.20448149838415,72106,302,564,27031,
349.2142329857482,72106,302,563,27032,
349.24150434788686,72105,303,563,27032,
349.2423195168236,72104,304,563,27032,
349.2475179653861,72103,305,563,27032,
349.24959630839993,72103,305,562,27033,
349.2620947843715,72102,306,562,27033,
349.26338311903424,72101,307,562,27033,
349.26392055862766,72101,307,561,27034,
349.26701747986414,72101,306,562,27034,
349.2865293956323,72101,305,563,27034,
349.30083243837225,72101,305,562,27035,
349.31261519215093,72101,305,561,27036,
349.334501212838,72100,306,561,27036,
349.33717578406004,72100,306,560,27037,
349.3389424965075,72100,305,561,27037,
349.34341529282005,72100,305,560,27038,
349.34576624874086,72100,305,559,27039,
349.34625121696655,72100,305,558,27040,
349.35114227106135,72100,305,557,27041,
349.35140858234064,72100,304,558,27041,
349.3518050425708,72099,305,558,27041,
349.3546185327743,72099,305,557,27042,
349.38854229875847,72099,305,556,27043,
349.4051920278478,72099,304,557,27043,
349.4147597168344,72099,304,556,27044,
349.42847443342595,72099,303,557,27044,
349.43048126528925,72099,302,558,27044,
349.43277585271346,72098,303,558,27044,
349.44002469684443,72098,303,557,27045,
349.44408826880436,72098,302,558,27045,
349.4446775787875,72098,301,559,27045,
349.4466680776059,72098,300,560,27045,
349.4467221869607,72097,301,560,27045,
349.46440472314697,72096,302,560,27045,
349.4705999566585,72096,302,559,27046,
349.48027005795444,72096,302,558,27047,
349.48255748568374,72095,303,558,27047,
349.485734335074,72095,303,557,27048,
349.4937399066965,72094,304,557,27048,
349.49503958011934,72094,303,558,27048,
349.5017125726896,72094,303,557,27049,
349.5077586579849,72093,304,557,27049,
349.515113232635,72092,305,557,27049,
349.52349062497893,72092,305,556,27050,
349.53102861137177,72092,305,555,27051,
349.54330283230536,72091,306,555,27051,
349.5620846982033,72091,306,554,27052,
349.56471609916497,72091,306,553,27053,
349.5751855213408,72091,306,552,27054,
349.575525194035,72091,306,551,27055,
349.5762747485263,72091,306,550,27056,
349.5777234589842,72091,305,551,27056,
349.58358370595687,72091,305,550,27057,
349.58664096759753,72090,306,550,27057,
349.59423309967855,72090,306,549,27058,
349.59661506287125,72090,306,548,27059,
349.6050810769979,72089,307,548,27059,
349.6058035030604,72089,306,549,27059,
349.6072218306062,72089,306,548,27060,
349.6141026126666,72089,305,549,27060,
349.6176726687973,72089,304,550,27060,
349.6223874343581,72088,305,550,27060,
349.6330684320466,72088,304,551,27060,
349.64067597743275,72088,304,550,27061,
349.6516990742309,72087,305,550,27061,
349.65255101881155,72087,304,551,27061,
349.6575040129591,72087,304,550,27062,
349.66160860489146,72086,305,550,27062,
349.6769693211454,72086,304,551,27062,
349.6824714257042,72086,303,552,27062,
349.68656987983604,72085,304,552,27062,
349.6911274166854,72085,303,553,27062,
349.70674630254246,72085,303,552,27063,
349.7077193847799,72085,303,551,27064,
349.712036394893,72085,302,552,27064,
349.7120401883053,72084,303,552,27064,
349.7144447765295,72084,303,551,27065,
349.7204109445433,72084,302,552,27065,
349.7239281284784,72084,302,551,27066,
349.7287074861662,72084,302,550,27067,
349.72999469981664,72083,303,550,27067,
349.73179522285346,72083,302,551,27067,
349.7363948962057,72083,302,550,27068,
349.73697623213206,72082,303,550,27068,
349.74310341584413,72082,302,551,27068,
349.7438075515193,72082,301,552,27068,
349.74852892576695,72082,300,553,27068,
349.75328707762066,72082,300,552,27069,
349.754460438407,72081,301,552,27069,
349.75959428992326,72081,301,551,27070,
349.7689695104539,72081,300,552,27070,
349.77628110659805,72081,299,553,27070,
349.7770309201196,72080,300,553,27070,
349.77838665358115,72079,301,553,27070,
349.7856807494394,72078,302,553,27070,
349.7945986447774,72077,303,553,27070,
349.8135214505884,72076,304,553,27070,
349.81435125559057,72076,303,554,27070,
349.81806116993664,72076,303,553,27071,
349.8190165136269,72076,302,554,27071,
349.8217764518611,72075,303,554,27071,
349.82280534220416,72075,302,555,27071,
349.82711969992187,72074,303,555,27071,
349.83140505661095,72073,304,555,27071,
349.84037309088114,72073,303,556,27071,
349.8437141293596,72072,304,556,27071,
349.84769298494575,72072,304,555,27072,
349.84980922963393,72071,305,555,27072,
349.8579421894066,72071,305,554,27073,
349.8597790086845,72070,306,554,27073,
349.8639416072456,72070,305,555,27073,
349.86557518969715,72069,306,555,27073,
349.87580179983706,72068,307,555,27073,
349.8760748738426,72068,306,556,27073,
349.87692058977444,72067,307,556,27073,
349.8837619382242,72067,306,557,27073,
349.89139901558633,72066,307,557,27073,
349.89688425221556,72065,308,557,27073,
349.899955966584,72065,308,556,27074,
349.90678923270985,72065,308,555,27075,
349.9140385714447,72064,309,555,27075,
349.91957274059246,72063,310,555,27075,
349.9251378259608,72062,311,555,27075,
349.9288327369604,72062,311,554,27076,
349.93191677734035,72062,310,555,27076,
349.9417168453541,72062,309,556,27076,
349.942462276818,72062,309,555,27077,
349.9449609046427,72061,310,555,27077,
349.9525119716733,72060,311,555,27077,
349.9559670684599,72060,311,554,27078,
349.96366974648095,72060,310,555,27078,
349.972178455232,72060,309,556,27078,
349.9780465349134,72060,309,555,27079,
349.98621512661015,72059,310,555,27079,
349.99321953719306,72059,310,554,27080,
349.995138113565,72059,310,553,27081,
349.9969122874987,72059,310,552,27082,
349.99940549570204,72058,311,552,27082,
350.0060998535296,72058,310,553,27082,
350.01296293435206,72058,310,552,27083,
350.0141492744598,72058,310,551,27084,
350.01653909967774,72058,310,550,27085,
350.03292897760224,72058,309,551,27085,
350.03623192232664,72058,309,550,27086,
350.03630408039277,72057,310,550,27086,
350.0374495231525,72056,311,550,27086,
350.0385777877213,72056,311,549,27087,
350.05665106169715,72056,310,550,27087,
350.0609091321257,72055,311,550,27087,
350.0703318266782,72054,312,550,27087,
350.10367424292303,72054,312,549,27088,
350.10811564775474,72053,313,549,27088,
350.1090479224714,72052,314,549,27088,
350.1096480270502,72051,315,549,27088,
350.111964142534,72051,314,550,27088,
350.11201721776666,72050,315,550,27088,
350.11549681599354,72050,314,551,27088,
350.1223025986205,72049,315,551,27088,
350.12603694678927,72049,314,552,27088,
350.12975352100455,72049,314,551,27089,
350.13379048893347,72049,313,552,27089,
350.1365563828044,72049,312,553,27089,
350.13951103023766,72049,312,552,27090,
350.14060491051765,72049,311,553,27090,
350.1488067208338,72049,311,552,27091,
350.1567854364386,72048,312,552,27091,
350.16217843416086,72048,311,553,27091,
350.1648615987494,72047,312,553,27091,
350.1650746060266,72047,312,552,27092,
350.18285081021975,72047,311,553,27092,
350.2124084559322,72047,310,554,27092,
350.21320396966536,72047,309,555,27092,
350.2149719844068,72046,310,555,27092,
350.22494634468137,72046,309,556,27092,
350.2261865759038,72046,309,555,27093,
350.23588635382356,72046,308,556,27093,
350.23978104416176,72046,307,557,27093,
350.26124735629446,72046,306,558,27093,
350.2662365920397,72045,307,558,27093,
350.2698494906126,72045,307,557,27094,
350.28292128037083,72045,307,556,27095,
350.28326476634624,72044,308,556,27095,
350.2900016218359,72044,307,557,27095,
350.29823165509697,72044,307,556,27096,
350.30091399872646,72044,306,557,27096,
350.31580289737747,72044,306,556,27097,
350.3196994956026,72044,306,555,27098,
350.32490905586354,72044,305,556,27098,
350.3309264307991,72044,304,557,27098,
350.33431748902365,72043,305,557,27098,
350.3396308512931,72043,304,558,27098,
350.3479771921333,72043,303,559,27098,
350.35047475263195,72043,302,560,27098,
350.3521925377606,72042,303,560,27098,
350.35678587371166,72042,302,561,27098,
350.3611003037558,72041,303,561,27098,
350.3724076108504,72041,302,562,27098,
350.37330886323593,72041,301,563,27098,
350.37784218401794,72041,300,564,27098,
350.382151807367,72041,300,563,27099,
350.3838457054203,72041,299,564,27099,
350.384087302032,72041,299,563,27100,
350.39369129793255,72041,298,564,27100,
350.3989196990554,72040,299,564,27100,
350.4030462949893,72040,298,565,27100,
350.4163148911128,72039,299,565,27100,
350.4208039527132,72039,298,566,27100,
350.4208613627356,72039,298,565,27101,
350.4211777488186,72039,298,564,27102,
350.4248069759033,72038,299,564,27102,
350.4324513686307,72038,299,563,27103,
350.43604209386507,72037,300,563,27103,
350.4497265809992,72036,301,563,27103,
350.45174876861427,72036,301,562,27104,
350.4545392001279,72035,302,562,27104,
350.45978634808233,72034,303,562,27104,
350.46053515773076,72033,304,562,27104,
350.46610954618944,72033,303,563,27104,
350.47417552234555,72032,304,563,27104,
350.4957469532523,72031,305,563,27104,
350.4979086466532,72030,306,563,27104,
350.50488566349577,72030,306,562,27105,
350.5057229374684,72030,306,561,27106,
350.50603986760507,72030,305,562,27106,
350.5102167027237,72030,304,563,27106,
350.5111469114089,72030,303,564,27106,
350.5134206896136,72030,303,563,27107,
350.52126527470216,72029,304,563,27107,
350.5239113874223,72029,303,564,27107,
350.52522770899884,72028,304,564,27107,
350.5253186391575,72028,303,565,27107,
350.52831680944587,72028,303,564,27108,
350.53518283896875,72027,304,564,27108,
350.54439865142785,72027,304,563,27109,
350.55212494563375,72027,303,564,27109,
350.5576500973174,72026,304,564,27109,
350.55771194080666,72025,305,564,27109,
350.5632465222267,72025,305,563,27110,
350.566576773609,72025,305,562,27111,
350.5725383007097,72025,305,561,27112,
350.5784820013308,72025,304,562,27112,
350.5786357838065,72024,305,562,27112,
350.5806104715915,72023,306,562,27112,
350.5815245560452,72023,305,563,27112,
350.5862802251228,72023,305,562,27113,
350.58649259314467,72022,306,562,27113,
350.6143462972697,72021,307,562,27113,
350.6170063294588,72020,308,562,27113,
350.61828932781174,72020,308,561,27114,
350.63055151768174,72019,309,561,27114,
350.63092936062645,72018,310,561,27114,
350.6338540486701,72018,310,560,27115,
350.645957632036,72018,309,561,27115,
350.64701230405996,72018,308,562,27115,
350.6491816298823,72018,308,561,27116,
350.6516417171674,72018,308,560,27117,
350.6533718768498,72018,308,559,27118,
350.6554870517041,72018,307,560,27118,
350.65855425938247,72018,306,561,27118,
350.6589437455199,72017,307,561,27118,
350.6626166327055,72016,308,561,27118,
350.66541811479044,72016,308,560,27119,
350.66576172347584,72016,308,559,27120,
350.66791876460775,72015,309,559,27120,
350.6703320269308,72015,308,560,27120,
350.6801853934141,72015,308,559,27121,
350.682073059833,72015,307,560,27121,
350.70444090704547,72015,307,559,27122,
350.7063407661733,72014,308,559,27122,
350.7079002635255,72014,307,560,27122,
350.7167421181886,72014,307,559,27123,
350.72149342036596,72014,306,560,27123,
350.7253652304345,72014,305,561,27123,
350.7282807245493,72014,304,562,27123,
350.7332861162195,72014,304,561,27124,
350.7443840106361,72014,303,562,27124,
350.7461093062959,72014,302,563,27124,
350.7461331909853,72013,303,563,27124,
350.7507883594403,72013,303,562,27125,
350.75331629065874,72013,302,563,27125,
350.75779136115904,72012,303,563,27125,
350.7591836097302,72012,302,564,27125,
350.7657353665916,72012,302,563,27126,
350.7769361712281,72012,301,564,27126,
350.78047408511736,72012,301,563,27127,
350.78083831247704,72011,302,563,27127,
350.78243400493767,72010,303,563,27127,
350.78408284753704,72009,304,563,27127,
350.7855736728528,72009,303,564,27127,
350.7872189109033,72009,303,563,27128,
350.7936766252414,72008,304,563,27128,
350.7960484586068,72008,304,562,27129,
350.80452519798354,72008,304,561,27130,
350.8163146952867,72008,303,562,27130,
350.8171344645012,72008,303,561,27131,
350.826863060978,72008,303,560,27132,
350.83558803483623,72008,302,561,27132,
350.84103799183055,72007,303,561,27132,
350.8426312567472,72007,302,562,27132,
350.8460841012506,72006,303,562,27132,
350.85014341211706,72006,303,561,27133,
350.85659036204,72006,303,560,27134,
350.8610595791807,72005,304,560,27134,
350.86230610980675,72004,305,560,27134,
350.8644452982049,72003,306,560,27134,
350.86615866271654,72003,305,561,27134,
350.8672837812447,72002,306,561,27134,
350.8686409207622,72001,307,561,27134,
350.87349753220184,72000,308,561,27134,
350.8753294319165,72000,308,560,27135,
350.87831910032145,72000,307,561,27135,
350.8817972559739,72000,307,560,27136,
350.89966175798094,72000,306,561,27136,
350.9185077012227,71999,307,561,27136,
350.91853190799446,71999,307,560,27137,
350.9189058630598,71998,308,560,27137,
350.92065171863305,71997,309,560,27137,
350.92109835408326,71997,309,559,27138,
350.93315458055497,71997,308,560,27138,
350.9355180321759,71997,307,561,27138,
350.94506162466814,71997,306,562,27138,
350.9492012409491,71997,305,563,27138,
350.9745458549906,71996,306,563,27138,
350.9828559312281,71996,305,564,27138,
350.9844489201471,71996,305,563,27139,
350.99030405591515,71996,304,564,27139,
350.99173884207744,71995,305,564,27139,
350.99385915500727,71994,306,564,27139,
351.0053933883611,71994,305,565,27139,
351.013145281801,71993,306,565,27139,
351.01856335668737,71993,306,564,27140,
351.033975536995,71992,307,564,27140,
351.03720768361217,71992,307,563,27141,
351.0410730700889,71991,308,563,27141,
351.0526702353253,71990,309,563,27141,
351.054206073852,71990,309,562,27142,
351.0603497994188,71990,309,561,27143,
351.07339904711915,71990,309,560,27144,
351.07393718329075,71990,308,561,27144,
351.0773010343168,71990,307,562,27144,
351.0773260688951,71990,306,563,27144,
351.0799513916974,71990,305,564,27144,
351.0846286244014,71989,306,564,27144,
351.085752273375,71989,306,563,27145,
351.08602934488414,71988,307,563,27145,
351.0930531780845,71988,307,562,27146,
351.0994261261323,71988,307,561,27147,
351.10576168944596,71988,307,560,27148,
351.11672913449104,71988,306,561,27148,
351.12223314905344,71988,306,560,27149,
351.14251963970486,71988,306,559,27150,
351.1458011315789,71987,307,559,27150,
351.1458318310272,71987,307,558,27151,
351.1514537673726,71986,308,558,27151,
351.1558374036772,71986,307,559,27151,
351.16014467236835,71986,307,558,27152,
351.1616598398755,71986,306,559,27152,
351.1627032856808,71985,307,559,27152,
351.1652040003299,71984,308,559,27152,
351.17053381798854,71983,309,559,27152,
351.1732449122258,71982,310,559,27152,
351.1748047132219,71981,311,559,27152,
351.1835280439473,71981,310,560,27152,
351.18443359477305,71981,309,561,27152,
351.18843917798296,71981,308,562,27152,
351.1887189888273,71981,307,563,27152,
351.18897589197974,71981,306,564,27152,
351.19231897710335,71981,306,563,27153,
351.1939637956087,71980,307,563,27153,
351.1971934713119,71979,308,563,27153,
351.20775958895626,71978,309,563,27153,
351.2122783077059,71978,309,562,27154,
351.2217625737755,71978,308,563,27154,
351.22955900021736,71978,307,564,27154,
351.23179972382826,71978,307,563,27155,
351.23447195047794,71977,308,563,27155,
351.2358584354926,71977,308,562,27156,
351.23778710341946,71977,307,563,27156,
351.23955196759056,71976,308,563,27156,
351.2455056043449,71976,307,564,27156,
351.2583739487505,71976,306,565,27156,
351.2617864954492,71976,305,566,27156,
351.26196315413847,71976,305,565,27157,
351.2657004676725,71976,305,564,27158,
351.2709417185754,71976,304,565,27158,
351.27990417094753,71976,303,566,27158,
351.28331873147397,71976,303,565,27159,
351.2869003374896,71975,304,565,27159,
351.29031555384523,71974,305,565,27159,
351.2953399909236,71974,305,564,27160,
351.299840778349,71973,306,564,27160,
351.3035125733555,71972,307,564,27160,
351.30452375666243,71971,308,564,27160,
351.30653143399996,71971,308,563,27161,
351.30749255501075,71971,308,562,27162,
351.30956572184374,71971,308,561,27163,
351.31448945524926,71971,307,562,27163,
351.3157961039983,71970,308,562,27163,
351.32214529440483,71969,309,562,27163,
351.3264990721662,71969,308,563,27163,
351.3286441641712,71968,309,563,27163,
351.3387712913213,71968,308,564,27163,
351.34067723138514,71967,309,564,27163,
351.35561026630626,71967,309,563,27164,
351.3579406023269,71967,308,564,27164,
351.3624439463953,71966,309,564,27164,
351.3626781835866,71966,309,563,27165,
351.3654575801633,71966,308,564,27165,
351.3655475070031,71966,307,565,27165,
351.3660685974807,71966,307,564,27166,
351.3786603061966,71965,308,564,27166,
351.37895163348867,71965,307,565,27166,
351.3794434055773,71965,306,566,27166,
351.38073997817617,71965,305,567,27166,
351.3814829147956,71965,305,566,27167,
351.38206800175027,71965,305,565,27168,
351.3829701186767,71964,306,565,27168,
351.3848958895527,71964,305,566,27168,
351.39669275745086,71964,304,567,27168,
351.4067684561762,71963,305,567,27168,
351.40894985579456,71963,304,568,27168,
351.4097836887756,71963,303,569,27168,
351.4127931160785,71963,303,568,27169,
351.4153001641535,71963,303,567,27170,
351.41718187012185,71963,302,568,27170,
351.419969546347,71963,301,569,27170,
351.42909665674495,71963,301,568,27171,
351.42940787064833,71963,300,569,27171,
351.443171806686,71963,300,568,27172,
351.4600883986775,71963,299,569,27172,
351.4604979769378,71963,298,570,27172,
351.4637760991233,71963,297,571,27172,
351.46693315376893,71962,298,571,27172,
351.4691482782255,71962,298,570,27173,
351.4741741999469,71962,298,569,27174,
351.4767906668099,71962,297,570,27174,
351.4845931304742,71962,296,571,27174,
351.4899109552515,71962,295,572,27174,
351.49161800984695,71962,295,571,27175,
351.4942276419027,71962,294,572,27175,
351.50105190722326,71962,293,573,27175,
351.5070375834386,71962,293,572,27176,
351.51638736479,71962,293,571,27177,
351.51829490366407,71961,294,571,27177,
351.5188034693852,71960,295,571,27177,
351.51951786988406,71960,295,570,27178,
351.5256865080269,71960,294,571,27178,
351.52935662538573,71959,295,571,27178,
351.54005170755556,71959,295,570,27179,
351.5463805673011,71959,294,571,27179,
351.55860708125294,71958,295,571,27179,
351.56463997947895,71957,296,571,27179,
351.5723733496246,71957,295,572,27179,
351.57309660992377,71956,296,572,27179,
351.5753829319666,71956,295,573,27179,
351.5818164651641,71956,294,574,27179,
351.5820942095102,71955,295,574,27179,
351.58219080359163,71955,294,575,27179,
351.5878926444727,71954,295,575,27179,
351.5907986507558,71954,295,574,27180,
351.594327976688,71954,295,573,27181,
351.59798328685906,71954,294,574,27181,
351.61261588486343,71953,295,574,27181,
351.61525850122297,71952,296,574,27181,
351.6158338049805,71952,296,573,27182,
351.6187637572452,71952,296,572,27183,
351.62711600387456,71952,296,571,27184,
351.628655718301,71952,295,572,27184,
351.63031985172813,71952,295,571,27185,
351.6347352697266,71952,295,570,27186,
351.6359501516157,71951,296,570,27186,
351.6462288778311,71951,296,569,27187,
351.6537761908235,71951,295,570,27187,
351.6597199324846,71950,296,570,27187,
351.66664241654564,71950,296,569,27188,
351.6759152994203,71949,297,569,27188,
351.6779455928815,71949,296,570,27188,
351.69779836360567,71948,297,570,27188,
351.72770954841195,71948,297,569,27189,
351.7299975176431,71947,298,569,27189,
351.7301639534547,71946,299,569,27189,
351.74866452121,71946,299,568,27190,
351.74975529436,71946,298,569,27190,
351.74992775007206,71946,297,570,27190,
351.75630495443903,71946,297,569,27191,
351.7574147851635,71945,298,569,27191,
351.7626395771637,71944,299,569,27191,
351.7642284071769,71943,300,569,27191,
351.7652927023507,71943,299,570,27191,
351.7713037728618,71942,300,570,27191,
351.77187100060115,71942,299,571,27191,
351.7742319815205,71941,300,571,27191,
351.77651579612797,71941,299,572,27191,
351.7836651349635,71941,298,573,27191,
351.79794363325954,71940,299,573,27191,
351.8062949427171,71940,298,574,27191,
351.8126237239466,71939,299,574,27191,
351.8198984932448,71938,300,574,27191,
351.8250908863698,71938,299,575,27191,
351.8260499342315,71937,300,575,27191,
351.8269265524029,71937,300,574,27192,
351.82786896401404,71937,300,573,27193,
351.8282836203974,71936,301,573,27193,
351.8379644481094,71935,302,573,27193,
351.8395139845723,71935,301,574,27193,
351.84178462563955,71935,301,573,27194,
351.84276315932294,71935,300,574,27194,
351.8454847834401,71934,301,574,27194,
351.85290320022324,71934,301,573,27195,
351.86297015041816,71933,302,573,27195,
351.8708604717786,71932,303,573,27195,
351.8717675626596,71931,304,573,27195,
351.8753351892155,71931,304,572,27196,
351.88545396111755,71931,304,571,27197,
351.8858903704993,71930,305,571,27197,
351.8929234021664,71930,305,570,27198,
351.89475645577426,71930,305,569,27199,
351.91232348507606,71929,306,569,27199,
351.91684356602013,71929,306,568,27200,
351.91863879910954,71929,305,569,27200,
351.91907927270637,71928,306,569,27200,
351.9192320717812,71928,305,570,27200,
351.9207845450567,71927,306,570,27200,
351.9222557544422,71927,305,571,27200,
351.92477214138415,71927,304,572,27200,
351.93527460031066,71926,305,572,27200,
351.9413350474573,71926,304,573,27200,
351.9423205299557,71926,303,574,27200,
351.94290155422624,71926,303,573,27201,
351.9462025435699,71926,303,572,27202,
351.95083905910207,71926,302,573,27202,
351.96129636943476,71926,302,572,27203,
351.9782471427919,71925,303,572,27203,
351.98581997637405,71925,303,571,27204,
351.98659762464865,71925,303,570,27205,
351.9871777294271,71925,302,571,27205,
351.98731341038314,71925,302,570,27206,
351.9953844762893,71924,303,570,27206,
352.00157216211596,71924,303,569,27207,
352.0033196644011,71924,302,570,27207,
352.00431823159124,71923,303,570,27207,
352.0052334877881,71922,304,570,27207,
352.00742503487197,71921,305,570,27207,
352.01566811285306,71920,306,570,27207,
352.0166133604442,71920,306,569,27208,
352.01959437705267,71920,305,570,27208,
352.02335182464884,71920,304,571,27208,
352.02865889389426,71919,305,571,27208,
352.032073499955,71919,305,570,27209,
352.0425013207408,71919,305,569,27210,
352.0531021174379,71919,305,568,27211,
352.05671498395964,71919,304,569,27211,
352.0595673464161,71919,304,568,27212,
352.06563421710973,71918,305,568,27212,
352.0696323384752,71917,306,568,27212,
352.0712518624248,71917,305,569,27212,
352.0775442731972,71917,305,568,27213,
352.0801989515324,71917,304,569,27213,
352.0847034802116,71917,304,568,27214,
352.09094794208687,71917,304,567,27215,
352.0982492667764,71917,303,568,27215,
352.0989999660307,71917,303,567,27216,
352.1010053132699,71917,302,568,27216,
352.10692328904696,71916,303,568,27216,
352.11803329341774,71916,303,567,27217,
352.126251763832,71915,304,567,27217,
352.12692808259857,71914,305,567,27217,
352.13027352711623,71914,304,568,27217,
352.1349840484492,71914,303,569,27217,
352.1371931518584,71914,302,570,27217,
352.1414977318068,71913,303,570,27217,
352.1581961951457,71913,303,569,27218,
352.1793930839842,71913,302,570,27218,
352.1917779964359,71912,303,570,27218,
352.19310961136694,71912,303,569,27219,
352.19819211268333,71911,304,569,27219,
352.1996793280549,71910,305,569,27219,
352.20557177690887,71910,304,570,27219,
352.20570537803104,71910,303,571,27219,
352.2149525492542,71910,302,572,27219,
352.22589899288755,71910,302,571,27220,
352.23467100013835,71910,301,572,27220,
352.2365579856357,71910,300,573,27220,
352.2368925442816,71910,300,572,27221,
352.239184800639,71909,301,572,27221,
352.2508211610178,71908,302,572,27221,
352.25183579421633,71908,302,571,27222,
352.2555854828484,71908,301,572,27222,
352.26517191991377,71908,301,571,27223,
352.27095912633854,71908,301,570,27224,
352.27206790199597,71908,300,571,27224,
352.2744997802667,71908,299,572,27224,
352.2763991779057,71908,298,573,27224,
352.28658332440574,71908,297,574,27224,
352.30168742965134,71907,298,574,27224,
352.3157915109823,71907,297,575,27224,
352.3217252790611,71907,297,574,27225,
352.33138573079844,71907,297,573,27226,
352.3326319595849,71907,296,574,27226,
352.3365377559936,71906,297,574,27226,
352.3412283233363,71906,297,573,27227,
352.3424571660743,71906,297,572,27228,
352.34258352607486,71906,296,573,27228,
352.35098788684206,71906,296,572,27229,
352.3554729907073,71906,296,571,27230,
352.35604620969326,71905,297,571,27230,
352.3708143858702,71905,296,572,27230,
352.3728761714915,71905,296,571,27231,
352.3748172910074,71904,297,571,27231,
352.3888341560255,71903,298,571,27231,
352.3948673328752,71902,299,571,27231,
352.39620967837675,71902,299,570,27232,
352.39716892713034,71902,299,569,27233,
352.39813261335536,71902,299,568,27234,
352.42322666000973,71902,298,569,27234,
352.42984951865014,71901,299,569,27234,
352.4422648157567,71900,300,569,27234,
352.45183075689874,71900,300,568,27235,
352.4531303634775,71900,299,569,27235,
352.4560624931158,71899,300,569,27235,
352.45651266652436,71899,300,568,27236,
352.45812543737424,71898,301,568,27236,
352.4768918595792,71898,300,569,27236,
352.478006817061,71897,301,569,27236,
352.48236158792895,71896,302,569,27236,
352.4857178073348,71896,301,570,27236,
352.48852328254105,71895,302,570,27236,
352.49611667417935,71894,303,570,27236,
352.50722916805296,71894,303,569,27237,
352.5073242173453,71894,303,568,27238,
352.5074684789788,71893,304,568,27238,
352.50871841202013,71893,304,567,27239,
352.5120910490124,71892,305,567,27239,
352.5216197844037,71892,305,566,27240,
352.5238985972555,71892,304,567,27240,
352.5326247536901,71892,303,568,27240,
352.5335828516614,71892,302,569,27240,
352.53566422288753,71892,302,568,27241,
352.5382732826424,71892,301,569,27241,
352.54624443250816,71892,301,568,27242,
352.55215245716875,71891,302,568,27242,
352.5544001418977,71890,303,568,27242,
352.55533939835055,71890,303,567,27243,
352.56147158579944,71890,303,566,27244,
352.57008938508176,71890,302,567,27244,
352.5850325841686,71889,303,567,27244,
352.5952285477242,71889,303,566,27245,
352.5977943589567,71889,302,567,27245,
352.5990744515976,71889,302,566,27246,
352.6117844088975,71888,303,566,27246,
352.6117854241423,71888,302,567,27246,
352.6118426034648,71888,302,566,27247,
352.6133250988631,71887,303,566,27247,
352.61698576348346,71887,302,567,27247,
352.618444486092,71887,301,568,27247,
352.6272126084482,71886,302,568,27247,
352.6400524685673,71886,301,569,27247,
352.6429707527871,71886,300,570,27247,
352.64382976111125,71886,299,571,27247,
352.6469815065823,71886,298,572,27247,
352.64936289590577,71886,297,573,27247,
352.6671814594858,71886,297,572,27248,
352.6716642932722,71886,297,571,27249,
352.67255939125516,71886,297,570,27250,
352.67648626941065,71886,296,571,27250,
352.6884939791359,71885,297,571,27250,
352.68968697136256,71885,296,572,27250,
352.6956349611802,71885,296,571,27251,
352.6971061616916,71884,297,571,27251,
352.7001889133074,71884,297,570,27252,
352.7070636597491,71884,297,569,27253,
352.70788174995783,71884,296,570,27253,
352.7242598822352,71883,297,570,27253,
352.72530812218884,71883,296,571,27253,
352.7288939601157,71882,297,571,27253,
352.73309625409934,71882,296,572,27253,
352.7402123601879,71882,295,573,27253,
352.74128881649176,71881,296,573,27253,
352.743352205985,71881,295,574,27253,
352.74932936891395,71881,294,575,27253,
352.7670254201063,71881,294,574,27254,
352.7699852337081,71880,295,574,27254,
352.78074633203914,71880,295,573,27255,
352.7838701763233,71879,296,573,27255,
352.7843374455965,71879,295,574,27255,
352.7891762316979,71878,296,574,27255,
352.7927682162396,71878,296,573,27256,
352.8002701313115,71877,297,573,27256,
352.80190847195206,71877,297,572,27257,
352.8052001559235,71877,296,573,27257,
352.80839365978244,71877,295,574,27257,
352.8110312570806,71876,296,574,27257,
352.8150829420451,71876,295,575,27257,
352.8334981118588,71876,295,574,27258,
352.84221957045787,71876,294,575,27258,
352.8437421788037,71876,294,574,27259,
352.8457362061075,71875,295,574,27259,
352.84949829968684,71875,294,575,27259,
352.8588728696474,71875,294,574,27260,
352.86414356875787,71875,294,573,27261,
352.8642742555685,71874,295,573,27261,
352.8718629917358,71874,295,572,27262,
352.8816469301775,71874,294,573,27262,
352.88420809809537,71874,294,572,27263,
352.8857881802302,71874,293,573,27263,
352.89218444609673,71874,292,574,27263,
352.9054596311724,71873,293,574,27263,
352.9090363328748,71872,294,574,27263,
352.91009992477234,71871,295,574,27263,
352.91014654175126,71871,295,573,27264,
352.92289043513506,71871,294,574,27264,
352.94784747065535,71870,295,574,27264,
352.9503229469201,71869,296,574,27264,
352.9559788760628,71869,295,575,27264,
352.9586427816045,71869,295,574,27265,
352.96868489195646,71869,294,575,27265,
352.97524375563603,71868,295,575,27265,
352.9784042072432,71867,296,575,27265,
352.998900727614,71867,296,574,27266,
353.0004107186846,71866,297,574,27266,
353.0009081936603,71866,296,575,27266,
353.0070505667072,71866,295,576,27266,
353.00840239775147,71865,296,576,27266,
353.01759284566515,71865,296,575,27267,
353.0206030889611,71865,295,576,27267,
353.0346442041221,71865,294,577,27267,
353.0374017089781,71865,294,576,27268,
353.03990271967547,71864,295,576,27268,
353.04054961085546,71864,295,575,27269,
353.0446749534933,71863,296,575,27269,
353.04837382954344,71863,296,574,27270,
353.0573206153852,71862,297,574,27270,
353.06005590558533,71862,297,573,27271,
353.06393713552734,71861,298,573,27271,
353.1047679410823,71861,298,572,27272,
353.1123568674347,71861,298,571,27273,
353.11333467713206,71860,299,571,27273,
353.1391350064086,71859,300,571,27273,
353.1409669625124,71859,300,570,27274,
353.1475324197465,71859,299,571,27274,
353.16055320670284,71859,298,572,27274,
353.16138926354364,71858,299,572,27274,
353.1642295555777,71858,298,573,27274,
353.1656246520509,71858,297,574,27274,
353.16745486393006,71857,298,574,27274,
353.17004611437176,71856,299,574,27274,
353.1700633633952,71856,298,575,27274,
353.17313398056626,71856,297,576,27274,
353.1820498973832,71856,296,577,27274,
353.1850914704302,71856,295,578,27274,
353.1944869554957,71856,295,577,27275,
353.20370622813596,71856,294,578,27275,
353.2099429796624,71856,294,577,27276,
353.214255114713,71856,294,576,27277,
353.21528878305395,71856,294,575,27278,
353.23013353059457,71856,294,574,27279,
353.2313663210183,71856,293,575,27279,
353.23228660275385,71856,292,576,27279,
353.23379873263036,71855,293,576,27279,
353.23653754062894,71855,292,577,27279,
353.262038138925,71855,291,578,27279,
353.28013012541976,71855,290,579,27279,
353.28156709447074,71854,291,579,27279,
353.2946256691993,71854,291,578,27280,
353.2948529597868,71854,291,577,27281,
353.29655256804926,71853,292,577,27281,
353.3219406930154,71853,292,576,27282,
353.3265529611803,71852,293,576,27282,
353.33815869852555,71852,292,577,27282,
353.34212908556276,71851,293,577,27282,
353.3478732719829,71851,292,578,27282,
353.34988982524726,71850,293,578,27282,
353.3578179219888,71850,293,577,27283,
353.36448456499755,71850,292,578,27283,
353.38318214017283,71850,292,577,27284,
353.38932007885444,71850,292,576,27285,
353.3904325483765,71850,291,577,27285,
353.40544730895556,71850,291,576,27286,
353.41125071847256,71850,290,577,27286,
353.4217615735042,71850,290,576,27287,
353.42551960474526,71849,291,576,27287,
353.42654685318325,71849,290,577,27287,
353.4283442113042,71848,291,577,27287,
353.4320825370282,71848,290,578,27287,
353.4331531270665,71847,291,578,27287,
353.43771506774266,71847,291,577,27288,
353.44433373261336,71847,291,576,27289,
353.45932469100387,71847,291,575,27290,
353.4627088632736,71847,290,576,27290,
353.4654615314264,71847,289,577,27290,
353.4679770372508,71846,290,577,27290,
353.47305066620584,71845,291,577,27290,
353.47372050115365,71844,292,577,27290,
353.47374739823795,71844,291,578,27290,
353.4827866962481,71844,290,579,27290,
353.49773905831097,71844,290,578,27291,
353.4989021077158,71843,291,578,27291,
353.500906443646,71843,291,577,27292,
353.5079202993183,71843,290,578,27292,
353.5080579491219,71842,291,578,27292,
353.51371410300357,71841,292,578,27292,
353.52252075770576,71841,292,577,27293,
353.5245728340705,71841,291,578,27293,
353.5260137323404,71840,292,578,27293,
353.5312748742587,71840,292,577,27294,
353.53716581035246,71840,292,576,27295,
353.5373769789987,71840,292,575,27296,
353.5499764809177,71839,293,575,27296,
353.5502801476424,71839,292,576,27296,
353.5510575694341,71839,292,575,27297,
353.55360521183974,71839,292,574,27298,
353.5647872480344,71839,291,575,27298,
353.5678366416294,71839,291,574,27299,
353.57143247374137,71839,291,573,27300,
353.57561712484267,71838,292,573,27300,
353.57890008829895,71837,293,573,27300,
353.57936798932195,71837,293,572,27301,
353.59055033076044,71836,294,572,27301,
353.5966773806804,71836,293,573,27301,
353.6023156346001,71836,293,572,27302,
353.60305829218265,71835,294,572,27302,
353.6056869159964,71835,294,571,27303,
353.60616045868437,71834,295,571,27303,
353.61336034753924,71834,295,570,27304,
353.62967763364406,71834,295,569,27305,
353.63348246869265,71834,295,568,27306,
353.63432551785945,71833,296,568,27306,
353.6354239819745,71833,296,567,27307,
353.63569938297604,71833,295,568,27307,
353.65495601743686,71833,294,569,27307,
353.67006699325543,71833,294,568,27308,
353.67109230357204,71833,294,567,27309,
353.6872099327392,71832,295,567,27309,
353.7032773720953,71832,294,568,27309,
353.7167220329451,71832,293,569,27309,
353.71878854365144,71832,292,570,27309,
353.72038669353043,71832,291,571,27309,
353.72696820536015,71832,290,572,27309,
353.7274735823463,71831,291,572,27309,
353.7286554885995,71830,292,572,27309,
353.7366255868644,71830,292,571,27310,
353.738535590191,71829,293,571,27310,
353.7399100789802,71829,293,570,27311,
353.740719874943,71829,292,571,27311,
353.7420179164426,71828,293,571,27311,
353.74858501745996,71827,294,571,27311,
353.75437456765604,71826,295,571,27311,
353.76629792578046,71825,296,571,27311,
353.7669509553174,71825,296,570,27312,
353.7752396888864,71824,297,570,27312,
353.78110585630924,71823,298,570,27312,
353.78140294390596,71823,297,571,27312,
353.7936546364688,71822,298,571,27312,
353.79696553698665,71822,298,570,27313,
353.8005269111403,71822,297,571,27313,
353.80155061876974,71822,296,572,27313,
353.8022322793687,71821,297,572,27313,
353.80786743547685,71820,298,572,27313,
353.8108809812493,71820,297,573,27313,
353.81522464870704,71819,298,573,27313,
353.81943308071334,71819,297,574,27313,
353.8195107573759,71818,298,574,27313,
353.82426482831414,71818,298,573,27314,
353.82499147300985,71818,298,572,27315,
353.8339973225894,71818,298,571,27316,
353.844113272205,71818,298,570,27317,
353.8446001241258,71818,297,571,27317,
353.84598158757154,71818,297,570,27318,
353.8525865644921,71818,296,571,27318,
353.8599973809361,71817,297,571,27318,
353.86028192537896,71817,296,572,27318,
353.8663846501971,71817,295,573,27318,
353.86864477782507,71817,295,572,27319,
353.87345260620305,71816,296,572,27319,
353.87460622818827,71815,297,572,27319,
353.87611107048707,71815,296,573,27319,
353.8773843160838,71815,296,572,27320,
353.8818480108315,71815,296,571,27321,
353.89618232171216,71815,296,570,27322,
353.90455732230464,71814,297,570,27322,
353.91086848461197,71814,297,569,27323,
353.9116825283679,71814,297,568,27324,
353.91343314877736,71814,296,569,27324,
353.9150557176996,71813,297,569,27324,
353.9308542878349,71813,297,568,27325,
353.9352894701952,71812,298,568,27325,
353.9454855185441,71812,298,567,27326,
353.9461073039641,71812,297,568,27326,
353.9513709512713,71812,296,569,27326,
353.9514243372098,71812,295,570,27326,
353.9648497067994,71811,296,570,27326,
353.9704929806977,71811,296,569,27327,
353.9744561063068,71810,297,569,27327,
353.9757297332064,71810,296,570,27327,
353.9782760562368,71810,296,569,27328,
353.98549547939473,71810,296,568,27329,
353.98593789072083,71810,296,567,27330,
353.9876614232138,71810,295,568,27330,
353.99209475519564,71810,294,569,27330,
354.0030039947893,71810,293,570,27330,
354.00658192178327,71810,292,571,27330,
354.00838141071154,71809,293,571,27330,
354.0083834516679,71808,294,571,27330,
354.01067106219386,71807,295,571,27330,
354.02009008495105,71806,296,571,27330,
354.0233156371869,71806,295,572,27330,
354.02814402299816,71805,296,572,27330,
354.0294978063491,71804,297,572,27330,
354.03118669443063,71804,297,571,27331,
354.03722692384343,71804,297,570,27332,
354.0481626340826,71804,296,571,27332,
354.0484144868379,71804,296,570,27333,
354.06311627910253,71804,296,569,27334,
354.06518904189056,71803,297,569,27334,
354.06555140602245,71803,296,570,27334,
354.08425296643003,71802,297,570,27334,
354.0936359572877,71802,296,571,27334,
354.0947162963789,71801,297,571,27334,
354.1015140971952,71800,298,571,27334,
354.1153855991477,71800,298,570,27335,
354.1283380038806,71800,297,571,27335,
354.1350008231836,71800,296,572,27335,
354.13924610863427,71799,297,572,27335,
354.1407696774132,71799,297,571,27336,
354.1543925128892,71799,297,570,27337,
354.15491450992926,71798,298,570,27337,
354.16814675284104,71798,298,569,27338,
354.17520956311506,71798,298,568,27339,
354.177900924757,71798,298,567,27340,
354.1784628367476,71798,297,568,27340,
354.17856001604713,71798,297,567,27341,
354.1803922838731,71797,298,567,27341,
354.18794749179904,71796,299,567,27341,
354.1894142631771,71795,300,567,27341,
354.189688877065,71795,299,568,27341,
354.1995962719525,71795,299,567,27342,
354.2031835597075,71794,300,567,27342,
354.21634349992934,71794,300,566,27343,
354.226505277392,71794,300,565,27344,
354.23907737731184,71793,301,565,27344,
354.24209796504385,71793,300,566,27344,
354.24716834998816,71793,300,565,27345,
354.2504042661562,71793,300,564,27346,
354.25171335964563,71793,300,563,27347,
354.2520333007356,71793,299,564,27347,
354.2575054134289,71793,298,565,27347,
354.2740288137924,71792,299,565,27347,
354.27932313203075,71792,298,566,27347,
354.2845268129201,71792,297,567,27347,
354.2869879818405,71791,298,567,27347,
354.2942087369074,71791,297,568,27347,
354.29675414432035,71791,297,567,27348,
354.297017072241,71791,296,568,27348,
354.2979707895859,71791,295,569,27348,
354.31292449724333,71790,296,569,27348,
354.31333921158824,71789,297,569,27348,
354.3201145196865,71789,296,570,27348,
354.32080250649966,71789,296,569,27349,
354.3236830040117,71789,295,570,27349,
354.3299904696944,71789,295,569,27350,
354.33072485105237,71789,295,568,27351,
354.3317427303912,71789,295,567,27352,
354.33415557809326,71788,296,567,27352,
354.3413792954232,71788,296,566,27353,
354.347943390855,71787,297,566,27353,
354.34897229872513,71787,297,565,27354,
354.35447963308724,71786,298,565,27354,
354.355947835435,71785,299,565,27354,
354.3559960637543,71785,299,564,27355,
354.36953114612277,71785,298,565,27355,
354.39529692789705,71785,298,564,27356,
354.40253121930243,71785,297,565,27356,
354.4179939888464,71785,296,566,27356,
354.4190145278731,71785,296,565,27357,
354.42397500380815,71785,296,564,27358,
354.432081008189,71785,295,565,27358,
354.4327656929796,71785,294,566,27358,
354.43831330610146,71784,295,566,27358,
354.44851744040596,71784,294,567,27358,
354.4499601090318,71784,293,568,27358,
354.4549564246717,71784,293,567,27359,
354.45523242157105,71784,292,568,27359,
354.4563113486692,71783,293,568,27359,
354.4595428259976,71782,294,568,27359,
354.4638120957545,71781,295,568,27359,
354.4677985865247,71781,295,567,27360,
354.47848725457345,71780,296,567,27360,
354.49402440124237,71779,297,567,27360,
354.50723188040956,71779,297,566,27361,
354.5083586388574,71778,298,566,27361,
354.5119457191839,71778,298,565,27362,
354.5194333741624,71778,298,564,27363,
354.52182796834916,71777,299,564,27363,
354.5233679218837,71776,300,564,27363,
354.5247854933011,71775,301,564,27363,
354.53741141994914,71775,301,563,27364,
354.54549182522004,71775,300,564,27364,
354.54742799341113,71775,299,565,27364,
354.5480005515146,71775,299,564,27365,
354.5688016638978,71775,298,565,27365,
354.5795157987126,71775,298,564,27366,
354.59053054773415,71775,297,565,27366,
354.5957221729494,71775,297,564,27367,
354.59976686742016,71775,297,563,27368,
354.6059374715987,71775,297,562,27369,
354.62510792169155,71775,296,563,27369,
354.6254723023315,71774,297,563,27369,
354.62788193944266,71773,298,563,27369,
354.63048729493323,71773,298,562,27370,
354.6322782584717,71773,297,563,27370,
354.63297406446446,71773,296,564,27370,
354.63786941319574,71773,296,563,27371,
354.64475072253833,71772,297,563,27371,
354.64486664483644,71771,298,563,27371,
354.6454122190296,71771,297,564,27371,
354.64843744248986,71771,297,563,27372,
354.65412311201175,71771,296,564,27372,
354.66080308508236,71770,297,564,27372,
354.66964698271016,71770,297,563,27373,
354.6710476907262,71770,296,564,27373,
354.6732708514427,71770,295,565,27373,
354.67522307982506,71770,294,566,27373,
354.6867395155627,71770,293,567,27373,
354.68915136799757,71770,292,568,27373,
354.700172728554,71770,292,567,27374,
354.7016003667905,71770,291,568,27374,
354.7039737210622,71770,290,569,27374,
354.7070180690758,71770,290,568,27375,
354.71626788016556,71770,290,567,27376,
354.72572898500147,71770,289,568,27376,
354.7278900577941,71769,290,568,27376,
354.7295520593714,71769,290,567,27377,
354.734035877383,71769,290,566,27378,
354.74128385555406,71768,291,566,27378,
354.7508372529542,71768,291,565,27379,
354.75095094728823,71767,292,565,27379,
354.75169879237,71767,291,566,27379,
354.75422790670535,71766,292,566,27379,
354.75471661264226,71766,291,567,27379,
354.7741005011757,71766,291,566,27380,
354.7799581471552,71766,291,565,27381,
354.7804142804651,71765,292,565,27381,
354.7959715540685,71765,291,566,27381,
354.80476391637836,71765,291,565,27382,
354.8108819687009,71764,292,565,27382,
354.8185048793101,71763,293,565,27382,
354.8219807022795,71762,294,565,27382,
354.8233459727392,71762,294,564,27383,
354.8354444157873,71761,295,564,27383,
354.8355364901673,71761,294,565,27383,
354.83876942844836,71761,293,566,27383,
354.8537562813369,71760,294,566,27383,
354.8582130221058,71760,294,565,27384,
354.8664966681566,71759,295,565,27384,
354.87129001749685,71759,294,566,27384,
354.87335181954074,71758,295,566,27384,
354.88201069746816,71757,296,566,27384,
354.88275470430375,71756,297,566,27384,
354.88404922637284,71756,297,565,27385,
354.89337293922165,71756,296,566,27385,
354.8943621353495,71756,296,565,27386,
354.8956584127525,71755,297,565,27386,
354.8967309227518,71755,297,564,27387,
354.9067748923743,71755,296,565,27387,
354.9068841179527,71755,295,566,27387,
354.90778857288353,71755,294,567,27387,
354.90847518384265,71755,293,568,27387,
354.9110683956154,71755,293,567,27388,
354.9145539020724,71755,293,566,27389,
354.9196571831084,71754,294,566,27389,
354.92379182662125,71753,295,566,27389,
354.9281215727761,71752,296,566,27389,
354.9358649088724,71752,296,565,27390,
354.9427945322192,71752,296,564,27391,
354.94497142753863,71751,297,564,27391,
354.9485001017492,71751,297,563,27392,
354.9546390307988,71751,297,562,27393,
354.95559983050003,71751,297,561,27394,
354.9621004390594,71751,296,562,27394,
354.9633398013895,71751,295,563,27394,
354.97449542865945,71751,294,564,27394,
354.9816186382948,71751,294,563,27395,
354.9821578267019,71751,293,564,27395,
354.98824582045336,71750,294,564,27395,
354.99625200040714,71750,293,565,27395,
354.99905034962904,71749,294,565,27395,
355.00053437039725,71749,294,564,27396,
355.0103455177514,71748,295,564,27396,
355.01662769869387,71748,294,565,27396,
355.01984603126704,71748,293,566,27396,
355.02106090276766,71748,292,567,27396,
355.0321139269824,71748,291,568,27396,
355.042522024909,71748,290,569,27396,
355.0439638787202,71747,291,569,27396,
355.0484748658009,71747,291,568,27397,
355.0512865795082,71747,290,569,27397,
355.0654003403024,71747,289,570,27397,
355.07874975780436,71746,290,570,27397,
355.0853633593872,71745,291,570,27397,
355.09613062584583,71744,292,570,27397,
355.09921928323087,71743,293,570,27397,
355.1100271869126,71742,294,570,27397,
355.12028823609006,71742,294,569,27398,
355.1480664889781,71742,294,568,27399,
355.15303681617104,71742,294,567,27400,
355.1557343536889,71742,293,568,27400,
355.15989192426423,71741,294,568,27400,
355.163362907265,71741,294,567,27401,
355.16968904163264,71741,294,566,27402,
355.17260990482987,71740,295,566,27402,
355.1938592590041,71740,295,565,27403,
355.19543345682064,71740,294,566,27403,
355.19873569381974,71740,294,565,27404,
355.20348717032203,71740,293,566,27404,
355.20574074653035,71739,294,566,27404,
355.2067296619799,71739,294,565,27405,
355.20708012677306,71739,293,566,27405,
355.2102044906261,71738,294,566,27405,
355.22015459234,71738,293,567,27405,
355.2228788479776,71738,293,566,27406,
355.2266806765088,71738,293,565,27407,
355.2302721292474,71738,292,566,27407,
355.2312734479355,71738,291,567,27407,
355.24055232874366,71737,292,567,27407,
355.2411436826388,71737,291,568,27407,
355.2571919089558,71737,290,569,27407,
355.26338517583366,71737,290,568,27408,
355.2791856936429,71737,290,567,27409,
355.28067239221815,71736,291,567,27409,
355.31133635162803,71736,291,566,27410,
355.31159795594164,71736,290,567,27410,
355.3473234007635,71736,290,566,27411,
355.34790861455815,71736,289,567,27411,
355.35275932775255,71736,289,566,27412,
355.3710591163893,71735,290,566,27412,
355.37857506606264,71734,291,566,27412,
355.37879514798334,71734,291,565,27413,
355.38303458812624,71734,290,566,27413,
355.38329584416914,71733,291,566,27413,
355.38603900637327,71733,291,565,27414,
355.39968865927517,71733,290,566,27414,
355.40039041477456,71733,289,567,27414,
355.4116887001911,71732,290,567,27414,
355.41582010685016,71732,290,566,27415,
355.4161359657729,71731,291,566,27415,
355.4413654689652,71731,291,565,27416,
355.44627088703317,71731,291,564,27417,
355.4502210387738,71731,290,565,27417,
355.45725634762783,71731,290,564,27418,
355.45890765819814,71731,289,565,27418,
355.4627280599453,71730,290,565,27418,
355.4651652114407,71729,291,565,27418,
355.4651729892843,71729,291,564,27419,
355.4734868389307,71728,292,564,27419,
355.48289992706043,71728,292,563,27420,
355.48544617974227,71728,291,564,27420,
355.48713013408235,71728,290,565,27420,
355.4940679964592,71728,290,564,27421,
355.4978270924337,71728,289,565,27421,
355.5011412720962,71727,290,565,27421,
355.50745295720935,71727,289,566,27421,
355.50899222654715,71726,290,566,27421,
355.51029602124294,71726,290,565,27422,
355.5133841213277,71726,290,564,27423,
355.5237649686698,71726,290,563,27424,
355.53813740521196,71725,291,563,27424,
355.53902755507175,71725,290,564,27424,
355.5410077551374,71724,291,564,27424,
355.5438198472784,71724,290,565,27424,
355.55259288251364,71724,290,564,27425,
355.55335995189034,71724,290,563,27426,
355.555218744717,71724,289,564,27426,
355.559237670911,71723,290,564,27426,
355.5608891447216,71722,291,564,27426,
355.5615358336678,71721,292,564,27426,
355.56335704207015,71721,292,563,27427,
355.5653959777344,71721,292,562,27428,
355.58599428751563,71721,292,561,27429,
355.5895593028457,71721,291,562,27429,
355.5897149084431,71720,292,562,27429,
355.5920885488987,71720,291,563,27429,
355.5948801557557,71720,290,564,27429,
355.59493159881083,71720,289,565,27429,
355.60202018146407,71720,289,564,27430,
355.6059861014821,71720,289,563,27431,
355.6294520316339,71720,288,564,27431,
355.6336129592753,71719,289,564,27431,
355.6397019157702,71719,289,563,27432,
355.65126954028466,71718,290,563,27432,
355.6547801577496,71718,290,562,27433,
355.6577109708859,71717,291,562,27433,
355.66544320858037,71717,290,563,27433,
355.665448096966,71717,289,564,27433,
355.6720046690009,71717,289,563,27434,
355.67891570002905,71717,288,564,27434,
355.6828371633623,71717,288,563,27435,
355.6938182536187,71717,288,562,27436,
355.6998575174438,71716,289,562,27436,
355.70036437957293,71716,288,563,27436,
355.71462999398176,71715,289,563,27436,
355.7322969226064,71715,288,564,27436,
355.7362425757469,71714,289,564,27436,
355.73675652224944,71714,289,563,27437,
355.7373747938187,71714,289,562,27438,
355.74392372407533,71714,289,561,27439,
355.7561066208359,71714,289,560,27440,
355.758267173867,71713,290,560,27440,
355.7605991340581,71713,290,559,27441,
355.76540265181853,71713,290,558,27442,
355.76994702695,71712,291,558,27442,
355.7777064357466,71712,291,557,27443,
355.778230359544,71712,291,556,27444,
355.7802991108453,71711,292,556,27444,
355.7804849662933,71711,291,557,27444,
355.79459666148875,71711,291,556,27445,
355.79545645099614,71711,290,557,27445,
355.8011207340867,71711,290,556,27446,
355.806859629723,71711,289,557,27446,
355.81136426180376,71710,290,557,27446,
355.81451229041,71709,291,557,27446,
355.8156385361182,71709,290,558,27446,
355.8207398421088,71709,289,559,27446,
355.82259463304933,71709,288,560,27446,
355.83439270630817,71708,289,560,27446,
355.8414950826593,71708,289,559,27447,
355.84625037065337,71708,288,560,27447,
355.850272013225,71707,289,560,27447,
355.8554367012428,71707,289,559,27448,
355.85994142644955,71707,289,558,27449,
355.8615305643344,71707,288,559,27449,
355.862423241723,71707,287,560,27449,
355.86337911828844,71707,286,561,27449,
355.8782162684948,71706,287,561,27449,
355.9010196667093,71705,288,561,27449,
355.90321504524735,71705,288,560,27450,
355.91038240787645,71705,287,561,27450,
355.9127702979377,71705,287,560,27451,
355.915226231263,71704,288,560,27451,
355.91700331996793,71704,287,561,27451,
355.92450804966825,71703,288,561,27451,
355.929796717591,71703,287,562,27451,
355.93231389248956,71703,287,561,27452,
355.93635133967314,71702,288,561,27452,
355.94761370453,71702,287,562,27452,
355.9481775926869,71702,286,563,27452,
355.96750621322315,71702,285,564,27452,
355.9678595602905,71702,285,563,27453,
355.97658924874645,71702,285,562,27454,
355.98298421335085,71701,286,562,27454,
355.99389639668675,71700,287,562,27454,
355.99948276620665,71699,288,562,27454,
356.0001565080698,71698,289,562,27454,
356.00086860180534,71698,288,563,27454,
356.0016013284031,71698,287,564,27454,
356.01689960832715,71698,287,563,27455,
356.0169679269684,71698,286,564,27455,
356.0173618626606,71698,286,563,27456,
356.0180214175665,71698,285,564,27456,
356.02593550791426,71698,285,563,27457,
356.04766539359923,71698,285,562,27458,
356.0529394044467,71698,285,561,27459,
356.05900554879895,71698,284,562,27459,
356.0662888309509,71698,284,561,27460,
356.0684793417074,71697,285,561,27460,
356.08078913131214,71697,284,562,27460,
356.0808201603399,71697,284,561,27461,
356.09202624962734,71697,284,560,27462,
356.09370910264266,71696,285,560,27462,
356.09793756890843,71695,286,560,27462,
356.0990525688899,71695,286,559,27463,
356.099326792565,71695,285,560,27463,
356.10985186305084,71695,284,561,27463,
356.1212833255467,71694,285,561,27463,
356.1287476482648,71694,285,560,27464,
356.13949371062546,71694,285,559,27465,
356.15221856715846,71694,285,558,27466,
356.1659556908046,71694,284,559,27466,
356.16705301125836,71694,283,560,27466,
356.17315133159985,71694,283,559,27467,
356.1735846472803,71693,284,559,27467,
356.1737413073265,71693,283,560,27467,
356.18513750268505,71693,282,561,27467,
356.19785783442757,71693,282,560,27468,
356.2130520228001,71692,283,560,27468,
356.2142864747173,71692,282,561,27468,
356.2188656778991,71691,283,561,27468,
356.2245940892758,71691,283,560,27469,
356.22527683898454,71691,282,561,27469,
356.2258179559595,71691,281,562,27469,
356.2289105498208,71691,281,561,27470,
356.2315629709552,71691,281,560,27471,
356.2340118797433,71691,280,561,27471,
356.2400050762703,71691,280,560,27472,
356.2740575908043,71691,279,561,27472,
356.2767282130012,71691,279,560,27473,
356.2824268956061,71690,280,560,27473,
356.30091267457635,71690,280,559,27474,
356.3113300251237,71690,279,560,27474,
356.3120177459432,71689,280,560,27474,
356.3185099910742,71689,280,559,27475,
356.31967823656504,71688,281,559,27475,
356.3261357107011,71688,280,560,27475,
356.32923171934596,71688,280,559,27476,
356.3346574132817,71688,280,558,27477,
356.34227850368086,71688,280,557,27478,
356.34682764513354,71688,280,556,27479,
356.35563142811696,71688,279,557,27479,
356.35745042574956,71688,278,558,27479,
356.35835372062724,71687,279,558,27479,
356.3600194858698,71687,278,559,27479,
356.3610957655402,71686,279,559,27479,
356.3619207050688,71686,279,558,27480,
356.37117651285445,71686,278,559,27480,
356.3734014755397,71686,278,558,27481,
356.3868489416593,71686,278,557,27482,
356.3883594644491,71686,277,558,27482,
356.38846553885355,71686,276,559,27482,
356.3895758627384,71686,276,558,27483,
356.40221569302753,71685,277,558,27483,
356.4027277660226,71684,278,558,27483,
356.4099846244685,71684,277,559,27483,
356.4214186530766,71684,276,560,27483,
356.4216034570127,71683,277,560,27483,
356.43345389514275,71683,276,561,27483,
356.43379485023394,71683,275,562,27483,
356.4363800173368,71682,276,562,27483,
356.43923073842217,71682,276,561,27484,
356.44233524538345,71682,276,560,27485,
356.4525316509504,71682,276,559,27486,
356.453348622415,71681,277,559,27486,
356.4607694599786,71681,276,560,27486,
356.46547929773806,71681,276,559,27487,
356.4682725743828,71680,277,559,27487,
356.4690127947654,71680,277,558,27488,
356.4704536105826,71680,277,557,27489,
356.4744912560195,71679,278,557,27489,
356.4985829566632,71678,279,557,27489,
356.5010339444903,71678,279,556,27490,
356.5083890199211,71678,279,555,27491,
356.5159109583062,71678,279,554,27492,
356.5188737583753,71677,280,554,27492,
356.52082638794036,71677,279,555,27492,
356.52651650044504,71676,280,555,27492,
356.5548721235547,71676,280,554,27493,
356.5556410500559,71676,280,553,27494,
356.5568994713726,71676,280,552,27495,
356.5624060048643,71676,280,551,27496,
356.56728541382927,71676,280,550,27497,
356.5673814219708,71675,281,550,27497,
356.57329100265594,71674,282,550,27497,
356.5794339899385,71674,282,549,27498,
356.5807858440192,71674,282,548,27499,
356.5845256888865,71673,283,548,27499,
356.5876496367407,71673,282,549,27499,
356.5921094336323,71673,282,548,27500,
356.60347460440283,71672,283,548,27500,
356.6046321849434,71672,283,547,27501,
356.6065665385424,71672,283,546,27502,
356.6084756822158,71672,283,545,27503,
356.609616850478,71671,284,545,27503,
356.6220232197202,71671,284,544,27504,
356.6231670728369,71670,285,544,27504,
356.6270918085663,71670,284,545,27504,
356.62890197807013,71670,284,544,27505,
356.6289020403393,71669,285,544,27505,
356.6345051756702,71669,284,545,27505,
356.63612679759046,71668,285,545,27505,
356.6437147015173,71667,286,545,27505,
356.65361957770546,71667,285,546,27505,
356.66018317900625,71667,284,547,27505,
356.66433000006714,71667,284,546,27506,
356.66901861404614,71667,283,547,27506,
356.6721984692275,71666,284,547,27506,
356.6868708917097,71666,284,546,27507,
356.68707093908,71666,284,545,27508,
356.68961632453994,71666,283,546,27508,
356.690436291693,71666,283,545,27509,
356.69072803365066,71665,284,545,27509,
356.69220503420786,71664,285,545,27509,
356.70077756209514,71664,285,544,27510,
356.70330366847696,71664,284,545,27510,
356.7035925159992,71663,285,545,27510,
356.7119858227307,71662,286,545,27510,
356.71841186216824,71662,286,544,27511,
356.722818671638,71662,286,543,27512,
356.72631132094966,71662,286,542,27513,
356.72902744887165,71662,286,541,27514,
356.7349328099429,71661,287,541,27514,
356.7388722321724,71660,288,541,27514,
356.75318840680393,71660,288,540,27515,
356.7561600406181,71659,289,540,27515,
356.76009488158684,71659,288,541,27515,
356.7660418593523,71659,288,540,27516,
356.77028955732374,71659,288,539,27517,
356.78167086856485,71659,288,538,27518,
356.78367960285107,71659,288,537,27519,
356.78813138328644,71658,289,537,27519,
356.7924088281951,71658,289,536,27520,
356.794212096082,71658,289,535,27521,
356.7975351430031,71658,288,536,27521,
356.7986532579773,71657,289,536,27521,
356.8152843569128,71656,290,536,27521,
356.8219126848365,71656,289,537,27521,
356.8307469161033,71656,288,538,27521,
356.83227060623307,71656,287,539,27521,
356.8355448895349,71656,287,538,27522,
356.8398391059165,71656,286,539,27522,
356.8424922510073,71656,286,538,27523,
356.84509100902113,71656,285,539,27523,
356.84857514288916,71655,286,539,27523,
356.8505244784657,71654,287,539,27523,
356.85093240944184,71654,286,540,27523,
356.8514457835902,71654,286,539,27524,
356.85402545608366,71654,285,540,27524,
356.86313023723034,71653,286,540,27524,
356.8651284130403,71653,285,541,27524,
356.86693281306134,71653,285,540,27525,
356.87814992261815,71653,284,541,27525,
356.87831097963607,71653,284,540,27526,
356.8829725527551,71653,284,539,27527,
356.8833066466051,71652,285,539,27527,
356.8870429004887,71652,285,538,27528,
356.8921144173772,71652,284,539,27528,
356.89976003093966,71652,283,540,27528,
356.9046884112999,71652,282,541,27528,
356.9138467958126,71651,283,541,27528,
356.92276674614084,71650,284,541,27528,
356.9299983412063,71649,285,541,27528,
356.9329619754241,71649,284,542,27528,
356.936495974537,71649,283,543,27528,
356.94129873335277,71648,284,543,27528,
356.94535499346773,71648,284,542,27529,
356.95132205903514,71647,285,542,27529,
356.95250574304185,71647,285,541,27530,
356.9816614000291,71647,285,540,27531,
356.983758360848,71646,286,540,27531,
356.98924155023604,71646,285,541,27531,
356.99699966384657,71646,284,542,27531,
356.99822299892287,71646,283,543,27531,
357.0072647106521,71645,284,543,27531,
357.01536556192775,71645,283,544,27531,
357.02676167019763,71645,282,545,27531,
357.02735168761956,71645,282,544,27532,
357.0306730618627,71645,282,543,27533,
357.0365656221981,71644,283,543,27533,
357.0398459350711,71644,283,542,27534,
357.0447936717954,71644,282,543,27534,
357.0457078230824,71643,283,543,27534,
357.0457417844246,71643,282,544,27534,
357.0475760546276,71642,283,544,27534,
357.06163213028617,71642,282,545,27534,
357.0655767798563,71642,282,544,27535,
357.06929196687986,71642,281,545,27535,
357.07290843810813,71642,281,544,27536,
357.07545379095313,71642,280,545,27536,
357.08321582266063,71642,280,544,27537,
357.08361788676615,71642,279,545,27537,
357.09022679990505,71642,279,544,27538,
357.09070831115844,71642,279,543,27539,
357.0915072779257,71642,279,542,27540,
357.09459808547786,71642,279,541,27541,
357.10898907324236,71641,280,541,27541,
357.1135052118935,71640,281,541,27541,
357.1154205781461,71640,280,542,27541,
357.1172627759938,71640,280,541,27542,
357.12375833319584,71640,279,542,27542,
357.125721588255,71640,279,541,27543,
357.1261168814817,71639,280,541,27543,
357.14123284444327,71639,280,540,27544,
357.1427520363743,71638,281,540,27544,
357.1444212111259,71638,281,539,27545,
357.1472082416613,71638,280,540,27545,
357.171827971554,71638,279,541,27545,
357.17751833159525,71638,279,540,27546,
357.1881269134321,71637,280,540,27546,
357.1897447612827,71637,280,539,27547,
357.19684191681375,71636,281,539,27547,
357.21372451882445,71636,281,538,27548,
357.22725259061804,71636,280,539,27548,
357.228274316323,71636,279,540,27548,
357.2328022794681,71636,278,541,27548,
357.2362003405708,71635,279,541,27548,
357.24371379354244,71634,280,541,27548,
357.2464338229426,71634,280,540,27549,
357.25982294848535,71633,281,540,27549,
357.26740488926237,71633,281,539,27550,
357.2713544973702,71633,280,540,27550,
357.2814952544241,71633,280,539,27551,
357.2832041566966,71633,280,538,27552,
357.28619887685187,71633,279,539,27552,
357.2969196301023,71633,279,538,27553,
357.33624455071526,71632,280,538,27553,
357.34043225215913,71632,280,537,27554,
357.3421133351774,71632,279,538,27554,
357.3627660959716,71632,279,537,27555,
357.364901848054,71632,278,538,27555,
357.37074922158877,71632,278,537,27556,
357.38233322943773,71632,277,538,27556,
357.4063415529967,71632,276,539,27556,
357.41623850624666,71632,276,538,27557,
357.41665624266545,71632,275,539,27557,
357.43630332797704,71632,274,540,27557,
357.443180517355,71631,275,540,27557,
357.4486905958421,71631,274,541,27557,
357.4526371507673,71631,273,542,27557,
357.4532424543533,71630,274,542,27557,
357.4620259240873,71630,273,543,27557,
357.46374148448405,71630,273,542,27558,
357.4689790183559,71630,273,541,27559,
357.47728889295263,71630,273,540,27560,
357.4822555893748,71630,272,541,27560,
357.49015034656225,71630,271,542,27560,
357.49140274946035,71630,271,541,27561,
357.5043560894436,71630,271,540,27562,
357.5113836433764,71630,271,539,27563,
357.5144980347184,71630,271,538,27564,
357.5168215335267,71630,270,539,27564,
357.5171185189348,71630,270,538,27565,
357.5186883358403,71630,269,539,27565,
357.5187413777527,71630,268,540,27565,
357.52443717387916,71630,268,539,27566,
357.5256540992612,71629,269,539,27566,
357.5280292011449,71629,268,540,27566,
357.52887857885406,71629,268,539,27567,
357.5427422320565,71629,267,540,27567,
357.5530177806162,71629,266,541,27567,
357.56449672869564,71629,265,542,27567,
357.57058273879977,71628,266,542,27567,
357.5734239674189,71627,267,542,27567,
357.5844886329454,71627,267,541,27568,
357.58620216322265,71627,267,540,27569,
357.58835662688074,71627,267,539,27570,
357.5938744282603,71627,267,538,27571,
357.60494694977956,71626,268,538,27571,
357.6166382780263,71625,269,538,27571,
357.61723148325905,71625,269,537,27572,
357.62349996070145,71625,268,538,27572,
357.6292748255877,71624,269,538,27572,
357.6298556846022,71623,270,538,27572,
357.63190769775196,71623,269,539,27572,
357.64396480527625,71622,270,539,27572,
357.6473146908097,71621,271,539,27572,
357.64859844843124,71621,270,540,27572,
357.65449610612745,71621,270,539,27573,
357.660353664816,71621,269,540,27573,
357.6699832321114,71621,269,539,27574,
357.6736711606359,71620,270,539,27574,
357.67618452580535,71620,270,538,27575,
357.6792102603362,71620,269,539,27575,
357.68220247594115,71619,270,539,27575,
357.6851459580221,71619,269,540,27575,
357.68537690942713,71619,269,539,27576,
357.68573626790237,71619,268,540,27576,
357.6943605440443,71619,267,541,27576,
357.69851956434405,71618,268,541,27576,
357.71965655246123,71617,269,541,27576,
357.72909158517007,71617,268,542,27576,
357.730563393247,71617,267,543,27576,
357.7323017704538,71617,266,544,27576,
357.73413371560804,71617,265,545,27576,
357.73832426463997,71617,264,546,27576,
357.74168604127374,71617,263,547,27576,
357.7476140693665,71617,263,546,27577,
357.76726796355786,71617,263,545,27578,
357.7677186205072,71617,263,544,27579,
357.77117609985066,71617,263,543,27580,
357.77292718669366,71617,262,544,27580,
357.7739345843776,71616,263,544,27580,
357.78214003644405,71616,263,543,27581,
357.78655306024166,71615,264,543,27581,
357.7913516872338,71615,264,542,27582,
357.7928836947314,71614,265,542,27582,
357.79317625125856,71614,264,543,27582,
357.79641679518335,71614,264,542,27583,
357.8051981563034,71614,264,541,27584,
357.80854020115663,71614,264,540,27585,
357.8116935173423,71614,264,539,27586,
357.813794903175,71614,263,540,27586,
357.82369443816606,71614,263,539,27587,
357.8241944524286,71613,264,539,27587,
357.82574292116175,71613,264,538,27588,
357.8368638913592,71612,265,538,27588,
357.84280623075296,71611,266,538,27588,
357.84543406531446,71610,267,538,27588,
357.84583740179687,71609,268,538,27588,
357.8467379265834,71609,267,539,27588,
357.85033348877033,71609,266,540,27588,
357.8518027581795,71608,267,540,27588,
357.8527104102034,71608,267,539,27589,
357.86465481677914,71608,266,540,27589,
357.8664854663235,71608,265,541,27589,
357.87012026241456,71608,264,542,27589,
357.88383760134485,71608,263,543,27589,
357.9027138159855,71608,263,542,27590,
357.9121249489917,71607,264,542,27590,
357.9277659112763,71607,263,543,27590,
357.975253891424,71606,264,543,27590,
357.98327257896904,71606,263,544,27590,
357.98608119987693,71606,263,543,27591,
357.99809563284043,71605,264,543,27591,
358.0009718809685,71604,265,543,27591,
358.00107397268295,71604,265,542,27592,
358.009562731444,71603,266,542,27592,
358.01376374152136,71603,266,541,27593,
358.0195563455653,71603,266,540,27594,
358.0300133543368,71603,266,539,27595,
358.03337302719234,71602,267,539,27595,
358.0337970921791,71602,266,540,27595,
358.03749304634647,71602,266,539,27596,
358.03754837263057,71601,267,539,27596,
358.0422895317211,71600,268,539,27596,
358.0490986558153,71600,267,540,27596,
358.0496886926981,71600,267,539,27597,
358.0507727349932,71599,268,539,27597,
358.0564815401904,71599,267,540,27597,
358.0670500981021,71599,266,541,27597,
358.06756666190034,71598,267,541,27597,
358.06980600036974,71598,266,542,27597,
358.0787056998338,71598,266,541,27598,
358.08136777291696,71598,266,540,27599,
358.0839744969766,71597,267,540,27599,
358.08992189595443,71597,267,539,27600,
358.10086540007757,71597,267,538,27601,
358.1121795633153,71597,266,539,27601,
358.12270951413916,71597,265,540,27601,
358.1271107929161,71597,265,539,27602,
358.1294958592329,71596,266,539,27602,
358.1296226011441,71596,266,538,27603,
358.13267371229875,71595,267,538,27603,
358.13596406328514,71595,267,537,27604,
358.13804854903765,71595,266,538,27604,
358.14848029362827,71595,266,537,27605,
358.1566541542429,71595,266,536,27606,
358.1592016630742,71595,265,537,27606,
358.1637941965351,71594,266,537,27606,
358.1644359668077,71593,267,537,27606,
358.16611735903314,71592,268,537,27606,
358.16754659510553,71592,268,536,27607,
358.1720448673806,71592,268,535,27608,
358.17416115391404,71591,269,535,27608,
358.17513367817435,71591,268,536,27608,
358.17765882142083,71591,268,535,27609,
358.17880634373256,71590,269,535,27609,
358.1860277250023,71590,269,534,27610,
358.2054373216069,71590,269,533,27611,
358.2068606354665,71590,269,532,27612,
358.20976732565043,71590,268,533,27612,
358.2189718410049,71590,267,534,27612,
358.21943293421884,71590,267,533,27613,
358.22042905683725,71590,266,534,27613,
358.25200783051224,71589,267,534,27613,
358.25340444965065,71589,266,535,27613,
358.25390527744355,71589,266,534,27614,
358.2545399947103,71588,267,534,27614,
358.25571822752835,71588,266,535,27614,
358.25870776997215,71588,266,534,27615,
358.26220641596984,71588,266,533,27616,
358.2623476083378,71588,265,534,27616,
358.26358433031237,71588,264,535,27616,
358.26795917665066,71588,264,534,27617,
358.2783361037948,71587,265,534,27617,
358.28918186889996,71587,264,535,27617,
358.2900644056815,71587,263,536,27617,
358.29489928836296,71586,264,536,27617,
358.3037966028858,71586,263,537,27617,
358.31461499040955,71586,263,536,27618,
358.31877461367253,71586,262,537,27618,
358.32465450831563,71585,263,537,27618,
358.3497451206309,71584,264,537,27618,
358.35158230987196,71584,263,538,27618,
358.35326975771136,71583,264,538,27618,
358.35666456014627,71582,265,538,27618,
358.35933419520643,71581,266,538,27618,
358.36126798645216,71581,266,537,27619,
358.3640478134922,71581,265,538,27619,
358.36514025020836,71581,264,539,27619,
358.3689542348143,71581,264,538,27620,
358.3728505450696,71581,264,537,27621,
358.377506801079,71580,265,537,27621,
358.3788341100444,71580,264,538,27621,
358.38598776421554,71579,265,538,27621,
358.3861672090784,71579,265,537,27622,
358.39796994508106,71578,266,537,27622,
358.40181544185214,71577,267,537,27622,
358.4093468982026,71577,267,536,27623,
358.41068308053804,71577,266,537,27623,
358.41353986493,71577,266,536,27624,
358.4230898596531,71576,267,536,27624,
358.4249992836021,71575,268,536,27624,
358.42808806681893,71575,268,535,27625,
358.42915281245456,71574,269,535,27625,
358.4300189039044,71573,270,535,27625,
358.430880120232,71573,270,534,27626,
358.4412508196088,71573,269,535,27626,
358.441907880133,71573,268,536,27626,
358.45475662637267,71573,268,535,27627,
358.45935435659453,71572,269,535,27627,
358.45964490887206,71571,270,535,27627,
358.4659214610443,71571,270,534,27628,
358.4685144798912,71571,270,533,27629,
358.4745714718584,71571,270,532,27630,
358.4758076642501,71571,269,533,27630,
358.47966902727063,71570,270,533,27630,
358.48666012442754,71570,269,534,27630,
358.48762063226894,71570,269,533,27631,
358.5010660095495,71570,268,534,27631,
358.5091711971201,71570,267,535,27631,
358.5196387258138,71570,267,534,27632,
358.5205771359199,71570,266,535,27632,
358.52707301136337,71570,266,534,27633,
358.52914999101387,71570,266,533,27634,
358.5348158735362,71569,267,533,27634,
358.5407625641238,71569,267,532,27635,
358.5497381464003,71569,266,533,27635,
358.55256895612433,71569,265,534,27635,
358.5572074374089,71569,265,533,27636,
358.56635051965407,71569,265,532,27637,
358.56962070580386,71569,265,531,27638,
358.5721244352921,71569,265,530,27639,
358.58369476035335,71568,266,530,27639,
358.58749437884813,71568,265,531,27639,
358.60968242206064,71568,265,530,27640,
358.6102657369099,71568,265,529,27641,
358.6195859017599,71568,265,528,27642,
358.63311492366324,71568,264,529,27642,
358.6383155299523,71568,264,528,27643,
358.6400789081407,71568,264,527,27644,
358.6520102017289,71567,265,527,27644,
358.65937326946465,71566,266,527,27644,
358.66612746724405,71566,265,528,27644,
358.667697154795,71565,266,528,27644,
358.6709760712027,71565,266,527,27645,
358.67777195053634,71564,267,527,27645,
358.6793555665682,71564,266,528,27645,
358.67945848494776,71564,265,529,27645,
358.68200240619836,71564,264,530,27645,
358.6914100019784,71563,265,530,27645,
358.697995824913,71563,265,529,27646,
358.7043407639924,71563,264,530,27646,
358.7091343024787,71562,265,530,27646,
358.7221965533648,71562,265,529,27647,
358.72414900320217,71561,266,529,27647,
358.7286873320555,71560,267,529,27647,
358.73286044263136,71559,268,529,27647,
358.74030768319983,71559,268,528,27648,
358.74324306858085,71559,267,529,27648,
358.7644069989871,71559,266,530,27648,
358.76631884339463,71559,266,529,27649,
358.781034531306,71559,266,528,27650,
358.7906456544761,71558,267,528,27650,
358.7970358012235,71558,266,529,27650,
358.80240052641585,71557,267,529,27650,
358.803868586038,71557,266,530,27650,
358.8057212062546,71557,265,531,27650,
358.81571595741804,71557,264,532,27650,
358.8166991993151,71557,263,533,27650,
358.81990109947105,71557,263,532,27651,
358.8204180228603,71557,263,531,27652,
358.82460060350786,71556,264,531,27652,
358.8254157470444,71556,263,532,27652,
358.8277430263585,71555,264,532,27652,
358.83093117566585,71555,263,533,27652,
358.83386382758846,71554,264,533,27652,
358.8401915140273,71554,264,532,27653,
358.84431394005526,71554,264,531,27654,
358.8504621423689,71553,265,531,27654,
358.8552458157707,71552,266,531,27654,
358.859541515805,71552,266,530,27655,
358.8647268053264,71552,266,529,27656,
358.8664929838768,71551,267,529,27656,
358.88037813982544,71551,266,530,27656,
358.8893004969365,71551,266,529,27657,
358.8906600991869,71551,266,528,27658,
358.89257755381044,71551,265,529,27658,
358.8934257059763,71551,265,528,27659,
358.893875833724,71550,266,528,27659,
358.90384266283405,71549,267,528,27659,
358.9067321253395,71549,267,527,27660,
358.91750885075953,71549,266,528,27660,
358.93584681888996,71548,267,528,27660,
358.94270800085997,71548,267,527,27661,
358.9479655327831,71548,267,526,27662,
358.950942083022,71547,268,526,27662,
358.9557546082339,71546,269,526,27662,
358.95838225209195,71545,270,526,27662,
358.96043584498517,71545,269,527,27662,
358.9613676410396,71545,268,528,27662,
358.9634045699674,71545,268,527,27663,
358.9643930756183,71544,269,527,27663,
358.974317437142,71544,269,526,27664,
358.994523469182,71544,268,527,27664,
359.0077308267465,71543,269,527,27664,
359.01199740375654,71543,269,526,27665,
359.01270769200255,71542,270,526,27665,
359.0173796135055,71541,271,526,27665,
359.0201657414825,71541,270,527,27665,
359.02287673764,71541,270,526,27666,
359.02525264834463,71540,271,526,27666,
359.04112164109114,71540,271,525,27667,
359.05389641113044,71539,272,525,27667,
359.06417128721097,71539,271,526,27667,
359.0731929635427,71539,271,525,27668,
359.07394376096,71539,271,524,27669,
359.0831749748121,71539,270,525,27669,
359.0949478670389,71539,270,524,27670,
359.0991454559845,71539,269,525,27670,
359.1010884649471,71538,270,525,27670,
359.10377178625146,71538,269,526,27670,
359.10451341133336,71538,268,527,27670,
359.112544068706,71537,269,527,27670,
359.1276911794109,71536,270,527,27670,
359.13618694215216,71536,269,528,27670,
359.13654437402624,71535,270,528,27670,
359.14412926375144,71535,269,529,27670,
359.1540482826423,71535,269,528,27671,
359.1638527081399,71535,269,527,27672,
359.16431932436166,71535,269,526,27673,
359.16784580302937,71534,270,526,27673,
359.1729020329743,71534,270,525,27674,
359.1736467259668,71534,269,526,27674,
359.17615399872875,71534,269,525,27675,
359.19118921896865,71534,269,524,27676,
359.1935146268745,71534,269,523,27677,
359.2008706407364,71534,268,524,27677,
359.2071636195841,71534,268,523,27678,
359.20916589800606,71533,269,523,27678,
359.2108983315686,71533,269,522,27679,
359.2180870680717,71532,270,522,27679,
359.23276921348815,71531,271,522,27679,
359.23874297147063,71531,271,521,27680,
359.2451677372972,71531,271,520,27681,
359.24572292452456,71531,271,519,27682,
359.246067658833,71530,272,519,27682,
359.2529804107146,71529,273,519,27682,
359.26441287207246,71529,273,518,27683,
359.26646232834844,71529,272,519,27683,
359.2673841581479,71529,271,520,27683,
359.2714889783494,71528,272,520,27683,
359.27268811696126,71528,271,521,27683,
359.2750194844405,71528,271,520,27684,
359.27546046276234,71528,271,519,27685,
359.27802810214786,71528,271,518,27686,
359.2786569737583,71527,272,518,27686,
359.28533846200935,71527,271,519,27686,
359.29723628302725,71527,271,518,27687,
359.2991073101139,71527,270,519,27687,
359.29998165491884,71526,271,519,27687,
359.3040777826355,71526,271,518,27688,
359.30976712180825,71526,270,519,27688,
359.32768934544,71526,270,518,27689,
359.3295923048341,71526,270,517,27690,
359.33112289464583,71525,271,517,27690,
359.3365846771284,71525,270,518,27690,
359.34138722121844,71524,271,518,27690,
359.34744894079097,71524,271,517,27691,
359.3507795676118,71524,271,516,27692,
359.3551954808016,71523,272,516,27692,
359.3703906505313,71522,273,516,27692,
359.38019083625767,71522,272,517,27692,
359.38487391146504,71521,273,517,27692,
359.3897000284811,71521,273,516,27693,
359.390567820108,71520,274,516,27693,
359.40411651410665,71520,274,515,27694,
359.405763769417,71519,275,515,27694,
359.4065194510893,71519,274,516,27694,
359.4071028427781,71518,275,516,27694,
359.4137685307088,71518,275,515,27695,
359.42157002036356,71518,275,514,27696,
359.42478640348924,71518,275,513,27697,
359.42828451565526,71517,276,513,27697,
359.43092157509034,71517,276,512,27698,
359.44450782049717,71516,277,512,27698,
359.4462866483627,71516,277,511,27699,
359.4492952096731,71516,277,510,27700,
359.46247989834944,71516,276,511,27700,
359.47125451512653,71516,275,512,27700,
359.4713143748266,71516,274,513,27700,
359.47326595304753,71516,273,514,27700,
359.47439554974943,71515,274,514,27700,
359.485421108773,71514,275,514,27700,
359.49374819000366,71514,275,513,27701,
359.49882511802207,71514,275,512,27702,
359.50360415762844,71514,275,511,27703,
359.508614036371,71514,275,510,27704,
359.52191531527995,71513,276,510,27704,
359.52367256774176,71512,277,510,27704,
359.5244656442686,71511,278,510,27704,
359.53041736951826,71511,277,511,27704,
359.5376009153101,71511,276,512,27704,
359.54303344467144,71511,275,513,27704,
359.5582591003956,71511,275,512,27705,
359.5654660897356,71511,274,513,27705,
359.56726547498664,71510,275,513,27705,
359.56856468881,71510,275,512,27706,
359.5812596323487,71510,274,513,27706,
359.58313969979054,71510,274,512,27707,
359.5918894341994,71510,274,511,27708,
359.5942791934091,71510,274,510,27709,
359.60459241190654,71510,273,511,27709,
359.6069933380279,71510,272,512,27709,
359.6175165399238,71510,272,511,27710,
359.61885858157984,71510,272,510,27711,
359.6215558268392,71510,272,509,27712,
359.62368821918955,71509,273,509,27712,
359.62887344772764,71509,272,510,27712,
359.63532545339194,71509,271,511,27712,
359.6367202101778,71509,271,510,27713,
359.6418556913784,71509,271,509,27714,
359.64259085316235,71509,270,510,27714,
359.6438697728962,71508,271,510,27714,
359.64458526920083,71507,272,510,27714,
359.6478944995473,71507,272,509,27715,
359.64925881575647,71506,273,509,27715,
359.6628535215067,71505,274,509,27715,
359.6736836536532,71504,275,509,27715,
359.6783962010746,71504,275,508,27716,
359.68149638562886,71503,276,508,27716,
359.68192846565825,71503,276,507,27717,
359.6847660550152,71503,276,506,27718,
359.686725280622,71502,277,506,27718,
359.7131523707912,71502,277,505,27719,
359.71335315673906,71502,277,504,27720,
359.7186850757471,71502,277,503,27721,
359.72202468877146,71501,278,503,27721,
359.7591433637364,71501,278,502,27722,
359.7604285983381,71500,279,502,27722,
359.7622675000988,71500,279,501,27723,
359.7646564735786,71499,280,501,27723,
359.76524262967445,71499,279,502,27723,
359.774952554371,71498,280,502,27723,
359.77539728812354,71498,279,503,27723,
359.77773340434646,71498,278,504,27723,
359.78498862743186,71498,277,505,27723,
359.8052896536121,71498,276,506,27723,
359.8094471877889,71497,277,506,27723,
359.8165053871708,71497,277,505,27724,
359.8197125223055,71497,276,506,27724,
359.82342651147127,71497,276,505,27725,
359.82343112722646,71497,275,506,27725,
359.83846362734926,71497,274,507,27725,
359.8412024157212,71497,274,506,27726,
359.85005353146533,71496,275,506,27726,
359.8580566745932,71496,274,507,27726,
359.8631185692128,71496,273,508,27726,
359.8646516076046,71496,272,509,27726,
359.8672038801644,71496,271,510,27726,
359.88167351392696,71496,270,511,27726,
359.88777107746637,71495,271,511,27726,
359.9004293262361,71495,271,510,27727,
359.9010412671987,71495,270,511,27727,
359.91186215400484,71494,271,511,27727,
359.94449951234,71493,272,511,27727,
359.9510446443378,71493,272,510,27728,
359.9604758154214,71493,272,509,27729,
359.9670159042241,71492,273,509,27729,
359.9767775225607,71492,273,508,27730,
359.9858127057723,71491,274,508,27730,
359.9906777676533,71491,274,507,27731,
360.00339919975283,71491,273,508,27731,
360.00621659802863,71491,272,509,27731,
360.0080583881785,71490,273,509,27731,
360.0091088591035,71490,272,510,27731,
360.0129639538284,71490,272,509,27732,
360.01450455706436,71490,272,508,27733,
360.0245836340636,71490,271,509,27733,
360.0354484429469,71490,270,510,27733,
360.0375268264207,71490,270,509,27734,
360.04794707164433,71489,271,509,27734,
360.0570096384153,71489,271,508,27735,
360.06450916046083,71489,270,509,27735,
360.08060161559825,71489,269,510,27735,
360.0829056278299,71489,269,509,27736,
360.08585321338956,71489,269,508,27737,
360.0878017374767,71489,268,509,27737,
360.09293800626074,71489,267,510,27737,
360.09451316935247,71489,266,511,27737,
360.0960751690914,71488,267,511,27737,
360.1086039595691,71487,268,511,27737,
360.10902687087474,71486,269,511,27737,
360.1105811685164,71486,269,510,27738,
360.11904418651284,71486,268,511,27738,
360.12368753441683,71486,268,510,27739,
360.1299260010885,71485,269,510,27739,
360.13494764098925,71484,270,510,27739,
360.15467122452554,71484,270,509,27740,
360.15833709694425,71484,269,510,27740,
360.16183837732007,71484,269,509,27741,
360.1636201135933,71483,270,509,27741,
360.1686604618184,71482,271,509,27741,
360.1691979979502,71481,272,509,27741,
360.17045325445224,71481,272,508,27742,
360.1708191750497,71481,271,509,27742,
360.17576797222176,71481,271,508,27743,
360.18057877422945,71481,270,509,27743,
360.1820386177732,71481,270,508,27744,
360.1855970393126,71481,270,507,27745,
360.1860000555535,71481,270,506,27746,
360.1915640376215,71481,270,505,27747,
360.1933508391689,71481,269,506,27747,
360.1959269878057,71481,268,507,27747,
360.19958149873463,71481,268,506,27748,
360.20567503359314,71481,267,507,27748,
360.20594101314884,71480,268,507,27748,
360.2195188393264,71479,269,507,27748,
360.2256887630047,71479,268,508,27748,
360.22995099297265,71479,267,509,27748,
360.2337561395094,71478,268,509,27748,
360.2344916459201,71478,267,510,27748,
360.23922977051257,71477,268,510,27748,
360.2443654264597,71477,267,511,27748,
360.2915502129224,71476,268,511,27748,
360.296771391102,71476,268,510,27749,
360.29836589309946,71476,268,509,27750,
360.3072522221864,71476,268,508,27751,
360.3092285328483,71476,268,507,27752,
360.3106175843116,71476,267,508,27752,
360.31301067340286,71476,266,509,27752,
360.31702015987014,71475,267,509,27752,
360.31789374116755,71474,268,509,27752,
360.3189052531249,71473,269,509,27752,
360.3229033309887,71472,270,509,27752,
360.3250898105842,71472,270,508,27753,
360.3278153777875,71471,271,508,27753,
360.33189840984653,71471,270,509,27753,
360.33673029257477,71471,269,510,27753,
360.35558154307864,71471,269,509,27754,
360.35660001847015,71471,268,510,27754,
360.3601243229411,71471,268,509,27755,
360.3614352793602,71471,268,508,27756,
360.36463150619187,71471,268,507,27757,
360.3662579503808,71471,268,506,27758,
360.3664488885805,71470,269,506,27758,
360.36682396028175,71469,270,506,27758,
360.36866373651395,71468,271,506,27758,
360.3703034697243,71468,270,507,27758,
360.371576389979,71468,270,506,27759,
360.3732098654072,71467,271,506,27759,
360.37779076547673,71466,272,506,27759,
360.38137345973274,71466,271,507,27759,
360.40052496396703,71466,271,506,27760,
360.41079676315223,71466,271,505,27761,
360.421342721693,71465,272,505,27761,
360.42533176374343,71465,271,506,27761,
360.4281249914519,71464,272,506,27761,
360.42956521771515,71464,271,507,27761,
360.42972906029917,71463,272,507,27761,
360.44454015946417,71462,273,507,27761,
360.4478360443486,71462,272,508,27761,
360.4557323226542,71462,272,507,27762,
360.4581924395511,71462,271,508,27762,
360.4631522249456,71462,270,509,27762,
360.47094521648984,71462,269,510,27762,
360.4813007022076,71462,269,509,27763,
360.48226038451594,71462,269,508,27764,
360.4872805578206,71462,269,507,27765,
360.49909391897614,71462,269,506,27766,
360.52257503839894,71461,270,506,27766,
360.52817723824097,71461,269,507,27766,
360.5323260065107,71461,269,506,27767,
360.53240441213853,71460,270,506,27767,
360.53963762134146,71460,270,505,27768,
360.5397205408736,71460,269,506,27768,
360.5444693667509,71460,269,505,27769,
360.54643794700627,71460,269,504,27770,
360.5479811936045,71460,268,505,27770,
360.55176068576816,71459,269,505,27770,
360.55549892386864,71459,268,506,27770,
360.55970978546264,71458,269,506,27770,
360.5658618379269,71457,270,506,27770,
360.57985490587845,71456,271,506,27770,
360.5873298704933,71456,271,505,27771,
360.59651565423144,71455,272,505,27771,
360.61999644657135,71454,273,505,27771,
360.6361722338451,71454,273,504,27772,
360.64418827377744,71454,273,503,27773,
360.6456754322433,71454,273,502,27774,
360.6666272862925,71454,272,503,27774,
360.6758405072057,71454,272,502,27775,
360.6859303022604,71454,271,503,27775,
360.68692445957413,71454,270,504,27775,
360.6891157417561,71454,270,503,27776,
360.69214585949436,71454,269,504,27776,
360.7088828445512,71453,270,504,27776,
360.717076723393,71453,269,505,27776,
360.7343499683398,71453,269,504,27777,
360.7360785635459,71453,269,503,27778,
360.7367249679862,71453,269,502,27779,
360.75031059051656,71453,269,501,27780,
360.7557369415434,71453,269,500,27781,
360.77802379099427,71453,268,501,27781,
360.78421883257886,71453,267,502,27781,
360.7866703804961,71453,266,503,27781,
360.79967676572096,71453,265,504,27781,
360.80030891382717,71453,264,505,27781,
360.80444375404863,71452,265,505,27781,
360.8045449618366,71451,266,505,27781,
360.80695508624837,71451,265,506,27781,
360.81006733176434,71450,266,506,27781,
360.8102379494459,71450,266,505,27782,
360.8140411352272,71450,266,504,27783,
360.8256257399464,71449,267,504,27783,
360.8263044343071,71449,267,503,27784,
360.8345592341793,71449,267,502,27785,
360.8392295906263,71448,268,502,27785,
360.8464817911026,71448,267,503,27785,
360.8471538654112,71447,268,503,27785,
360.8489317518256,71446,269,503,27785,
360.8496189496695,71446,269,502,27786,
360.8535096219949,71445,270,502,27786,
360.86062130598714,71445,270,501,27787,
360.86087527877885,71444,271,501,27787,
360.8675029709682,71444,271,500,27788,
360.8706399444364,71444,271,499,27789,
360.8760914006828,71443,272,499,27789,
360.8764040355002,71443,271,500,27789,
360.877100262699,71443,270,501,27789,
360.8821149499084,71443,270,500,27790,
360.89058591709585,71442,271,500,27790,
360.9033159462403,71441,272,500,27790,
360.9062842613192,71441,272,499,27791,
360.91317259096354,71440,273,499,27791,
360.91540760054056,71440,272,500,27791,
360.9158393106056,71440,272,499,27792,
360.91931382548455,71440,271,500,27792,
360.9485375012086,71440,271,499,27793,
360.9505431406463,71440,270,500,27793,
360.9509153102718,71440,270,499,27794,
360.9538306209679,71440,270,498,27795,
360.9552199044711,71440,270,497,27796,
360.9572557215064,71440,270,496,27797,
360.96030289672535,71440,269,497,27797,
360.96869252572554,71440,268,498,27797,
360.9774516965809,71440,268,497,27798,
360.9842728852416,71440,268,496,27799,
360.991541961142,71439,269,496,27799,
361.00143683363524,71439,268,497,27799,
361.01861253307845,71439,268,496,27800,
361.0289547928479,71439,267,497,27800,
361.0301232163574,71438,268,497,27800,
361.03634802395163,71438,267,498,27800,
361.03990164002613,71437,268,498,27800,
361.0426557756389,71437,267,499,27800,
361.0443813898717,71437,266,500,27800,
361.0564430901816,71437,265,501,27800,
361.0677173700204,71436,266,501,27800,
361.0830095900611,71435,267,501,27800,
361.08403539539404,71435,267,500,27801,
361.09167677539926,71435,266,501,27801,
361.09378213309566,71435,265,502,27801,
361.09506852777406,71435,265,501,27802,
361.09902521759517,71435,265,500,27803,
361.0999955063905,71434,266,500,27803,
361.10057084492274,71433,267,500,27803,
361.10764405219464,71433,267,499,27804,
361.1088484739217,71432,268,499,27804,
361.1162601737229,71432,268,498,27805,
361.13467069888793,71432,267,499,27805,
361.1402551358856,71431,268,499,27805,
361.1404664804486,71431,267,500,27805,
361.14612293100413,71431,267,499,27806,
361.14815489463643,71431,267,498,27807,
361.151214045482,71430,268,498,27807,
361.15686487969407,71430,268,497,27808,
361.189612259734,71430,267,498,27808,
361.19839697737086,71430,267,497,27809,
361.21108501686433,71429,268,497,27809,
361.21147852782025,71429,268,496,27810,
361.22059259303995,71428,269,496,27810,
361.22289778506547,71428,268,497,27810,
361.2324308436753,71428,268,496,27811,
361.2376082160746,71428,268,495,27812,
361.2395168427243,71428,268,494,27813,
361.2436025471956,71427,269,494,27813,
361.25629115531905,71426,270,494,27813,
361.2632297012051,71425,271,494,27813,
361.2643786876713,71425,270,495,27813,
361.2707494758377,71425,270,494,27814,
361.27342152991974,71425,269,495,27814,
361.2781298764328,71424,270,495,27814,
361.2837255964886,71424,270,494,27815,
361.29231553873933,71423,271,494,27815,
361.29567181260114,71423,270,495,27815,
361.2967197013539,71422,271,495,27815,
361.30139306421137,71421,272,495,27815,
361.3053034716528,71421,271,496,27815,
361.3207766372604,71421,271,495,27816,
361.32305864152744,71421,270,496,27816,
361.329147376332,71421,270,495,27817,
361.3297361995192,71421,270,494,27818,
361.33331549690837,71421,269,495,27818,
361.3338690288806,71420,270,495,27818,
361.33462404839617,71420,270,494,27819,
361.3383242660096,71419,271,494,27819,
361.3563253147891,71418,272,494,27819,
361.3599806828043,71418,272,493,27820,
361.3611940232562,71418,272,492,27821,
361.36355260138583,71417,273,492,27821,
361.37198868356506,71417,272,493,27821,
361.3801102965451,71417,272,492,27822,
361.389275536099,71417,271,493,27822,
361.39179616406244,71417,270,494,27822,
361.3961758823165,71417,269,495,27822,
361.3995622659011,71417,269,494,27823,
361.40117077865955,71416,270,494,27823,
361.4110926807837,71416,269,495,27823,
361.4206392047407,71416,269,494,27824,
361.4244701303932,71416,268,495,27824,
361.428061903408,71415,269,495,27824,
361.428438754419,71415,268,496,27824,
361.429861479363,71414,269,496,27824,
361.4390330958974,71414,268,497,27824,
361.45107057593776,71414,267,498,27824,
361.4545309037859,71414,266,499,27824,
361.4547533403746,71413,267,499,27824,
361.45675673504144,71413,266,500,27824,
361.46806947153704,71413,266,499,27825,
361.46932536450595,71413,266,498,27826,
361.4728759965831,71413,265,499,27826,
361.47597765796326,71412,266,499,27826,
361.47665082960356,71411,267,499,27826,
361.4823069870807,71411,267,498,27827,
361.49007860296615,71410,268,498,27827,
361.49184789856275,71409,269,498,27827,
361.5078347847979,71409,269,497,27828,
361.51889792381945,71409,269,496,27829,
361.52087983789045,71409,269,495,27830,
361.52092942232696,71409,268,496,27830,
361.5264442764731,71409,268,495,27831,
361.53051421972947,71409,267,496,27831,
361.5623072192022,71409,267,495,27832,
361.5643099895273,71408,268,495,27832,
361.5689692492737,71407,269,495,27832,
361.57201664357694,71406,270,495,27832,
361.5736361052956,71406,270,494,27833,
361.5791977511187,71405,271,494,27833,
361.58386218932236,71405,270,495,27833,
361.5850363284839,71405,270,494,27834,
361.59316297845805,71405,269,495,27834,
361.602253847616,71404,270,495,27834,
361.60282186563944,71403,271,495,27834,
361.6053140356904,71403,270,496,27834,
361.60545272264187,71403,270,495,27835,
361.6161059611187,71403,269,496,27835,
361.625713119232,71403,268,497,27835,
361.6288428572885,71402,269,497,27835,
361.629929217396,71402,268,498,27835,
361.63068132035323,71401,269,498,27835,
361.6311070445096,71401,268,499,27835,
361.6414706466524,71401,268,498,27836,
361.641605907226,71401,268,497,27837,
361.65718687860806,71401,268,496,27838,
361.6616732446005,71401,267,497,27838,
361.6633695120774,71400,268,497,27838,
361.6788283302287,71400,267,498,27838,
361.7041329437729,71399,268,498,27838,
361.71894024358386,71398,269,498,27838,
361.7238346415498,71398,269,497,27839,
361.734658796091,71398,268,498,27839,
361.74137448519036,71398,267,499,27839,
361.75960954508673,71398,266,500,27839,
361.76407720368996,71398,266,499,27840,
361.7649618907065,71398,266,498,27841,
361.7655214193957,71398,266,497,27842,
361.76939416431503,71397,267,497,27842,
361.7741049615998,71396,268,497,27842,
361.774426566761,71396,267,498,27842,
361.7793288520678,71396,267,497,27843,
361.7802376175108,71396,267,496,27844,
361.785063606319,71396,266,497,27844,
361.7858298400398,71396,266,496,27845,
361.78742821874323,71396,265,497,27845,
361.78844670283456,71396,265,496,27846,
361.7901147526114,71396,265,495,27847,
361.7955456375925,71396,265,494,27848,
361.79724374194,71396,265,493,27849,
361.8031549456968,71396,265,492,27850,
361.8066594639816,71396,264,493,27850,
361.8173065433718,71396,263,494,27850,
361.82504137838305,71395,264,494,27850,
361.85710712149927,71395,263,495,27850,
361.85743453927034,71394,264,495,27850,
361.8581921311685,71394,263,496,27850,
361.8625895745031,71393,264,496,27850,
361.8637660089054,71392,265,496,27850,
361.86452287898936,71392,264,497,27850,
361.8654496937913,71392,263,498,27850,
361.87185021345505,71392,262,499,27850,
361.8892800475748,71392,261,500,27850,
361.9000903542747,71392,261,499,27851,
361.90442146522395,71391,262,499,27851,
361.911127895745,71391,262,498,27852,
361.9221271071308,71391,261,499,27852,
361.92220528820854,71390,262,499,27852,
361.9232286119637,71390,262,498,27853,
361.92359186739367,71390,262,497,27854,
361.9295131715415,71390,262,496,27855,
361.95412985271605,71390,262,495,27856,
361.9631676730028,71390,261,496,27856,
361.964226420596,71389,262,496,27856,
361.9687446882197,71388,263,496,27856,
361.97136742782925,71387,264,496,27856,
361.97669672985245,71387,263,497,27856,
361.97872329495857,71387,263,496,27857,
361.9811610909986,71387,262,497,27857,
362.00109310312325,71386,263,497,27857,
362.0261238430671,71386,263,496,27858,
362.0286789060628,71385,264,496,27858,
362.04244374537194,71385,264,495,27859,
362.04404984217257,71385,264,494,27860,
362.0460455409845,71385,264,493,27861,
362.0513126213549,71384,265,493,27861,
362.05199541000917,71384,264,494,27861,
362.0574598317722,71384,264,493,27862,
362.0577150770532,71384,263,494,27862,
362.05780337629966,71384,263,493,27863,
362.05982707850774,71384,263,492,27864,
362.06310533783574,71384,262,493,27864,
362.0674995533645,71384,261,494,27864,
362.07917724992535,71384,260,495,27864,
362.0924389519853,71384,260,494,27865,
362.1003982676805,71384,260,493,27866,
362.10910174885294,71384,260,492,27867,
362.1123976449985,71384,259,493,27867,
362.1174224058078,71384,258,494,27867,
362.1207487379517,71384,258,493,27868,
362.1299321778636,71384,258,492,27869,
362.13084678700125,71384,258,491,27870,
362.13450720668055,71384,257,492,27870,
362.1466953374096,71384,256,493,27870,
362.15856605421527,71384,256,492,27871,
362.17116232413434,71383,257,492,27871,
362.1839842528498,71383,256,493,27871,
362.1858373903459,71382,257,493,27871,
362.18669042499903,71381,258,493,27871,
362.1884397019432,71381,258,492,27872,
362.19386872759014,71380,259,492,27872,
362.1945884911413,71380,259,491,27873,
362.20464485779615,71380,258,492,27873,
362.2064123033446,71379,259,492,27873,
362.21881093282286,71379,259,491,27874,
362.2228394278076,71379,258,492,27874,
362.23686292263494,71379,257,493,27874,
362.2401410269657,71378,258,493,27874,
362.2546916129715,71378,258,492,27875,
362.26324578222557,71378,257,493,27875,
362.2692355491522,71378,257,492,27876,
362.2851476332847,71378,256,493,27876,
362.2924746331203,71377,257,493,27876,
362.29504200975254,71377,256,494,27876,
362.2970759256939,71377,256,493,27877,
362.303628908162,71377,255,494,27877,
362.30417198991756,71376,256,494,27877,
362.3047646246349,71376,256,493,27878,
362.3122057603458,71376,255,494,27878,
362.3138906216183,71376,255,493,27879,
362.31740660926687,71375,256,493,27879,
362.31775723876694,71375,255,494,27879,
362.33552201161734,71375,254,495,27879,
362.341481721901,71375,253,496,27879,
362.3539428708721,71375,252,497,27879,
362.3680355306027,71375,252,496,27880,
362.3731161992319,71374,253,496,27880,
362.375924678175,71374,253,495,27881,
362.37695833741475,71374,253,494,27882,
362.39724162373045,71374,252,495,27882,
362.400000891211,71374,252,494,27883,
362.40063711814827,71374,252,493,27884,
362.41672973476,71374,252,492,27885,
362.42288305586953,71373,253,492,27885,
362.42320836030365,71372,254,492,27885,
362.4263987808655,71371,255,492,27885,
362.4277521098891,71371,254,493,27885,
362.42794620406727,71371,254,492,27886,
362.42974189272434,71370,255,492,27886,
362.43023542944735,71370,254,493,27886,
362.4372394710078,71370,254,492,27887,
362.44282355033044,71370,254,491,27888,
362.44470854714143,71370,253,492,27888,
362.4504798887626,71370,252,493,27888,
362.4505328670901,71370,252,492,27889,
362.4558403570485,71369,253,492,27889,
362.4629054494739,71369,253,491,27890,
362.4668612320215,71368,254,491,27890,
362.4929455327385,71368,254,490,27891,
362.4935363029939,71368,253,491,27891,
362.4939396291364,71368,253,490,27892,
362.4984113000278,71368,252,491,27892,
362.5027413665899,71367,253,491,27892,
362.5091301550128,71367,252,492,27892,
362.5133740143529,71367,251,493,27892,
362.5254652171614,71367,250,494,27892,
362.5303628516964,71367,249,495,27892,
362.5490241889639,71367,249,494,27893,
362.5562154273961,71367,249,493,27894,
362.56673315339407,71367,249,492,27895,
362.5766937986945,71367,249,491,27896,
362.57939770395586,71366,250,491,27896,
362.5846204914072,71366,250,490,27897,
362.5986996040193,71366,250,489,27898,
362.60368382482045,71366,250,488,27899,
362.60485075729855,71366,250,487,27900,
362.60596201134877,71366,249,488,27900,
362.6089425036152,71366,248,489,27900,
362.6146056768179,71366,248,488,27901,
362.61533215342763,71366,247,489,27901,
362.61755270082153,71366,247,488,27902,
362.6386774406338,71366,247,487,27903,
362.6432975788696,71365,248,487,27903,
362.64668746569646,71364,249,487,27903,
362.66028236312997,71364,249,486,27904,
362.66825069378496,71364,249,485,27905,
362.67855525541324,71364,248,486,27905,
362.6837117598187,71364,247,487,27905,
362.6930183509438,71363,248,487,27905,
362.7223396792817,71363,247,488,27905,
362.7509958140925,71363,247,487,27906,
362.7609829186048,71363,246,488,27906,
362.76423042904094,71363,246,487,27907,
362.7699889233848,71363,245,488,27907,
362.79128131642966,71363,244,489,27907,
362.79443666070597,71362,245,489,27907,
362.79935268917404,71362,244,490,27907,
362.8033034484797,71362,244,489,27908,
362.80705380142973,71361,245,489,27908,
362.8123092779871,71361,245,488,27909,
362.81971718538495,71361,245,487,27910,
362.8238728608864,71361,244,488,27910,
362.83394247157094,71361,243,489,27910,
362.84294639163954,71360,244,489,27910,
362.8498925209156,71359,245,489,27910,
362.8567480790993,71358,246,489,27910,
362.8627774975091,71358,246,488,27911,
362.8864636686802,71358,246,487,27912,
362.897604777319,71358,246,486,27913,
362.89830499410203,71358,246,485,27914,
362.9119666103073,71357,247,485,27914,
362.92741518225716,71357,246,486,27914,
362.9298032826155,71357,246,485,27915,
362.95290530372597,71357,246,484,27916,
362.9566142505827,71356,247,484,27916,
362.9624042258569,71355,248,484,27916,
362.98343057319175,71355,248,483,27917,
362.9834328375382,71355,247,484,27917,
362.98649507471777,71354,248,484,27917,
362.99055015910614,71353,249,484,27917,
362.99808745028383,71353,248,485,27917,
363.0010005966858,71353,248,484,27918,
363.00141693011165,71353,247,485,27918,
363.00538936371834,71353,247,484,27919,
363.0059530236887,71352,248,484,27919,
363.01531066704064,71351,249,484,27919,
363.0205330242997,71351,249,483,27920,
363.02541289910016,71351,248,484,27920,
363.0305280233911,71350,249,484,27920,
363.03121389470215,71349,250,484,27920,
363.03189226964514,71349,250,483,27921,
363.0330484387804,71349,249,484,27921,
363.04033056179645,71349,248,485,27921,
363.051516220661,71349,247,486,27921,
363.0578383396265,71348,248,486,27921,
363.0611492355691,71347,249,486,27921,
363.0625892528349,71347,248,487,27921,
363.06936994514876,71347,247,488,27921,
363.07451927826014,71347,247,487,27922,
363.07776454060723,71346,248,487,27922,
363.0802935018031,71346,248,486,27923,
363.08963763587866,71345,249,486,27923,
363.10001362084023,71344,250,486,27923,
363.100988300232,71343,251,486,27923,
363.1014859480343,71343,250,487,27923,
363.1051569713448,71342,251,487,27923,
363.1233251955745,71342,251,486,27924,
363.12397442873356,71341,252,486,27924,
363.12630760115536,71341,251,487,27924,
363.1311433375504,71340,252,487,27924,
363.13530231747916,71340,252,486,27925,
363.13695670930133,71340,252,485,27926,
363.14436907525175,71339,253,485,27926,
363.1484739642926,71339,253,484,27927,
363.1489095270831,71338,254,484,27927,
363.1545223503515,71338,254,483,27928,
363.16035761389804,71338,254,482,27929,
363.1800662392444,71338,253,483,27929,
363.18918020010074,71337,254,483,27929,
363.18925519368787,71336,255,483,27929,
363.19161732904075,71336,255,482,27930,
363.2034860214653,71335,256,482,27930,
363.2108594821568,71335,255,483,27930,
363.2121981684765,71335,255,482,27931,
363.23375737272096,71335,255,481,27932,
363.2510850316699,71335,254,482,27932,
363.25202860216586,71335,253,483,27932,
363.25288291202924,71335,252,484,27932,
363.2588680045979,71335,251,485,27932,
363.26347666818515,71335,250,486,27932,
363.26744198191415,71335,249,487,27932,
363.27022088824856,71335,249,486,27933,
363.30394513098696,71335,249,485,27934,
363.30601460726103,71334,250,485,27934,
363.34474679710394,71334,249,486,27934,
363.3460493544378,71333,250,486,27934,
363.3543084293409,71333,249,487,27934,
363.37004307564206,71333,249,486,27935,
363.3726222607526,71332,250,486,27935,
363.37465856896506,71331,251,486,27935,
363.3794303215146,71331,251,485,27936,
363.38488821457065,71331,250,486,27936,
363.38609720099157,71331,250,485,27937,
363.387412616963,71331,249,486,27937,
363.4002151059827,71331,249,485,27938,
363.4122344522229,71331,249,484,27939,
363.4132500832504,71330,250,484,27939,
363.41409123600147,71330,250,483,27940,
363.4275698637038,71330,250,482,27941,
363.4334362469257,71330,249,483,27941,
363.4426403828384,71329,250,483,27941,
363.45102432384886,71328,251,483,27941,
363.452921365158,71328,251,482,27942,
363.45602563495015,71328,251,481,27943,
363.45615349537746,71327,252,481,27943,
363.45993705462257,71327,252,480,27944,
363.4605297565706,71327,252,479,27945,
363.46689629655697,71327,251,480,27945,
363.468508396773,71326,252,480,27945,
363.4697807564842,71325,253,480,27945,
363.47490920869524,71325,252,481,27945,
363.48256972138205,71325,251,482,27945,
363.4861201957865,71324,252,482,27945,
363.48840931588416,71324,252,481,27946,
363.4898434261845,71323,253,481,27946,
363.5084843289111,71322,254,481,27946,
363.5103650416265,71321,255,481,27946,
363.51537264103,71321,254,482,27946,
363.5165707066734,71321,254,481,27947,
363.5305274413136,71321,253,482,27947,
363.5345995911752,71320,254,482,27947,
363.57239931626606,71320,254,481,27948,
363.5870664565883,71320,253,482,27948,
363.6023270955468,71319,254,482,27948,
363.61390710867806,71319,254,481,27949,
363.6144036291136,71318,255,481,27949,
363.61645342206725,71318,254,482,27949,
363.6194318939328,71317,255,482,27949,
363.63157065164415,71317,254,483,27949,
363.64526179859837,71316,255,483,27949,
363.65799579494825,71315,256,483,27949,
363.66621844108784,71315,256,482,27950,
363.66662581963413,71314,257,482,27950,
363.6792869304416,71313,258,482,27950,
363.68565561772317,71313,258,481,27951,
363.6906338937566,71312,259,481,27951,
363.6926879734919,71312,259,480,27952,
363.7043450360189,71312,258,481,27952,
363.70539000641975,71312,257,482,27952,
363.7238878766689,71312,256,483,27952,
363.7301465886597,71311,257,483,27952,
363.7322053175019,71311,257,482,27953,
363.73343183373555,71311,256,483,27953,
363.7480533742038,71310,257,483,27953,
363.7526643519458,71309,258,483,27953,
363.76379617180754,71309,258,482,27954,
363.7704587640317,71309,258,481,27955,
363.7736121306857,71308,259,481,27955,
363.7784554566589,71308,259,480,27956,
363.79592708508846,71308,259,479,27957,
363.79592708508846,71308,259,479,27957,
363.8026657769179,71308,259,478,27958,
363.8027781867407,71308,259,477,27959,
363.8168808408683,71308,259,476,27960,
363.82254207008367,71308,258,477,27960,
363.82366520724446,71308,258,476,27961,
363.823920743227,71308,257,477,27961,
363.83055185040945,71308,257,476,27962,
363.8319041588251,71308,256,477,27962,
363.83308002296826,71307,257,477,27962,
363.83906661378734,71306,258,477,27962,
363.8610144478507,71305,259,477,27962,
363.87148940010326,71305,258,478,27962,
363.8729913107734,71305,257,479,27962,
363.87654290165864,71305,256,480,27962,
363.8867715586051,71305,256,479,27963,
363.89988053436366,71305,255,480,27963,
363.9097610414997,71305,254,481,27963,
363.9128204324752,71304,255,481,27963,
363.9151770910126,71303,256,481,27963,
363.9209297371772,71303,256,480,27964,
363.92247750772907,71303,255,481,27964,
363.9240553560074,71303,255,480,27965,
363.9247303268399,71303,254,481,27965,
363.9395484974874,71303,254,480,27966,
363.9469816838226,71303,254,479,27967,
363.9503623971477,71303,254,478,27968,
363.95620327254863,71303,253,479,27968,
363.9583690791724,71303,252,480,27968,
363.9617186188309,71302,253,480,27968,
363.9679600843257,71302,252,481,27968,
363.98941921877775,71302,252,480,27969,
364.00081187410643,71302,251,481,27969,
364.0021850852875,71301,252,481,27969,
364.0134808317678,71301,251,482,27969,
364.0176345673549,71301,250,483,27969,
364.0255746884264,71300,251,483,27969,
364.04031777802294,71300,251,482,27970,
364.0547578208511,71300,250,483,27970,
364.05766992420433,71300,249,484,27970,
364.0647078245773,71300,249,483,27971,
364.0807643974927,71300,248,484,27971,
364.0808698547552,71300,248,483,27972,
364.09096259989735,71300,248,482,27973,
364.1102635858391,71300,248,481,27974,
364.11505877014304,71299,249,481,27974,
364.120465494739,71299,249,480,27975,
364.12114127680024,71299,249,479,27976,
364.1252113082252,71298,250,479,27976,
364.12884397817805,71298,249,480,27976,
364.13280230288694,71297,250,480,27976,
364.13567073206787,71296,251,480,27976,
364.13931506348064,71295,252,480,27976,
364.1431945991545,71294,253,480,27976,
364.1497098426784,71294,253,479,27977,
364.1511419092872,71294,253,478,27978,
364.1558670764981,71294,253,477,27979,
364.162017131638,71293,254,477,27979,
364.1685020002712,71293,253,478,27979,
364.1915085021231,71292,254,478,27979,
364.1998132698971,71291,255,478,27979,
364.2036713317941,71291,254,479,27979,
364.2066961249508,71290,255,479,27979,
364.21057427202265,71290,254,480,27979,
364.21713917449335,71289,255,480,27979,
364.2243777861272,71289,255,479,27980,
364.2290435136437,71289,254,480,27980,
364.23390942708255,71289,253,481,27980,
364.2376703329403,71289,252,482,27980,
364.24011912081636,71289,251,483,27980,
364.2809329805093,71289,250,484,27980,
364.2956004299937,71289,250,483,27981,
364.3076634188924,71289,250,482,27982,
364.30910808440694,71289,250,481,27983,
364.31264823860363,71288,251,481,27983,
364.3149256555708,71288,250,482,27983,
364.3241796520235,71287,251,482,27983,
364.331832236703,71286,252,482,27983,
364.33604989122125,71285,253,482,27983,
364.3395764550884,71285,252,483,27983,
364.3406045951302,71285,251,484,27983,
364.35864494631704,71285,250,485,27983,
364.36626975689785,71285,250,484,27984,
364.3770660349713,71284,251,484,27984,
364.4005666397236,71284,250,485,27984,
364.41443780876847,71283,251,485,27984,
364.41567872572045,71282,252,485,27984,
364.4200293920965,71281,253,485,27984,
364.42202689857874,71281,253,484,27985,
364.4358266139752,71281,252,485,27985,
364.4406274935448,71281,252,484,27986,
364.4412898146958,71281,252,483,27987,
364.4500696357046,71280,253,483,27987,
364.4501787756222,71280,253,482,27988,
364.4522065807477,71279,254,482,27988,
364.4622926346343,71278,255,482,27988,
364.46525001186126,71277,256,482,27988,
364.4662448611732,71277,256,481,27989,
364.4735869828214,71277,255,482,27989,
364.4790916044907,71277,255,481,27990,
364.4828364066107,71277,254,482,27990,
364.48333063964697,71277,254,481,27991,
364.48521940538546,71276,255,481,27991,
364.4906567566551,71276,255,480,27992,
364.50057742979527,71276,254,481,27992,
364.5058395336591,71276,254,480,27993,
364.5099253349448,71276,253,481,27993,
364.5259067697368,71276,253,480,27994,
364.5349148868174,71276,252,481,27994,
364.5352298556616,71276,251,482,27994,
364.5376352473573,71276,250,483,27994,
364.5477608614746,71276,249,484,27994,
364.5548976975712,71276,249,483,27995,
364.555356806966,71276,249,482,27996,
364.5574110368136,71275,250,482,27996,
364.5616068319867,71275,249,483,27996,
364.5665530663413,71275,249,482,27997,
364.56899592373185,71275,248,483,27997,
364.57750777768763,71275,248,482,27998,
364.587001335309,71274,249,482,27998,
364.5955062826765,71274,249,481,27999,
364.60222084039464,71274,249,480,28000,
364.6090353599763,71274,248,481,28000,
364.6147516175876,71273,249,481,28000,
364.61773667606906,71272,250,481,28000,
364.630419112204,71271,251,481,28000,
364.63064084269337,71271,250,482,28000,
364.63125278217467,71271,249,483,28000,
364.6368344903671,71271,248,484,28000,
364.6420141230684,71271,248,483,28001,
364.6629858090416,71270,249,483,28001,
364.66335477493084,71270,249,482,28002,
364.6679805807641,71269,250,482,28002,
364.6757378991709,71269,250,481,28003,
364.68231323906804,71269,250,480,28004,
364.6915034101173,71269,250,479,28005,
364.69171133173853,71269,250,478,28006,
364.71233868393267,71269,249,479,28006,
364.7217522417219,71269,248,480,28006,
364.73277418754105,71268,249,480,28006,
364.7360807271675,71268,249,479,28007,
364.74047903637364,71268,248,480,28007,
364.74304604478704,71268,247,481,28007,
364.74450029357877,71268,247,480,28008,
364.7469048531559,71267,248,480,28008,
364.753959400532,71266,249,480,28008,
364.7613580705916,71266,249,479,28009,
364.7614366264831,71266,249,478,28010,
364.7747905705955,71266,249,477,28011,
364.7770006742331,71266,249,476,28012,
364.78289644706166,71266,248,477,28012,
364.78726144122925,71265,249,477,28012,
364.79760969260104,71265,249,476,28013,
364.8114427159368,71265,248,477,28013,
364.81557192923333,71265,247,478,28013,
364.81965832335123,71264,248,478,28013,
364.8418106062615,71264,247,479,28013,
364.84794882579854,71264,247,478,28014,
364.85274674613754,71263,248,478,28014,
364.85746870695596,71263,248,477,28015,
364.8612825783447,71263,247,478,28015,
364.8641699289575,71262,248,478,28015,
364.8668917784821,71262,247,479,28015,
364.8755803376423,71262,247,478,28016,
364.8830403436196,71262,246,479,28016,
364.8852344163802,71262,245,480,28016,
364.8961285969915,71262,244,481,28016,
364.89660749762845,71261,245,481,28016,
364.89741659455234,71261,245,480,28017,
364.9014268949696,71261,245,479,28018,
364.9051858612089,71261,245,478,28019,
364.90615900190153,71261,245,477,28020,
364.909283101584,71260,246,477,28020,
364.9146528339482,71260,246,476,28021,
364.9161487156463,71260,245,477,28021,
364.92354782849594,71260,244,478,28021,
364.93685729036685,71259,245,478,28021,
364.93976906939605,71258,246,478,28021,
364.94196877348594,71258,245,479,28021,
364.9426517533773,71258,245,478,28022,
364.9525267430666,71258,244,479,28022,
364.9777376579676,71258,243,480,28022,
364.9786513534836,71258,242,481,28022,
364.98941293339317,71258,242,480,28023,
365.0016216185164,71258,242,479,28024,
365.01545449663615,71257,243,479,28024,
365.05312328317416,71257,243,478,28025,
365.0550221646884,71257,243,477,28026,
365.0566157658705,71257,242,478,28026,
365.0620580803809,71257,241,479,28026,
365.0635617570086,71256,242,479,28026,
365.0661537088905,71256,241,480,28026,
365.06908235116197,71256,240,481,28026,
365.0721723106414,71255,241,481,28026,
365.08433127823315,71254,242,481,28026,
365.10153432935107,71253,243,481,28026,
365.11876002149387,71253,243,480,28027,
365.1196285850964,71252,244,480,28027,
365.12614640568546,71251,245,480,28027,
365.1295624679561,71251,245,479,28028,
365.1307823864692,71251,245,478,28029,
365.133867257462,71250,246,478,28029,
365.1594910640848,71250,246,477,28030,
365.16339775624454,71249,247,477,28030,
365.1709277043324,71249,246,478,28030,
365.17180320477456,71249,246,477,28031,
365.18626108866647,71249,245,478,28031,
365.19321970952114,71249,245,477,28032,
365.1969532893986,71248,246,477,28032,
365.1979716802172,71248,245,478,28032,
365.20061129588044,71248,244,479,28032,
365.20328497628424,71248,243,480,28032,
365.20498937947264,71247,244,480,28032,
365.21255962308726,71246,245,480,28032,
365.21277332141574,71246,245,479,28033,
365.213121054183,71246,244,480,28033,
365.2143142296829,71245,245,480,28033,
365.2155760919246,71245,244,481,28033,
365.22400077970747,71244,245,481,28033,
365.2251443876923,71244,245,480,28034,
365.2300956782142,71244,245,479,28035,
365.23787971090184,71243,246,479,28035,
365.247687091352,71242,247,479,28035,
365.2554744387416,71241,248,479,28035,
365.26134198274684,71240,249,479,28035,
365.26512030752457,71240,249,478,28036,
365.2678026112869,71239,250,478,28036,
365.27334380229934,71239,249,479,28036,
365.2759695579346,71239,249,478,28037,
365.2840463555539,71239,248,479,28037,
365.286381132869,71239,248,478,28038,
365.29381782517055,71239,248,477,28039,
365.2949404675153,71239,247,478,28039,
365.3038214754644,71239,247,477,28040,
365.30429639309904,71239,246,478,28040,
365.3055431525045,71239,246,477,28041,
365.3251644597516,71239,246,476,28042,
365.328439925316,71238,247,476,28042,
365.3374608265862,71238,247,475,28043,
365.34233398421713,71238,246,476,28043,
365.34781855145167,71238,246,475,28044,
365.36898834646104,71237,247,475,28044,
365.372127066351,71237,247,474,28045,
365.38132377356516,71237,246,475,28045,
365.38581218272293,71237,246,474,28046,
365.3930603635616,71237,246,473,28047,
365.40331182887775,71237,246,472,28048,
365.41184155252813,71237,245,473,28048,
365.4183275391581,71237,244,474,28048,
365.4196087488443,71237,244,473,28049,
365.43732369643254,71237,244,472,28050,
365.44286432668747,71237,243,473,28050,
365.44676313482285,71237,243,472,28051,
365.4502018107011,71237,242,473,28051,
365.4551482467184,71237,241,474,28051,
365.4607189407131,71237,240,475,28051,
365.46189979176876,71237,239,476,28051,
365.4628870498911,71236,240,476,28051,
365.4658734173911,71236,239,477,28051,
365.47844648140057,71236,239,476,28052,
365.4880193839627,71236,238,477,28052,
365.49667910658343,71236,237,478,28052,
365.4973787513495,71236,237,477,28053,
365.5109700927885,71235,238,477,28053,
365.5309754187693,71235,237,478,28053,
365.55171890443376,71234,238,478,28053,
365.5525495119342,71233,239,478,28053,
365.565721935181,71232,240,478,28053,
365.5736771369365,71232,240,477,28054,
365.57751300284826,71231,241,477,28054,
365.582497188186,71231,241,476,28055,
365.5955740206369,71231,241,475,28056,
365.5973495423363,71231,240,476,28056,
365.6099163663126,71231,240,475,28057,
365.6109480733321,71231,240,474,28058,
365.61143110513,71231,239,475,28058,
365.6124096007308,71231,239,474,28059,
365.6127330087324,71231,238,475,28059,
365.615396600301,71231,238,474,28060,
365.61749894691894,71231,237,475,28060,
365.6443107403627,71231,236,476,28060,
365.65173464781924,71231,236,475,28061,
365.6548071092854,71230,237,475,28061,
365.6605633350049,71230,236,476,28061,
365.66159177789774,71229,237,476,28061,
365.67365513879673,71229,236,477,28061,
365.6836842655112,71228,237,477,28061,
365.6875344045056,71227,238,477,28061,
365.69535800680154,71227,237,478,28061,
365.7145244487946,71227,237,477,28062,
365.71624261289304,71226,238,477,28062,
365.72454968440746,71226,238,476,28063,
365.73173334623056,71226,238,475,28064,
365.7348932973091,71225,239,475,28064,
365.74310938867603,71225,238,476,28064,
365.7442890153329,71225,238,475,28065,
365.7497152724838,71225,238,474,28066,
365.75865353362815,71224,239,474,28066,
365.7644090548651,71224,238,475,28066,
365.76516551206436,71223,239,475,28066,
365.7652292779451,71223,238,476,28066,
365.78486059177726,71222,239,476,28066,
365.7872101041877,71222,239,475,28067,
365.7952860336613,71222,239,474,28068,
365.81166969333276,71221,240,474,28068,
365.82142011415624,71221,239,475,28068,
365.82247723851293,71221,239,474,28069,
365.8232277327685,71221,239,473,28070,
365.8319103134548,71221,238,474,28070,
365.83866544948995,71221,238,473,28071,
365.83975079743004,71221,237,474,28071,
365.8455922599293,71221,237,473,28072,
365.8522203443365,71221,236,474,28072,
365.8578342431891,71220,237,474,28072,
365.8593649563478,71219,238,474,28072,
365.86508709527254,71219,237,475,28072,
365.8744139412984,71218,238,475,28072,
365.87539727058254,71217,239,475,28072,
365.87992486908814,71216,240,475,28072,
365.8830437961263,71215,241,475,28072,
365.884577730907,71215,241,474,28073,
365.88467359914904,71215,240,475,28073,
365.8847773182635,71214,241,475,28073,
365.895831026672,71214,240,476,28073,
365.90284335605384,71214,240,475,28074,
365.9093626854145,71213,241,475,28074,
365.9153253267814,71213,241,474,28075,
365.91800484225604,71212,242,474,28075,
365.9189307434045,71212,242,473,28076,
365.9209394983093,71212,241,474,28076,
365.92294229184324,71211,242,474,28076,
365.9283767376978,71211,241,475,28076,
365.92990664689677,71210,242,475,28076,
365.93853170265703,71210,241,476,28076,
365.93908952739554,71209,242,476,28076,
365.94175129362304,71208,243,476,28076,
365.95418361274966,71208,243,475,28077,
365.9566350693769,71208,243,474,28078,
365.96906652052525,71207,244,474,28078,
365.9724864598986,71207,243,475,28078,
365.9742058111683,71207,243,474,28079,
365.9773486830014,71207,243,473,28080,
365.9774320801222,71206,244,473,28080,
365.98527327904475,71206,244,472,28081,
365.99822442343276,71205,245,472,28081,
365.9989912148361,71205,244,473,28081,
366.0019695869523,71204,245,473,28081,
366.00573029197204,71204,244,474,28081,
366.01623171089153,71204,244,473,28082,
366.0189201194398,71204,244,472,28083,
366.0230477889663,71203,245,472,28083,
366.0236645107109,71203,244,473,28083,
366.03196220300714,71203,244,472,28084,
366.0538562042003,71203,243,473,28084,
366.0563963130823,71202,244,473,28084,
366.06340822104687,71202,244,472,28085,
366.0638485514543,71202,244,471,28086,
366.07040012577477,71202,244,470,28087,
366.07581316503035,71201,245,470,28087,
366.07810754346076,71201,245,469,28088,
366.0839275264409,71200,246,469,28088,
366.0909164097828,71200,246,468,28089,
366.09101921515105,71200,245,469,28089,
366.10513427877333,71200,244,470,28089,
366.1130463889886,71200,244,469,28090,
366.1329119725353,71200,244,468,28091,
366.1351191818994,71200,243,469,28091,
366.1460284104522,71200,243,468,28092,
366.1543035536774,71199,244,468,28092,
366.1571665794063,71199,244,467,28093,
366.169528741084,71198,245,467,28093,
366.17453778614663,71198,245,466,28094,
366.18248564555705,71197,246,466,28094,
366.18464245030776,71196,247,466,28094,
366.1901165577973,71196,246,467,28094,
366.1961717363356,71196,245,468,28094,
366.20102023227406,71196,244,469,28094,
366.2056937101599,71196,244,468,28095,
366.21218866765287,71196,244,467,28096,
366.2128274452928,71196,244,466,28097,
366.2137840828112,71195,245,466,28097,
366.2147258801782,71195,245,465,28098,
366.21684825843613,71195,245,464,28099,
366.25325178646494,71194,246,464,28099,
366.25499977382134,71193,247,464,28099,
366.25854186756436,71193,247,463,28100,
366.2585928962478,71193,246,464,28100,
366.26195446831804,71193,245,465,28100,
366.26650949268264,71193,244,466,28100,
366.2667593708597,71193,243,467,28100,
366.2693107172672,71192,244,467,28100,
366.2764873261917,71191,245,467,28100,
366.2770239189541,71191,244,468,28100,
366.28344120741207,71191,244,467,28101,
366.28967079252726,71190,245,467,28101,
366.28968124239776,71190,245,466,28102,
366.2903282076937,71190,244,467,28102,
366.2926276915461,71190,244,466,28103,
366.299878335283,71190,243,467,28103,
366.3003162617287,71189,244,467,28103,
366.3106218420205,71188,245,467,28103,
366.3114227204129,71188,244,468,28103,
366.3215986596959,71188,243,469,28103,
366.3281940684991,71188,243,468,28104,
366.3289184233931,71188,243,467,28105,
366.33489248082094,71187,244,467,28105,
366.349443283391,71187,244,466,28106,
366.3541675078989,71186,245,466,28106,
366.35768191323643,71186,245,465,28107,
366.3840524243366,71185,246,465,28107,
366.39532206259753,71184,247,465,28107,
366.40127860611705,71184,246,466,28107,
366.4185350914575,71184,246,465,28108,
366.41905612240475,71183,247,465,28108,
366.42076993996477,71182,248,465,28108,
366.42092095964944,71182,247,466,28108,
366.42507229340924,71182,246,467,28108,
366.42921985289166,71182,246,466,28109,
366.4292203311901,71182,245,467,28109,
366.4567858237981,71182,244,468,28109,
366.4630374519248,71181,245,468,28109,
366.47998139157124,71180,246,468,28109,
366.4811189608052,71180,246,467,28110,
366.48342296375847,71180,246,466,28111,
366.48419669595893,71180,246,465,28112,
366.4928779316384,71179,247,465,28112,
366.50087600047067,71179,247,464,28113,
366.5047952525172,71178,248,464,28113,
366.50757685735215,71178,247,465,28113,
366.5142055650295,71178,246,466,28113,
366.515624670042,71178,246,465,28114,
366.52633441900224,71178,246,464,28115,
366.53061013988355,71177,247,464,28115,
366.53144216956935,71177,247,463,28116,
366.53323003967296,71177,246,464,28116,
366.5417374162508,71177,246,463,28117,
366.5573452754456,71177,245,464,28117,
366.5583136730887,71177,245,463,28118,
366.57403310750465,71176,246,463,28118,
366.57739469205046,71175,247,463,28118,
366.58805676309487,71174,248,463,28118,
366.60735780532156,71174,247,464,28118,
366.6175554419266,71173,248,464,28118,
366.6216574602382,71173,248,463,28119,
366.62251668563823,71173,247,464,28119,
366.62277981710247,71172,248,464,28119,
366.63229294516816,71171,249,464,28119,
366.6355419259265,71171,249,463,28120,
366.63593396053136,71171,248,464,28120,
366.6384897700261,71171,248,463,28121,
366.64775511346005,71171,247,464,28121,
366.6495927465999,71171,247,463,28122,
366.6516735102338,71170,248,463,28122,
366.65168793725053,71169,249,463,28122,
366.66996211259664,71169,248,464,28122,
366.6827041523111,71169,248,463,28123,
366.68291731561703,71169,248,462,28124,
366.68346056039627,71169,247,463,28124,
366.6917124992706,71169,247,462,28125,
366.6967871500738,71169,246,463,28125,
366.69792390335795,71169,246,462,28126,
366.7016646054105,71168,247,462,28126,
366.7036993060328,71168,246,463,28126,
366.7253101935353,71168,246,462,28127,
366.72785820015713,71167,247,462,28127,
366.74081982475906,71166,248,462,28127,
366.7424617372294,71166,248,461,28128,
366.75520063607786,71165,249,461,28128,
366.75767454398664,71164,250,461,28128,
366.75846574928283,71164,249,462,28128,
366.7608507519308,71164,249,461,28129,
366.76135418578644,71164,249,460,28130,
366.76146159255444,71164,248,461,28130,
366.7714120135056,71163,249,461,28130,
366.7813818143497,71163,249,460,28131,
366.78724354098074,71163,249,459,28132,
366.8007778728656,71162,250,459,28132,
366.80520917596425,71162,250,458,28133,
366.808233470737,71161,251,458,28133,
366.80922555020055,71161,251,457,28134,
366.82714135067465,71161,250,458,28134,
366.83217511835477,71161,249,459,28134,
366.8357565918741,71161,248,460,28134,
366.846538701854,71160,249,460,28134,
366.85153770737344,71160,249,459,28135,
366.8546217013179,71159,250,459,28135,
366.8619709546575,71159,249,460,28135,
366.8692152132686,71159,248,461,28135,
366.873724035756,71159,248,460,28136,
366.8753918242365,71158,249,460,28136,
366.8766446092177,71157,250,460,28136,
366.8768972682641,71157,249,461,28136,
366.8795134865362,71157,248,462,28136,
366.88209421715067,71157,248,461,28137,
366.8908515445656,71156,249,461,28137,
366.90104914809405,71156,249,460,28138,
366.91194451322133,71155,250,460,28138,
366.9413139959833,71154,251,460,28138,
366.94943496813505,71154,250,461,28138,
366.9534582897775,71154,250,460,28139,
366.9536490684195,71154,249,461,28139,
366.953665487216,71154,249,460,28140,
366.9568149897549,71153,250,460,28140,
366.9690757618004,71152,251,460,28140,
366.9918764412395,71152,250,461,28140,
366.9937409527326,71151,251,461,28140,
367.00140031896973,71150,252,461,28140,
367.0037520268602,71150,252,460,28141,
367.00385325485513,71150,252,459,28142,
367.01307646465665,71150,252,458,28143,
367.01575616878887,71149,253,458,28143,
367.0170215815672,71149,253,457,28144,
367.01716547357233,71149,253,456,28145,
367.02921520536995,71149,253,455,28146,
367.05003922066095,71149,252,456,28146,
367.0535855462992,71148,253,456,28146,
367.05438621231906,71148,252,457,28146,
367.063930960666,71148,252,456,28147,
367.07480249287147,71148,251,457,28147,
367.08549443321243,71147,252,457,28147,
367.09624386176165,71146,253,457,28147,
367.12423661875573,71146,253,456,28148,
367.12794709345997,71146,252,457,28148,
367.13505142131214,71146,251,458,28148,
367.1355658268907,71146,250,459,28148,
367.14490580196366,71146,249,460,28148,
367.1495994823085,71146,248,461,28148,
367.1509346166159,71146,248,460,28149,
367.1531549957493,71146,248,459,28150,
367.15491725844424,71146,247,460,28150,
367.1662621228847,71146,247,459,28151,
367.1671858353402,71145,248,459,28151,
367.173156964157,71145,248,458,28152,
367.17558109085394,71145,248,457,28153,
367.19542364660526,71144,249,457,28153,
367.1994157751938,71144,249,456,28154,
367.2009708818417,71143,250,456,28154,
367.21304349650563,71142,251,456,28154,
367.2146024416568,71142,250,457,28154,
367.2222345256296,71141,251,457,28154,
367.23174537059936,71141,251,456,28155,
367.2369131433338,71140,252,456,28155,
367.2376770613531,71139,253,456,28155,
367.2643323976397,71139,252,457,28155,
367.275466096783,71139,252,456,28156,
367.28487781174357,71139,252,455,28157,
367.29020591538057,71139,252,454,28158,
367.2949092557681,71139,251,455,28158,
367.3054666115347,71139,251,454,28159,
367.3098230011666,71139,251,453,28160,
367.31388061249055,71139,250,454,28160,
367.32460728442186,71139,250,453,28161,
367.3286905808844,71138,251,453,28161,
367.32894189972455,71138,251,452,28162,
367.33334894089717,71138,250,453,28162,
367.3348487527476,71138,250,452,28163,
367.34372815925525,71138,250,451,28164,
367.35164416783925,71138,250,450,28165,
367.3555336007863,71138,250,449,28166,
367.3613094709752,71138,249,450,28166,
367.3851309145304,71138,249,449,28167,
367.3979790262057,71137,250,449,28167,
367.40966581920975,71136,251,449,28167,
367.42974843607743,71136,250,450,28167,
367.43510107170175,71136,249,451,28167,
367.4396541547839,71136,248,452,28167,
367.4428608542709,71135,249,452,28167,
367.4454100713261,71135,248,453,28167,
367.44985546792935,71134,249,453,28167,
367.4520678353832,71134,248,454,28167,
367.45617900866836,71134,247,455,28167,
367.47701720749234,71133,248,455,28167,
367.481360869205,71133,247,456,28167,
367.49117921074975,71133,247,455,28168,
367.5140800250938,71133,246,456,28168,
367.5281824853178,71132,247,456,28168,
367.5305316934678,71132,246,457,28168,
367.5523337679806,71132,246,456,28169,
367.5553101242881,71132,246,455,28170,
367.55536159803233,71132,246,454,28171,
367.5571951343362,71132,245,455,28171,
367.558139098705,71132,245,454,28172,
367.5611738543683,71132,245,453,28173,
367.5613370436649,71132,244,454,28173,
367.5810231604506,71132,243,455,28173,
367.58277277378477,71131,244,455,28173,
367.5925619437394,71131,244,454,28174,
367.63077811720444,71130,245,454,28174,
367.6321683897016,71129,246,454,28174,
367.63381287161974,71129,246,453,28175,
367.64142183487945,71129,246,452,28176,
367.642289837061,71129,245,453,28176,
367.66542437826814,71128,246,453,28176,
367.67611461072323,71128,245,454,28176,
367.68713005265244,71128,245,453,28177,
367.69498134944445,71127,246,453,28177,
367.7234725571161,71127,246,452,28178,
367.72635995147493,71126,247,452,28178,
367.73858710871843,71125,248,452,28178,
367.75925279307035,71125,247,453,28178,
367.77501115031987,71125,246,454,28178,
367.77879041544134,71125,246,453,28179,
367.7842464178037,71125,246,452,28180,
367.7932448156905,71125,246,451,28181,
367.7974008663103,71125,246,450,28182,
367.8015049816961,71124,247,450,28182,
367.80170993526144,71124,247,449,28183,
367.8031670381825,71124,247,448,28184,
367.80651735107256,71123,248,448,28184,
367.8105620746338,71122,249,448,28184,
367.8107676853296,71122,248,449,28184,
367.8127462203511,71121,249,449,28184,
367.81925333193124,71120,250,449,28184,
367.83504113751627,71120,250,448,28185,
367.84196657214045,71119,251,448,28185,
367.8463548471533,71118,252,448,28185,
367.850636547782,71118,252,447,28186,
367.8593428517771,71117,253,447,28186,
367.87306594148913,71117,253,446,28187,
367.88307055436894,71117,253,445,28188,
367.89636921890866,71117,253,444,28189,
367.90031264536526,71116,254,444,28189,
367.90127842213207,71116,253,445,28189,
367.9109221428508,71116,253,444,28190,
367.9147052464048,71115,254,444,28190,
367.9165431395785,71115,253,445,28190,
367.9270902395974,71114,254,445,28190,
367.9290583465052,71114,254,444,28191,
367.93162524069845,71113,255,444,28191,
367.94711887278595,71112,256,444,28191,
367.9513694250317,71112,255,445,28191,
367.9598214840655,71111,256,445,28191,
367.9755197856643,71111,256,444,28192,
367.9755511890741,71110,257,444,28192,
367.9912918474341,71109,258,444,28192,
368.0012968735509,71109,257,445,28192,
368.0052445756328,71109,256,446,28192,
368.0122463252474,71109,256,445,28193,
368.02278256296074,71109,256,444,28194,
368.0227898797302,71108,257,444,28194,
368.0312482432828,71108,256,445,28194,
368.0403412137848,71108,255,446,28194,
368.0510035142793,71107,256,446,28194,
368.05660994620354,71106,257,446,28194,
368.06477258815715,71106,257,445,28195,
368.07543444716714,71106,257,444,28196,
368.0828653322917,71106,257,443,28197,
368.0892976728798,71106,256,444,28197,
368.09080577728326,71105,257,444,28197,
368.0918799572898,71105,257,443,28198,
368.0984170398632,71104,258,443,28198,
368.1143050967497,71104,258,442,28199,
368.1143466954144,71103,259,442,28199,
368.12032178779924,71103,259,441,28200,
368.1313439055033,71102,260,441,28200,
368.13163431408236,71102,259,442,28200,
368.1391206366867,71102,259,441,28201,
368.14284028011144,71102,259,440,28202,
368.15226401227073,71101,260,440,28202,
368.15279867400136,71101,260,439,28203,
368.1606235784292,71101,259,440,28203,
368.1678439383343,71101,259,439,28204,
368.17555001707774,71101,259,438,28205,
368.1823039263093,71101,259,437,28206,
368.1879574800299,71101,259,436,28207,
368.1988693959716,71101,259,435,28208,
368.2035207345121,71101,259,434,28209,
368.2067731443479,71101,259,433,28210,
368.2211102885743,71101,258,434,28210,
368.2333056020894,71100,259,434,28210,
368.2357648312597,71100,259,433,28211,
368.23941433635935,71100,258,434,28211,
368.2413705886004,71100,258,433,28212,
368.24624615078875,71100,257,434,28212,
368.257575076887,71100,256,435,28212,
368.2682556864482,71100,256,434,28213,
368.26977533428095,71100,255,435,28213,
368.29774247718507,71100,255,434,28214,
368.30078264077713,71100,255,433,28215,
368.31520766989803,71100,255,432,28216,
368.31697236780093,71100,254,433,28216,
368.3244060042095,71100,254,432,28217,
368.3250664262969,71100,254,431,28218,
368.3378789987022,71099,255,431,28218,
368.3389110411969,71099,255,430,28219,
368.3417066952262,71099,254,431,28219,
368.34959177556925,71098,255,431,28219,
368.36838030437735,71098,255,430,28220,
368.3749371457916,71098,254,431,28220,
368.3757715292882,71098,254,430,28221,
368.37719491050154,71097,255,430,28221,
368.390372770664,71096,256,430,28221,
368.4021664678871,71096,256,429,28222,
368.4178559925215,71096,255,430,28222,
368.4226755722731,71096,254,431,28222,
368.43221892948515,71095,255,431,28222,
368.4391000276367,71095,254,432,28222,
368.4405207739542,71095,254,431,28223,
368.4433483103838,71094,255,431,28223,
368.4482097923649,71094,255,430,28224,
368.448460385595,71094,255,429,28225,
368.45732021935794,71094,255,428,28226,
368.46226777257596,71094,255,427,28227,
368.46561344120147,71093,256,427,28227,
368.47260758757386,71093,256,426,28228,
368.4829507173331,71093,255,427,28228,
368.4902309921837,71093,255,426,28229,
368.49454204075016,71092,256,426,28229,
368.49741939191296,71092,255,427,28229,
368.5066976150904,71092,255,426,28230,
368.50834118781137,71092,255,425,28231,
368.52310253580987,71092,255,424,28232,
368.53233687052966,71092,254,425,28232,
368.54203625002054,71092,253,426,28232,
368.55681218406926,71092,253,425,28233,
368.55744555746134,71092,253,424,28234,
368.5662570284161,71092,252,425,28234,
368.5732118729908,71092,252,424,28235,
368.574949731687,71092,251,425,28235,
368.5749669289226,71092,251,424,28236,
368.5833351602609,71091,252,424,28236,
368.5867147451886,71091,251,425,28236,
368.6009699667399,71090,252,425,28236,
368.6036396307811,71089,253,425,28236,
368.62444887211717,71089,252,426,28236,
368.6387534138217,71089,252,425,28237,
368.64198437006235,71089,251,426,28237,
368.6502766938994,71089,250,427,28237,
368.6570602116631,71089,250,426,28238,
368.65870691465636,71088,251,426,28238,
368.65977125499774,71087,252,426,28238,
368.66232499665614,71087,252,425,28239,
368.6656430972262,71087,252,424,28240,
368.6862273912989,71086,253,424,28240,
368.69919669224697,71086,252,425,28240,
368.71682310439195,71086,252,424,28241,
368.7177183010476,71085,253,424,28241,
368.71908726451716,71084,254,424,28241,
368.73136098892763,71083,255,424,28241,
368.7348926081373,71083,255,423,28242,
368.7494135060898,71083,254,424,28242,
368.75808031978687,71083,253,425,28242,
368.7624425494547,71082,254,425,28242,
368.7640132191387,71082,253,426,28242,
368.7697136413994,71081,254,426,28242,
368.7865114511161,71081,253,427,28242,
368.7899476904037,71081,253,426,28243,
368.7958065578759,71081,252,427,28243,
368.8036453736028,71080,253,427,28243,
368.82278804689787,71080,252,428,28243,
368.8308620796962,71079,253,428,28243,
368.8443467440281,71079,252,429,28243,
368.84676706762247,71079,251,430,28243,
368.8552668585166,71078,252,430,28243,
368.8612581355125,71077,253,430,28243,
368.8910183635705,71077,252,431,28243,
368.907355103557,71077,252,430,28244,
368.90735563687946,71077,251,431,28244,
368.91061960490134,71076,252,431,28244,
368.92493299571515,71076,252,430,28245,
368.9379125476471,71076,252,429,28246,
368.9389787746641,71076,252,428,28247,
368.9471984827736,71076,251,429,28247,
368.9475990398374,71076,250,430,28247,
368.9491982779227,71076,250,429,28248,
368.9577421731898,71076,250,428,28249,
368.9596022974965,71076,250,427,28250,
368.9756019588478,71076,250,426,28251,
368.9811407057987,71076,250,425,28252,
368.9830790869323,71075,251,425,28252,
369.00346601945944,71074,252,425,28252,
369.0195167770063,71073,253,425,28252,
369.0406720085769,71073,252,426,28252,
369.0445147066706,71073,252,425,28253,
369.04941810750086,71072,253,425,28253,
369.04996788583753,71072,252,426,28253,
369.0531103020545,71072,252,425,28254,
369.0574256257677,71072,251,426,28254,
369.057778051571,71071,252,426,28254,
369.06041244657416,71071,252,425,28255,
369.0616589066866,71071,252,424,28256,
369.0630922243765,71071,251,425,28256,
369.0660385568023,71070,252,425,28256,
369.0685141660207,71069,253,425,28256,
369.07310334042063,71069,253,424,28257,
369.07346860456846,71068,254,424,28257,
369.07689860833233,71068,253,425,28257,
369.0769142541922,71068,252,426,28257,
369.08046629158446,71067,253,426,28257,
369.08205722896906,71066,254,426,28257,
369.0910701372495,71066,254,425,28258,
369.09169885190585,71066,253,426,28258,
369.10147656336403,71066,253,425,28259,
369.10299111825213,71065,254,425,28259,
369.1033099044585,71065,254,424,28260,
369.11147602486045,71065,253,425,28260,
369.1220744850685,71064,254,425,28260,
369.1256044910309,71063,255,425,28260,
369.13456920684325,71062,256,425,28260,
369.14392821846417,71062,256,424,28261,
369.1596197450358,71062,256,423,28262,
369.16175347522403,71061,257,423,28262,
369.16511328208895,71061,257,422,28263,
369.1668034536422,71061,256,423,28263,
369.17159239417566,71061,256,422,28264,
369.1818390595243,71061,255,423,28264,
369.1861059340523,71061,254,424,28264,
369.1898432710572,71060,255,424,28264,
369.1908789070184,71060,255,423,28265,
369.2143838745254,71060,255,422,28266,
369.22278659705995,71060,254,423,28266,
369.2382287280949,71060,253,424,28266,
369.24471850029755,71060,253,423,28267,
369.24713549949496,71060,253,422,28268,
369.25578177431976,71060,252,423,28268,
369.2583154773419,71059,253,423,28268,
369.26763677094607,71059,253,422,28269,
369.27382099770296,71058,254,422,28269,
369.2778334708504,71058,253,423,28269,
369.2799251398654,71057,254,423,28269,
369.2898741187688,71057,253,424,28269,
369.2903251241637,71057,253,423,28270,
369.29812833801174,71056,254,423,28270,
369.32038413949124,71056,254,422,28271,
369.32159690005454,71055,255,422,28271,
369.3302659222772,71055,255,421,28272,
369.3314466053601,71054,256,421,28272,
369.3316891454754,71053,257,421,28272,
369.33247357717084,71053,256,422,28272,
369.3369930427713,71052,257,422,28272,
369.3422482320532,71051,258,422,28272,
369.35349972009766,71051,258,421,28273,
369.35409244968884,71050,259,421,28273,
369.3638124612142,71050,258,422,28273,
369.3729068129144,71049,259,422,28273,
369.3767015686867,71049,259,421,28274,
369.38798351509325,71049,258,422,28274,
369.38927571632127,71049,258,421,28275,
369.39881453346675,71048,259,421,28275,
369.3993468648322,71048,258,422,28275,
369.4005278973604,71048,257,423,28275,
369.4012803299659,71048,256,424,28275,
369.41050922681507,71048,256,423,28276,
369.42159050211785,71048,255,424,28276,
369.42321865155736,71047,256,424,28276,
369.43137364597953,71047,255,425,28276,
369.43614537129787,71047,254,426,28276,
369.43667806279944,71047,253,427,28276,
369.44198330230853,71047,252,428,28276,
369.4564465839106,71046,253,428,28276,
369.4607364488274,71046,253,427,28277,
369.4711988162289,71046,252,428,28277,
369.47727713141643,71045,253,428,28277,
369.49167734063843,71045,252,429,28277,
369.49640492384003,71044,253,429,28277,
369.5158893353898,71044,253,428,28278,
369.51717090542394,71044,253,427,28279,
369.5184299640356,71044,253,426,28280,
369.520648475485,71044,252,427,28280,
369.5459140285236,71043,253,427,28280,
369.552179786931,71042,254,427,28280,
369.55564226693764,71042,254,426,28281,
369.5656744889946,71041,255,426,28281,
369.5678304764455,71041,255,425,28282,
369.5681824989367,71040,256,425,28282,
369.5686564252418,71040,256,424,28283,
369.5696377685719,71040,256,423,28284,
369.5816559187646,71040,255,424,28284,
369.5816665279984,71039,256,424,28284,
369.5837878212406,71039,255,425,28284,
369.58452146229047,71039,254,426,28284,
369.58622941536174,71038,255,426,28284,
369.5955311621418,71038,254,427,28284,
369.6003566815773,71038,254,426,28285,
369.60979533065006,71038,253,427,28285,
369.6100412391571,71037,254,427,28285,
369.6223197790407,71037,253,428,28285,
369.62576404123416,71037,252,429,28285,
369.6262836899614,71037,252,428,28286,
369.62705713936475,71037,251,429,28286,
369.6339232619135,71036,252,429,28286,
369.6358535558719,71035,253,429,28286,
369.65069054932223,71035,253,428,28287,
369.6568184684412,71035,253,427,28288,
369.6610212333422,71035,253,426,28289,
369.66708506958884,71034,254,426,28289,
369.66874690805827,71034,253,427,28289,
369.68614470001523,71034,252,428,28289,
369.6870298469147,71034,252,427,28290,
369.7023979081832,71033,253,427,28290,
369.7029728485519,71033,253,426,28291,
369.7039562221183,71033,252,427,28291,
369.70581048531216,71033,251,428,28291,
369.7110646490742,71032,252,428,28291,
369.72899339549804,71032,252,427,28292,
369.75392025282736,71032,252,426,28293,
369.7589311311303,71032,252,425,28294,
369.7679296723266,71032,251,426,28294,
369.7738905224652,71031,252,426,28294,
369.778337388261,71030,253,426,28294,
369.7897540150947,71030,252,427,28294,
369.8131712998605,71029,253,427,28294,
369.81583046008603,71029,252,428,28294,
369.84846066984204,71029,251,429,28294,
369.8712873850915,71028,252,429,28294,
369.87415947117347,71027,253,429,28294,
369.88417948863355,71027,252,430,28294,
369.8973381343622,71027,251,431,28294,
369.89844777396223,71027,250,432,28294,
369.9045054087181,71027,249,433,28294,
369.91009160350376,71027,248,434,28294,
369.91292842544806,71026,249,434,28294,
369.9209976052172,71026,248,435,28294,
369.9228199280043,71025,249,435,28294,
369.9260411057329,71025,249,434,28295,
369.9343151796828,71025,249,433,28296,
369.95230934918834,71025,248,434,28296,
369.95448655992084,71024,249,434,28296,
369.95602346338234,71024,249,433,28297,
369.9662010758932,71023,250,433,28297,
369.9690652133283,71022,251,433,28297,
369.98451354882127,71022,250,434,28297,
369.9894875044846,71022,249,435,28297,
369.99007082291456,71022,248,436,28297,
369.9912792765839,71022,247,437,28297,
369.9919745940298,71022,247,436,28298,
369.9926579652473,71021,248,436,28298,
369.9955042970412,71021,248,435,28299,
370.03918974505456,71021,248,434,28300,
370.05596964939264,71021,248,433,28301,
370.05703187696577,71020,249,433,28301,
370.0778067796272,71020,249,432,28302,
370.09187032767505,71020,248,433,28302,
370.0988622476272,71019,249,433,28302,
370.0992900987663,71019,248,434,28302,
370.0996146292335,71019,248,433,28303,
370.101141576512,71019,248,432,28304,
370.1043461440145,71019,247,433,28304,
370.1247619050264,71018,248,433,28304,
370.12777909758023,71018,247,434,28304,
370.1326056610653,71018,246,435,28304,
370.14521794414287,71017,247,435,28304,
370.1480962072591,71017,247,434,28305,
370.1516309693646,71016,248,434,28305,
370.1549134631517,71016,248,433,28306,
370.17595255476357,71016,248,432,28307,
370.1895762734054,71015,249,432,28307,
370.19900440900966,71015,248,433,28307,
370.1991130524146,71015,247,434,28307,
370.200345204477,71015,247,433,28308,
370.214978791115,71015,246,434,28308,
370.2151343903196,71014,247,434,28308,
370.2270291860769,71013,248,434,28308,
370.2428288828706,71013,247,435,28308,
370.24286400572265,71013,246,436,28308,
370.2442400286073,71013,246,435,28309,
370.24606882089165,71012,247,435,28309,
370.25720968074154,71012,247,434,28310,
370.2582434186476,71011,248,434,28310,
370.266528560055,71010,249,434,28310,
370.276574003983,71010,248,435,28310,
370.28052888574877,71009,249,435,28310,
370.2872079690287,71009,248,436,28310,
370.28920259965935,71009,247,437,28310,
370.298303980148,71008,248,437,28310,
370.30203500579046,71008,248,436,28311,
370.302629511865,71008,247,437,28311,
370.30719958708687,71007,248,437,28311,
370.3089780919599,71007,248,436,28312,
370.31785505214737,71007,248,435,28313,
370.3331605950091,71007,247,436,28313,
370.3410070513844,71006,248,436,28313,
370.3430421399103,71006,248,435,28314,
370.3625720865819,71006,248,434,28315,
370.3802015268479,71006,248,433,28316,
370.3819204375127,71005,249,433,28316,
370.3834248782997,71004,250,433,28316,
370.39195179433005,71004,249,434,28316,
370.39231075855304,71003,250,434,28316,
370.40353661445874,71003,249,435,28316,
370.409442847061,71003,248,436,28316,
370.4485008622206,71003,248,435,28317,
370.4495608432192,71002,249,435,28317,
370.4568275849905,71002,249,434,28318,
370.4584257255794,71002,249,433,28319,
370.4671088192141,71001,250,433,28319,
370.47270880044425,71001,249,434,28319,
370.47944192621696,71001,249,433,28320,
370.4818685471305,71001,249,432,28321,
370.48263488610297,71001,248,433,28321,
370.4871429213724,71000,249,433,28321,
370.48848533099573,70999,250,433,28321,
370.4985413820536,70999,249,434,28321,
370.51053688110966,70998,250,434,28321,
370.52869992013154,70997,251,434,28321,
370.53222998902197,70996,252,434,28321,
370.5428058465626,70995,253,434,28321,
370.54434340487927,70994,254,434,28321,
370.54846682925574,70993,255,434,28321,
370.55316374053194,70993,254,435,28321,
370.5796830462084,70993,254,434,28322,
370.5818617340514,70993,253,435,28322,
370.60365682329694,70993,252,436,28322,
370.6072645690427,70992,253,436,28322,
370.6102265016838,70992,252,437,28322,
370.6204035569027,70992,252,436,28323,
370.62392481719144,70992,251,437,28323,
370.63388210223746,70992,251,436,28324,
370.63558873615057,70992,251,435,28325,
370.63659543907346,70992,250,436,28325,
370.64130671374346,70991,251,436,28325,
370.6429407921378,70991,251,435,28326,
370.650037677519,70991,251,434,28327,
370.6501821547056,70991,251,433,28328,
370.65806520915925,70991,250,434,28328,
370.6664179972096,70991,250,433,28329,
370.6698852077057,70990,251,433,28329,
370.68059790637824,70989,252,433,28329,
370.68196308675783,70989,252,432,28330,
370.70276451128035,70989,251,433,28330,
370.70740292181637,70988,252,433,28330,
370.72240244998676,70988,251,434,28330,
370.72448535281956,70987,252,434,28330,
370.7307462612927,70987,251,435,28330,
370.7318704874904,70987,250,436,28330,
370.745472506428,70987,249,437,28330,
370.76573922926036,70986,250,437,28330,
370.76816896077247,70985,251,437,28330,
370.77122383929947,70985,251,436,28331,
370.7731306579663,70985,251,435,28332,
370.77722175788324,70984,252,435,28332,
370.7777185021511,70983,253,435,28332,
370.7842517655411,70983,252,436,28332,
370.789169643314,70983,252,435,28333,
370.7951342405755,70983,251,436,28333,
370.81476243011764,70983,250,437,28333,
370.8163547751411,70983,250,436,28334,
370.826025333989,70982,251,436,28334,
370.86222972156145,70981,252,436,28334,
370.8641845122152,70981,252,435,28335,
370.86596422421866,70980,253,435,28335,
370.8692323317105,70979,254,435,28335,
370.8696667812906,70978,255,435,28335,
370.869870552712,70978,254,436,28335,
370.87729157715927,70978,253,437,28335,
370.8776788316206,70978,253,436,28336,
370.88726695003874,70978,252,437,28336,
370.88922999913626,70978,251,438,28336,
370.9001186095683,70978,250,439,28336,
370.90256142792316,70977,251,439,28336,
370.9075452295383,70977,250,440,28336,
370.9108779065218,70977,249,441,28336,
370.9241026749045,70977,248,442,28336,
370.9284309473844,70977,247,443,28336,
370.94086534536314,70977,246,444,28336,
370.9560125147493,70977,246,443,28337,
370.97214907095594,70977,246,442,28338,
370.9736249010508,70977,246,441,28339,
370.9746674504851,70976,247,441,28339,
370.9811071307023,70975,248,441,28339,
370.9987570664297,70975,248,440,28340,
371.00006609462247,70975,248,439,28341,
371.018449026197,70975,248,438,28342,
371.0267559010584,70974,249,438,28342,
371.0292233145993,70974,248,439,28342,
371.0388857357565,70974,248,438,28343,
371.0489522852254,70974,248,437,28344,
371.0546106543795,70974,247,438,28344,
371.0595926361988,70974,247,437,28345,
371.06727091881737,70974,247,436,28346,
371.0680766557087,70974,246,437,28346,
371.0745445639597,70974,246,436,28347,
371.0752850743613,70974,246,435,28348,
371.08856933630346,70974,246,434,28349,
371.1069889992997,70974,245,435,28349,
371.10942918345023,70973,246,435,28349,
371.13427451233036,70973,246,434,28350,
371.1470254079468,70973,246,433,28351,
371.148583882814,70972,247,433,28351,
371.1513806191052,70972,246,434,28351,
371.1587255560637,70972,246,433,28352,
371.16604579454264,70972,246,432,28353,
371.1817265565534,70971,247,432,28353,
371.1818070307222,70971,246,433,28353,
371.18670767200996,70971,245,434,28353,
371.1877608663754,70971,244,435,28353,
371.1936081507998,70970,245,435,28353,
371.2037915458965,70970,244,436,28353,
371.2234641564394,70970,244,435,28354,
371.2260298904125,70969,245,435,28354,
371.2288513414312,70968,246,435,28354,
371.2308038571426,70967,247,435,28354,
371.23091036292993,70967,247,434,28355,
371.23628977365485,70967,247,433,28356,
371.2394899950187,70967,246,434,28356,
371.256077078592,70967,245,435,28356,
371.25630959276253,70967,244,436,28356,
371.2579655338582,70967,243,437,28356,
371.25998218887304,70966,244,437,28356,
371.26256936508145,70966,243,438,28356,
371.26761593110894,70966,242,439,28356,
371.27689267318453,70966,241,440,28356,
371.30703084125867,70965,242,440,28356,
371.3096679752845,70965,242,439,28357,
371.31336469462553,70965,241,440,28357,
371.3166085831794,70965,241,439,28358,
371.3274815137384,70965,240,440,28358,
371.3301523902764,70965,239,441,28358,
371.3350060839071,70965,239,440,28359,
371.33810164652033,70965,238,441,28359,
371.34203806819016,70964,239,441,28359,
371.34877781692745,70964,239,440,28360,
371.3502691279435,70964,239,439,28361,
371.351222561829,70964,239,438,28362,
371.3615826318499,70963,240,438,28362,
371.36235246823367,70963,240,437,28363,
371.37095577430426,70963,239,438,28363,
371.3710043187635,70963,238,439,28363,
371.3838087300347,70963,238,438,28364,
371.3918105212196,70962,239,438,28364,
371.393911697033,70962,239,437,28365,
371.39455229493046,70962,238,438,28365,
371.40195101356545,70962,238,437,28366,
371.4088816376186,70962,237,438,28366,
371.4163187476081,70962,236,439,28366,
371.41657177398895,70961,237,439,28366,
371.42059674990924,70961,237,438,28367,
371.4244773647943,70961,237,437,28368,
371.4331080084496,70961,236,438,28368,
371.4452221613934,70960,237,438,28368,
371.4481695360863,70959,238,438,28368,
371.44954031723694,70959,237,439,28368,
371.45298158667333,70958,238,439,28368,
371.45679988637033,70957,239,439,28368,
371.4619830217466,70956,240,439,28368,
371.47373374844165,70955,241,439,28368,
371.4744781576361,70955,240,440,28368,
371.490626844037,70955,239,441,28368,
371.49346419190897,70954,240,441,28368,
371.50320948344984,70954,239,442,28368,
371.5032693621495,70954,239,441,28369,
371.51132141825053,70954,239,440,28370,
371.51551740138467,70954,238,441,28370,
371.52599157484127,70954,237,442,28370,
371.5273466262875,70953,238,442,28370,
371.5321185948289,70953,237,443,28370,
371.53694537393056,70953,237,442,28371,
371.53776599486196,70952,238,442,28371,
371.54356684249507,70951,239,442,28371,
371.54942459242517,70950,240,442,28371,
371.55965817164105,70950,240,441,28372,
371.5625024207299,70949,241,441,28372,
371.56745381688444,70949,241,440,28373,
371.57029072208167,70948,242,440,28373,
371.58123957924624,70948,241,441,28373,
371.58438564853867,70948,240,442,28373,
371.5967735304604,70947,241,442,28373,
371.61133410498394,70947,241,441,28374,
371.61165511464196,70946,242,441,28374,
371.6137809726099,70946,241,442,28374,
371.61514327327166,70946,240,443,28374,
371.61775987216686,70946,240,442,28375,
371.6197537282861,70946,239,443,28375,
371.6202477979485,70945,240,443,28375,
371.6642569775291,70945,240,442,28376,
371.66487694384136,70945,239,443,28376,
371.66518419283364,70944,240,443,28376,
371.6678360974291,70944,240,442,28377,
371.6770895580497,70943,241,442,28377,
371.6836866707844,70942,242,442,28377,
371.6853940336916,70942,242,441,28378,
371.7030714516226,70942,241,442,28378,
371.722054936071,70941,242,442,28378,
371.72419009193266,70941,242,441,28379,
371.7250161640146,70940,243,441,28379,
371.7265483905836,70939,244,441,28379,
371.7271931807044,70938,245,441,28379,
371.7303206791501,70937,246,441,28379,
371.7317079874714,70937,245,442,28379,
371.74672095821666,70937,245,441,28380,
371.7533760755169,70937,244,442,28380,
371.753507885184,70937,244,441,28381,
371.7767103288541,70937,243,442,28381,
371.7775261083777,70937,243,441,28382,
371.77909214540455,70936,244,441,28382,
371.7795260330012,70935,245,441,28382,
371.780010528984,70935,245,440,28383,
371.7873401612975,70934,246,440,28383,
371.7920770873271,70933,247,440,28383,
371.7986522971759,70933,246,441,28383,
371.81336157596127,70932,247,441,28383,
371.81656270785885,70932,247,440,28384,
371.8276575821263,70931,248,440,28384,
371.8310458111463,70930,249,440,28384,
371.83785811244996,70930,248,441,28384,
371.8527743579548,70930,248,440,28385,
371.85980076099537,70930,248,439,28386,
371.8638918317126,70929,249,439,28386,
371.8704657774724,70929,249,438,28387,
371.8832109225686,70929,249,437,28388,
371.88354820420926,70928,250,437,28388,
371.8929995655467,70928,250,436,28389,
371.9201670842115,70928,250,435,28390,
371.92210893593267,70928,250,434,28391,
371.9284625834403,70928,250,433,28392,
371.93287809246175,70928,249,434,28392,
371.9470104547308,70927,250,434,28392,
371.94951910675354,70927,249,435,28392,
371.9560105137222,70927,249,434,28393,
371.96350173913646,70927,249,433,28394,
371.97307298613305,70927,248,434,28394,
371.9921506646474,70927,247,435,28394,
371.9975467493453,70927,246,436,28394,
372.0040121180904,70927,245,437,28394,
372.0117206447201,70927,244,438,28394,
372.01263592824597,70927,244,437,28395,
372.01558367280734,70927,244,436,28396,
372.0177376624588,70926,245,436,28396,
372.0223346398121,70926,244,437,28396,
372.02484285397986,70926,244,436,28397,
372.02813236672205,70926,244,435,28398,
372.0501417578039,70925,245,435,28398,
372.05555551970804,70925,245,434,28399,
372.05837194109114,70925,244,435,28399,
372.0654563437968,70925,244,434,28400,
372.078620162916,70925,244,433,28401,
372.0801176621607,70924,245,433,28401,
372.0830821733384,70924,244,434,28401,
372.0833082379278,70924,244,433,28402,
372.099337799989,70924,243,434,28402,
372.11205908162515,70923,244,434,28402,
372.11222016620906,70923,244,433,28403,
372.1174465112515,70923,243,434,28403,
372.12009825276914,70923,243,433,28404,
372.12161184964975,70923,243,432,28405,
372.12209553528356,70922,244,432,28405,
372.1385572103649,70921,245,432,28405,
372.14965097542483,70921,245,431,28406,
372.1711237849305,70920,246,431,28406,
372.20655767410705,70920,246,430,28407,
372.23365113745814,70920,245,431,28407,
372.24334568165585,70920,244,432,28407,
372.2735507880328,70919,245,432,28407,
372.27731752659565,70919,244,433,28407,
372.27940062451387,70919,243,434,28407,
372.28480469061515,70919,242,435,28407,
372.29234857369914,70919,241,436,28407,
372.29512850931786,70919,241,435,28408,
372.30397223668524,70919,240,436,28408,
372.30730930850996,70919,239,437,28408,
372.31891037123336,70919,239,436,28409,
372.3189185675482,70919,239,435,28410,
372.330615209242,70919,239,434,28411,
372.33432586163724,70918,240,434,28411,
372.34129722844153,70917,241,434,28411,
372.3434804750459,70916,242,434,28411,
372.34533715125474,70916,241,435,28411,
372.34824952630504,70915,242,435,28411,
372.36326832031136,70915,242,434,28412,
372.36564404909325,70915,242,433,28413,
372.3687914906393,70915,241,434,28413,
372.3715441078585,70915,241,433,28414,
372.3730663470517,70915,241,432,28415,
372.3741982450568,70915,240,433,28415,
372.3798411111491,70915,239,434,28415,
372.3899963819781,70914,240,434,28415,
372.3938518206217,70913,241,434,28415,
372.4033851274268,70913,241,433,28416,
372.4046957059793,70913,241,432,28417,
372.4048800072939,70913,241,431,28418,
372.41628472454397,70912,242,431,28418,
372.4173401045112,70912,242,430,28419,
372.4229913863651,70912,242,429,28420,
372.4247987750619,70911,243,429,28420,
372.4300776570571,70911,243,428,28421,
372.4448200338444,70911,242,429,28421,
372.4565866950677,70910,243,429,28421,
372.461329138182,70909,244,429,28421,
372.4635359625873,70909,243,430,28421,
372.46983575667684,70909,242,431,28421,
372.47580105097364,70909,241,432,28421,
372.50111773273505,70909,240,433,28421,
372.50523673347345,70909,240,432,28422,
372.5073558098212,70909,239,433,28422,
372.51512961344514,70909,238,434,28422,
372.53009565414095,70908,239,434,28422,
372.54053162475884,70908,238,435,28422,
372.572832955264,70908,237,436,28422,
372.57696948354953,70908,237,435,28423,
372.5792067660513,70907,238,435,28423,
372.5902463699576,70907,238,434,28424,
372.5917454762076,70907,238,433,28425,
372.59757626688605,70906,239,433,28425,
372.60154767372825,70905,240,433,28425,
372.60696284122633,70905,240,432,28426,
372.60899645147094,70905,239,433,28426,
372.6152537887096,70905,239,432,28427,
372.6205883628634,70905,238,433,28427,
372.621835530768,70905,238,432,28428,
372.622398611927,70905,238,431,28429,
372.625264008696,70905,238,430,28430,
372.62866121942824,70905,237,431,28430,
372.6629859904367,70904,238,431,28430,
372.6715151423795,70904,238,430,28431,
372.6794677836668,70904,238,429,28432,
372.6822835927425,70903,239,429,28432,
372.6839029154671,70902,240,429,28432,
372.68963093497496,70902,240,428,28433,
372.69041068380835,70901,241,428,28433,
372.69064428770963,70900,242,428,28433,
372.69490742421067,70899,243,428,28433,
372.69549026033,70899,242,429,28433,
372.7007009062785,70899,242,428,28434,
372.7054669167325,70899,242,427,28435,
372.7072341640019,70899,241,428,28435,
372.71003899135246,70898,242,428,28435,
372.7143845175279,70898,241,429,28435,
372.73073848694685,70898,241,428,28436,
372.73219860473813,70898,240,429,28436,
372.74186554881845,70898,240,428,28437,
372.7528722667601,70897,241,428,28437,
372.7641287261048,70897,241,427,28438,
372.78412353632973,70897,241,426,28439,
372.8229219952729,70896,242,426,28439,
372.8272550139338,70896,241,427,28439,
372.83247031550457,70896,241,426,28440,
372.8364797885536,70896,240,427,28440,
372.83665022783515,70896,239,428,28440,
372.8397989412953,70896,239,427,28441,
372.8484979542107,70895,240,427,28441,
372.8538876875643,70894,241,427,28441,
372.85782755068647,70894,241,426,28442,
372.8587000097055,70893,242,426,28442,
372.8735497255544,70892,243,426,28442,
372.8785928991743,70892,243,425,28443,
372.8836387900163,70892,242,426,28443,
372.88427443929174,70891,243,426,28443,
372.90430485556027,70890,244,426,28443,
372.9090385522877,70890,244,425,28444,
372.9106524989812,70890,244,424,28445,
372.9110281107245,70890,243,425,28445,
372.9192372165001,70889,244,425,28445,
372.93014562672164,70889,243,426,28445,
372.9415560023846,70889,242,427,28445,
372.9716797570881,70888,243,427,28445,
372.9815092573657,70888,243,426,28446,
372.98280379770955,70888,243,425,28447,
372.98548287648515,70888,242,426,28447,
372.9864747520976,70888,241,427,28447,
373.00075029005944,70887,242,427,28447,
373.01343079178775,70886,243,427,28447,
373.01953964162294,70886,243,426,28448,
373.02724048939945,70886,242,427,28448,
373.02768305829784,70886,242,426,28449,
373.0324234761494,70886,241,427,28449,
373.0414276737127,70886,241,426,28450,
373.0450114248694,70885,242,426,28450,
373.06134092813966,70885,241,427,28450,
373.06598968747926,70885,240,428,28450,
373.0660713092097,70884,241,428,28450,
373.07573886039415,70884,240,429,28450,
373.07844170325194,70883,241,429,28450,
373.1152342593125,70882,242,429,28450,
373.1159803085584,70882,241,430,28450,
373.123897858898,70882,241,429,28451,
373.1266528149431,70882,241,428,28452,
373.12759344691233,70881,242,428,28452,
373.13759564568477,70881,241,429,28452,
373.14104677965594,70881,241,428,28453,
373.1529700589826,70881,241,427,28454,
373.16396173140765,70881,240,428,28454,
373.16543200993505,70880,241,428,28454,
373.177971125562,70879,242,428,28454,
373.18032607504136,70879,241,429,28454,
373.193855227343,70878,242,429,28454,
373.20215277340156,70878,242,428,28455,
373.2143379466803,70878,241,429,28455,
373.2204844796101,70877,242,429,28455,
373.22109914313967,70876,243,429,28455,
373.23767133451935,70876,243,428,28456,
373.25262645869867,70875,244,428,28456,
373.25641008812664,70874,245,428,28456,
373.25788745722093,70874,245,427,28457,
373.2583205271757,70874,244,428,28457,
373.26619653766477,70873,245,428,28457,
373.26704371502933,70873,244,429,28457,
373.27372626141147,70872,245,429,28457,
373.2776638059373,70872,244,430,28457,
373.2776817480013,70871,245,430,28457,
373.28473468111093,70871,244,431,28457,
373.2856551119621,70871,244,430,28458,
373.28628582057394,70871,244,429,28459,
373.2906544799919,70870,245,429,28459,
373.2954583496708,70870,244,430,28459,
373.2980680984795,70870,243,431,28459,
373.30696970856746,70870,243,430,28460,
373.31692551955683,70870,243,429,28461,
373.3222074842884,70870,243,428,28462,
373.32407845107855,70869,244,428,28462,
373.3284588620308,70868,245,428,28462,
373.33536998417543,70868,245,427,28463,
373.3418762777151,70867,246,427,28463,
373.3490379734483,70867,245,428,28463,
373.34994106435045,70867,244,429,28463,
373.35037346080907,70867,243,430,28463,
373.3596441251551,70866,244,430,28463,
373.3676440246025,70866,244,429,28464,
373.3734714740816,70866,244,428,28465,
373.3735721406339,70866,244,427,28466,
373.3763095652154,70866,243,428,28466,
373.3842713790472,70866,242,429,28466,
373.384744505555,70866,242,428,28467,
373.3855645386543,70866,241,429,28467,
373.3902540506025,70866,240,430,28467,
373.39121429026187,70866,239,431,28467,
373.39358976745746,70865,240,431,28467,
373.3969080371746,70865,239,432,28467,
373.3975872511639,70865,238,433,28467,
373.41072983639214,70864,239,433,28467,
373.41559523320075,70864,239,432,28468,
373.4225392566078,70864,238,433,28468,
373.4463510600462,70864,238,432,28469,
373.44981444933023,70864,237,433,28469,
373.47318975297907,70864,237,432,28470,
373.47952869828674,70864,237,431,28471,
373.4796665537884,70863,238,431,28471,
373.480056361545,70862,239,431,28471,
373.4836243026815,70862,239,430,28472,
373.4946127626907,70861,240,430,28472,
373.50110473594185,70861,240,429,28473,
373.50370936445677,70860,241,429,28473,
373.50839587201745,70860,241,428,28474,
373.50940175997823,70859,242,428,28474,
373.510716210896,70859,242,427,28475,
373.5224830148427,70859,242,426,28476,
373.52268869815646,70859,241,427,28476,
373.5250540420378,70858,242,427,28476,
373.55005896093036,70857,243,427,28476,
373.5522072627608,70857,242,428,28476,
373.59191169470216,70857,242,427,28477,
373.6180460956233,70857,242,426,28478,
373.6224583504563,70857,242,425,28479,
373.62386051565227,70857,241,426,28479,
373.62474215992506,70857,241,425,28480,
373.62747747783465,70857,241,424,28481,
373.63229400419453,70857,241,423,28482,
373.63925270350904,70857,241,422,28483,
373.6508912795518,70857,240,423,28483,
373.6516354464314,70856,241,423,28483,
373.6622415344762,70855,242,423,28483,
373.66249569567066,70855,241,424,28483,
373.6722036219295,70854,242,424,28483,
373.6736402354987,70854,242,423,28484,
373.6758740975401,70854,242,422,28485,
373.683540807719,70853,243,422,28485,
373.6838762621237,70852,244,422,28485,
373.68859851578037,70852,244,421,28486,
373.7185573675205,70852,244,420,28487,
373.7222297579806,70852,244,419,28488,
373.7266703795259,70851,245,419,28488,
373.73549977835074,70851,245,418,28489,
373.7383018440249,70851,245,417,28490,
373.7407876469455,70851,245,416,28491,
373.74348763570737,70851,245,415,28492,
373.74799738558943,70850,246,415,28492,
373.7551131595652,70850,245,416,28492,
373.75660115033605,70850,245,415,28493,
373.7580150823905,70850,245,414,28494,
373.76706303435145,70849,246,414,28494,
373.7794022800322,70849,245,415,28494,
373.7835005659767,70849,245,414,28495,
373.79932977212684,70849,245,413,28496,
373.8016595714395,70849,245,412,28497,
373.8113235454151,70848,246,412,28497,
373.81241876768615,70848,246,411,28498,
373.8501691549025,70848,245,412,28498,
373.85707202958304,70848,244,413,28498,
373.85992185717913,70848,244,412,28499,
373.86294739931463,70848,244,411,28500,
373.86579248044563,70848,243,412,28500,
373.89103941459155,70848,243,411,28501,
373.89879027298383,70847,244,411,28501,
373.9008611054073,70846,245,411,28501,
373.90356780434325,70845,246,411,28501,
373.9151268270983,70845,245,412,28501,
373.91957883843367,70845,245,411,28502,
373.9197553828196,70844,246,411,28502,
373.9202130286295,70844,246,410,28503,
373.9257647577024,70844,245,411,28503,
373.9300423471849,70844,244,412,28503,
373.93078897699985,70844,244,411,28504,
373.9403634332496,70844,243,412,28504,
373.9554401256714,70844,243,411,28505,
373.9556392496035,70844,243,410,28506,
373.97648426829664,70844,242,411,28506,
373.9826984493399,70844,242,410,28507,
373.98741601357926,70843,243,410,28507,
374.01040395561415,70843,243,409,28508,
374.02997014945134,70842,244,409,28508,
374.03219243706513,70842,244,408,28509,
374.0380532150641,70841,245,408,28509,
374.0434245172624,70841,244,409,28509,
374.0471385610438,70841,243,410,28509,
374.05974817721585,70841,243,409,28510,
374.07799404314545,70840,244,409,28510,
374.0953419247372,70840,244,408,28511,
374.10404116849924,70839,245,408,28511,
374.1138074655552,70839,245,407,28512,
374.12608238639604,70839,245,406,28513,
374.1281395658375,70839,244,407,28513,
374.1318996740839,70838,245,407,28513,
374.14003152139,70838,245,406,28514,
374.1730692279458,70838,245,405,28515,
374.17439448338615,70837,246,405,28515,
374.19457326916773,70837,245,406,28515,
374.21011878175716,70837,245,405,28516,
374.2309379533582,70837,245,404,28517,
374.2311649666299,70837,244,405,28517,
374.23125262816285,70837,244,404,28518,
374.2353483902412,70837,243,405,28518,
374.242497575642,70837,243,404,28519,
374.2548941172138,70837,242,405,28519,
374.2688177155334,70837,242,404,28520,
374.2878042052637,70837,242,403,28521,
374.28838468483036,70836,243,403,28521,
374.29582471806833,70836,242,404,28521,
374.30343190993364,70836,241,405,28521,
374.3079997494667,70836,240,406,28521,
374.3094544195091,70836,239,407,28521,
374.3094769880584,70836,239,406,28522,
374.30963610528215,70836,239,405,28523,
374.30964741939283,70836,239,404,28524,
374.32247211292133,70836,239,403,28525,
374.33046309455665,70836,239,402,28526,
374.33989863710525,70836,239,401,28527,
374.3424662676989,70836,238,402,28527,
374.34387727779875,70835,239,402,28527,
374.34642374916433,70835,239,401,28528,
374.3587559751281,70835,238,402,28528,
374.3756836353469,70834,239,402,28528,
374.37752029476064,70833,240,402,28528,
374.386211477242,70833,239,403,28528,
374.39339217824283,70833,239,402,28529,
374.4126607076219,70833,239,401,28530,
374.4138148932475,70833,239,400,28531,
374.42027249272087,70833,238,401,28531,
374.4205011485004,70832,239,401,28531,
374.4236766510969,70832,238,402,28531,
374.4237778331783,70832,237,403,28531,
374.42993595767484,70832,237,402,28532,
374.43614401923577,70832,237,401,28533,
374.43782067733923,70831,238,401,28533,
374.44577097321513,70830,239,401,28533,
374.44766979537155,70830,238,402,28533,
374.45211433031744,70829,239,402,28533,
374.4534067649345,70828,240,402,28533,
374.45763892386725,70828,239,403,28533,
374.4587274529264,70827,240,403,28533,
374.4598012325391,70827,239,404,28533,
374.4612886198915,70827,239,403,28534,
374.4615962517092,70827,238,404,28534,
374.46210317423163,70827,237,405,28534,
374.4627388382529,70827,236,406,28534,
374.47046589999894,70827,236,405,28535,
374.4718815879748,70827,236,404,28536,
374.47358249366937,70826,237,404,28536,
374.47472398457,70825,238,404,28536,
374.4841965901536,70825,237,405,28536,
374.49100522953455,70824,238,405,28536,
374.5122106471833,70824,237,406,28536,
374.5175945790395,70824,237,405,28537,
374.52402151739096,70823,238,405,28537,
374.5252210901659,70823,238,404,28538,
374.5281173487296,70823,237,405,28538,
374.54139207960213,70822,238,405,28538,
374.5438874422478,70822,237,406,28538,
374.55691054399983,70821,238,406,28538,
374.560974986633,70821,238,405,28539,
374.5664521186353,70820,239,405,28539,
374.5701711636887,70820,239,404,28540,
374.5734825224886,70819,240,404,28540,
374.57353152222214,70818,241,404,28540,
374.59936088825395,70818,241,403,28541,
374.6045464202857,70818,240,404,28541,
374.6089510878172,70818,239,405,28541,
374.61493034681536,70818,239,404,28542,
374.63108167020084,70817,240,404,28542,
374.631994956781,70817,239,405,28542,
374.6420935719062,70817,239,404,28543,
374.6532538621614,70817,238,405,28543,
374.6579048162897,70816,239,405,28543,
374.6625989886971,70816,239,404,28544,
374.6689425726007,70816,238,405,28544,
374.69533783091117,70816,238,404,28545,
374.6977498194129,70816,238,403,28546,
374.6979261225844,70815,239,403,28546,
374.6981227064723,70814,240,403,28546,
374.70683690343685,70814,240,402,28547,
374.7198259612029,70814,239,403,28547,
374.72295671899525,70813,240,403,28547,
374.72808876709155,70812,241,403,28547,
374.7312786987402,70812,241,402,28548,
374.732849978907,70812,241,401,28549,
374.74486550318164,70812,241,400,28550,
374.74894946502087,70812,240,401,28550,
374.7519701655733,70811,241,401,28550,
374.75444222210564,70810,242,401,28550,
374.7546638519111,70810,241,402,28550,
374.7743225989658,70810,241,401,28551,
374.78004755495186,70809,242,401,28551,
374.7911899963338,70809,242,400,28552,
374.7955182320669,70809,242,399,28553,
374.79599254994105,70809,241,400,28553,
374.7982531641377,70808,242,400,28553,
374.80638375189,70807,243,400,28553,
374.8213129387985,70807,242,401,28553,
374.826172872153,70807,241,402,28553,
374.84361599646365,70806,242,402,28553,
374.84425958896236,70806,242,401,28554,
374.85113078615404,70806,242,400,28555,
374.8750603933426,70806,242,399,28556,
374.8779380653259,70806,242,398,28557,
374.8834979609015,70805,243,398,28557,
374.88786830512237,70805,242,399,28557,
374.88892069962185,70805,242,398,28558,
374.8913080046701,70804,243,398,28558,
374.89591801156564,70804,243,397,28559,
374.89661774605725,70803,244,397,28559,
374.89670268321674,70803,244,396,28560,
374.91299852654123,70802,245,396,28560,
374.91505949126537,70802,244,397,28560,
374.92433000306085,70802,244,396,28561,
374.9495323441926,70802,244,395,28562,
374.9675152955298,70802,243,396,28562,
374.9712789931462,70801,244,396,28562,
374.9784547343884,70801,244,395,28563,
374.9876493648352,70801,243,396,28563,
374.9994715040747,70801,242,397,28563,
375.0101740942149,70801,242,396,28564,
375.01287766077326,70801,241,397,28564,
375.01537490427967,70801,240,398,28564,
375.02073390761774,70801,240,397,28565,
375.0240931687913,70801,240,396,28566,
375.0343183476607,70800,241,396,28566,
375.04793213079176,70800,240,397,28566,
375.0558414318415,70800,239,398,28566,
375.06331722474806,70799,240,398,28566,
375.0668243356621,70799,239,399,28566,
375.07989047538706,70799,239,398,28567,
375.0932694060355,70799,239,397,28568,
375.0947501929471,70799,238,398,28568,
375.1077904860332,70799,238,397,28569,
375.11397666084696,70798,239,397,28569,
375.11405923458085,70798,238,398,28569,
375.1145753191209,70798,237,399,28569,
375.11936818274745,70798,236,400,28569,
375.1230290543715,70798,236,399,28570,
375.1351456828178,70798,236,398,28571,
375.14112037876185,70798,236,397,28572,
375.1448722745124,70797,237,397,28572,
375.15683334095706,70797,236,398,28572,
375.18712605767985,70796,237,398,28572,
375.1913856874509,70796,237,397,28573,
375.1954789346402,70796,237,396,28574,
375.19869061078737,70795,238,396,28574,
375.2156042657357,70795,237,397,28574,
375.23052693913115,70794,238,397,28574,
375.23342121116826,70793,239,397,28574,
375.23469331124113,70793,238,398,28574,
375.24218710600275,70793,238,397,28575,
375.2498926732482,70793,238,396,28576,
375.2515540376006,70792,239,396,28576,
375.2570188556329,70792,238,397,28576,
375.27193773999704,70792,238,396,28577,
375.2797587727001,70792,238,395,28578,
375.290765059767,70792,238,394,28579,
375.29234193290705,70792,237,395,28579,
375.29238442456295,70792,237,394,28580,
375.29239882559705,70792,236,395,28580,
375.29947530939313,70792,235,396,28580,
375.3326437654985,70792,234,397,28580,
375.3493933528421,70792,233,398,28580,
375.35412408411935,70792,233,397,28581,
375.36826928363854,70792,233,396,28582,
375.3688242690226,70791,234,396,28582,
375.3743576858287,70790,235,396,28582,
375.38194202639124,70790,235,395,28583,
375.389687401655,70789,236,395,28583,
375.3901842626609,70789,236,394,28584,
375.41704495542456,70788,237,394,28584,
375.44537493698925,70788,236,395,28584,
375.4564766441907,70788,236,394,28585,
375.47062360915436,70788,236,393,28586,
375.4751272114992,70788,236,392,28587,
375.47651185733844,70787,237,392,28587,
375.4817728855493,70787,236,393,28587,
375.49142430682866,70787,235,394,28587,
375.49910632381625,70787,234,395,28587,
375.5061924446334,70787,234,394,28588,
375.52388147945106,70787,234,393,28589,
375.52970585612627,70787,234,392,28590,
375.5381643371886,70786,235,392,28590,
375.5439728459337,70786,234,393,28590,
375.5674136639239,70786,234,392,28591,
375.58536454569384,70786,234,391,28592,
375.5956002848016,70785,235,391,28592,
375.5992087444266,70785,235,390,28593,
375.5999796063538,70785,235,389,28594,
375.60256112623523,70785,234,390,28594,
375.620602691003,70784,235,390,28594,
375.6394036774402,70783,236,390,28594,
375.6428696507342,70783,236,389,28595,
375.64690209960594,70783,236,388,28596,
375.6498516535713,70783,236,387,28597,
375.6516628370879,70782,237,387,28597,
375.6617107294875,70782,237,386,28598,
375.6811791988279,70781,238,386,28598,
375.7087263509649,70781,237,387,28598,
375.7110178784533,70781,237,386,28599,
375.71426909189046,70780,238,386,28599,
375.7196313866562,70780,237,387,28599,
375.72610839972583,70780,236,388,28599,
375.74166523249073,70780,235,389,28599,
375.74494274044343,70780,234,390,28599,
375.75114397097855,70780,233,391,28599,
375.7536337084378,70780,232,392,28599,
375.75403998988605,70780,231,393,28599,
375.7548010957761,70779,232,393,28599,
375.76623847519585,70779,231,394,28599,
375.7663318924515,70779,230,395,28599,
375.7679154562602,70778,231,395,28599,
375.7818143491267,70778,230,396,28599,
375.7914067131597,70778,229,397,28599,
375.79204138680376,70778,228,398,28599,
375.79735754578576,70778,227,399,28599,
375.80444406315996,70778,227,398,28600,
375.8048225045519,70778,227,397,28601,
375.81410702467986,70778,227,396,28602,
375.82436727742055,70778,227,395,28603,
375.8263685880778,70778,227,394,28604,
375.83054089723737,70777,228,394,28604,
375.83627993191647,70776,229,394,28604,
375.8498931871438,70776,228,395,28604,
375.851726730469,70775,229,395,28604,
375.85354798250006,70774,230,395,28604,
375.8568141820166,70774,229,396,28604,
375.8583110362052,70774,228,397,28604,
375.86058773235675,70774,228,396,28605,
375.8661229775361,70774,228,395,28606,
375.87605521791716,70773,229,395,28606,
375.87618427739596,70772,230,395,28606,
375.8862566163942,70771,231,395,28606,
375.8888477040471,70771,231,394,28607,
375.89134216743946,70771,230,395,28607,
375.8946560162857,70771,229,396,28607,
375.90122688682317,70771,229,395,28608,
375.91191427584187,70770,230,395,28608,
375.9145710164321,70770,229,396,28608,
375.91888051767216,70770,228,397,28608,
375.92068795489996,70770,228,396,28609,
375.92543253195885,70769,229,396,28609,
375.9265807793468,70769,228,397,28609,
375.93874545817545,70769,228,396,28610,
375.9399101026725,70769,228,395,28611,
375.9485266932251,70769,228,394,28612,
375.9494016688551,70768,229,394,28612,
375.9636740119941,70768,229,393,28613,
375.9658861294545,70768,228,394,28613,
375.9768455551533,70767,229,394,28613,
375.9829929110815,70767,228,395,28613,
375.99061668725176,70767,227,396,28613,
375.99869578182825,70767,227,395,28614,
376.0013748881484,70767,227,394,28615,
376.0079877553472,70767,226,395,28615,
376.01341149210594,70767,226,394,28616,
376.0216092822959,70766,227,394,28616,
376.0263055786654,70766,226,395,28616,
376.0292355800109,70765,227,395,28616,
376.0410344970386,70765,226,396,28616,
376.0413323475193,70764,227,396,28616,
376.04647252383063,70763,228,396,28616,
376.04973463886506,70763,227,397,28616,
376.05314298420194,70762,228,397,28616,
376.0696894061031,70762,227,398,28616,
376.0780611963972,70761,228,398,28616,
376.07904987839856,70761,227,399,28616,
376.10658257757683,70761,226,400,28616,
376.1159671899488,70761,225,401,28616,
376.12234655359447,70761,225,400,28617,
376.13228090467277,70761,224,401,28617,
376.1466862141213,70761,223,402,28617,
376.15165467303797,70761,222,403,28617,
376.16797217412756,70761,222,402,28618,
376.1723560067092,70760,223,402,28618,
376.1740956258895,70759,224,402,28618,
376.1993724414538,70759,223,403,28618,
376.2138117808532,70759,223,402,28619,
376.21576502900587,70759,222,403,28619,
376.2292460020717,70759,221,404,28619,
376.23048967018826,70759,221,403,28620,
376.232448046942,70759,221,402,28621,
376.2352762678524,70759,221,401,28622,
376.24388482709037,70758,222,401,28622,
376.2474575339548,70757,223,401,28622,
376.24969741679126,70756,224,401,28622,
376.2532323347238,70755,225,401,28622,
376.2578570937545,70754,226,401,28622,
376.26443186706626,70754,225,402,28622,
376.2750828254393,70754,225,401,28623,
376.2833846451971,70754,225,400,28624,
376.28466881491397,70754,224,401,28624,
376.28986351331685,70754,224,400,28625,
376.31270994694137,70753,225,400,28625,
376.3206169100742,70753,224,401,28625,
376.3351928307143,70753,223,402,28625,
376.33597549427213,70752,224,402,28625,
376.3378698256915,70752,223,403,28625,
376.3416050770987,70752,222,404,28625,
376.344128962783,70752,222,403,28626,
376.3522964878943,70751,223,403,28626,
376.35631569144925,70750,224,403,28626,
376.3570658102379,70750,223,404,28626,
376.36787094669927,70750,223,403,28627,
376.3685563839717,70749,224,403,28627,
376.3764873329327,70748,225,403,28627,
376.3838274329273,70748,224,404,28627,
376.38717390264344,70747,225,404,28627,
376.38954167521894,70747,224,405,28627,
376.39696124239094,70747,223,406,28627,
376.4182486153614,70747,223,405,28628,
376.427024414346,70747,222,406,28628,
376.4391794301402,70747,222,405,28629,
376.4440947881338,70747,221,406,28629,
376.4530854988518,70747,220,407,28629,
376.4549340548235,70746,221,407,28629,
376.4622980855397,70746,221,406,28630,
376.4659775254179,70746,221,405,28631,
376.4662869282138,70746,221,404,28632,
376.47439548535147,70745,222,404,28632,
376.4754396388688,70745,221,405,28632,
376.5082573185709,70745,220,406,28632,
376.5087316071815,70745,220,405,28633,
376.5162277781558,70744,221,405,28633,
376.5170915002199,70744,221,404,28634,
376.52047552789116,70744,221,403,28635,
376.52767701642813,70744,220,404,28635,
376.5310113420861,70744,220,403,28636,
376.53747395006735,70744,219,404,28636,
376.53778783834764,70744,219,403,28637,
376.5531761585475,70743,220,403,28637,
376.56203474897586,70743,219,404,28637,
376.5651967010517,70743,218,405,28637,
376.5800832777301,70742,219,405,28637,
376.5874077635073,70742,219,404,28638,
376.60600816435476,70741,220,404,28638,
376.61556530172646,70741,219,405,28638,
376.6661945624104,70740,220,405,28638,
376.67137854532183,70740,219,406,28638,
376.6784599704673,70740,219,405,28639,
376.690295297938,70740,219,404,28640,
376.6934705535282,70740,219,403,28641,
376.69514527772475,70739,220,403,28641,
376.6996295240539,70738,221,403,28641,
376.7003382886304,70738,221,402,28642,
376.71117846775286,70738,221,401,28643,
376.71548973483294,70737,222,401,28643,
376.7201351025709,70737,222,400,28644,
376.7291836516434,70736,223,400,28644,
376.7329836722845,70736,223,399,28645,
376.7336003849542,70736,223,398,28646,
376.74150910014765,70736,222,399,28646,
376.7436746623673,70736,222,398,28647,
376.7613534829576,70736,221,399,28647,
376.7679801113279,70735,222,399,28647,
376.7807278664431,70735,221,400,28647,
376.7824990135665,70734,222,400,28647,
376.78481392864495,70734,222,399,28648,
376.79520010450784,70734,221,400,28648,
376.7976565345498,70734,220,401,28648,
376.80697421360566,70734,219,402,28648,
376.8117582652981,70734,219,401,28649,
376.81409220324764,70734,219,400,28650,
376.8343411035437,70733,220,400,28650,
376.844165796146,70733,219,401,28650,
376.84950465684307,70733,219,400,28651,
376.8575381886985,70732,220,400,28651,
376.8600698993196,70732,219,401,28651,
376.8632717503861,70731,220,401,28651,
376.86558906992553,70730,221,401,28651,
376.8754708658073,70730,220,402,28651,
376.8969626095468,70730,219,403,28651,
376.9163895648189,70730,218,404,28651,
376.92001110145674,70729,219,404,28651,
376.92440616843777,70729,218,405,28651,
376.93175048073823,70729,218,404,28652,
376.93865816273524,70728,219,404,28652,
376.9396642484609,70727,220,404,28652,
376.94339826486276,70727,219,405,28652,
376.945903609636,70727,219,404,28653,
376.9482661420959,70726,220,404,28653,
376.95013771305145,70726,220,403,28654,
376.96577902744605,70726,219,404,28654,
376.97632627313845,70726,219,403,28655,
376.9778598845371,70726,219,402,28656,
376.9847757801242,70726,219,401,28657,
377.01342191067334,70725,220,401,28657,
377.01719867929273,70725,219,402,28657,
377.03373613790217,70725,219,401,28658,
377.03773192823604,70725,219,400,28659,
377.039619575879,70725,218,401,28659,
377.0512667820249,70725,218,400,28660,
377.05138440694566,70725,217,401,28660,
377.0588118172221,70724,218,401,28660,
377.07229264617024,70724,218,400,28661,
377.0773959896138,70724,218,399,28662,
377.07961021318437,70723,219,399,28662,
377.09780386403236,70723,219,398,28663,
377.1016026358906,70723,219,397,28664,
377.1085375650754,70722,220,397,28664,
377.122371465073,70722,219,398,28664,
377.126773698506,70722,219,397,28665,
377.1328713949691,70722,219,396,28666,
377.1448825837396,70721,220,396,28666,
377.1496209945008,70720,221,396,28666,
377.16298152013786,70719,222,396,28666,
377.16349614388366,70719,222,395,28667,
377.1652152077929,70719,222,394,28668,
377.17406857302973,70718,223,394,28668,
377.17407741643956,70717,224,394,28668,
377.17504156512064,70717,224,393,28669,
377.1851391255403,70717,223,394,28669,
377.18901156906253,70717,222,395,28669,
377.1891165165315,70717,221,396,28669,
377.1923368408629,70717,220,397,28669,
377.1929209466463,70717,219,398,28669,
377.1956788132669,70716,220,398,28669,
377.20311855517207,70715,221,398,28669,
377.2059826720802,70715,220,399,28669,
377.21609078716386,70714,221,399,28669,
377.2167660798565,70713,222,399,28669,
377.2256608178848,70712,223,399,28669,
377.22571543386005,70712,223,398,28670,
377.2338365560259,70712,222,399,28670,
377.2353754100014,70712,222,398,28671,
377.2416010268742,70711,223,398,28671,
377.2474010512781,70711,223,397,28672,
377.25959966762264,70711,223,396,28673,
377.26346596597125,70711,222,397,28673,
377.26558091183733,70711,222,396,28674,
377.2691200138358,70711,221,397,28674,
377.27708960444374,70710,222,397,28674,
377.27822363723885,70709,223,397,28674,
377.29029731010803,70709,222,398,28674,
377.30070207607923,70709,222,397,28675,
377.3189462694336,70708,223,397,28675,
377.3191841525902,70707,224,397,28675,
377.32339298219955,70706,225,397,28675,
377.3289763314026,70706,224,398,28675,
377.33597044077544,70706,224,397,28676,
377.3382482174466,70706,224,396,28677,
377.35544316833597,70706,224,395,28678,
377.3563898046765,70706,223,396,28678,
377.3624112139852,70706,222,397,28678,
377.3717225982026,70705,223,397,28678,
377.3789901293321,70705,222,398,28678,
377.39650450206403,70704,223,398,28678,
377.41088000183515,70704,223,397,28679,
377.411183535436,70703,224,397,28679,
377.41825405779235,70703,224,396,28680,
377.43865011243247,70703,224,395,28681,
377.4425901576316,70703,224,394,28682,
377.44706305326355,70703,223,395,28682,
377.4495290152326,70703,222,396,28682,
377.45657550735666,70703,222,395,28683,
377.4583584562207,70703,222,394,28684,
377.4590705246841,70702,223,394,28684,
377.46346146008773,70701,224,394,28684,
377.46355497134635,70701,223,395,28684,
377.46628134960383,70700,224,395,28684,
377.46942962847925,70700,224,394,28685,
377.4696568482407,70699,225,394,28685,
377.4730347238017,70699,224,395,28685,
377.5137690161694,70699,224,394,28686,
377.51720163846903,70698,225,394,28686,
377.5262107881039,70698,225,393,28687,
377.54457002152657,70698,225,392,28688,
377.5458350498379,70698,224,393,28688,
377.54859057157205,70697,225,393,28688,
377.55292328366363,70697,224,394,28688,
377.5627536266646,70697,224,393,28689,
377.5704475457639,70697,224,392,28690,
377.57774386241965,70697,223,393,28690,
377.58286248118617,70697,222,394,28690,
377.5892849291926,70697,221,395,28690,
377.5907892568301,70697,221,394,28691,
377.59862998938615,70697,221,393,28692,
377.6073388723551,70697,221,392,28693,
377.607400679636,70696,222,392,28693,
377.61082777413117,70695,223,392,28693,
377.6229745029324,70694,224,392,28693,
377.62883036380344,70693,225,392,28693,
377.64242749845045,70692,226,392,28693,
377.6438079655594,70691,227,392,28693,
377.65424153536065,70691,227,391,28694,
377.6685237461303,70690,228,391,28694,
377.66892286546863,70690,227,392,28694,
377.6806027394908,70690,227,391,28695,
377.6806887428271,70690,227,390,28696,
377.6947128612946,70689,228,390,28696,
377.69760987796275,70689,227,391,28696,
377.7028814490637,70689,226,392,28696,
377.70452368866285,70688,227,392,28696,
377.7164256238609,70688,227,391,28697,
377.72046288397706,70688,227,390,28698,
377.7205662296896,70688,227,389,28699,
377.7224768148095,70688,226,390,28699,
377.7261911677217,70688,226,389,28700,
377.7365722169555,70688,225,390,28700,
377.7438839376248,70688,225,389,28701,
377.7487277449384,70688,225,388,28702,
377.7598293503645,70687,226,388,28702,
377.7773829403422,70687,226,387,28703,
377.7873633409245,70686,227,387,28703,
377.78792640323894,70686,227,386,28704,
377.790189292809,70686,226,387,28704,
377.7926310099448,70685,227,387,28704,
377.80170603776884,70684,228,387,28704,
377.8029532191972,70684,228,386,28705,
377.8135247473948,70684,228,385,28706,
377.83795484629246,70683,229,385,28706,
377.8383537234346,70683,228,386,28706,
377.83840670221036,70683,228,385,28707,
377.8439554562492,70683,228,384,28708,
377.84927175002855,70683,227,385,28708,
377.85009801342056,70682,228,385,28708,
377.8545440617736,70682,227,386,28708,
377.8636820528745,70682,227,385,28709,
377.8968675893201,70681,228,385,28709,
377.8998479395175,70681,228,384,28710,
377.90351220367523,70681,227,385,28710,
377.92309971847425,70681,226,386,28710,
377.923582796491,70681,225,387,28710,
377.9332077698414,70680,226,387,28710,
377.93739119078634,70680,225,388,28710,
377.9529851348659,70679,226,388,28710,
377.9566771599323,70678,227,388,28710,
377.97472025470717,70677,228,388,28710,
377.98591733555054,70676,229,388,28710,
377.9923254278935,70676,228,389,28710,
377.9928057907037,70676,227,390,28710,
377.99570154346526,70676,227,389,28711,
377.99697572067225,70676,227,388,28712,
377.9980600441745,70676,227,387,28713,
378.0086837366771,70676,227,386,28714,
378.0095273822613,70676,226,387,28714,
378.0118274974104,70676,225,388,28714,
378.01934568611324,70676,225,387,28715,
378.02101821041964,70676,225,386,28716,
378.0213396512336,70676,224,387,28716,
378.02754867364484,70676,224,386,28717,
378.03044574792034,70676,223,387,28717,
378.0372528285642,70676,222,388,28717,
378.03811234958414,70676,222,387,28718,
378.0478475812138,70676,222,386,28719,
378.0647113476843,70676,221,387,28719,
378.0693338583754,70676,220,388,28719,
378.06991838495435,70675,221,388,28719,
378.0894625606488,70675,220,389,28719,
378.0916181793457,70674,221,389,28719,
378.110550009109,70673,222,389,28719,
378.11452737037234,70673,221,390,28719,
378.11542719939894,70673,221,389,28720,
378.1251507086879,70673,220,390,28720,
378.13227555475703,70673,219,391,28720,
378.14025060310877,70673,218,392,28720,
378.1480877447757,70673,217,393,28720,
378.15483081822487,70672,218,393,28720,
378.1564369811274,70672,218,392,28721,
378.1870352307568,70672,218,391,28722,
378.1964311654104,70671,219,391,28722,
378.21462053061595,70671,219,390,28723,
378.2299234101252,70671,218,391,28723,
378.2356677257237,70671,218,390,28724,
378.23912508355244,70671,217,391,28724,
378.2447937377344,70670,218,391,28724,
378.24650513409307,70670,218,390,28725,
378.2509502520129,70669,219,390,28725,
378.2531261327606,70668,220,390,28725,
378.2556078549907,70668,219,391,28725,
378.26305313395983,70668,219,390,28726,
378.2633524974928,70668,219,389,28727,
378.2939079285859,70667,220,389,28727,
378.29684135740223,70666,221,389,28727,
378.31139689457154,70665,222,389,28727,
378.31557028137655,70665,221,390,28727,
378.32907095869786,70665,221,389,28728,
378.3407776183972,70664,222,389,28728,
378.3467142162588,70664,221,390,28728,
378.36764395617485,70664,220,391,28728,
378.3705180583382,70664,220,390,28729,
378.3708955691389,70664,220,389,28730,
378.3722750480778,70663,221,389,28730,
378.384208337335,70663,220,390,28730,
378.3927687041098,70663,219,391,28730,
378.39485266453596,70663,219,390,28731,
378.41099295057575,70662,220,390,28731,
378.4128532302027,70662,219,391,28731,
378.4215304233872,70661,220,391,28731,
378.4279411768202,70661,219,392,28731,
378.4351581509964,70661,218,393,28731,
378.4476862552967,70661,218,392,28732,
378.4484686735748,70660,219,392,28732,
378.4494894355281,70660,218,393,28732,
378.4529967936487,70660,217,394,28732,
378.4580601653789,70659,218,394,28732,
378.4665168074552,70659,218,393,28733,
378.4798313104518,70658,219,393,28733,
378.4846149881778,70658,219,392,28734,
378.4870039857375,70658,219,391,28735,
378.4916103190907,70658,219,390,28736,
378.50955305558324,70657,220,390,28736,
378.51117675525177,70657,219,391,28736,
378.511921569404,70657,219,390,28737,
378.5210398557151,70657,218,391,28737,
378.52528641218885,70657,218,390,28738,
378.5371232254556,70657,217,391,28738,
378.5376314011407,70657,216,392,28738,
378.53845116887675,70656,217,392,28738,
378.5439601199476,70656,216,393,28738,
378.5537345961173,70656,216,392,28739,
378.55815893422016,70656,216,391,28740,
378.56766107841133,70656,216,390,28741,
378.5700230540846,70655,217,390,28741,
378.57864318267326,70655,217,389,28742,
378.58072959233124,70655,216,390,28742,
378.5890588641688,70655,216,389,28743,
378.6012505426636,70654,217,389,28743,
378.60361069552164,70654,216,390,28743,
378.61285147841727,70654,216,389,28744,
378.61605542897587,70653,217,389,28744,
378.6335857998117,70653,217,388,28745,
378.64991242321065,70653,217,387,28746,
378.66176368646063,70653,217,386,28747,
378.6661671610841,70653,216,387,28747,
378.6686279967228,70652,217,387,28747,
378.67975230400117,70652,216,388,28747,
378.686044280101,70652,216,387,28748,
378.6951316730963,70652,215,388,28748,
378.6994953185714,70652,215,387,28749,
378.717109393221,70652,215,386,28750,
378.72100827427516,70652,215,385,28751,
378.7211590340069,70652,215,384,28752,
378.73091372693506,70651,216,384,28752,
378.73094887896673,70651,215,385,28752,
378.7516234388655,70651,214,386,28752,
378.7565563860909,70651,214,385,28753,
378.7700015214967,70651,214,384,28754,
378.7727233210052,70650,215,384,28754,
378.7839321875241,70649,216,384,28754,
378.7874401221024,70648,217,384,28754,
378.83503919896157,70648,216,385,28754,
378.84579556405515,70648,215,386,28754,
378.85351902031,70647,216,386,28754,
378.85502370706126,70647,215,387,28754,
378.8590319776911,70646,216,387,28754,
378.86396862867736,70646,216,386,28755,
378.8642712298041,70646,215,387,28755,
378.883915413786,70646,214,388,28755,
378.8839934424063,70646,213,389,28755,
378.89845526441167,70646,213,388,28756,
378.90044717520345,70646,213,387,28757,
378.90276758811524,70646,212,388,28757,
378.9154444330883,70646,211,389,28757,
378.92028093262167,70646,211,388,28758,
378.9234605907239,70646,210,389,28758,
378.9324585038852,70646,210,388,28759,
378.9381692680545,70646,210,387,28760,
378.9446989623344,70646,209,388,28760,
378.9486603709901,70645,210,388,28760,
378.9487576788288,70644,211,388,28760,
378.95686501586044,70644,211,387,28761,
378.9581649386355,70644,211,386,28762,
378.95832707410375,70644,211,385,28763,
378.9625294536975,70644,210,386,28763,
378.96393771913347,70644,210,385,28764,
378.9668494413409,70643,211,385,28764,
378.9705119606474,70643,211,384,28765,
378.9710594990731,70642,212,384,28765,
378.9806992447656,70642,212,383,28766,
379.01510779306795,70642,212,382,28767,
379.0169507947925,70641,213,382,28767,
379.0329170649783,70641,213,381,28768,
379.0366298822224,70641,213,380,28769,
379.04139591042957,70640,214,380,28769,
379.05568132445626,70640,213,381,28769,
379.05977882012525,70640,213,380,28770,
379.07044154797074,70639,214,380,28770,
379.07520303046556,70639,214,379,28771,
379.0816902555999,70639,213,380,28771,
379.08207410195496,70639,213,379,28772,
379.1281908252099,70639,212,380,28772,
379.1338282995579,70639,211,381,28772,
379.13557588676235,70639,210,382,28772,
379.1359549266971,70639,210,381,28773,
379.1580611386418,70639,210,380,28774,
379.1683963472836,70639,209,381,28774,
379.16892691533917,70638,210,381,28774,
379.1708263998851,70638,209,382,28774,
379.17233843649564,70638,208,383,28774,
379.19697018344755,70638,208,382,28775,
379.2005260817326,70638,208,381,28776,
379.2023731609491,70638,208,380,28777,
379.2161680629031,70638,208,379,28778,
379.2196423221776,70637,209,379,28778,
379.2281210326301,70636,210,379,28778,
379.2507447813545,70635,211,379,28778,
379.252861510602,70634,212,379,28778,
379.26135742800096,70634,212,378,28779,
379.27018309136093,70634,211,379,28779,
379.27428529105754,70634,210,380,28779,
379.27802373420053,70634,210,379,28780,
379.3209463770115,70634,210,378,28781,
379.3306858712534,70634,210,377,28782,
379.3411409947162,70633,211,377,28782,
379.3629232249266,70632,212,377,28782,
379.3745979345146,70631,213,377,28782,
379.37688135422377,70630,214,377,28782,
379.3920489002908,70630,213,378,28782,
379.3998839023121,70630,213,377,28783,
379.3999802011316,70630,213,376,28784,
379.40170220729146,70629,214,376,28784,
379.4194216775654,70629,214,375,28785,
379.42236378076433,70629,213,376,28785,
379.4254481173764,70629,212,377,28785,
379.4308668637382,70629,212,376,28786,
379.4335246507861,70629,211,377,28786,
379.43372530708075,70629,211,376,28787,
379.4354175395573,70629,210,377,28787,
379.44135071879725,70629,210,376,28788,
379.4470223126291,70629,209,377,28788,
379.46689349656725,70629,208,378,28788,
379.47029300504124,70628,209,378,28788,
379.4705888867483,70628,208,379,28788,
379.4768606265341,70627,209,379,28788,
379.48231020633136,70627,209,378,28789,
379.49346618885073,70626,210,378,28789,
379.5034552099115,70626,209,379,28789,
379.5042660389709,70625,210,379,28789,
379.5057742378794,70625,209,380,28789,
379.50880300475467,70625,209,379,28790,
379.5091407506272,70625,208,380,28790,
379.5130207525924,70625,208,379,28791,
379.51674816169026,70625,207,380,28791,
379.5178836154136,70624,208,380,28791,
379.5367960106132,70623,209,380,28791,
379.5475231581465,70623,208,381,28791,
379.5486154127691,70622,209,381,28791,
379.55298962680206,70622,208,382,28791,
379.57468303916403,70622,208,381,28792,
379.577961973625,70622,207,382,28792,
379.58206008856837,70622,206,383,28792,
379.58325691674946,70622,206,382,28793,
379.5898452484201,70622,205,383,28793,
379.59343560331433,70621,206,383,28793,
379.6218462172345,70620,207,383,28793,
379.63211882787647,70620,207,382,28794,
379.6500125217886,70620,207,381,28795,
379.6501964728609,70620,206,382,28795,
379.6538282926232,70620,205,383,28795,
379.65452509226225,70620,205,382,28796,
379.65702162679383,70620,204,383,28796,
379.6654444686432,70620,204,382,28797,
379.670237888033,70620,204,381,28798,
379.6813768318087,70619,205,381,28798,
379.7110751847687,70618,206,381,28798,
379.721017028659,70617,207,381,28798,
379.7286968131706,70617,207,380,28799,
379.72898973626303,70616,208,380,28799,
379.7514559857569,70615,209,380,28799,
379.7572601528397,70615,209,379,28800,
379.759123872182,70615,209,378,28801,
379.7720951764765,70615,209,377,28802,
379.78815730650905,70615,208,378,28802,
379.7944578718747,70615,208,377,28803,
379.8218827969657,70614,209,377,28803,
379.82342205508183,70613,210,377,28803,
379.8445775353832,70612,211,377,28803,
379.84898254790954,70612,211,376,28804,
379.85539778070887,70612,211,375,28805,
379.86407055279955,70612,211,374,28806,
379.86763451343194,70612,211,373,28807,
379.87762651839813,70611,212,373,28807,
379.8792475772851,70610,213,373,28807,
379.8828462827104,70609,214,373,28807,
379.88662423992173,70608,215,373,28807,
379.89214265220255,70608,215,372,28808,
379.89823127258626,70608,215,371,28809,
379.8985923825827,70607,216,371,28809,
379.9124225399025,70607,215,372,28809,
379.9149068477288,70606,216,372,28809,
379.93091822527566,70606,216,371,28810,
379.9365431621625,70605,217,371,28810,
379.94417510172707,70605,217,370,28811,
379.9517332635774,70604,218,370,28811,
379.9555949991007,70603,219,370,28811,
379.959188042032,70602,220,370,28811,
379.9653435936042,70601,221,370,28811,
379.96763533681974,70600,222,370,28811,
379.98519559828685,70600,221,371,28811,
379.98940801804855,70599,222,371,28811,
380.0074822535916,70599,221,372,28811,
380.0291432035225,70598,222,372,28811,
380.03724131651336,70598,222,371,28812,
380.0631673295517,70598,221,372,28812,
380.0730968280273,70598,220,373,28812,
380.1023529395922,70598,220,372,28813,
380.1184709440919,70598,220,371,28814,
380.1241357841136,70598,219,372,28814,
380.1358816677984,70598,218,373,28814,
380.1555040108223,70598,217,374,28814,
380.15700402517444,70598,216,375,28814,
380.15960727374534,70597,217,375,28814,
380.1614080104043,70596,218,375,28814,
380.17627967028875,70596,218,374,28815,
380.17815065280706,70595,219,374,28815,
380.18788001437775,70595,218,375,28815,
380.1895189629095,70595,218,374,28816,
380.1916789291056,70594,219,374,28816,
380.1977311121022,70594,218,375,28816,
380.20718011011877,70594,218,374,28817,
380.2086097950302,70593,219,374,28817,
380.2086579497417,70592,220,374,28817,
380.2157313870031,70592,219,375,28817,
380.21826800771106,70592,219,374,28818,
380.22276149138224,70592,218,375,28818,
380.2419976425513,70592,218,374,28819,
380.2684651684571,70592,217,375,28819,
380.27652733627394,70592,217,374,28820,
380.2810745396838,70592,216,375,28820,
380.29807294455804,70592,215,376,28820,
380.31938457233355,70592,214,377,28820,
380.33760124667924,70592,214,376,28821,
380.37974665286487,70592,214,375,28822,
380.381274060143,70591,215,375,28822,
380.38128696510404,70591,215,374,28823,
380.3816472087468,70591,214,375,28823,
380.3817328609468,70590,215,375,28823,
380.38360099376376,70590,215,374,28824,
380.3931910686888,70590,215,373,28825,
380.39963216854346,70589,216,373,28825,
380.39983858727726,70589,216,372,28826,
380.4076905079328,70589,216,371,28827,
380.4149568513545,70589,216,370,28828,
380.4221453855847,70588,217,370,28828,
380.43314485943904,70588,217,369,28829,
380.4414409977344,70588,217,368,28830,
380.444172708121,70588,216,369,28830,
380.45043636641003,70588,215,370,28830,
380.47033038676193,70588,215,369,28831,
380.4756200946145,70588,214,370,28831,
380.475777862128,70588,213,371,28831,
380.4856180192437,70588,213,370,28832,
380.4887779552649,70588,213,369,28833,
380.49409568757375,70588,213,368,28834,
380.5042434625697,70588,213,367,28835,
380.5357616052953,70588,212,368,28835,
380.5358481868834,70588,212,367,28836,
380.53998902383864,70587,213,367,28836,
380.5482774116284,70586,214,367,28836,
380.5560608794038,70586,214,366,28837,
380.5624001274822,70585,215,366,28837,
380.56623970963705,70585,215,365,28838,
380.5755402619057,70584,216,365,28838,
380.58014399496847,70583,217,365,28838,
380.5810471239056,70583,216,366,28838,
380.59563592982977,70583,215,367,28838,
380.5973726934923,70582,216,367,28838,
380.61039878273533,70582,215,368,28838,
380.61826870396555,70582,215,367,28839,
380.62296156105316,70581,216,367,28839,
380.6260882048207,70581,215,368,28839,
380.63376792099484,70581,215,367,28840,
380.6479969286475,70581,214,368,28840,
380.65117121925243,70581,214,367,28841,
380.65660467276376,70581,214,366,28842,
380.6591475332552,70580,215,366,28842,
380.664762899819,70579,216,366,28842,
380.66932434082315,70578,217,366,28842,
380.677497790458,70578,217,365,28843,
380.68057268360667,70577,218,365,28843,
380.6945253800898,70577,217,366,28843,
380.716718094943,70577,216,367,28843,
380.73205647588605,70577,216,366,28844,
380.735201300195,70576,217,366,28844,
380.73557400684433,70576,217,365,28845,
380.74172244557974,70576,216,366,28845,
380.7502702095971,70576,215,367,28845,
380.75370739104176,70575,216,367,28845,
380.756383457573,70575,216,366,28846,
380.7580655409545,70574,217,366,28846,
380.773053465954,70573,218,366,28846,
380.78376857964815,70572,219,366,28846,
380.79642491003915,70571,220,366,28846,
380.81989047895127,70571,219,367,28846,
380.8305320287912,70571,218,368,28846,
380.83691941897007,70571,217,369,28846,
380.8394387376744,70571,217,368,28847,
380.85009659584034,70570,218,368,28847,
380.8634596331514,70569,219,368,28847,
380.8827773072157,70568,220,368,28847,
380.885861236112,70568,219,369,28847,
380.89182285553693,70568,219,368,28848,
380.8969351169812,70568,219,367,28849,
380.8984317140691,70568,218,368,28849,
380.9033876623777,70567,219,368,28849,
380.91014876863665,70567,219,367,28850,
380.91188186419635,70567,218,368,28850,
380.9161684929779,70567,218,367,28851,
380.9195798274723,70567,217,368,28851,
380.92542166047474,70566,218,368,28851,
380.9442304366808,70566,218,367,28852,
380.9567779873201,70566,218,366,28853,
380.96376335753564,70566,218,365,28854,
380.9885680286329,70566,217,366,28854,
380.9897784849654,70565,218,366,28854,
381.00251075849303,70564,219,366,28854,
381.012078316311,70563,220,366,28854,
381.01317353457614,70562,221,366,28854,
381.0143198211446,70561,222,366,28854,
381.0318162648542,70560,223,366,28854,
381.0668716485373,70559,224,366,28854,
381.0984702710421,70559,224,365,28855,
381.0987771503591,70559,223,366,28855,
381.10442215382034,70559,222,367,28855,
381.1243089693892,70558,223,367,28855,
381.13622749185924,70558,223,366,28856,
381.1374121185921,70558,222,367,28856,
381.1492620153045,70558,221,368,28856,
381.15802105848064,70558,220,369,28856,
381.1584215037505,70558,220,368,28857,
381.16014422460535,70558,219,369,28857,
381.18408931893157,70558,219,368,28858,
381.18455474078905,70557,220,368,28858,
381.18896953557305,70557,219,369,28858,
381.1969313332805,70557,219,368,28859,
381.2003554090076,70557,219,367,28860,
381.21741733464506,70557,218,368,28860,
381.2262844085786,70556,219,368,28860,
381.2316088086291,70556,219,367,28861,
381.23932998914665,70556,218,368,28861,
381.2612028204831,70556,218,367,28862,
381.28298612380854,70556,218,366,28863,
381.2831111575442,70555,219,366,28863,
381.28427996988836,70554,220,366,28863,
381.2856232439589,70553,221,366,28863,
381.30768182737063,70552,222,366,28863,
381.3248969692792,70552,222,365,28864,
381.32693169597775,70552,221,366,28864,
381.33354482048554,70552,221,365,28865,
381.3383559134298,70552,221,364,28866,
381.3657279748981,70552,221,363,28867,
381.3683673672891,70552,220,364,28867,
381.3724153094715,70551,221,364,28867,
381.3751810146365,70551,220,365,28867,
381.382661881907,70550,221,365,28867,
381.4182120607265,70550,220,366,28867,
381.435862336645,70550,220,365,28868,
381.43710118356324,70550,220,364,28869,
381.43729226230454,70549,221,364,28869,
381.44372628837266,70549,220,365,28869,
381.44863486120056,70548,221,365,28869,
381.45182544222143,70548,221,364,28870,
381.4615919213998,70548,220,365,28870,
381.46868953203585,70548,219,366,28870,
381.4754033425642,70548,218,367,28870,
381.4766460123853,70548,217,368,28870,
381.4823773403813,70548,217,367,28871,
381.4956659641545,70548,216,368,28871,
381.5031693880037,70548,215,369,28871,
381.53093402470824,70548,214,370,28871,
381.5447251439944,70548,214,369,28872,
381.5471382284153,70548,213,370,28872,
381.56561437970385,70548,212,371,28872,
381.5656192812139,70547,213,371,28872,
381.574335242836,70547,213,370,28873,
381.57817827319946,70547,212,371,28873,
381.58223386927864,70547,212,370,28874,
381.5822571046293,70547,212,369,28875,
381.58691402225315,70547,212,368,28876,
381.5918480017551,70547,212,367,28877,
381.59707141283803,70546,213,367,28877,
381.60526767051556,70546,213,366,28878,
381.6089345264533,70546,213,365,28879,
381.6104939870691,70546,212,366,28879,
381.61452716113826,70545,213,366,28879,
381.61489856528294,70544,214,366,28879,
381.6239494149117,70544,213,367,28879,
381.6274160779862,70543,214,367,28879,
381.63196783504526,70542,215,367,28879,
381.6379586496386,70542,215,366,28880,
381.64014336168685,70542,214,367,28880,
381.6420232076373,70542,214,366,28881,
381.6523377618245,70542,213,367,28881,
381.6604087215193,70542,213,366,28882,
381.66373289668877,70542,212,367,28882,
381.6703137353133,70542,211,368,28882,
381.6715598246405,70541,212,368,28882,
381.681106992375,70541,211,369,28882,
381.6844514473128,70540,212,369,28882,
381.69124346919966,70540,211,370,28882,
381.70949090179647,70540,211,369,28883,
381.7230951485555,70539,212,369,28883,
381.72904684212926,70539,212,368,28884,
381.7320840297841,70539,212,367,28885,
381.7361043164527,70539,212,366,28886,
381.74979834868327,70539,212,365,28887,
381.75614682899726,70539,212,364,28888,
381.7580752998842,70539,212,363,28889,
381.76499300991094,70539,211,364,28889,
381.76803756534053,70539,211,363,28890,
381.77131606922177,70539,210,364,28890,
381.7855873919916,70539,209,365,28890,
381.80936758190734,70538,210,365,28890,
381.82376106547383,70538,209,366,28890,
381.8303228236136,70538,209,365,28891,
381.8337852395436,70537,210,365,28891,
381.8538124563461,70537,210,364,28892,
381.86037652428706,70537,210,363,28893,
381.8626488386769,70537,209,364,28893,
381.8702967418817,70536,210,364,28893,
381.87360938488814,70536,210,363,28894,
381.88953512473194,70536,209,364,28894,
381.8903293442715,70536,209,363,28895,
381.89047652363604,70536,209,362,28896,
381.8975893618581,70535,210,362,28896,
381.9149316943239,70535,209,363,28896,
381.9305432952674,70535,209,362,28897,
381.93585405612527,70535,208,363,28897,
381.9372594667761,70535,208,362,28898,
381.95074423009873,70535,207,363,28898,
381.9638959916195,70535,207,362,28899,
381.970610207995,70534,208,362,28899,
381.98069966080806,70534,207,363,28899,
381.985426847904,70534,207,362,28900,
381.99006369038625,70534,206,363,28900,
381.9910140421898,70534,206,362,28901,
382.0262890424599,70534,205,363,28901,
382.0336057488098,70534,204,364,28901,
382.04754917613604,70534,203,365,28901,
382.05542211565484,70533,204,365,28901,
382.0555237902371,70533,204,364,28902,
382.0629961238823,70533,204,363,28903,
382.0639616638719,70533,204,362,28904,
382.067401600492,70532,205,362,28904,
382.07377455189675,70532,204,363,28904,
382.08271713539455,70532,204,362,28905,
382.0857302249904,70531,205,362,28905,
382.0870569654724,70531,204,363,28905,
382.0957076013981,70530,205,363,28905,
382.1065540831711,70529,206,363,28905,
382.11205255647894,70529,206,362,28906,
382.11444959584236,70528,207,362,28906,
382.1236622532642,70528,207,361,28907,
382.1413459903171,70527,208,361,28907,
382.1500928003749,70527,207,362,28907,
382.1520526913345,70527,207,361,28908,
382.161191622995,70527,206,362,28908,
382.16677345819363,70526,207,362,28908,
382.1804023344864,70525,208,362,28908,
382.1858998383474,70524,209,362,28908,
382.19943808859506,70524,208,363,28908,
382.2004826115103,70524,208,362,28909,
382.2013813742099,70523,209,362,28909,
382.2042021799646,70523,209,361,28910,
382.20578473616206,70522,210,361,28910,
382.20840394553704,70522,210,360,28911,
382.21146563254405,70521,211,360,28911,
382.2118121856512,70520,212,360,28911,
382.24862527795733,70520,211,361,28911,
382.25401989743057,70519,212,361,28911,
382.2576125594702,70518,213,361,28911,
382.2586307257679,70518,213,360,28912,
382.2778165383424,70518,212,361,28912,
382.2941859672643,70518,212,360,28913,
382.2952678623449,70518,211,361,28913,
382.310516276587,70518,211,360,28914,
382.3208777868563,70518,210,361,28914,
382.32296749799326,70518,209,362,28914,
382.323346389665,70518,209,361,28915,
382.3244256911195,70518,208,362,28915,
382.3537770072899,70517,209,362,28915,
382.35813847052617,70517,209,361,28916,
382.3601219546242,70517,208,362,28916,
382.3655889757366,70517,207,363,28916,
382.3710493521514,70517,207,362,28917,
382.3714241632938,70516,208,362,28917,
382.381803663879,70516,207,363,28917,
382.3844199696897,70515,208,363,28917,
382.3852382107103,70515,207,364,28917,
382.386781593242,70514,208,364,28917,
382.3888134300472,70514,208,363,28918,
382.40226862963317,70514,208,362,28919,
382.4023740386977,70513,209,362,28919,
382.4063771665973,70513,208,363,28919,
382.41804926362937,70513,208,362,28920,
382.4181102708657,70513,208,361,28921,
382.42985475319955,70512,209,361,28921,
382.4439879634027,70512,208,362,28921,
382.4478743649359,70512,207,363,28921,
382.45486654707196,70512,206,364,28921,
382.46268812003103,70512,206,363,28922,
382.4644301600535,70511,207,363,28922,
382.4678534874711,70511,207,362,28923,
382.4686364596332,70510,208,362,28923,
382.47414825379764,70510,208,361,28924,
382.48578999265544,70510,207,362,28924,
382.486377286242,70510,207,361,28925,
382.4939550405772,70510,207,360,28926,
382.49790583375284,70510,207,359,28927,
382.4985648293912,70509,208,359,28927,
382.50253144564005,70508,209,359,28927,
382.51534077674614,70507,210,359,28927,
382.522977624619,70507,210,358,28928,
382.53514614641097,70507,209,359,28928,
382.5386095037265,70507,209,358,28929,
382.54033180323665,70506,210,358,28929,
382.54914727677567,70506,209,359,28929,
382.56022417448673,70505,210,359,28929,
382.5612127987816,70505,210,358,28930,
382.5627118745318,70505,209,359,28930,
382.58597417481155,70505,209,358,28931,
382.58823296136205,70504,210,358,28931,
382.58979741030385,70504,210,357,28932,
382.5933795883727,70504,210,356,28933,
382.59943886708555,70503,211,356,28933,
382.60101025649794,70503,210,357,28933,
382.6011438070051,70502,211,357,28933,
382.6101561064035,70501,212,357,28933,
382.6106123295014,70501,212,356,28934,
382.61138537347995,70501,212,355,28935,
382.6258316347733,70501,211,356,28935,
382.62811175547836,70501,211,355,28936,
382.6312690193155,70500,212,355,28936,
382.632165995298,70499,213,355,28936,
382.63932388672686,70499,212,356,28936,
382.6412706313728,70499,212,355,28937,
382.6442196645529,70499,212,354,28938,
382.6496345945727,70499,211,355,28938,
382.6579821812863,70499,211,354,28939,
382.6681951927741,70499,211,353,28940,
382.67436413756377,70498,212,353,28940,
382.6757554185365,70498,211,354,28940,
382.6878559156029,70498,210,355,28940,
382.7150659675737,70497,211,355,28940,
382.72451974756285,70497,210,356,28940,
382.72518446856935,70496,211,356,28940,
382.72903950379293,70496,211,355,28941,
382.7404438992464,70496,210,356,28941,
382.7470058436901,70496,210,355,28942,
382.7685812243297,70496,209,356,28942,
382.76908447055575,70496,209,355,28943,
382.7695977840339,70496,209,354,28944,
382.7723695816782,70496,208,355,28944,
382.77670943024407,70496,208,354,28945,
382.79745306914606,70495,209,354,28945,
382.80366023098367,70495,208,355,28945,
382.83223219388407,70495,208,354,28946,
382.83326510262555,70495,208,353,28947,
382.84448199860344,70494,209,353,28947,
382.8482149931777,70493,210,353,28947,
382.8619628222403,70493,210,352,28948,
382.86566854324786,70493,209,353,28948,
382.87058178304636,70492,210,353,28948,
382.8737935685938,70492,209,354,28948,
382.8921139692191,70492,208,355,28948,
382.90719368613964,70492,208,354,28949,
382.91360077200255,70492,208,353,28950,
382.9196162101327,70492,208,352,28951,
382.92149796357836,70492,207,353,28951,
382.9339913694448,70492,207,352,28952,
382.93866693850794,70491,208,352,28952,
382.9412651656262,70491,208,351,28953,
382.94644819612574,70491,207,352,28953,
382.94975666109815,70490,208,352,28953,
382.95172378460825,70489,209,352,28953,
382.9564989064982,70489,208,353,28953,
382.96449110784783,70489,208,352,28954,
382.9757110992099,70489,207,353,28954,
382.98404445557816,70489,206,354,28954,
382.984185516209,70489,206,353,28955,
382.99235638793954,70488,207,353,28955,
382.99525610084766,70488,207,352,28956,
383.00081039505847,70487,208,352,28956,
383.00612552978805,70486,209,352,28956,
383.00629446133297,70486,209,351,28957,
383.04940163096404,70485,210,351,28957,
383.05260606474445,70485,209,352,28957,
383.06352385578055,70484,210,352,28957,
383.0678826599366,70484,209,353,28957,
383.07329947377644,70484,209,352,28958,
383.0758591003291,70484,208,353,28958,
383.0764863455625,70484,208,352,28959,
383.08087735235364,70484,208,351,28960,
383.09430704107774,70483,209,351,28960,
383.09615062202045,70483,209,350,28961,
383.0998388786782,70482,210,350,28961,
383.1004210135802,70482,210,349,28962,
383.10194587024455,70481,211,349,28962,
383.10494941931734,70481,210,350,28962,
383.1195774151928,70481,210,349,28963,
383.12104794909357,70481,210,348,28964,
383.12282548733384,70481,210,347,28965,
383.14342969436893,70480,211,347,28965,
383.146414378577,70480,211,346,28966,
383.15321300413274,70479,212,346,28966,
383.1585805433119,70479,212,345,28967,
383.15985117783134,70479,212,344,28968,
383.1646914106253,70479,212,343,28969,
383.16923549852385,70479,211,344,28969,
383.1752544823944,70479,210,345,28969,
383.1767853470582,70479,209,346,28969,
383.1800531537014,70479,208,347,28969,
383.2023224498907,70479,207,348,28969,
383.2036177111569,70478,208,348,28969,
383.2144480147887,70478,208,347,28970,
383.21505134854164,70477,209,347,28970,
383.23340933719726,70477,209,346,28971,
383.23576712546793,70477,209,345,28972,
383.2362491711597,70477,209,344,28973,
383.2705223478975,70476,210,344,28973,
383.2858422253219,70476,210,343,28974,
383.29072129067833,70476,210,342,28975,
383.2987266310363,70476,209,343,28975,
383.3037647853049,70475,210,343,28975,
383.3106308192428,70475,209,344,28975,
383.3127633569587,70474,210,344,28975,
383.3171503840443,70474,209,345,28975,
383.32514490897853,70474,208,346,28975,
383.3333344259575,70473,209,346,28975,
383.3434631763271,70473,208,347,28975,
383.3456964007693,70473,208,346,28976,
383.3556930524729,70473,208,345,28977,
383.3747631751974,70473,208,344,28978,
383.3859956731805,70473,207,345,28978,
383.3869033467248,70472,208,345,28978,
383.3903902979559,70472,207,346,28978,
383.3909295544897,70472,206,347,28978,
383.39335579488267,70472,206,346,28979,
383.4124971587295,70471,207,346,28979,
383.4220788507326,70470,208,346,28979,
383.4225129738433,70470,208,345,28980,
383.4430438330458,70470,207,346,28980,
383.4513797183946,70469,208,346,28980,
383.46965686023617,70469,208,345,28981,
383.47034023842474,70469,208,344,28982,
383.47060956290795,70469,207,345,28982,
383.4776768446414,70468,208,345,28982,
383.4814867313217,70468,208,344,28983,
383.49241626818093,70467,209,344,28983,
383.5086339097806,70467,208,345,28983,
383.51252651461465,70467,207,346,28983,
383.53533354177307,70467,206,347,28983,
383.5397027900116,70467,206,346,28984,
383.544395892667,70467,206,345,28985,
383.54645360440423,70467,205,346,28985,
383.5468209392667,70467,205,345,28986,
383.5748345643271,70467,205,344,28987,
383.5825223315128,70467,204,345,28987,
383.58270392792525,70467,204,344,28988,
383.60384672335573,70467,204,343,28989,
383.61354671557467,70467,204,342,28990,
383.6235610881023,70466,205,342,28990,
383.65219159338704,70466,205,341,28991,
383.6744911999471,70465,206,341,28991,
383.6810010432437,70464,207,341,28991,
383.69783259000525,70464,206,342,28991,
383.71128092784875,70464,206,341,28992,
383.71178463085107,70464,206,340,28993,
383.7269495662117,70464,205,341,28993,
383.7374638886775,70463,206,341,28993,
383.75455799994126,70463,206,340,28994,
383.7862934279154,70463,205,341,28994,
383.7871389093345,70462,206,341,28994,
383.7901215753287,70462,206,340,28995,
383.8468298431563,70462,206,339,28996,
383.85215486609087,70462,206,338,28997,
383.86814525372324,70461,207,338,28997,
383.88727479174224,70461,206,339,28997,
383.9016827361752,70460,207,339,28997,
383.9071983343696,70460,206,340,28997,
383.91044790702614,70459,207,340,28997,
383.91630140431073,70458,208,340,28997,
383.9227946325836,70457,209,340,28997,
383.93626707586344,70457,208,341,28997,
383.9480358709587,70457,208,340,28998,
383.949905764911,70457,208,339,28999,
383.96001698701843,70457,208,338,29000,
383.9621717555401,70457,208,337,29001,
383.96927986184687,70456,209,337,29001,
383.97149819926665,70456,209,336,29002,
383.9773326896353,70456,208,337,29002,
383.9785958048216,70456,207,338,29002,
383.9857564841469,70455,208,338,29002,
384.0018626934657,70455,208,337,29003,
384.00195796339864,70455,207,338,29003,
384.00439754415913,70455,207,337,29004,
384.01884630761657,70455,206,338,29004,
384.0217016026199,70455,205,339,29004,
384.0222703461234,70455,205,338,29005,
384.04802592815594,70455,204,339,29005,
384.06120595054756,70455,203,340,29005,
384.0687782905688,70455,203,339,29006,
384.07297938497777,70455,203,338,29007,
384.0941843495332,70455,202,339,29007,
384.1031502404647,70455,201,340,29007,
384.116258421704,70454,202,340,29007,
384.11841008296636,70453,203,340,29007,
384.1188268284893,70453,202,341,29007,
384.1448106667298,70453,202,340,29008,
384.1622567789682,70453,202,339,29009,
384.16501450598173,70452,203,339,29009,
384.169597216973,70452,203,338,29010,
384.1700138652188,70451,204,338,29010,
384.17007317152485,70451,204,337,29011,
384.176673419782,70451,203,338,29011,
384.179757213821,70451,203,337,29012,
384.1817783545508,70450,204,337,29012,
384.18452192912355,70450,204,336,29013,
384.2102840051389,70450,203,337,29013,
384.2151265775665,70450,203,336,29014,
384.2154848845484,70449,204,336,29014,
384.2231217077719,70449,204,335,29015,
384.2310808646598,70449,203,336,29015,
384.23462601978343,70449,202,337,29015,
384.2378892271473,70449,201,338,29015,
384.27192359797164,70449,200,339,29015,
384.28325936445026,70448,201,339,29015,
384.339909230901,70448,200,340,29015,
384.3529800311434,70448,200,339,29016,
384.37794798982674,70448,200,338,29017,
384.3797202953513,70448,199,339,29017,
384.38572189897695,70448,198,340,29017,
384.40042101839816,70448,198,339,29018,
384.4316874143816,70448,197,340,29018,
384.44945267536525,70448,197,339,29019,
384.46104270575836,70448,196,340,29019,
384.46108846499084,70447,197,340,29019,
384.4842523548451,70447,197,339,29020,
384.48456946144137,70447,197,338,29021,
384.48617858457186,70446,198,338,29021,
384.4973810390053,70446,197,339,29021,
384.5139075173712,70445,198,339,29021,
384.5200715710724,70445,198,338,29022,
384.5217179848197,70445,198,337,29023,
384.5399561342678,70444,199,337,29023,
384.5407507926374,70444,199,336,29024,
384.54252113175573,70444,198,337,29024,
384.5429633561573,70444,197,338,29024,
384.5448138739345,70443,198,338,29024,
384.560340367265,70442,199,338,29024,
384.56718606055324,70442,199,337,29025,
384.57437957338834,70442,199,336,29026,
384.5806729102978,70441,200,336,29026,
384.5808968366565,70440,201,336,29026,
384.586455795356,70440,200,337,29026,
384.5881693839552,70440,199,338,29026,
384.588243271218,70439,200,338,29026,
384.5910348339698,70439,199,339,29026,
384.59753769162415,70439,199,338,29027,
384.61271902199394,70439,198,339,29027,
384.62813102933643,70439,197,340,29027,
384.629391162035,70439,196,341,29027,
384.63817118279366,70439,195,342,29027,
384.64173451435744,70439,194,343,29027,
384.64509669575676,70438,195,343,29027,
384.64603269421457,70438,195,342,29028,
384.6515611175601,70438,195,341,29029,
384.6608295726627,70438,195,340,29030,
384.679582577318,70437,196,340,29030,
384.6844156946685,70437,195,341,29030,
384.72094742594123,70437,194,342,29030,
384.72176654352285,70437,193,343,29030,
384.7223847281336,70437,192,344,29030,
384.7224553826123,70437,192,343,29031,
384.72969769422684,70437,192,342,29032,
384.74224715945763,70437,191,343,29032,
384.7459984739161,70437,190,344,29032,
384.75004330578076,70436,191,344,29032,
384.7798399935817,70436,191,343,29033,
384.7873714418659,70435,192,343,29033,
384.7959709597183,70435,191,344,29033,
384.8053221250351,70435,191,343,29034,
384.8092355779627,70434,192,343,29034,
384.8124877959688,70434,192,342,29035,
384.8370016362466,70434,191,343,29035,
384.8400381264719,70434,191,342,29036,
384.8520474145655,70434,191,341,29037,
384.8553852475617,70433,192,341,29037,
384.8722486973646,70433,192,340,29038,
384.87274423590543,70432,193,340,29038,
384.8746568198978,70432,192,341,29038,
384.90089440801233,70431,193,341,29038,
384.90664798186924,70431,192,342,29038,
384.91119171853165,70430,193,342,29038,
384.9217814165888,70430,193,341,29039,
384.9504106976903,70430,193,340,29040,
384.96387145383784,70429,194,340,29040,
384.9731513296142,70429,193,341,29040,
384.98045189371175,70429,193,340,29041,
384.9814138991758,70429,192,341,29041,
384.98813272079514,70429,192,340,29042,
384.99916619514545,70429,191,341,29042,
385.0034077297791,70428,192,341,29042,
385.00708525852895,70427,193,341,29042,
385.0365822994685,70427,192,342,29042,
385.04405562016814,70426,193,342,29042,
385.04468497616193,70425,194,342,29042,
385.04557810946517,70425,193,343,29042,
385.04584204728235,70425,192,344,29042,
385.0484539597379,70425,191,345,29042,
385.0524233066899,70425,190,346,29042,
385.06171969801335,70425,189,347,29042,
385.0696128344643,70425,189,346,29043,
385.0866769046262,70425,188,347,29043,
385.0946800437991,70424,189,347,29043,
385.09608626854344,70424,189,346,29044,
385.1017517426243,70424,188,347,29044,
385.102279300866,70424,188,346,29045,
385.1086175675314,70424,188,345,29046,
385.11813313591404,70424,188,344,29047,
385.12630096294373,70424,188,343,29048,
385.14812215315175,70424,188,342,29049,
385.166524745237,70424,188,341,29050,
385.16695815042306,70424,188,340,29051,
385.16749670056026,70424,188,339,29052,
385.18460844659353,70424,187,340,29052,
385.2104122902593,70424,187,339,29053,
385.21042770396787,70424,187,338,29054,
385.2117856279677,70423,188,338,29054,
385.2350115112264,70422,189,338,29054,
385.2381667436594,70422,188,339,29054,
385.2430330703332,70422,188,338,29055,
385.2483802060362,70422,188,337,29056,
385.25629066280624,70421,189,337,29056,
385.2693707933083,70421,188,338,29056,
385.2884033923479,70421,187,339,29056,
385.30880664379106,70421,187,338,29057,
385.31703773591147,70421,186,339,29057,
385.32877978918015,70421,185,340,29057,
385.3358706334844,70421,184,341,29057,
385.33625412807083,70421,183,342,29057,
385.3363855068407,70421,182,343,29057,
385.359445268082,70421,182,342,29058,
385.36123180452284,70421,182,341,29059,
385.3647755958711,70421,182,340,29060,
385.3754341327199,70421,182,339,29061,
385.3772283446255,70421,182,338,29062,
385.37854031866635,70420,183,338,29062,
385.3824145576875,70420,182,339,29062,
385.3980152701112,70419,183,339,29062,
385.39903454389315,70418,184,339,29062,
385.39993972596017,70417,185,339,29062,
385.4222984630166,70416,186,339,29062,
385.4237158804507,70416,186,338,29063,
385.43133566574204,70416,186,337,29064,
385.436780068069,70416,185,338,29064,
385.4512391793652,70415,186,338,29064,
385.46147171304756,70414,187,338,29064,
385.4696563545676,70414,187,337,29065,
385.47764299730864,70414,187,336,29066,
385.4842811589221,70414,186,337,29066,
385.4853782945654,70413,187,337,29066,
385.4978412896089,70413,186,338,29066,
385.4995534106024,70412,187,338,29066,
385.5028132827701,70412,186,339,29066,
385.50411459219964,70412,185,340,29066,
385.5077231330284,70412,184,341,29066,
385.5083050062071,70411,185,341,29066,
385.51672899264554,70410,186,341,29066,
385.5229754578066,70410,185,342,29066,
385.5338632421639,70410,185,341,29067,
385.5383335436334,70410,184,342,29067,
385.5592412131149,70410,184,341,29068,
385.56298310651465,70410,183,342,29068,
385.57707473040205,70410,182,343,29068,
385.58496041154945,70410,182,342,29069,
385.6036842923765,70409,183,342,29069,
385.6039167047761,70409,182,343,29069,
385.60497568020554,70409,181,344,29069,
385.6134552112721,70409,180,345,29069,
385.6227029065491,70408,181,345,29069,
385.63681039171587,70408,180,346,29069,
385.6378724484111,70408,179,347,29069,
385.64913539777604,70408,179,346,29070,
385.6638059430641,70407,180,346,29070,
385.6662770927298,70406,181,346,29070,
385.6994426352147,70406,180,347,29070,
385.6997990623131,70406,179,348,29070,
385.7026939440923,70406,179,347,29071,
385.71182458383913,70406,178,348,29071,
385.7336214263409,70405,179,348,29071,
385.7367768973369,70405,179,347,29072,
385.74096437576077,70404,180,347,29072,
385.7484461380284,70404,180,346,29073,
385.75747001570045,70404,180,345,29074,
385.75857547492234,70403,181,345,29074,
385.7602882034675,70402,182,345,29074,
385.7660233179285,70401,183,345,29074,
385.7806227503569,70401,182,346,29074,
385.7828345403536,70400,183,346,29074,
385.7847904638567,70400,183,345,29075,
385.78760770898214,70399,184,345,29075,
385.7909940309404,70399,183,346,29075,
385.80935640740324,70399,182,347,29075,
385.8216753316829,70399,181,348,29075,
385.82652376843447,70399,180,349,29075,
385.84989113079257,70399,179,350,29075,
385.8538025974836,70398,180,350,29075,
385.8630294586562,70398,179,351,29075,
385.87559418590433,70397,180,351,29075,
385.9052742913822,70397,180,350,29076,
385.9406426098558,70396,181,350,29076,
385.94180161744254,70396,181,349,29077,
385.9455180025682,70396,180,350,29077,
385.95716705335354,70395,181,350,29077,
385.9653664838084,70394,182,350,29077,
385.97156193147345,70393,183,350,29077,
385.9758764274735,70393,182,351,29077,
385.9843129622389,70393,181,352,29077,
385.98517830270333,70393,181,351,29078,
385.9921732414432,70393,181,350,29079,
386.00461898547707,70393,181,349,29080,
386.0062786042931,70392,182,349,29080,
386.020135187755,70391,183,349,29080,
386.0393355988969,70391,182,350,29080,
386.04026497227665,70391,181,351,29080,
386.0465810278586,70391,181,350,29081,
386.0492799419692,70391,181,349,29082,
386.07020451811235,70391,181,348,29083,
386.0773897550381,70391,181,347,29084,
386.0796976849598,70390,182,347,29084,
386.09808289836593,70389,183,347,29084,
386.1042184069512,70389,183,346,29085,
386.1078663585605,70388,184,346,29085,
386.1116097495578,70388,183,347,29085,
386.11753756451,70387,184,347,29085,
386.11903967072396,70387,183,348,29085,
386.1225669531218,70386,184,348,29085,
386.13017689367496,70386,183,349,29085,
386.14025462923354,70386,183,348,29086,
386.141800596869,70385,184,348,29086,
386.15015714601,70385,184,347,29087,
386.15983364577085,70385,184,346,29088,
386.17078219711385,70384,185,346,29088,
386.17139478930255,70384,184,347,29088,
386.1727390230936,70384,184,346,29089,
386.1755677516098,70384,184,345,29090,
386.1759651623261,70383,185,345,29090,
386.177989837168,70383,185,344,29091,
386.1809272829478,70383,185,343,29092,
386.1944771655519,70382,186,343,29092,
386.20535690406604,70381,187,343,29092,
386.20707439437786,70381,186,344,29092,
386.2144515931614,70381,186,343,29093,
386.2426086381325,70381,185,344,29093,
386.2431014630814,70381,185,343,29094,
386.2514857066741,70381,184,344,29094,
386.26585753820154,70380,185,344,29094,
386.26921326538894,70380,185,343,29095,
386.2792272593812,70380,185,342,29096,
386.28512324391676,70380,184,343,29096,
386.2972798877093,70380,184,342,29097,
386.30316029069905,70380,183,343,29097,
386.30350948753625,70379,184,343,29097,
386.3263694495198,70379,184,342,29098,
386.3314799101271,70379,184,341,29099,
386.3333270313656,70379,183,342,29099,
386.33835805584897,70379,183,341,29100,
386.3494246267084,70379,182,342,29100,
386.3532922959705,70379,182,341,29101,
386.3621581049396,70379,181,342,29101,
386.38012647996976,70378,182,342,29101,
386.39857134281135,70378,181,343,29101,
386.4007699419226,70378,180,344,29101,
386.4121509334925,70378,179,345,29101,
386.42519767783483,70378,178,346,29101,
386.43223903109725,70378,178,345,29102,
386.4334657780179,70378,178,344,29103,
386.4365312544093,70377,179,344,29103,
386.447322878333,70376,180,344,29103,
386.4692238412628,70375,181,344,29103,
386.47091114586294,70374,182,344,29103,
386.4731174123329,70374,181,345,29103,
386.4756257854336,70374,180,346,29103,
386.4993482402669,70374,180,345,29104,
386.50075891813236,70374,180,344,29105,
386.5037619176672,70374,180,343,29106,
386.51569791412254,70374,179,344,29106,
386.52170787407096,70374,179,343,29107,
386.52610414700763,70374,178,344,29107,
386.5750018363875,70374,177,345,29107,
386.5783940852627,70374,177,344,29108,
386.57914596931914,70374,176,345,29108,
386.5883065340247,70374,175,346,29108,
386.5895222187766,70373,176,346,29108,
386.59107800246204,70373,176,345,29109,
386.5921511706868,70373,175,346,29109,
386.6158350535193,70372,176,346,29109,
386.61898520968845,70371,177,346,29109,
386.63405607775053,70371,176,347,29109,
386.6358077443798,70370,177,347,29109,
386.66035100924483,70370,177,346,29110,
386.66084922938205,70369,178,346,29110,
386.6667576820205,70369,177,347,29110,
386.6942764248471,70368,178,347,29110,
386.6987880688333,70367,179,347,29110,
386.71182369157196,70366,180,347,29110,
386.71607308583924,70366,179,348,29110,
386.7166591537582,70366,179,347,29111,
386.72339438983647,70366,179,346,29112,
386.7265070326182,70366,179,345,29113,
386.7819746759038,70366,179,344,29114,
386.80053890475074,70366,178,345,29114,
386.8274855099899,70366,177,346,29114,
386.84027464488116,70366,177,345,29115,
386.84590631870924,70365,178,345,29115,
386.84717464246876,70365,177,346,29115,
386.85185603992005,70365,177,345,29116,
386.8638057092402,70365,177,344,29117,
386.8772638043782,70365,177,343,29118,
386.88801424108567,70364,178,343,29118,
386.9187187787501,70363,179,343,29118,
386.9244716964875,70362,180,343,29118,
386.93406597765824,70362,180,342,29119,
386.93713174753634,70361,181,342,29119,
386.9421834668178,70361,180,343,29119,
386.9510697913529,70360,181,343,29119,
386.9583080326338,70359,182,343,29119,
386.96159865525686,70359,182,342,29120,
386.9679083634518,70358,183,342,29120,
386.99649994393013,70358,183,341,29121,
387.0004716306431,70357,184,341,29121,
387.0102041173892,70357,184,340,29122,
387.01185144669427,70356,185,340,29122,
387.02155758623206,70356,185,339,29123,
387.0222612441456,70355,186,339,29123,
387.02383348661544,70355,186,338,29124,
387.0332777719686,70355,186,337,29125,
387.0347320712881,70355,186,336,29126,
387.03583254175805,70354,187,336,29126,
387.04175483193967,70354,187,335,29127,
387.0450130009477,70354,187,334,29128,
387.0601456043631,70354,186,335,29128,
387.06551881468823,70353,187,335,29128,
387.0741419929762,70353,186,336,29128,
387.0931177007765,70352,187,336,29128,
387.0951471298096,70352,186,337,29128,
387.1203862633621,70352,186,336,29129,
387.1312141846841,70351,187,336,29129,
387.13309745083103,70351,186,337,29129,
387.13829783619155,70350,187,337,29129,
387.14996642423284,70350,187,336,29130,
387.19600037851234,70350,187,335,29131,
387.2032779667119,70350,187,334,29132,
387.2058669385489,70350,187,333,29133,
387.2500572586589,70350,187,332,29134,
387.26149215446907,70349,188,332,29134,
387.26783499568523,70348,189,332,29134,
387.2883260153818,70347,190,332,29134,
387.3054491105814,70347,190,331,29135,
387.3181274921971,70347,189,332,29135,
387.3309731791101,70347,189,331,29136,
387.3335627660652,70347,189,330,29137,
387.33682566070974,70346,190,330,29137,
387.35211522577816,70346,190,329,29138,
387.3573886041381,70345,191,329,29138,
387.36333785560447,70345,191,328,29139,
387.3924266453339,70345,190,329,29139,
387.40559778895204,70345,189,330,29139,
387.43883445868073,70345,188,331,29139,
387.45355172237356,70345,187,332,29139,
387.4568755072174,70344,188,332,29139,
387.474957575864,70344,187,333,29139,
387.48220863247093,70344,187,332,29140,
387.4835884689917,70344,186,333,29140,
387.4903669613156,70344,185,334,29140,
387.50948889807665,70344,184,335,29140,
387.5335460571712,70343,185,335,29140,
387.54107604780467,70342,186,335,29140,
387.5497477832528,70342,186,334,29141,
387.5648105244267,70342,186,333,29142,
387.5836285738826,70342,186,332,29143,
387.58568650403174,70342,185,333,29143,
387.58761895213195,70342,184,334,29143,
387.6250827812221,70342,184,333,29144,
387.62643517212257,70342,184,332,29145,
387.6299627727028,70342,183,333,29145,
387.631207913593,70341,184,333,29145,
387.63803367927443,70340,185,333,29145,
387.64713967648873,70339,186,333,29145,
387.65594699825556,70339,186,332,29146,
387.66676063016683,70339,186,331,29147,
387.67282761434194,70339,186,330,29148,
387.70184867592053,70339,185,331,29148,
387.7018808234698,70338,186,331,29148,
387.703650509372,70338,185,332,29148,
387.7045885749168,70337,186,332,29148,
387.7048945272269,70337,186,331,29149,
387.72040854552023,70336,187,331,29149,
387.7207291680926,70336,186,332,29149,
387.72836831711464,70336,185,333,29149,
387.7403699452246,70336,184,334,29149,
387.7438938878576,70336,184,333,29150,
387.7553809042162,70336,184,332,29151,
387.7663249563185,70336,184,331,29152,
387.77148229419583,70335,185,331,29152,
387.7729358868578,70335,185,330,29153,
387.77357732709254,70335,184,331,29153,
387.7740695510229,70335,184,330,29154,
387.78552420710315,70335,184,329,29155,
387.79402381353964,70335,184,328,29156,
387.8115861595729,70335,183,329,29156,
387.8222043365761,70335,183,328,29157,
387.82221094355236,70335,183,327,29158,
387.83115766526356,70335,183,326,29159,
387.84537855693605,70335,183,325,29160,
387.8554527012862,70335,182,326,29160,
387.856323473336,70335,182,325,29161,
387.862993280919,70335,182,324,29162,
387.8705901644091,70335,181,325,29162,
387.88151155329257,70335,180,326,29162,
387.88573391518753,70335,179,327,29162,
387.90122523975947,70334,180,327,29162,
387.90554886439656,70334,180,326,29163,
387.9178437871607,70334,179,327,29163,
387.93312311134594,70334,178,328,29163,
387.95576483670834,70334,178,327,29164,
387.9662843026947,70334,177,328,29164,
387.97273180545324,70334,176,329,29164,
387.97326890176885,70333,177,329,29164,
387.97629583394,70333,176,330,29164,
387.9844305380417,70333,175,331,29164,
387.9916357854086,70333,174,332,29164,
387.99830925977744,70333,173,333,29164,
388.0553818022655,70333,173,332,29165,
388.06552455868666,70333,173,331,29166,
388.08504324594855,70333,172,332,29166,
388.12012547976684,70333,171,333,29166,
388.13576392282056,70332,172,333,29166,
388.14125831338623,70332,172,332,29167,
388.1419391608206,70332,171,333,29167,
388.1484988129937,70331,172,333,29167,
388.1635474014596,70331,172,332,29168,
388.1759751400087,70331,172,331,29169,
388.19219258460515,70331,171,332,29169,
388.1944558873234,70330,172,332,29169,
388.2046419321879,70330,172,331,29170,
388.22623832808085,70330,172,330,29171,
388.2262862165847,70330,171,331,29171,
388.2369617176569,70330,171,330,29172,
388.254949220266,70329,172,330,29172,
388.25661999441115,70329,172,329,29173,
388.2601639002951,70328,173,329,29173,
388.2624550739643,70327,174,329,29173,
388.27884342769516,70326,175,329,29173,
388.28171817391404,70326,174,330,29173,
388.28718728783974,70325,175,330,29173,
388.29451477980746,70325,174,331,29173,
388.2982970079959,70325,173,332,29173,
388.30233764748874,70325,172,333,29173,
388.3214302379643,70324,173,333,29173,
388.3260342821727,70324,173,332,29174,
388.3553422181171,70323,174,332,29174,
388.35608591742255,70323,173,333,29174,
388.3568621983268,70322,174,333,29174,
388.35716266284675,70321,175,333,29174,
388.36828991761075,70320,176,333,29174,
388.3731247603711,70320,175,334,29174,
388.3936593293256,70320,175,333,29175,
388.4043617790914,70320,175,332,29176,
388.4227170323515,70320,174,333,29176,
388.42503486459646,70320,173,334,29176,
388.4274191443817,70320,173,333,29177,
388.4317834534558,70319,174,333,29177,
388.4377564391037,70319,173,334,29177,
388.43941192124413,70318,174,334,29177,
388.46961731546753,70318,174,333,29178,
388.4756412533322,70317,175,333,29178,
388.4766913965631,70316,176,333,29178,
388.4768104141831,70316,175,334,29178,
388.4831326293386,70316,174,335,29178,
388.50503352731187,70315,175,335,29178,
388.5611176413917,70314,176,335,29178,
388.568419722448,70314,176,334,29179,
388.58230946876506,70314,175,335,29179,
388.5883231518604,70314,175,334,29180,
388.61463744111506,70313,176,334,29180,
388.61825938565795,70313,176,333,29181,
388.6208090126836,70313,175,334,29181,
388.6274563275371,70313,175,333,29182,
388.6299584875841,70313,175,332,29183,
388.6312363856393,70313,175,331,29184,
388.63207775844023,70313,175,330,29185,
388.64129399576916,70312,176,330,29185,
388.64480462529065,70311,177,330,29185,
388.6497214824986,70310,178,330,29185,
388.6557342950538,70310,178,329,29186,
388.6578202486825,70309,179,329,29186,
388.6833134122203,70309,178,330,29186,
388.68710211175494,70309,177,331,29186,
388.72931939168814,70309,176,332,29186,
388.7317904203312,70309,175,333,29186,
388.75629243732794,70309,174,334,29186,
388.76418076244306,70309,174,333,29187,
388.78156840247254,70308,175,333,29187,
388.7920277557192,70307,176,333,29187,
388.8012196158431,70307,176,332,29188,
388.801835277584,70307,175,333,29188,
388.8327856684992,70307,175,332,29189,
388.84047773231293,70306,176,332,29189,
388.84424163292977,70306,175,333,29189,
388.8593103268629,70306,174,334,29189,
388.86456803082456,70306,174,333,29190,
388.88623287656907,70306,173,334,29190,
388.88924490042007,70306,173,333,29191,
388.9205608278921,70306,172,334,29191,
388.92735181510153,70305,173,334,29191,
388.94316971298497,70305,172,335,29191,
388.956008542227,70304,173,335,29191,
388.96873873990404,70304,172,336,29191,
388.9868819820393,70304,172,335,29192,
388.99083178698385,70304,171,336,29192,
388.99146919422316,70303,172,336,29192,
388.9934289695142,70302,173,336,29192,
389.00398640843747,70302,173,335,29193,
389.0179082679351,70302,172,336,29193,
389.02014399697697,70302,171,337,29193,
389.02486500523247,70301,172,337,29193,
389.0289999543673,70301,172,336,29194,
389.03600107087976,70301,171,337,29194,
389.0863035682,70301,171,336,29195,
389.094678937096,70301,171,335,29196,
389.10074070504345,70301,170,336,29196,
389.10661492982877,70300,171,336,29196,
389.11664206795194,70299,172,336,29196,
389.1235283225753,70299,172,335,29197,
389.14458290652124,70298,173,335,29197,
389.15261952478545,70298,173,334,29198,
389.1526242406115,70297,174,334,29198,
389.1592607335369,70297,173,335,29198,
389.1736826154087,70297,173,334,29199,
389.18021188103154,70297,172,335,29199,
389.1842648906311,70296,173,335,29199,
389.1852846152525,70296,172,336,29199,
389.1917659351616,70296,172,335,29200,
389.19929238507234,70295,173,335,29200,
389.20471980119913,70295,172,336,29200,
389.2269871598992,70295,171,337,29200,
389.22994185816407,70294,172,337,29200,
389.2421626546561,70293,173,337,29200,
389.24401172030855,70293,173,336,29201,
389.2489027242371,70293,173,335,29202,
389.25991749275397,70293,172,336,29202,
389.2843317723743,70292,173,336,29202,
389.30206929344905,70292,173,335,29203,
389.31358492861074,70292,173,334,29204,
389.3184331967219,70292,173,333,29205,
389.3219038098954,70292,173,332,29206,
389.3362321487162,70292,172,333,29206,
389.3535231540149,70292,171,334,29206,
389.3546159696815,70292,171,333,29207,
389.3713795185004,70291,172,333,29207,
389.3759161167802,70291,172,332,29208,
389.39009818224605,70291,172,331,29209,
389.41029758823,70291,172,330,29210,
389.4152830284477,70291,172,329,29211,
389.4164969295106,70291,171,330,29211,
389.4189625149987,70291,171,329,29212,
389.434730241791,70291,171,328,29213,
389.4569050009943,70291,171,327,29214,
389.47975036163984,70290,172,327,29214,
389.49176078409965,70290,172,326,29215,
389.499900064493,70289,173,326,29215,
389.5008046147228,70289,173,325,29216,
389.54204588631126,70289,173,324,29217,
389.54871278689546,70289,172,325,29217,
389.556525606779,70289,171,326,29217,
389.56324909845114,70289,171,325,29218,
389.57300875101856,70288,172,325,29218,
389.57426172635104,70288,172,324,29219,
389.5766560603549,70287,173,324,29219,
389.59338334402327,70287,173,323,29220,
389.5985243295353,70287,173,322,29221,
389.62986212927376,70287,172,323,29221,
389.63653235450715,70287,172,322,29222,
389.7018952229174,70287,171,323,29222,
389.7206668741424,70286,172,323,29222,
389.74093461338015,70286,172,322,29223,
389.75253941790646,70285,173,322,29223,
389.7615921125571,70284,174,322,29223,
389.76441177512373,70283,175,322,29223,
389.7801964308072,70283,174,323,29223,
389.7853805769931,70283,174,322,29224,
389.7913313347742,70282,175,322,29224,
389.79211872062126,70282,174,323,29224,
389.80384926035424,70281,175,323,29224,
389.8153968777361,70281,174,324,29224,
389.81790361677594,70281,173,325,29224,
389.8202618871095,70281,173,324,29225,
389.8218157881385,70281,172,325,29225,
389.8384271681031,70280,173,325,29225,
389.83853973042454,70280,172,326,29225,
389.8617978675139,70279,173,326,29225,
389.8638139415791,70278,174,326,29225,
389.88224565522705,70278,174,325,29226,
389.89710972167546,70278,174,324,29227,
389.897401119491,70278,174,323,29228,
389.90143133876217,70277,175,323,29228,
389.90967228145576,70277,174,324,29228,
389.92638691987423,70277,173,325,29228,
389.9275109365165,70277,172,326,29228,
389.9638319042251,70277,172,325,29229,
389.96592665006597,70276,173,325,29229,
389.97088319485766,70276,173,324,29230,
389.99709408946734,70275,174,324,29230,
390.0294011203443,70275,174,323,29231,
390.0351753171235,70275,174,322,29232,
390.0523581791365,70275,173,323,29232,
390.05330541691495,70274,174,323,29232,
390.0541772060194,70273,175,323,29232,
390.0591759482074,70272,176,323,29232,
390.06428394542627,70271,177,323,29232,
390.0675145851326,70271,176,324,29232,
390.07792977115815,70270,177,324,29232,
390.0788507595162,70270,176,325,29232,
390.0866747561691,70270,176,324,29233,
390.0934362292141,70270,175,325,29233,
390.0995525745886,70270,175,324,29234,
390.10362036477534,70270,175,323,29235,
390.1191516062189,70270,174,324,29235,
390.1302006358898,70270,174,323,29236,
390.1329362205902,70269,175,323,29236,
390.14149010599385,70268,176,323,29236,
390.14212057171756,70268,176,322,29237,
390.1430257499426,70268,176,321,29238,
390.14385449004186,70267,177,321,29238,
390.1892459160774,70267,176,322,29238,
390.18934824622715,70267,176,321,29239,
390.1910377148818,70266,177,321,29239,
390.1912574932837,70266,177,320,29240,
390.19693966908017,70265,178,320,29240,
390.19827897964194,70265,178,319,29241,
390.1991806105693,70265,177,320,29241,
390.2063517584684,70265,176,321,29241,
390.21604895163256,70265,175,322,29241,
390.22648454344164,70265,174,323,29241,
390.2528112402993,70264,175,323,29241,
390.2707691531165,70264,174,324,29241,
390.2709420810781,70264,174,323,29242,
390.2909588787013,70264,174,322,29243,
390.29434782647775,70264,173,323,29243,
390.3043966340226,70264,173,322,29244,
390.32153784385764,70264,172,323,29244,
390.3216966980568,70264,171,324,29244,
390.3285853079308,70264,170,325,29244,
390.3309394004419,70264,169,326,29244,
390.35314902139584,70263,170,326,29244,
390.35713586705504,70262,171,326,29244,
390.35767677753296,70262,170,327,29244,
390.3622547376771,70261,171,327,29244,
390.37112550623544,70261,171,326,29245,
390.3758942640699,70260,172,326,29245,
390.37590425417085,70259,173,326,29245,
390.382063593844,70259,173,325,29246,
390.38333056732245,70259,172,326,29246,
390.39043586037917,70259,172,325,29247,
390.4098756110598,70259,172,324,29248,
390.4111067067038,70259,171,325,29248,
390.41142935975927,70259,170,326,29248,
390.4124513919311,70259,170,325,29249,
390.42881474934273,70258,171,325,29249,
390.4288984237263,70258,170,326,29249,
390.42918291172435,70258,170,325,29250,
390.43016493741186,70258,169,326,29250,
390.43209366371,70257,170,326,29250,
390.4431627742353,70256,171,326,29250,
390.45852726490466,70256,171,325,29251,
390.46675013878087,70256,171,324,29252,
390.4856547604022,70255,172,324,29252,
390.506256171846,70255,172,323,29253,
390.5211199869958,70255,172,322,29254,
390.52642283448563,70255,172,321,29255,
390.5432720058775,70255,172,320,29256,
390.5559641630309,70254,173,320,29256,
390.5560073971621,70254,173,319,29257,
390.5637754159965,70253,174,319,29257,
390.570703746813,70253,174,318,29258,
390.57949714563006,70252,175,318,29258,
390.5986655423937,70251,176,318,29258,
390.60402766658143,70251,176,317,29259,
390.6042994117931,70251,176,316,29260,
390.6092045743673,70250,177,316,29260,
390.62725562024536,70250,176,317,29260,
390.63045109008686,70249,177,317,29260,
390.63872556353937,70248,178,317,29260,
390.64101113645506,70247,179,317,29260,
390.6411552187191,70246,180,317,29260,
390.6565936839704,70246,180,316,29261,
390.66803483169923,70246,179,317,29261,
390.673201212147,70246,178,318,29261,
390.68677420204017,70246,178,317,29262,
390.6922253891516,70246,177,318,29262,
390.7282723879368,70246,177,317,29263,
390.7296985965729,70246,177,316,29264,
390.73753906932313,70245,178,316,29264,
390.739962823628,70244,179,316,29264,
390.7453685036692,70243,180,316,29264,
390.75229137074064,70243,179,317,29264,
390.77261645000925,70243,179,316,29265,
390.7733789864684,70243,178,317,29265,
390.79029991067927,70243,178,316,29266,
390.8066572284143,70243,177,317,29266,
390.8227411987528,70243,177,316,29267,
390.8304402256919,70243,177,315,29268,
390.87056451682935,70243,176,316,29268,
390.8776199779239,70243,175,317,29268,
390.8979231292858,70243,174,318,29268,
390.9070881155481,70243,174,317,29269,
390.91257473955733,70242,175,317,29269,
390.921140443149,70241,176,317,29269,
390.92364894090747,70241,176,316,29270,
390.9275426143084,70241,175,317,29270,
390.9318955174216,70241,174,318,29270,
390.9327994363967,70241,174,317,29271,
390.93944419282246,70241,173,318,29271,
390.94551876925823,70240,174,318,29271,
390.9687853377148,70240,173,319,29271,
390.9774047177665,70240,172,320,29271,
390.9838403819963,70239,173,320,29271,
390.9998258662685,70239,172,321,29271,
391.01987695749466,70238,173,321,29271,
391.02122524839467,70238,172,322,29271,
391.0446058401693,70237,173,322,29271,
391.05125406166513,70236,174,322,29271,
391.052816369169,70236,173,323,29271,
391.07415720969897,70235,174,323,29271,
391.0752572472425,70235,174,322,29272,
391.0860500903811,70234,175,322,29272,
391.10583280051725,70234,175,321,29273,
391.13246347600386,70234,175,320,29274,
391.1444042097653,70234,174,321,29274,
391.15315298874987,70234,173,322,29274,
391.1671703552091,70233,174,322,29274,
391.16955081660893,70232,175,322,29274,
391.17121867515584,70232,175,321,29275,
391.17657501417864,70232,175,320,29276,
391.1774417030546,70231,176,320,29276,
391.1855351104525,70231,175,321,29276,
391.1890901239323,70230,176,321,29276,
391.19562800150254,70230,176,320,29277,
391.1992173406464,70230,176,319,29278,
391.20281531960933,70230,175,320,29278,
391.22142095216816,70230,175,319,29279,
391.2219304538049,70229,176,319,29279,
391.23194616965054,70229,176,318,29280,
391.23213272565465,70229,175,319,29280,
391.2452964524509,70228,176,319,29280,
391.2670048228544,70228,175,320,29280,
391.27321547573024,70228,174,321,29280,
391.2825376769536,70227,175,321,29280,
391.2971181243979,70226,176,321,29280,
391.3158218205299,70226,175,322,29280,
391.32245227713145,70226,175,321,29281,
391.3233849949354,70226,174,322,29281,
391.32820105078525,70226,174,321,29282,
391.3525756036636,70225,175,321,29282,
391.3792832071491,70225,174,322,29282,
391.3897512829856,70225,173,323,29282,
391.3931407698622,70224,174,323,29282,
391.3979221743544,70224,174,322,29283,
391.421448864339,70224,174,321,29284,
391.43333118952955,70224,173,322,29284,
391.43503380981366,70224,172,323,29284,
391.43669245428845,70224,172,322,29285,
391.4438726657576,70224,172,321,29286,
391.4444783211335,70224,172,320,29287,
391.4583825628523,70223,173,320,29287,
391.4717583001725,70223,173,319,29288,
391.4871636679124,70222,174,319,29288,
391.49853457725516,70222,174,318,29289,
391.5011723772491,70221,175,318,29289,
391.51659348897397,70221,174,319,29289,
391.5491731900516,70221,174,318,29290,
391.57982485287664,70221,174,317,29291,
391.5859610755134,70221,173,318,29291,
391.58949008581874,70220,174,318,29291,
391.5950764562623,70220,174,317,29292,
391.5980968810863,70220,173,318,29292,
391.60495543765495,70219,174,318,29292,
391.6257374345066,70219,173,319,29292,
391.6308614120362,70218,174,319,29292,
391.63166199350087,70217,175,319,29292,
391.65366361305036,70216,176,319,29292,
391.68353772437854,70216,176,318,29293,
391.6840207332284,70216,175,319,29293,
391.6844104347348,70216,174,320,29293,
391.68995377940166,70216,173,321,29293,
391.6985636857901,70216,173,320,29294,
391.7051181937513,70216,172,321,29294,
391.7056353403429,70216,171,322,29294,
391.7084570060456,70216,171,321,29295,
391.7117737644543,70216,170,322,29295,
391.7180675558866,70216,169,323,29295,
391.7272178047998,70216,169,322,29296,
391.7293414230143,70216,168,323,29296,
391.78638363366053,70216,168,322,29297,
391.79051359695035,70215,169,322,29297,
391.79521055636945,70214,170,322,29297,
391.79521055636945,70214,170,322,29297,
391.8111042609254,70214,170,321,29298,
391.8130986982478,70214,170,320,29299,
391.8281569814357,70214,170,319,29300,
391.85026857865233,70214,169,320,29300,
391.8526933321,70214,168,321,29300,
391.86122661335554,70214,167,322,29300,
391.9124961184133,70214,167,321,29301,
391.91378676618024,70214,167,320,29302,
391.9227094952174,70214,166,321,29302,
391.92903705395616,70214,165,322,29302,
391.9333649639822,70214,165,321,29303,
391.9493848289435,70213,166,321,29303,
391.9731244250378,70213,166,320,29304,
391.979705971776,70213,166,319,29305,
391.986491210843,70213,165,320,29305,
391.9923930309863,70213,164,321,29305,
391.9943470223529,70213,163,322,29305,
392.0002114366166,70213,163,321,29306,
392.01375165157685,70213,163,320,29307,
392.0833475328612,70212,164,320,29307,
392.0907698952257,70212,164,319,29308,
392.0946280667554,70212,164,318,29309,
392.0956520231322,70212,164,317,29310,
392.1198222818633,70212,163,318,29310,
392.1254971571509,70211,164,318,29310,
392.1308802155948,70211,163,319,29310,
392.1327054776439,70210,164,319,29310,
392.14950926495635,70209,165,319,29310,
392.1518774185931,70209,164,320,29310,
392.1648207312021,70208,165,320,29310,
392.1739159555788,70208,165,319,29311,
392.184712499117,70208,164,320,29311,
392.18503581392315,70208,164,319,29312,
392.1874599752585,70208,164,318,29313,
392.1889376449049,70208,163,319,29313,
392.1889481292454,70208,162,320,29313,
392.19415936652604,70207,163,320,29313,
392.195467206243,70207,163,319,29314,
392.1971678087919,70207,163,318,29315,
392.2008769241336,70207,162,319,29315,
392.20666667501774,70207,162,318,29316,
392.22494401376053,70207,162,317,29317,
392.2439981235042,70207,161,318,29317,
392.24748790215756,70206,162,318,29317,
392.26201073123667,70205,163,318,29317,
392.27339945255636,70205,163,317,29318,
392.2740491864589,70205,162,318,29318,
392.3082980937892,70205,162,317,29319,
392.3162542489102,70205,161,318,29319,
392.3177033534594,70205,161,317,29320,
392.3274781710074,70205,161,316,29321,
392.3341763570879,70205,161,315,29322,
392.338038415357,70205,160,316,29322,
392.34456356037657,70205,159,317,29322,
392.3475350204512,70204,160,317,29322,
392.35457490264605,70204,159,318,29322,
392.36469031180843,70204,159,317,29323,
392.37485478038883,70204,158,318,29323,
392.3775198795042,70204,157,319,29323,
392.3787304521765,70204,156,320,29323,
392.38463146242475,70204,155,321,29323,
392.38706022049,70203,156,321,29323,
392.3903837500304,70203,156,320,29324,
392.39226250779177,70203,156,319,29325,
392.39950341009677,70203,155,320,29325,
392.41072656987814,70202,156,320,29325,
392.4320734345521,70202,155,321,29325,
392.44083392874694,70201,156,321,29325,
392.44806643404195,70201,155,322,29325,
392.44850390609156,70201,155,321,29326,
392.4560509386352,70200,156,321,29326,
392.45954580959744,70200,156,320,29327,
392.48315640005353,70200,155,321,29327,
392.4900449770117,70199,156,321,29327,
392.5065218058288,70198,157,321,29327,
392.50902612229925,70197,158,321,29327,
392.5094460699012,70197,158,320,29328,
392.51135673082115,70197,157,321,29328,
392.51185009078205,70197,156,322,29328,
392.5144537790132,70197,156,321,29329,
392.52214079780765,70196,157,321,29329,
392.5280937143211,70195,158,321,29329,
392.52994187421905,70194,159,321,29329,
392.5324429835102,70194,159,320,29330,
392.5553007670009,70194,158,321,29330,
392.55809858192566,70194,158,320,29331,
392.5637880637012,70193,159,320,29331,
392.5717413309362,70193,159,319,29332,
392.57187013382924,70193,159,318,29333,
392.57320977698527,70193,159,317,29334,
392.5941065792953,70193,158,318,29334,
392.595425628952,70193,158,317,29335,
392.59745343794174,70193,158,316,29336,
392.61970673063104,70192,159,316,29336,
392.6536119746934,70192,159,315,29337,
392.6570735689279,70191,160,315,29337,
392.66916024285484,70190,161,315,29337,
392.6786721033281,70189,162,315,29337,
392.69058192487824,70189,162,314,29338,
392.69689982941776,70188,163,314,29338,
392.7161741257152,70187,164,314,29338,
392.7236614375714,70186,165,314,29338,
392.73963689054557,70185,166,314,29338,
392.7415931566611,70185,165,315,29338,
392.7555222005867,70185,165,314,29339,
392.7816459017207,70185,165,313,29340,
392.7874690898631,70185,164,314,29340,
392.7875643238165,70184,165,314,29340,
392.8180859432025,70184,164,315,29340,
392.82428755135237,70184,164,314,29341,
392.82882838506265,70183,165,314,29341,
392.86119512393003,70182,166,314,29341,
392.8634305407162,70181,167,314,29341,
392.87242653099617,70181,167,313,29342,
392.893982691282,70181,166,314,29342,
392.89816572451383,70181,166,313,29343,
392.9043326564197,70180,167,313,29343,
392.9057607041748,70180,167,312,29344,
392.9110500870768,70180,166,313,29344,
392.9111582420786,70179,167,313,29344,
392.91282888812066,70178,168,313,29344,
392.92565208930483,70178,167,314,29344,
392.9290533161677,70177,168,314,29344,
392.935193309521,70177,167,315,29344,
392.93773207711786,70177,166,316,29344,
392.95877031995525,70177,165,317,29344,
392.9794886243205,70177,165,316,29345,
392.98631197784516,70177,164,317,29345,
393.0004245490966,70177,164,316,29346,
393.00681478234463,70176,165,316,29346,
393.0070104833297,70176,164,317,29346,
393.0071060671982,70176,163,318,29346,
393.00880282564435,70176,163,317,29347,
393.0148319935537,70176,163,316,29348,
393.01835908435976,70176,163,315,29349,
393.0184351355315,70175,164,315,29349,
393.0278575947949,70174,165,315,29349,
393.0436559115839,70174,165,314,29350,
393.0534883792005,70173,166,314,29350,
393.0563958226708,70173,166,313,29351,
393.1001239684723,70173,165,314,29351,
393.1036736340062,70173,164,315,29351,
393.10979116267333,70173,163,316,29351,
393.12546796690515,70172,164,316,29351,
393.13611968066436,70172,164,315,29352,
393.141705399226,70172,163,316,29352,
393.1427898136291,70172,162,317,29352,
393.1777000427892,70172,162,316,29353,
393.1954849781516,70171,163,316,29353,
393.2208374483847,70170,164,316,29353,
393.22512432535206,70169,165,316,29353,
393.2268741984559,70168,166,316,29353,
393.29660109194725,70167,167,316,29353,
393.3129313373337,70167,167,315,29354,
393.3291959641064,70167,167,314,29355,
393.33160597346495,70167,166,315,29355,
393.33785737684457,70167,165,316,29355,
393.3484183621234,70167,164,317,29355,
393.34864665019387,70166,165,317,29355,
393.36122675608226,70166,165,316,29356,
393.37036339672903,70165,166,316,29356,
393.370540233484,70165,166,315,29357,
393.37095311354096,70165,165,316,29357,
393.3814165873869,70164,166,316,29357,
393.38321005829926,70164,165,317,29357,
393.38845646684143,70164,165,316,29358,
393.4003906565093,70163,166,316,29358,
393.40252764350805,70163,165,317,29358,
393.4150552185693,70163,165,316,29359,
393.4265415246226,70163,165,315,29360,
393.4331354944414,70163,164,316,29360,
393.44062228304705,70162,165,316,29360,
393.4547632149149,70162,164,317,29360,
393.46792834576934,70162,163,318,29360,
393.47756633754415,70162,163,317,29361,
393.4870365486991,70162,163,316,29362,
393.49451048001293,70161,164,316,29362,
393.5033156095559,70160,165,316,29362,
393.5232537572909,70159,166,316,29362,
393.52919928826566,70159,165,317,29362,
393.5297457042318,70159,165,316,29363,
393.53035169453403,70159,165,315,29364,
393.5610650276059,70159,165,314,29365,
393.56979717287993,70159,165,313,29366,
393.57619207551625,70159,165,312,29367,
393.58525903527317,70159,165,311,29368,
393.5880383995755,70158,166,311,29368,
393.58971331053044,70158,166,310,29369,
393.59631290563203,70158,166,309,29370,
393.619729221646,70157,167,309,29370,
393.63400904558125,70157,166,310,29370,
393.64070901947787,70157,166,309,29371,
393.64137167428566,70157,165,310,29371,
393.64838645454057,70157,165,309,29372,
393.64923738432543,70157,164,310,29372,
393.67368670708083,70156,165,310,29372,
393.6798611940566,70156,165,309,29373,
393.72194036313823,70156,164,310,29373,
393.73294006818384,70156,164,309,29374,
393.7420950530359,70156,163,310,29374,
393.75936759689756,70156,163,309,29375,
393.76736540153576,70156,163,308,29376,
393.7686781719967,70156,162,309,29376,
393.7837967981433,70156,161,310,29376,
393.7855723550749,70156,161,309,29377,
393.8018297454562,70156,160,310,29377,
393.8098682972449,70156,159,311,29377,
393.810147738969,70156,159,310,29378,
393.81203636785085,70155,160,310,29378,
393.81805608113507,70154,161,310,29378,
393.82597436098996,70154,161,309,29379,
393.8356955894013,70154,161,308,29380,
393.83850996920165,70154,161,307,29381,
393.8426361436346,70153,162,307,29381,
393.8519320083429,70153,161,308,29381,
393.85611070793277,70153,161,307,29382,
393.8631838483096,70153,160,308,29382,
393.8665296868987,70153,160,307,29383,
393.8670827280567,70152,161,307,29383,
393.8771153014838,70152,160,308,29383,
393.8865598109234,70151,161,308,29383,
393.90006696695207,70151,160,309,29383,
393.9223794294004,70151,160,308,29384,
393.92473002082653,70151,160,307,29385,
393.9337525303349,70151,160,306,29386,
393.93635739612864,70151,160,305,29387,
393.94761737066153,70151,159,306,29387,
393.9572818850539,70151,158,307,29387,
393.968177510295,70151,157,308,29387,
393.97168954680745,70151,156,309,29387,
393.97320960883366,70151,155,310,29387,
393.9942970486629,70151,154,311,29387,
394.00146200391936,70150,155,311,29387,
394.011878772729,70149,156,311,29387,
394.02089285742255,70148,157,311,29387,
394.0322303637044,70148,156,312,29387,
394.03940527810806,70148,156,311,29388,
394.0420335083558,70148,155,312,29388,
394.0437834604183,70147,156,312,29388,
394.04422982644746,70147,155,313,29388,
394.05512538515967,70146,156,313,29388,
394.0651333376565,70146,155,314,29388,
394.0663894163047,70146,155,313,29389,
394.0715463194478,70145,156,313,29389,
394.0820100923028,70145,156,312,29390,
394.09943332955754,70144,157,312,29390,
394.1004869326037,70143,158,312,29390,
394.1037229627898,70142,159,312,29390,
394.1057415710981,70142,158,313,29390,
394.1059762129993,70142,158,312,29391,
394.1149571190987,70142,157,313,29391,
394.1150567683837,70142,157,312,29392,
394.11947644792446,70142,157,311,29393,
394.1237135083044,70142,157,310,29394,
394.12578334147133,70141,158,310,29394,
394.12765629449564,70141,157,311,29394,
394.1558995363439,70140,158,311,29394,
394.1630619661425,70140,157,312,29394,
394.1643373705629,70140,157,311,29395,
394.16601938555084,70140,157,310,29396,
394.18468982175125,70139,158,310,29396,
394.1880208067341,70139,158,309,29397,
394.19629462667837,70139,158,308,29398,
394.1991728341292,70139,158,307,29399,
394.20117638967344,70138,159,307,29399,
394.2037503229356,70138,159,306,29400,
394.2072587639064,70138,158,307,29400,
394.2147516743686,70138,158,306,29401,
394.2182666793044,70138,158,305,29402,
394.220388507856,70138,157,306,29402,
394.22858922930703,70137,158,306,29402,
394.23907595855377,70137,158,305,29403,
394.2669103326111,70136,159,305,29403,
394.2875998283558,70136,158,306,29403,
394.3057758643428,70136,157,307,29403,
394.30751810438346,70136,156,308,29403,
394.3344869189837,70136,155,309,29403,
394.3568750980982,70136,154,310,29403,
394.3597046418701,70136,154,309,29404,
394.3680991570862,70136,154,308,29405,
394.369896020828,70136,153,309,29405,
394.37121560010684,70135,154,309,29405,
394.37699016572526,70135,153,310,29405,
394.378883418287,70135,153,309,29406,
394.38093224230573,70135,153,308,29407,
394.3878627186016,70135,153,307,29408,
394.3889301233797,70134,154,307,29408,
394.39358031118445,70133,155,307,29408,
394.39685703151054,70133,154,308,29408,
394.4024316170201,70133,154,307,29409,
394.4063073954941,70133,154,306,29410,
394.41139445827093,70133,154,305,29411,
394.42872549731953,70133,153,306,29411,
394.44203588388484,70133,153,305,29412,
394.4423098640758,70133,153,304,29413,
394.48315560659444,70133,152,305,29413,
394.50642918147275,70132,153,305,29413,
394.5074723395012,70131,154,305,29413,
394.5126134275232,70131,154,304,29414,
394.52307752198004,70130,155,304,29414,
394.5282163306555,70130,155,303,29415,
394.53227778885673,70130,154,304,29415,
394.5406349363624,70130,154,303,29416,
394.5499353961468,70130,154,302,29417,
394.5532332286714,70130,153,303,29417,
394.55984121964906,70129,154,303,29417,
394.5627787837687,70129,153,304,29417,
394.5678611902138,70129,153,303,29418,
394.5817345978529,70129,153,302,29419,
394.59656006602677,70129,153,301,29420,
394.59893731951706,70128,154,301,29420,
394.60582920561586,70128,154,300,29421,
394.60638959587436,70127,155,300,29421,
394.60862686663523,70127,155,299,29422,
394.6180217919737,70127,155,298,29423,
394.6246130900673,70126,156,298,29423,
394.6254940293845,70125,157,298,29423,
394.6398303555789,70124,158,298,29423,
394.65824879073415,70124,158,297,29424,
394.6623010875479,70124,158,296,29425,
394.66265379621586,70124,158,295,29426,
394.6690581177951,70124,158,294,29427,
394.6696647903496,70123,159,294,29427,
394.6733619086205,70123,158,295,29427,
394.6935924017611,70123,158,294,29428,
394.70562833763495,70122,159,294,29428,
394.70865045990064,70122,159,293,29429,
394.7090071632676,70122,159,292,29430,
394.71020984656525,70121,160,292,29430,
394.727765357998,70120,161,292,29430,
394.7318112586085,70119,162,292,29430,
394.73190598677905,70119,162,291,29431,
394.7492171617936,70119,161,292,29431,
394.75099462621256,70119,161,291,29432,
394.77420944161776,70119,161,290,29433,
394.78135681791593,70119,161,289,29434,
394.79568759310354,70119,161,288,29435,
394.8016516614811,70119,161,287,29436,
394.81558436006554,70119,160,288,29436,
394.82509419383416,70119,160,287,29437,
394.85380201656614,70118,161,287,29437,
394.87280277033716,70117,162,287,29437,
394.9043506213086,70117,161,288,29437,
394.92893261199583,70117,160,289,29437,
394.9314406865872,70117,159,290,29437,
394.93761197582756,70117,158,291,29437,
394.96805459944534,70117,158,290,29438,
395.0055659824817,70117,158,289,29439,
395.00906249179786,70116,159,289,29439,
395.01713365030884,70116,159,288,29440,
395.0255814887348,70116,159,287,29441,
395.03322922157963,70116,159,286,29442,
395.0417456077293,70115,160,286,29442,
395.0438330986642,70114,161,286,29442,
395.05557199794765,70113,162,286,29442,
395.06079111196004,70113,161,287,29442,
395.07058514266123,70112,162,287,29442,
395.0796350449112,70112,161,288,29442,
395.08804730109586,70112,160,289,29442,
395.09402627642436,70112,160,288,29443,
395.1044905790762,70112,160,287,29444,
395.11555765297186,70112,160,286,29445,
395.1463406759831,70112,160,285,29446,
395.18037539376246,70112,159,286,29446,
395.20992631937565,70112,158,287,29446,
395.22725432899784,70112,158,286,29447,
395.2278561728804,70111,159,286,29447,
395.2405533941599,70111,158,287,29447,
395.2670961271404,70110,159,287,29447,
395.26740766268506,70110,158,288,29447,
395.28391038707895,70110,157,289,29447,
395.2968667250166,70110,156,290,29447,
395.29701551695535,70110,156,289,29448,
395.3027606868761,70110,155,290,29448,
395.3045110299939,70110,155,289,29449,
395.34147745376987,70110,154,290,29449,
395.37546619073447,70110,154,289,29450,
395.3767533293556,70110,154,288,29451,
395.3803002337494,70110,154,287,29452,
395.38851889659304,70110,154,286,29453,
395.4008900877187,70110,154,285,29454,
395.41628513418425,70110,153,286,29454,
395.418302952163,70109,154,286,29454,
395.43436069530037,70109,154,285,29455,
395.44238781854403,70109,153,286,29455,
395.4523303270665,70108,154,286,29455,
395.4592670900665,70107,155,286,29455,
395.4638324818472,70107,155,285,29456,
395.4842451738418,70106,156,285,29456,
395.48960321816725,70106,156,284,29457,
395.49939264495663,70106,156,283,29458,
395.5028145834353,70106,156,282,29459,
395.5031030072647,70105,157,282,29459,
395.5175323557377,70105,156,283,29459,
395.52344048079294,70105,155,284,29459,
395.5311289937567,70105,155,283,29460,
395.5360656638291,70105,155,282,29461,
395.5439078797786,70104,156,282,29461,
395.55617826225534,70104,156,281,29462,
395.57342025747204,70104,156,280,29463,
395.577780951768,70103,157,280,29463,
395.6007291408501,70103,157,279,29464,
395.6110392325268,70102,158,279,29464,
395.6141753920832,70101,159,279,29464,
395.6163556637278,70100,160,279,29464,
395.61933753826736,70100,159,280,29464,
395.62309124957676,70100,158,281,29464,
395.67074195682403,70100,158,280,29465,
395.6715920635049,70099,159,280,29465,
395.68778828023005,70099,158,281,29465,
395.69825531058336,70099,157,282,29465,
395.6996655238082,70099,156,283,29465,
395.70302634739284,70099,156,282,29466,
395.7168594452796,70098,157,282,29466,
395.73481876277157,70097,158,282,29466,
395.741966982825,70097,157,283,29466,
395.75564996479807,70096,158,283,29466,
395.7688050909178,70095,159,283,29466,
395.7724033032946,70094,160,283,29466,
395.7759965472407,70094,160,282,29467,
395.7825401746355,70094,160,281,29468,
395.7832226897475,70094,159,282,29468,
395.78809544747287,70094,158,283,29468,
395.78825704454636,70093,159,283,29468,
395.7975598327839,70092,160,283,29468,
395.81086934232684,70092,160,282,29469,
395.8130470877306,70091,161,282,29469,
395.8160647954022,70090,162,282,29469,
395.8247872380738,70090,161,283,29469,
395.82959542228036,70090,161,282,29470,
395.83497446200374,70089,162,282,29470,
395.844916556747,70089,162,281,29471,
395.8501370764121,70089,161,282,29471,
395.8931241082885,70089,161,281,29472,
395.8998592644462,70089,161,280,29473,
395.95623527211643,70089,160,281,29473,
395.97416896720017,70089,159,282,29473,
395.9762252161958,70088,160,282,29473,
395.9775225574629,70087,161,282,29473,
395.98449884016196,70087,161,281,29474,
395.9919551670466,70087,161,280,29475,
395.9939252208193,70087,160,281,29475,
396.0383991638096,70087,160,280,29476,
396.04777845903214,70087,160,279,29477,
396.04892358109475,70087,159,280,29477,
396.0565266482213,70087,158,281,29477,
396.06152225724753,70087,157,282,29477,
396.08697266110164,70086,158,282,29477,
396.08918701865986,70085,159,282,29477,
396.0895297021235,70085,159,281,29478,
396.10411914344706,70085,159,280,29479,
396.1153216191254,70084,160,280,29479,
396.1293062074365,70084,160,279,29480,
396.1376619643726,70084,159,280,29480,
396.1418982126749,70083,160,280,29480,
396.1480509424136,70082,161,280,29480,
396.1519099285762,70081,162,280,29480,
396.1522251432741,70081,162,279,29481,
396.16153766842245,70080,163,279,29481,
396.17546666094717,70080,162,280,29481,
396.1760936035565,70080,161,281,29481,
396.18516708214236,70080,161,280,29482,
396.2137858762713,70080,160,281,29482,
396.2139025688124,70080,159,282,29482,
396.22586822964615,70080,159,281,29483,
396.22899415878436,70079,160,281,29483,
396.23405945870473,70079,160,280,29484,
396.24881721445803,70079,159,281,29484,
396.2493055179598,70079,158,282,29484,
396.2513382674213,70078,159,282,29484,
396.2541746546108,70078,158,283,29484,
396.2755903188476,70078,157,284,29484,
396.27604197195495,70077,158,284,29484,
396.29225829234286,70076,159,284,29484,
396.2932622017963,70075,160,284,29484,
396.29562345017195,70075,160,283,29485,
396.2964554815914,70075,159,284,29485,
396.3300829726278,70075,158,285,29485,
396.3314594848419,70075,157,286,29485,
396.34418357894316,70075,157,285,29486,
396.3454557838819,70075,156,286,29486,
396.34914236223534,70074,157,286,29486,
396.3555849989722,70074,157,285,29487,
396.35745505686134,70074,156,286,29487,
396.37505948300975,70074,156,285,29488,
396.4139030288144,70073,157,285,29488,
396.42710439235447,70072,158,285,29488,
396.434410117127,70072,158,284,29489,
396.4524628594013,70071,159,284,29489,
396.4576413381846,70071,159,283,29490,
396.4597480772052,70071,159,282,29491,
396.46171040836515,70071,159,281,29492,
396.47216648117694,70070,160,281,29492,
396.4834752814146,70069,161,281,29492,
396.48389448805165,70069,160,282,29492,
396.48881831935444,70069,160,281,29493,
396.4917618840164,70068,161,281,29493,
396.53253384490426,70068,161,280,29494,
396.53591733002554,70068,161,279,29495,
396.5486220956941,70068,161,278,29496,
396.549905339428,70068,160,279,29496,
396.55750080516714,70068,159,280,29496,
396.55844019558594,70068,158,281,29496,
396.56111560489757,70068,158,280,29497,
396.5732770433257,70068,158,279,29498,
396.62116901001724,70068,157,280,29498,
396.622352122092,70068,157,279,29499,
396.62380576698354,70068,156,280,29499,
396.6407032591965,70067,157,280,29499,
396.65341602055867,70066,158,280,29499,
396.6646205468308,70066,157,281,29499,
396.68474668163486,70065,158,281,29499,
396.69972425247875,70064,159,281,29499,
396.7167683289853,70064,158,282,29499,
396.7304749822127,70064,158,281,29500,
396.73145162864205,70063,159,281,29500,
396.74314756884525,70063,158,282,29500,
396.74564475586664,70062,159,282,29500,
396.7469746568754,70062,158,283,29500,
396.76925178789446,70062,158,282,29501,
396.77276695394676,70062,158,281,29502,
396.8031430730101,70062,157,282,29502,
396.8051473824682,70062,157,281,29503,
396.80644922911796,70062,157,280,29504,
396.8081238264624,70061,158,280,29504,
396.80957881954777,70061,158,279,29505,
396.81298115372255,70060,159,279,29505,
396.8151323115534,70060,159,278,29506,
396.8153970473188,70059,160,278,29506,
396.8239805389679,70059,159,279,29506,
396.82668113999983,70059,158,280,29506,
396.8273610142784,70058,159,280,29506,
396.83770738495735,70058,159,279,29507,
396.84722979375186,70058,159,278,29508,
396.84795417829264,70058,159,277,29509,
396.8630141883417,70058,159,276,29510,
396.8832281815756,70058,158,277,29510,
396.8908055984318,70058,158,276,29511,
396.9020733524295,70057,159,276,29511,
396.905506295186,70056,160,276,29511,
396.90556934559993,70056,160,275,29512,
396.9098759368801,70056,160,274,29513,
396.9196595678487,70056,159,275,29513,
396.9391158069398,70055,160,275,29513,
396.950512406209,70055,160,274,29514,
396.9537376990667,70054,161,274,29514,
396.95438293843506,70053,162,274,29514,
396.96839212355064,70053,162,273,29515,
396.9713588613371,70053,162,272,29516,
397.0145224431678,70053,162,271,29517,
397.0208099931599,70052,163,271,29517,
397.03211909304554,70051,164,271,29517,
397.03754303172815,70051,163,272,29517,
397.04257065020647,70051,163,271,29518,
397.0779066011689,70050,164,271,29518,
397.08678629190024,70050,163,272,29518,
397.093185831497,70049,164,272,29518,
397.09890569712644,70049,164,271,29519,
397.1049266883839,70049,164,270,29520,
397.1214476607483,70049,164,269,29521,
397.12470917467664,70048,165,269,29521,
397.1291013821249,70047,166,269,29521,
397.1406458383548,70046,167,269,29521,
397.1487803873523,70045,168,269,29521,
397.1638889387317,70045,167,270,29521,
397.1717384209795,70045,166,271,29521,
397.17179267364355,70045,166,270,29522,
397.17894466161357,70045,166,269,29523,
397.1856486146985,70045,166,268,29524,
397.19047297376966,70045,165,269,29524,
397.19948823305845,70044,166,269,29524,
397.2289667511862,70044,165,270,29524,
397.2422651555889,70044,165,269,29525,
397.24411207570006,70044,165,268,29526,
397.2615436184291,70043,166,268,29526,
397.26935972184265,70043,166,267,29527,
397.271699254078,70043,165,268,29527,
397.2840062193266,70043,164,269,29527,
397.2947084595867,70043,163,270,29527,
397.2955030921397,70043,162,271,29527,
397.316775307153,70043,162,270,29528,
397.33049839937274,70043,161,271,29528,
397.33402773904464,70043,161,270,29529,
397.3601190608165,70042,162,270,29529,
397.3638318285952,70042,161,271,29529,
397.3655869996343,70041,162,271,29529,
397.38172342711295,70041,161,272,29529,
397.4096347768389,70040,162,272,29529,
397.42444082602884,70039,163,272,29529,
397.42624826379205,70038,164,272,29529,
397.4274567761741,70038,164,271,29530,
397.4346137379958,70038,164,270,29531,
397.44197210357635,70038,163,271,29531,
397.4426768820184,70038,162,272,29531,
397.44421520332867,70037,163,272,29531,
397.4628604264704,70037,163,271,29532,
397.4796801580715,70037,162,272,29532,
397.4873717051965,70037,161,273,29532,
397.4961943683736,70036,162,273,29532,
397.49951463221123,70036,162,272,29533,
397.51146518521966,70036,162,271,29534,
397.5213520132375,70036,162,270,29535,
397.5312258840162,70035,163,270,29535,
397.5401086234064,70035,162,271,29535,
397.5426353640168,70035,162,270,29536,
397.5616833059064,70034,163,270,29536,
397.57684034586896,70034,162,271,29536,
397.58893369541687,70034,161,272,29536,
397.59565644998366,70034,161,271,29537,
397.60347558553116,70033,162,271,29537,
397.60349751943113,70033,162,270,29538,
397.6081996600724,70032,163,270,29538,
397.6333702889541,70032,163,269,29539,
397.6362300797073,70032,163,268,29540,
397.63675793199695,70032,162,269,29540,
397.6550391803951,70032,162,268,29541,
397.6553834833032,70032,162,267,29542,
397.6580107520927,70032,162,266,29543,
397.68399199293793,70032,162,265,29544,
397.69860187634686,70032,161,266,29544,
397.74307594343855,70031,162,266,29544,
397.7446445908213,70031,161,267,29544,
397.7512525219518,70031,161,266,29545,
397.75601135073316,70030,162,266,29545,
397.7672155112077,70030,162,265,29546,
397.76767603784606,70029,163,265,29546,
397.78311566832565,70028,164,265,29546,
397.79265747605007,70028,163,266,29546,
397.79901524061046,70028,162,267,29546,
397.8214516873597,70028,162,266,29547,
397.8394534822015,70028,162,265,29548,
397.8436716069035,70027,163,265,29548,
397.84739981901504,70027,163,264,29549,
397.8502243829242,70027,162,265,29549,
397.85187708358154,70027,162,264,29550,
397.85250707900923,70026,163,264,29550,
397.86636939437926,70026,163,263,29551,
397.87743551004326,70025,164,263,29551,
397.8790819528617,70025,163,264,29551,
397.8819771725646,70025,162,265,29551,
397.8897721118175,70025,161,266,29551,
397.89199880118923,70024,162,266,29551,
397.89220344626114,70024,161,267,29551,
397.8955893633774,70024,160,268,29551,
397.89894364768634,70024,160,267,29552,
397.92844626362955,70024,160,266,29553,
397.93111783562915,70024,159,267,29553,
397.9326642093804,70024,158,268,29553,
397.93403821783295,70023,159,268,29553,
397.9390501089975,70022,160,268,29553,
397.95443703075136,70022,159,269,29553,
397.9579413859959,70021,160,269,29553,
397.9846820960178,70021,159,270,29553,
397.99280501345936,70021,159,269,29554,
398.0177559645356,70021,159,268,29555,
398.02246316725166,70020,160,268,29555,
398.02346727037457,70020,159,269,29555,
398.02757445326444,70020,159,268,29556,
398.04690894716634,70020,158,269,29556,
398.0472998609006,70020,158,268,29557,
398.06046254168405,70020,158,267,29558,
398.07721324362745,70020,158,266,29559,
398.0819119765838,70019,159,266,29559,
398.093563363836,70019,158,267,29559,
398.09525021528526,70019,157,268,29559,
398.1213371390911,70019,157,267,29560,
398.12344210882094,70019,157,266,29561,
398.12754829982356,70019,157,265,29562,
398.146288343732,70018,158,265,29562,
398.16111235624794,70017,159,265,29562,
398.1737339201144,70017,158,266,29562,
398.1804493143982,70017,158,265,29563,
398.19334905604603,70017,158,264,29564,
398.19342713091373,70017,157,265,29564,
398.19348670969765,70016,158,265,29564,
398.21355907379615,70016,158,264,29565,
398.21800643057793,70015,159,264,29565,
398.23990118472284,70015,158,265,29565,
398.2584858189008,70015,158,264,29566,
398.27108718129915,70015,158,263,29567,
398.27341848997656,70014,159,263,29567,
398.2987895653418,70014,159,262,29568,
398.32384713916935,70013,160,262,29568,
398.3252598784454,70013,160,261,29569,
398.32904719828406,70013,159,262,29569,
398.33829742625096,70013,158,263,29569,
398.3429697407605,70013,157,264,29569,
398.35149436776425,70013,157,263,29570,
398.36617546754513,70012,158,263,29570,
398.3985466462255,70012,157,264,29570,
398.4065121899651,70012,157,263,29571,
398.4067637210724,70011,158,263,29571,
398.4093383889727,70011,158,262,29572,
398.4153702768051,70010,159,262,29572,
398.43096978875207,70009,160,262,29572,
398.44134477940696,70008,161,262,29572,
398.44299701086936,70007,162,262,29572,
398.45299438606963,70007,162,261,29573,
398.4577003089103,70007,161,262,29573,
398.4678459992582,70007,161,261,29574,
398.4759536492046,70007,160,262,29574,
398.47973992395646,70007,160,261,29575,
398.49774121761016,70007,159,262,29575,
398.50172246742454,70007,158,263,29575,
398.50411289294783,70007,158,262,29576,
398.5066033798391,70007,157,263,29576,
398.5088694703749,70007,157,262,29577,
398.5841014726011,70007,157,261,29578,
398.5971354256001,70007,157,260,29579,
398.60874645063143,70007,156,261,29579,
398.6242803311965,70006,157,261,29579,
398.6269262404853,70005,158,261,29579,
398.63579803471134,70005,158,260,29580,
398.6413398164999,70005,157,261,29580,
398.6520058734663,70004,158,261,29580,
398.6546049165051,70004,157,262,29580,
398.68768718839533,70004,157,261,29581,
398.69189305385424,70003,158,261,29581,
398.69615726408483,70003,157,262,29581,
398.69691793620024,70002,158,262,29581,
398.6979319921812,70002,157,263,29581,
398.7006423111318,70002,157,262,29582,
398.712674841159,70002,157,261,29583,
398.71782182430053,70001,158,261,29583,
398.71968643533313,70001,158,260,29584,
398.719746255345,70000,159,260,29584,
398.7324039541722,70000,158,261,29584,
398.73551058265735,70000,158,260,29585,
398.7583041065446,70000,157,261,29585,
398.7873923887139,69999,158,261,29585,
398.796622002828,69999,158,260,29586,
398.8129983849928,69999,158,259,29587,
398.8184686470708,69998,159,259,29587,
398.8294111928851,69998,158,260,29587,
398.8367945113671,69997,159,260,29587,
398.85006651932605,69997,158,261,29587,
398.85318866745007,69997,157,262,29587,
398.85516378335285,69997,157,261,29588,
398.869642994459,69997,157,260,29589,
398.87827852659865,69997,156,261,29589,
398.8846237325776,69996,157,261,29589,
398.90485373965123,69996,157,260,29590,
398.9075648075208,69996,157,259,29591,
398.9231843190134,69996,156,260,29591,
398.9420989289269,69996,156,259,29592,
398.94790470790406,69996,156,258,29593,
398.9495579777758,69996,156,257,29594,
398.9511995048869,69996,156,256,29595,
398.951595079794,69996,156,255,29596,
398.95298020900174,69996,155,256,29596,
398.9556270113694,69995,156,256,29596,
398.98182574523423,69995,155,257,29596,
399.0114755911948,69995,154,258,29596,
399.01482433515554,69995,154,257,29597,
399.015478373577,69995,153,258,29597,
399.0178560901325,69995,153,257,29598,
399.03541421287423,69995,153,256,29599,
399.03934914077405,69995,153,255,29600,
399.07208658169367,69995,153,254,29601,
399.0829052806215,69995,152,255,29601,
399.09408329476986,69995,151,256,29601,
399.09924754955114,69995,150,257,29601,
399.1232514246683,69994,151,257,29601,
399.14462618409067,69994,151,256,29602,
399.15730390968,69993,152,256,29602,
399.1726846058441,69993,151,257,29602,
399.18368040485484,69992,152,257,29602,
399.1999936511839,69992,152,256,29603,
399.20411845334615,69992,152,255,29604,
399.2049993625157,69992,152,254,29605,
399.20576144006645,69992,152,253,29606,
399.2129584078176,69991,153,253,29606,
399.2136144792874,69991,153,252,29607,
399.22766429298605,69991,153,251,29608,
399.2286350015456,69991,152,252,29608,
399.2537600820025,69991,151,253,29608,
399.2723068523511,69990,152,253,29608,
399.2729505248173,69990,151,254,29608,
399.31095877836253,69989,152,254,29608,
399.31840412118487,69989,152,253,29609,
399.3203161480838,69989,152,252,29610,
399.32277176743116,69989,151,253,29610,
399.3361546050587,69989,151,252,29611,
399.3412889051014,69989,151,251,29612,
399.3583278239197,69989,150,252,29612,
399.37526709810356,69988,151,252,29612,
399.40292608728043,69988,150,253,29612,
399.40458513051647,69988,150,252,29613,
399.40762883076786,69988,149,253,29613,
399.416665259766,69988,149,252,29614,
399.4231526541328,69987,150,252,29614,
399.4294768741567,69987,149,253,29614,
399.4313189439254,69987,148,254,29614,
399.43349207882284,69986,149,254,29614,
399.44228961779174,69986,149,253,29615,
399.4520113249284,69985,150,253,29615,
399.4574543012727,69984,151,253,29615,
399.46515971024354,69984,150,254,29615,
399.47108598737645,69984,150,253,29616,
399.48245452312483,69984,150,252,29617,
399.4935179629676,69984,149,253,29617,
399.4992127115461,69984,148,254,29617,
399.5062837590863,69984,147,255,29617,
399.5187454643314,69983,148,255,29617,
399.52908367162746,69983,147,256,29617,
399.5293712151519,69982,148,256,29617,
399.53700484840357,69982,147,257,29617,
399.57234295632077,69982,147,256,29618,
399.57514694364,69981,148,256,29618,
399.57907246119464,69981,148,255,29619,
399.5831887352433,69981,148,254,29620,
399.58665793088016,69981,148,253,29621,
399.59639286719766,69980,149,253,29621,
399.60560522559285,69980,148,254,29621,
399.61310747172087,69980,147,255,29621,
399.6174486264704,69980,147,254,29622,
399.6275427239679,69980,146,255,29622,
399.6322472106111,69980,146,254,29623,
399.6399644539268,69979,147,254,29623,
399.65225449927794,69979,146,255,29623,
399.65486543365347,69979,146,254,29624,
399.6578933170173,69978,147,254,29624,
399.65926473904824,69978,146,255,29624,
399.68919889602336,69978,146,254,29625,
399.6946445331809,69978,146,253,29626,
399.6964390297392,69978,146,252,29627,
399.72809690091566,69977,147,252,29627,
399.7376509637039,69976,148,252,29627,
399.75648924212743,69976,148,251,29628,
399.7572577700969,69976,147,252,29628,
399.7700411875885,69976,147,251,29629,
399.7735945696244,69976,147,250,29630,
399.7775114070565,69976,146,251,29630,
399.77753873346535,69976,146,250,29631,
399.7832986318776,69976,145,251,29631,
399.8168806216299,69976,144,252,29631,
399.8321594268111,69976,143,253,29631,
399.8490972418794,69976,143,252,29632,
399.8513325973794,69976,143,251,29633,
399.89156118986523,69976,143,250,29634,
399.8940059838745,69976,143,249,29635,
399.9134221216743,69976,143,248,29636,
399.93809860374887,69976,143,247,29637,
399.94651752540574,69976,143,246,29638,
399.9698040240665,69976,142,247,29638,
399.97611265347894,69976,142,246,29639,
399.97988798679125,69976,142,245,29640,
399.99923282459673,69975,143,245,29640,
400.01105004704414,69975,142,246,29640,
400.013575881431,69975,141,247,29640,
400.0302862533916,69974,142,247,29640,
400.0306650554112,69973,143,247,29640,
400.031783288219,69973,142,248,29640,
400.0379913495346,69973,142,247,29641,
400.0436828605908,69973,142,246,29642,
400.05284111036315,69972,143,246,29642,
400.05815070148356,69971,144,246,29642,
400.09100616049733,69971,143,247,29642,
400.099592951441,69971,142,248,29642,
400.1022933698945,69971,141,249,29642,
400.1058475417333,69971,140,250,29642,
400.11280150058434,69970,141,250,29642,
400.1336725818772,69970,140,251,29642,
400.1391851663911,69969,141,251,29642,
400.1584429525387,69969,140,252,29642,
400.1742530779242,69969,140,251,29643,
400.17943613888184,69968,141,251,29643,
400.1896711423824,69968,141,250,29644,
400.1989777989561,69968,140,251,29644,
400.20737737628696,69968,139,252,29644,
400.2145505783144,69968,138,253,29644,
400.2390306765325,69968,138,252,29645,
400.24056249709906,69967,139,252,29645,
400.24772242395784,69967,139,251,29646,
400.2597731747248,69967,139,250,29647,
400.27322518659497,69967,139,249,29648,
400.2807726365982,69967,138,250,29648,
400.288237311873,69966,139,250,29648,
400.29255729318004,69966,139,249,29649,
400.3009140990712,69965,140,249,29649,
400.3021854717253,69965,140,248,29650,
400.3074109550698,69964,141,248,29650,
400.33513120353274,69963,142,248,29650,
400.33890909748425,69963,142,247,29651,
400.3516521095498,69963,141,248,29651,
400.36193632837166,69963,141,247,29652,
400.37519211262907,69963,141,246,29653,
400.3811285218942,69962,142,246,29653,
400.42327587965343,69961,143,246,29653,
400.42787962637635,69961,143,245,29654,
400.43468730271735,69961,142,246,29654,
400.453147753382,69960,143,246,29654,
400.4671326209108,69960,142,247,29654,
400.4691167496147,69959,143,247,29654,
400.4758087654192,69959,143,246,29655,
400.4918313654503,69959,143,245,29656,
400.4924639699957,69958,144,245,29656,
400.5257213967499,69958,143,246,29656,
400.55159378053787,69958,142,247,29656,
400.5569827751065,69957,143,247,29656,
400.564631374285,69956,144,247,29656,
400.58665298736105,69955,145,247,29656,
400.5896393086438,69955,145,246,29657,
400.5915517538726,69955,145,245,29658,
400.61027470641613,69955,145,244,29659,
400.6136947032475,69955,145,243,29660,
400.628844468403,69955,144,244,29660,
400.6303617000857,69955,144,243,29661,
400.63984066806864,69955,143,244,29661,
400.643885818031,69955,143,243,29662,
400.6484285244599,69955,143,242,29663,
400.6671631314195,69955,143,241,29664,
400.69573262944544,69955,143,240,29665,
400.7240928712688,69955,143,239,29666,
400.72599859935264,69955,142,240,29666,
400.7293937768311,69955,141,241,29666,
400.73022507817876,69955,140,242,29666,
400.7344624848591,69955,139,243,29666,
400.739581784451,69955,138,244,29666,
400.76020240997434,69954,139,244,29666,
400.76061230376195,69954,138,245,29666,
400.7655031649254,69954,137,246,29666,
400.7659512500354,69954,136,247,29666,
400.7681480419623,69954,135,248,29666,
400.78531314844724,69954,134,249,29666,
400.80552601248667,69954,133,250,29666,
400.80650042702786,69954,133,249,29667,
400.8160508845316,69953,134,249,29667,
400.81900569078135,69953,133,250,29667,
400.82975861894647,69953,132,251,29667,
400.8304985458877,69952,133,251,29667,
400.83874781873413,69952,132,252,29667,
400.86128201884327,69952,131,253,29667,
400.877955403632,69951,132,253,29667,
400.8846679297765,69951,132,252,29668,
400.8877639646599,69951,131,253,29668,
400.89159188373196,69951,131,252,29669,
400.9005572885267,69950,132,252,29669,
400.9059669565185,69950,132,251,29670,
400.90957156338806,69950,132,250,29671,
400.92412800958573,69950,131,251,29671,
400.94837380100734,69949,132,251,29671,
400.96317311233736,69949,131,252,29671,
400.9632489731817,69949,131,251,29672,
400.9689477662041,69948,132,251,29672,
400.9935106977933,69948,131,252,29672,
400.99752005995464,69947,132,252,29672,
401.0221468390212,69947,132,251,29673,
401.02602472749726,69947,132,250,29674,
401.026299021698,69946,133,250,29674,
401.0330772666238,69946,133,249,29675,
401.03788874733584,69946,133,248,29676,
401.0411720981847,69946,132,249,29676,
401.0504313420876,69946,132,248,29677,
401.07393218930355,69946,132,247,29678,
401.0783252239923,69946,131,248,29678,
401.0793403077199,69946,130,249,29678,
401.09366747314203,69946,130,248,29679,
401.1235570436564,69946,130,247,29680,
401.1253220396943,69946,129,248,29680,
401.17289642809,69946,129,247,29681,
401.17583950844624,69946,128,248,29681,
401.1790727862619,69946,127,249,29681,
401.1816509749818,69945,128,249,29681,
401.18391282660167,69944,129,249,29681,
401.19126039589094,69944,129,248,29682,
401.20137637978576,69944,128,249,29682,
401.20264361404327,69943,129,249,29682,
401.2088463448625,69942,130,249,29682,
401.2281027715995,69942,129,250,29682,
401.22914799553064,69942,128,251,29682,
401.22938629512976,69942,128,250,29683,
401.23119342016673,69941,129,250,29683,
401.23329105792504,69940,130,250,29683,
401.23612563353595,69940,130,249,29684,
401.26088365248984,69940,129,250,29684,
401.2699687967303,69940,128,251,29684,
401.2759504890403,69939,129,251,29684,
401.284067334538,69939,129,250,29685,
401.29113922508736,69939,128,251,29685,
401.2952003757773,69938,129,251,29685,
401.2954563364516,69938,129,250,29686,
401.3103770683456,69937,130,250,29686,
401.32657663149587,69937,130,249,29687,
401.3420287098866,69937,130,248,29688,
401.36317615917017,69937,129,249,29688,
401.370531112073,69937,129,248,29689,
401.38051052443143,69936,130,248,29689,
401.3820783786783,69936,130,247,29690,
401.38374680564874,69936,129,248,29690,
401.3886172852208,69936,129,247,29691,
401.39096497676127,69936,129,246,29692,
401.3917121121081,69935,130,246,29692,
401.3954923158224,69935,130,245,29693,
401.42865443549294,69934,131,245,29693,
401.45068160677243,69934,130,246,29693,
401.4618149309132,69934,129,247,29693,
401.4654447028167,69933,130,247,29693,
401.46592735553,69933,129,248,29693,
401.46637874590544,69933,129,247,29694,
401.4843824975632,69932,130,247,29694,
401.49306866859104,69932,130,246,29695,
401.5132707981997,69932,129,247,29695,
401.52727684903743,69931,130,247,29695,
401.52989364549137,69931,130,246,29696,
401.53013070556426,69931,130,245,29697,
401.54312913773543,69930,131,245,29697,
401.59809436238635,69929,132,245,29697,
401.6236192640506,69929,132,244,29698,
401.6422196822157,69928,133,244,29698,
401.64402722164476,69928,133,243,29699,
401.6621083219212,69928,132,244,29699,
401.68403527275717,69927,133,244,29699,
401.6896653202103,69927,132,245,29699,
401.7046519064459,69927,132,244,29700,
401.7115099170748,69927,131,245,29700,
401.7386013795594,69926,132,245,29700,
401.74450126899785,69926,132,244,29701,
401.75291464742355,69926,131,245,29701,
401.7688596831172,69926,131,244,29702,
401.77051781390486,69925,132,244,29702,
401.7717500529832,69925,132,243,29703,
401.7737210627535,69925,131,244,29703,
401.79712860010113,69925,131,243,29704,
401.80033935605854,69925,130,244,29704,
401.80226227340063,69925,129,245,29704,
401.80745072522836,69924,130,245,29704,
401.81376369401056,69923,131,245,29704,
401.83220582022983,69923,130,246,29704,
401.8391997288351,69923,129,247,29704,
401.84562507543694,69923,129,246,29705,
401.8690293700218,69923,128,247,29705,
401.8885695829967,69922,129,247,29705,
401.89011831661975,69922,128,248,29705,
401.8941943050373,69922,128,247,29706,
401.90243316138736,69922,128,246,29707,
401.9353936797557,69921,129,246,29707,
401.9586091301477,69921,128,247,29707,
401.9600364124599,69920,129,247,29707,
401.97396944604674,69920,129,246,29708,
401.9776989860312,69919,130,246,29708,
401.9906654723584,69918,131,246,29708,
401.9914455751354,69918,131,245,29709,
401.9989046225877,69917,132,245,29709,
402.0010450879434,69917,132,244,29710,
402.02684149099946,69917,132,243,29711,
402.0547836552037,69916,133,243,29711,
402.06455520055476,69916,132,244,29711,
402.0694190164349,69915,133,244,29711,
402.07015944476296,69915,133,243,29712,
402.0770381733638,69915,132,244,29712,
402.0819939607164,69915,131,245,29712,
402.08282889392854,69915,131,244,29713,
402.110151987325,69914,132,244,29713,
402.16206549948436,69914,132,243,29714,
402.17682882205776,69914,131,244,29714,
402.21413526548974,69914,130,245,29714,
402.2249938166791,69913,131,245,29714,
402.2308424360743,69913,130,246,29714,
402.26350000914096,69913,130,245,29715,
402.282391255384,69913,129,246,29715,
402.2892663744034,69912,130,246,29715,
402.3397494720327,69911,131,246,29715,
402.3644712438832,69910,132,246,29715,
402.3660905924469,69910,132,245,29716,
402.3799086873248,69909,133,245,29716,
402.3915953112103,69909,132,246,29716,
402.4085862606752,69909,131,247,29716,
402.4123225162872,69909,130,248,29716,
402.41390957747916,69909,129,249,29716,
402.41802148143836,69909,128,250,29716,
402.4275677431379,69909,128,249,29717,
402.4472123758385,69909,128,248,29718,
402.45285170256835,69908,129,248,29718,
402.4611662090445,69908,128,249,29718,
402.463558468525,69907,129,249,29718,
402.46415359233936,69907,129,248,29719,
402.55107117601807,69906,130,248,29719,
402.5587362440041,69905,131,248,29719,
402.56220740236745,69905,130,249,29719,
402.6153037577788,69905,129,250,29719,
402.634594402239,69905,129,249,29720,
402.6609151785785,69905,129,248,29721,
402.67322628630467,69905,129,247,29722,
402.6814179742527,69905,128,248,29722,
402.6929385545583,69905,128,247,29723,
402.69806701564266,69905,128,246,29724,
402.7075612510818,69905,128,245,29725,
402.74482152315113,69905,128,244,29726,
402.7570621933501,69905,127,245,29726,
402.7864396147237,69905,126,246,29726,
402.7882617663081,69905,125,247,29726,
402.7957331865753,69905,124,248,29726,
402.7980751580112,69905,123,249,29726,
402.83854180945076,69905,122,250,29726,
402.8632149306759,69905,121,251,29726,
402.8686883252416,69905,120,252,29726,
402.8808442497149,69905,120,251,29727,
402.91014255659286,69905,120,250,29728,
402.92120396672414,69904,121,250,29728,
402.9264338156031,69903,122,250,29728,
402.92782208662254,69903,122,249,29729,
402.9411456208202,69903,122,248,29730,
402.9733363218464,69903,121,249,29730,
402.98973278076375,69903,121,248,29731,
402.990984602831,69902,122,248,29731,
403.01120999096514,69902,122,247,29732,
403.02054225353737,69902,122,246,29733,
403.03713751177486,69901,123,246,29733,
403.05070169225513,69900,124,246,29733,
403.05337226189545,69899,125,246,29733,
403.07228864166257,69899,124,247,29733,
403.08864943412146,69899,123,248,29733,
403.09771005714333,69899,122,249,29733,
403.1397084197699,69899,122,248,29734,
403.14874921376526,69898,123,248,29734,
403.1727111887812,69898,122,249,29734,
403.174955394316,69897,123,249,29734,
403.1809576538756,69897,122,250,29734,
403.1868389596641,69897,121,251,29734,
403.19181022571894,69897,121,250,29735,
403.2090973395091,69897,121,249,29736,
403.2161827939952,69897,120,250,29736,
403.21878569083646,69897,119,251,29736,
403.22691479128264,69897,119,250,29737,
403.2483269300324,69897,119,249,29738,
403.26043296143644,69896,120,249,29738,
403.28212390049055,69896,119,250,29738,
403.2880946961145,69895,120,250,29738,
403.2894074895318,69894,121,250,29738,
403.2913012334936,69894,121,249,29739,
403.30027962562843,69893,122,249,29739,
403.3055732540677,69893,121,250,29739,
403.31565349598037,69893,120,251,29739,
403.3187619464688,69893,119,252,29739,
403.335837402814,69893,118,253,29739,
403.34809243662755,69892,119,253,29739,
403.34972558280464,69891,120,253,29739,
403.35240738724866,69890,121,253,29739,
403.3748112185573,69890,121,252,29740,
403.37677083386205,69890,120,253,29740,
403.3873003375143,69890,120,252,29741,
403.38861127067815,69890,120,251,29742,
403.3891895744651,69890,119,252,29742,
403.4044403481029,69889,120,252,29742,
403.40515128179334,69889,120,251,29743,
403.40559564855,69889,120,250,29744,
403.44660744650866,69888,121,250,29744,
403.47620034791487,69887,122,250,29744,
403.5063295292721,69887,121,251,29744,
403.5219665684769,69887,120,252,29744,
403.55798386547883,69887,119,253,29744,
403.56609871304045,69887,119,252,29745,
403.57434212382907,69887,119,251,29746,
403.6201901932285,69886,120,251,29746,
403.6278690548852,69886,119,252,29746,
403.6324998343326,69886,119,251,29747,
403.63261392818777,69886,119,250,29748,
403.65196917827416,69885,120,250,29748,
403.65783934512604,69885,119,251,29748,
403.67555467944,69884,120,251,29748,
403.67760177294343,69884,119,252,29748,
403.6855670164378,69884,118,253,29748,
403.6912236609309,69883,119,253,29748,
403.6990215229549,69883,119,252,29749,
403.7182361332899,69883,119,251,29750,
403.7237058925587,69883,118,252,29750,
403.724291267545,69883,117,253,29750,
403.7247904235722,69883,116,254,29750,
403.74065591298194,69882,117,254,29750,
403.745849571451,69881,118,254,29750,
403.750369350343,69881,117,255,29750,
403.7574837591812,69880,118,255,29750,
403.7673787365594,69880,117,256,29750,
403.77846984274265,69880,117,255,29751,
403.7832913423622,69879,118,255,29751,
403.78894929659725,69879,117,256,29751,
403.79417324715723,69879,117,255,29752,
403.8125158956468,69878,118,255,29752,
403.81775668614785,69878,118,254,29753,
403.84219032857766,69877,119,254,29753,
403.8443786293103,69877,119,253,29754,
403.84938503336457,69876,120,253,29754,
403.85936347913315,69876,120,252,29755,
403.88645143913595,69876,119,253,29755,
403.886555817513,69875,120,253,29755,
403.8869528658001,69875,120,252,29756,
403.9197641091509,69875,119,253,29756,
403.9240986977993,69875,118,254,29756,
403.930444335129,69875,117,255,29756,
403.9349828237737,69874,118,255,29756,
403.94842487461005,69874,118,254,29757,
403.95780941275706,69874,117,255,29757,
403.9649395668441,69874,116,256,29757,
403.97333974136757,69874,116,255,29758,
403.97738862412035,69873,117,255,29758,
404.02195680491127,69872,118,255,29758,
404.02711797077797,69872,118,254,29759,
404.0309076724666,69871,119,254,29759,
404.06077863380744,69870,120,254,29759,
404.07823804932997,69870,119,255,29759,
404.07892926424,69870,118,256,29759,
404.10652271631375,69870,118,255,29760,
404.13237516476863,69870,117,256,29760,
404.14074126621114,69870,116,257,29760,
404.15063742898707,69870,116,256,29761,
404.15945395340316,69870,116,255,29762,
404.1741573028993,69870,116,254,29763,
404.18946798193633,69870,116,253,29764,
404.20256805395775,69869,117,253,29764,
404.2076848845947,69869,116,254,29764,
404.21655391749135,69869,115,255,29764,
404.2285167170138,69869,115,254,29765,
404.2399637100908,69869,115,253,29766,
404.2516292734057,69869,115,252,29767,
404.2635691107318,69868,116,252,29767,
404.2787318195439,69867,117,252,29767,
404.2982032805782,69867,116,253,29767,
404.2996314912998,69867,115,254,29767,
404.3078352493565,69866,116,254,29767,
404.3308244960021,69865,117,254,29767,
404.35203126542393,69865,116,255,29767,
404.3520340759964,69865,115,256,29767,
404.3624724426572,69865,115,255,29768,
404.38672844395757,69864,116,255,29768,
404.39120047332983,69864,115,256,29768,
404.39173607095057,69864,115,255,29769,
404.40446290228977,69864,114,256,29769,
404.4120660436752,69863,115,256,29769,
404.4239319445136,69862,116,256,29769,
404.4251576426366,69862,115,257,29769,
404.43994260329606,69862,115,256,29770,
404.4559086307229,69862,114,257,29770,
404.47241779119213,69861,115,257,29770,
404.47565137475914,69861,115,256,29771,
404.4899375981005,69861,114,257,29771,
404.49485676775066,69861,114,256,29772,
404.49863338721207,69860,115,256,29772,
404.5128567746857,69859,116,256,29772,
404.5414897028768,69858,117,256,29772,
404.5421916024922,69858,116,257,29772,
404.60135005482584,69857,117,257,29772,
404.610874016842,69857,117,256,29773,
404.61744129887063,69857,116,257,29773,
404.61839733548993,69857,116,256,29774,
404.63133173467855,69857,116,255,29775,
404.6528081195905,69857,116,254,29776,
404.6567776884346,69857,116,253,29777,
404.6785305723699,69857,115,254,29777,
404.68502619718333,69857,114,255,29777,
404.68996769360274,69857,113,256,29777,
404.69525986726376,69857,113,255,29778,
404.69915916964896,69856,114,255,29778,
404.7092829933002,69856,114,254,29779,
404.72231049243663,69855,115,254,29779,
404.72485151431647,69855,115,253,29780,
404.78072631578067,69855,115,252,29781,
404.78327572496556,69855,115,251,29782,
404.79550544878896,69855,114,252,29782,
404.81129531333147,69855,113,253,29782,
404.832500974254,69855,113,252,29783,
404.84635516801694,69855,113,251,29784,
404.8534882604409,69855,113,250,29785,
404.8560793984776,69855,112,251,29785,
404.8571768863276,69855,111,252,29785,
404.8605638465679,69855,110,253,29785,
404.8614805683902,69854,111,253,29785,
404.88809203023635,69854,111,252,29786,
404.8922191147662,69853,112,252,29786,
404.93378955782777,69853,111,253,29786,
404.9657870920856,69853,111,252,29787,
404.9731587606101,69853,111,251,29788,
404.9998374319612,69853,111,250,29789,
405.00957081417664,69853,110,251,29789,
405.01437596867976,69853,109,252,29789,
405.02119149272363,69853,109,251,29790,
405.06282376704775,69853,109,250,29791,
405.0634333177484,69853,109,249,29792,
405.0652761024285,69853,109,248,29793,
405.06851164833296,69853,109,247,29794,
405.07298630740286,69853,109,246,29795,
405.07558230339225,69853,109,245,29796,
405.07913329023637,69852,110,245,29796,
405.08838563640154,69852,109,246,29796,
405.09215945349524,69852,109,245,29797,
405.1055113340624,69851,110,245,29797,
405.1082804080152,69850,111,245,29797,
405.1201666487529,69850,111,244,29798,
405.1207639934196,69850,111,243,29799,
405.1331034488616,69849,112,243,29799,
405.13969310317157,69849,111,244,29799,
405.14332384186037,69848,112,244,29799,
405.1584421910658,69848,111,245,29799,
405.18167397994057,69847,112,245,29799,
405.19428264654533,69847,112,244,29800,
405.21428686843706,69847,112,243,29801,
405.21822685603405,69847,111,244,29801,
405.2351643253978,69847,111,243,29802,
405.25164402791233,69847,111,242,29803,
405.2861669123665,69847,111,241,29804,
405.29399112128897,69847,111,240,29805,
405.299017152905,69847,111,239,29806,
405.3014155026463,69847,111,238,29807,
405.3032604322561,69847,110,239,29807,
405.31622629898163,69847,109,240,29807,
405.32143925142395,69847,109,239,29808,
405.32413334108065,69846,110,239,29808,
405.3259210104544,69846,110,238,29809,
405.3524512561769,69846,109,239,29809,
405.35340722845183,69845,110,239,29809,
405.3600813907298,69844,111,239,29809,
405.3719992770029,69844,110,240,29809,
405.3789733795137,69843,111,240,29809,
405.3797836953856,69843,111,239,29810,
405.3810682694128,69843,111,238,29811,
405.395615143924,69843,111,237,29812,
405.40383427621333,69842,112,237,29812,
405.41196283526403,69842,111,238,29812,
405.4168306889454,69841,112,238,29812,
405.42715639612794,69841,111,239,29812,
405.44927639429625,69841,111,238,29813,
405.45769985333715,69840,112,238,29813,
405.4626449819339,69840,112,237,29814,
405.47456245046305,69840,112,236,29815,
405.47569433060556,69840,112,235,29816,
405.4790891908797,69839,113,235,29816,
405.4807537485791,69838,114,235,29816,
405.50190085923606,69838,114,234,29817,
405.5143218493719,69838,113,235,29817,
405.5182714831018,69838,113,234,29818,
405.51910066583883,69838,113,233,29819,
405.52507682849125,69838,112,234,29819,
405.53973802153104,69838,111,235,29819,
405.54560855374285,69838,111,234,29820,
405.554386843826,69838,111,233,29821,
405.5613799997878,69838,110,234,29821,
405.57192832251786,69838,109,235,29821,
405.5754213012756,69838,108,236,29821,
405.5866229561913,69838,108,235,29822,
405.590783889745,69838,107,236,29822,
405.59091398224905,69837,108,236,29822,
405.65811351609045,69837,108,235,29823,
405.67386769194553,69837,108,234,29824,
405.6931825250824,69837,108,233,29825,
405.6960160782757,69837,107,234,29825,
405.6963456415982,69837,106,235,29825,
405.69864065977566,69837,106,234,29826,
405.7023845568623,69837,106,233,29827,
405.7306036005684,69836,107,233,29827,
405.7338809224124,69835,108,233,29827,
405.73682401348486,69834,109,233,29827,
405.74280614859225,69833,110,233,29827,
405.7486590692126,69833,109,234,29827,
405.7609977145032,69833,108,235,29827,
405.76124901496735,69833,108,234,29828,
405.80086179404776,69833,108,233,29829,
405.80511415345114,69833,108,232,29830,
405.8309809615,69833,107,233,29830,
405.8320033716169,69833,107,232,29831,
405.86745088004227,69833,107,231,29832,
405.9209393932687,69833,106,232,29832,
405.92675897214684,69833,105,233,29832,
405.93556930708013,69833,105,232,29833,
405.9457057926266,69833,105,231,29834,
405.95302909031614,69833,105,230,29835,
405.9532996860426,69833,104,231,29835,
405.9651860261897,69833,104,230,29836,
405.9677521522369,69833,104,229,29837,
405.99813442554876,69832,105,229,29837,
406.03227858155134,69831,106,229,29837,
406.035168714819,69831,106,228,29838,
406.0422824042406,69831,105,229,29838,
406.06455688770893,69831,105,228,29839,
406.0878110757394,69831,104,229,29839,
406.0997749172409,69830,105,229,29839,
406.10564545708485,69830,104,230,29839,
406.10617733782044,69829,105,230,29839,
406.16981229275194,69828,106,230,29839,
406.1739500438087,69828,106,229,29840,
406.193684354923,69828,106,228,29841,
406.22847982428704,69827,107,228,29841,
406.2504500254123,69826,108,228,29841,
406.2620487890591,69826,107,229,29841,
406.2871234406764,69826,106,230,29841,
406.2899763106153,69826,106,229,29842,
406.3210729219541,69825,107,229,29842,
406.34367713998637,69824,108,229,29842,
406.41114988327126,69824,108,228,29843,
406.4117464737915,69824,107,229,29843,
406.4235839222291,69824,106,230,29843,
406.4572038915658,69824,106,229,29844,
406.4573752223906,69824,105,230,29844,
406.46602490516074,69823,106,230,29844,
406.49184680813835,69823,106,229,29845,
406.53758096469016,69823,106,228,29846,
406.55373687852716,69823,105,229,29846,
406.5582390224861,69822,106,229,29846,
406.6053210675686,69822,106,228,29847,
406.6179764788379,69822,105,229,29847,
406.6267730684168,69821,106,229,29847,
406.63710946981575,69820,107,229,29847,
406.6540441668921,69820,107,228,29848,
406.6584845694558,69819,108,228,29848,
406.6647924773372,69819,108,227,29849,
406.6705923707822,69818,109,227,29849,
406.68840832752164,69818,108,228,29849,
406.7165462617319,69817,109,228,29849,
406.73272308231725,69816,110,228,29849,
406.74382816682214,69816,110,227,29850,
406.75538285567484,69815,111,227,29850,
406.7721618838693,69815,111,226,29851,
406.77284974289023,69814,112,226,29851,
406.77606346097684,69814,111,227,29851,
406.7763606924018,69813,112,227,29851,
406.7905912865494,69813,112,226,29852,
406.80297055183877,69812,113,226,29852,
406.8165266414796,69811,114,226,29852,
406.8216766393339,69811,114,225,29853,
406.86890709259865,69811,114,224,29854,
406.8691944525526,69811,113,225,29854,
406.9016108245519,69810,114,225,29854,
406.91345040694137,69810,113,226,29854,
406.9233487529454,69809,114,226,29854,
406.92757863442876,69809,114,225,29855,
406.9302176759571,69809,113,226,29855,
406.9335694096531,69808,114,226,29855,
406.9492655419035,69808,113,227,29855,
406.9878716695504,69807,114,227,29855,
407.0183233063325,69807,113,228,29855,
407.0395527903903,69807,113,227,29856,
407.06169240492125,69807,113,226,29857,
407.08775934613834,69807,112,227,29857,
407.08980221561427,69807,112,226,29858,
407.09625068684176,69807,111,227,29858,
407.1021369026991,69807,111,226,29859,
407.1203187695403,69806,112,226,29859,
407.15583397939736,69806,111,227,29859,
407.1568439661695,69805,112,227,29859,
407.159484822351,69805,111,228,29859,
407.192693872688,69804,112,228,29859,
407.19446212348754,69804,112,227,29860,
407.23308572283696,69804,112,226,29861,
407.23830478044937,69804,111,227,29861,
407.26387289675466,69804,110,228,29861,
407.2677900381192,69804,110,227,29862,
407.2724556733831,69804,109,228,29862,
407.2783874970935,69804,108,229,29862,
407.2840524300962,69803,109,229,29862,
407.28852434891746,69802,110,229,29862,
407.29990029777946,69801,111,229,29862,
407.3009370278464,69801,111,228,29863,
407.3014641019565,69800,112,228,29863,
407.31577508882077,69799,113,228,29863,
407.32914627038224,69798,114,228,29863,
407.33147710877967,69798,113,229,29863,
407.3554667241734,69798,113,228,29864,
407.36441170835195,69798,112,229,29864,
407.3871138854624,69798,112,228,29865,
407.4006269960074,69798,112,227,29866,
407.4102768792622,69797,113,227,29866,
407.42570847501236,69796,114,227,29866,
407.42700830811197,69795,115,227,29866,
407.4513538996232,69795,115,226,29867,
407.45992416092525,69795,114,227,29867,
407.46642160140414,69795,114,226,29868,
407.47427087053757,69795,114,225,29869,
407.47609778395486,69794,115,225,29869,
407.48378311637475,69794,115,224,29870,
407.491689325108,69794,114,225,29870,
407.4968450833611,69793,115,225,29870,
407.51007078878854,69793,115,224,29871,
407.516094503152,69793,115,223,29872,
407.5463139470296,69793,115,222,29873,
407.5536919106852,69793,115,221,29874,
407.5602981449542,69792,116,221,29874,
407.5719958450726,69792,116,220,29875,
407.58199480264585,69791,117,220,29875,
407.5872254606966,69791,116,221,29875,
407.58759600548615,69791,115,222,29875,
407.5976889675051,69791,115,221,29876,
407.6099666103627,69790,116,221,29876,
407.62169924047333,69790,116,220,29877,
407.62864998347266,69790,115,221,29877,
407.6319428874193,69790,114,222,29877,
407.636511089974,69790,113,223,29877,
407.69174123703056,69789,114,223,29877,
407.6955333258756,69788,115,223,29877,
407.71940445788647,69788,115,222,29878,
407.7328424630579,69788,114,223,29878,
407.75264981621405,69788,114,222,29879,
407.7844382964889,69787,115,222,29879,
407.7870276975223,69786,116,222,29879,
407.8013284104511,69786,116,221,29880,
407.80201083247573,69786,116,220,29881,
407.8371806680589,69786,116,219,29882,
407.8561483653407,69786,116,218,29883,
407.8774461243768,69786,115,219,29883,
407.8968655706268,69785,116,219,29883,
407.897711576329,69784,117,219,29883,
407.9091800194598,69783,118,219,29883,
407.9385535914267,69783,117,220,29883,
407.9420643439778,69782,118,220,29883,
407.9475344046886,69782,118,219,29884,
407.953107865573,69782,117,220,29884,
407.96314063441,69782,117,219,29885,
407.9772647854078,69782,117,218,29886,
407.98190337684935,69782,117,217,29887,
407.9820489637665,69781,118,217,29887,
407.9893184925767,69781,118,216,29888,
407.99586644942036,69780,119,216,29888,
408.01288132256815,69779,120,216,29888,
408.0363227839667,69779,120,215,29889,
408.041491600078,69779,120,214,29890,
408.0508663442094,69779,120,213,29891,
408.0605290222777,69779,119,214,29891,
408.0974737035767,69779,118,215,29891,
408.10392606694205,69779,117,216,29891,
408.1240900464254,69779,116,217,29891,
408.12740563336934,69779,115,218,29891,
408.1444266337471,69779,114,219,29891,
408.14558199172154,69779,114,218,29892,
408.14589835075776,69779,114,217,29893,
408.1911407427712,69779,114,216,29894,
408.2005245133738,69779,114,215,29895,
408.2043947028368,69779,114,214,29896,
408.21025271770566,69779,114,213,29897,
408.2201971361542,69778,115,213,29897,
408.2296427774345,69778,114,214,29897,
408.2305518305193,69778,114,213,29898,
408.2477209488678,69778,114,212,29899,
408.25937332469914,69778,113,213,29899,
408.26103689962093,69778,112,214,29899,
408.28586929228715,69778,112,213,29900,
408.2981970076578,69778,111,214,29900,
408.3037170571666,69778,111,213,29901,
408.3051295359428,69777,112,213,29901,
408.35094148649887,69777,112,212,29902,
408.37238160862023,69777,111,213,29902,
408.37344586542605,69776,112,213,29902,
408.407050295771,69775,113,213,29902,
408.420938025431,69774,114,213,29902,
408.43158394229926,69774,114,212,29903,
408.4426918000894,69773,115,212,29903,
408.49225391550004,69773,115,211,29904,
408.50886906567973,69773,115,210,29905,
408.5150216242171,69772,116,210,29905,
408.5349057080017,69771,117,210,29905,
408.53646428282207,69770,118,210,29905,
408.55545446622517,69770,118,209,29906,
408.57186350534494,69770,117,210,29906,
408.59291055999324,69770,117,209,29907,
408.64124377469227,69770,116,210,29907,
408.6552648798157,69769,117,210,29907,
408.6557479295279,69768,118,210,29907,
408.68207230001065,69768,117,211,29907,
408.68965877594184,69767,118,211,29907,
408.70618073685404,69767,118,210,29908,
408.7102759484163,69766,119,210,29908,
408.72389669621634,69766,119,209,29909,
408.73050157432215,69765,120,209,29909,
408.74290542737066,69765,120,208,29910,
408.7635630828193,69765,120,207,29911,
408.76915733370555,69764,121,207,29911,
408.80944544148065,69764,120,208,29911,
408.81678860179164,69764,120,207,29912,
408.822629391445,69764,120,206,29913,
408.8302501099356,69764,120,205,29914,
408.83350032029284,69764,120,204,29915,
408.83943811524784,69764,119,205,29915,
408.84911600127543,69764,118,206,29915,
408.84986447104995,69764,117,207,29915,
408.8732701656869,69764,117,206,29916,
408.8815589738789,69764,117,205,29917,
408.8857838479648,69764,116,206,29917,
408.887078706917,69763,117,206,29917,
408.9013599436504,69762,118,206,29917,
408.9294199055925,69762,117,207,29917,
408.93402913348467,69762,117,206,29918,
408.9837404147954,69762,116,207,29918,
409.01570071523133,69762,115,208,29918,
409.02161322946216,69761,116,208,29918,
409.05893252968275,69761,116,207,29919,
409.0785333916072,69760,117,207,29919,
409.08562243059407,69759,118,207,29919,
409.09323590852296,69759,117,208,29919,
409.0962513103361,69759,117,207,29920,
409.11340197076,69759,117,206,29921,
409.11884406516964,69759,117,205,29922,
409.1262528330072,69759,117,204,29923,
409.13219147968755,69759,117,203,29924,
409.1541222539541,69758,118,203,29924,
409.1555132550358,69757,119,203,29924,
409.18076069399035,69757,118,204,29924,
409.1858631916392,69757,117,205,29924,
409.1995084536483,69757,116,206,29924,
409.20231001919376,69757,115,207,29924,
409.21320115535445,69757,114,208,29924,
409.2201862779013,69757,114,207,29925,
409.2637633486045,69756,115,207,29925,
409.2643486694613,69755,116,207,29925,
409.2692632915858,69755,116,206,29926,
409.28616294463734,69754,117,206,29926,
409.30400708211783,69754,117,205,29927,
409.3086149163467,69754,117,204,29928,
409.33257359828383,69753,118,204,29928,
409.35752095947504,69753,117,205,29928,
409.3611691658181,69753,116,206,29928,
409.37312003823246,69753,115,207,29928,
409.37387524567976,69752,116,207,29928,
409.4135728479011,69751,117,207,29928,
409.41729894948134,69751,116,208,29928,
409.420279246153,69751,116,207,29929,
409.42961508390954,69751,116,206,29930,
409.4529656768727,69751,116,205,29931,
409.4642196543907,69751,115,206,29931,
409.4854689212273,69751,115,205,29932,
409.5003867031753,69751,115,204,29933,
409.50465923521693,69751,114,205,29933,
409.5171363195831,69750,115,205,29933,
409.5389879037974,69749,116,205,29933,
409.55920932364324,69749,115,206,29933,
409.5984361450784,69749,114,207,29933,
409.6283908899839,69748,115,207,29933,
409.62978427928914,69747,116,207,29933,
409.6308896896986,69746,117,207,29933,
409.6379228890175,69746,117,206,29934,
409.6407839293076,69746,116,207,29934,
409.64266532335495,69745,117,207,29934,
409.648496112894,69745,117,206,29935,
409.654332961428,69745,116,207,29935,
409.6904842721879,69745,116,206,29936,
409.7044897738397,69744,117,206,29936,
409.70521799674634,69744,117,205,29937,
409.7564119723931,69744,117,204,29938,
409.7632302794618,69743,118,204,29938,
409.7751031210536,69743,117,205,29938,
409.8014808378461,69743,117,204,29939,
409.843425877841,69743,117,203,29940,
409.85931678079976,69743,117,202,29941,
409.92076340250577,69743,116,203,29941,
409.98971707545473,69742,117,203,29941,
410.04216391735844,69741,118,203,29941,
410.0870212218728,69740,119,203,29941,
410.0876889870488,69740,118,204,29941,
410.09612838842764,69740,117,205,29941,
410.1006186350957,69740,117,204,29942,
410.1048563349274,69739,118,204,29942,
410.10523512115583,69738,119,204,29942,
410.1131261268171,69738,118,205,29942,
410.13460668581257,69738,118,204,29943,
410.1444209352598,69738,117,205,29943,
410.1662901870218,69738,117,204,29944,
410.1826626230745,69738,116,205,29944,
410.19908205993084,69738,116,204,29945,
410.22868898005333,69738,115,205,29945,
410.26411129523694,69737,116,205,29945,
410.28367519565205,69737,116,204,29946,
410.2975768031316,69736,117,204,29946,
410.2992132300645,69735,118,204,29946,
410.30290736402594,69735,118,203,29947,
410.31267367273006,69734,119,203,29947,
410.32449585762595,69734,119,202,29948,
410.33381425325564,69734,119,201,29949,
410.33420592711707,69734,119,200,29950,
410.34677740671026,69734,119,199,29951,
410.34774463269713,69734,119,198,29952,
410.35727779196867,69734,118,199,29952,
410.36219470909225,69734,117,200,29952,
410.36938213851647,69734,117,199,29953,
410.3744657607078,69733,118,199,29953,
410.38273375326935,69733,118,198,29954,
410.4043285287691,69733,117,199,29954,
410.4056421196514,69732,118,199,29954,
410.4115022046489,69732,118,198,29955,
410.4315254743913,69732,117,199,29955,
410.4607239182802,69732,117,198,29956,
410.4651491828847,69732,117,197,29957,
410.4680008352968,69732,116,198,29957,
410.469984342164,69732,115,199,29957,
410.48783205330415,69732,115,198,29958,
410.49351687148373,69732,114,199,29958,
410.5131073729676,69731,115,199,29958,
410.5145045312417,69731,115,198,29959,
410.52368874351407,69731,115,197,29960,
410.52603145105115,69730,116,197,29960,
410.52668381960916,69730,115,198,29960,
410.54961622665286,69730,115,197,29961,
410.56758365357285,69730,115,196,29962,
410.57746671293864,69729,116,196,29962,
410.5831242354556,69729,116,195,29963,
410.5872112136315,69729,115,196,29963,
410.60761077413844,69729,114,197,29963,
410.61170221686973,69729,113,198,29963,
410.6126949914091,69729,112,199,29963,
410.62100085285385,69728,113,199,29963,
410.6238619753261,69727,114,199,29963,
410.6814346275724,69726,115,199,29963,
410.6880009398695,69726,115,198,29964,
410.68821369866055,69726,114,199,29964,
410.7098181732376,69726,113,200,29964,
410.71837291335373,69726,113,199,29965,
410.7711907414858,69726,112,200,29965,
410.7893552254147,69726,112,199,29966,
410.7895185036961,69725,113,199,29966,
410.8073449826673,69724,114,199,29966,
410.82749074668817,69723,115,199,29966,
410.85641896310466,69723,115,198,29967,
410.91760433319337,69723,115,197,29968,
410.9182024627339,69723,114,198,29968,
410.93804823705176,69723,114,197,29969,
410.9450855749192,69723,114,196,29970,
410.94633044865066,69723,113,197,29970,
410.95115667373983,69723,112,198,29970,
410.9564236922265,69723,112,197,29971,
410.96515493695273,69723,112,196,29972,
410.99411781531813,69723,111,197,29972,
410.9957801601939,69723,111,196,29973,
410.99724336348817,69723,111,195,29974,
411.04660814209905,69723,111,194,29975,
411.06008120899253,69723,110,195,29975,
411.06201781857476,69723,109,196,29975,
411.0881210375398,69723,108,197,29975,
411.1128840914698,69723,108,196,29976,
411.1186329247182,69723,108,195,29977,
411.15707800309355,69723,107,196,29977,
411.15984029184426,69723,107,195,29978,
411.1936053489102,69723,107,194,29979,
411.1965524473416,69723,107,193,29980,
411.20200737158706,69723,107,192,29981,
411.20681040667074,69722,108,192,29981,
411.211326733947,69722,107,193,29981,
411.2487851165073,69721,108,193,29981,
411.2604198380661,69720,109,193,29981,
411.26862889675186,69720,108,194,29981,
411.28407718353617,69720,107,195,29981,
411.3051461436265,69720,107,194,29982,
411.3273516831866,69720,107,193,29983,
411.3307177906992,69720,106,194,29983,
411.36410945398154,69720,106,193,29984,
411.3664894793931,69720,105,194,29984,
411.37601988670025,69720,105,193,29985,
411.38349978763915,69720,105,192,29986,
411.38402455030086,69720,104,193,29986,
411.3857359868674,69720,104,192,29987,
411.3859722728122,69720,104,191,29988,
411.38875346328285,69720,103,192,29988,
411.41171338877405,69720,103,191,29989,
411.4371654468348,69719,104,191,29989,
411.44022216731986,69719,104,190,29990,
411.4543175061593,69719,103,191,29990,
411.47560934438,69719,103,190,29991,
411.4906917264681,69719,103,189,29992,
411.4952488819459,69719,103,188,29993,
411.5165038217122,69719,102,189,29993,
411.60440520106977,69719,101,190,29993,
411.60630386358395,69718,102,190,29993,
411.6199663672841,69718,102,189,29994,
411.6539947195077,69718,101,190,29994,
411.6629057503072,69718,100,191,29994,
411.6844146905879,69718,99,192,29994,
411.70910907200755,69717,100,192,29994,
411.7372856437803,69716,101,192,29994,
411.76093523064435,69716,100,193,29994,
411.76663958629183,69716,100,192,29995,
411.7761050998898,69716,99,193,29995,
411.7763197538291,69716,99,192,29996,
411.8425733641593,69716,98,193,29996,
411.8429240067798,69716,98,192,29997,
411.8841038067818,69715,99,192,29997,
411.9313692458679,69715,99,191,29998,
411.9333547316179,69715,99,190,29999,
411.95003677061277,69715,98,191,29999,
411.95311386023,69715,98,190,30000,
411.9584685688419,69714,99,190,30000,
411.9793154673393,69713,100,190,30000,
411.9884633422489,69712,101,190,30000,
412.003257073306,69712,101,189,30001,
412.01067276958383,69711,102,189,30001,
412.0221628696653,69711,101,190,30001,
412.0280259353932,69711,101,189,30002,
412.0523600939968,69710,102,189,30002,
412.0562494000125,69710,102,188,30003,
412.0770457690228,69710,101,189,30003,
412.0948236473894,69710,100,190,30003,
412.12603224446127,69709,101,190,30003,
412.12822907341825,69709,101,189,30004,
412.1927829059666,69709,100,190,30004,
412.2035938335588,69709,99,191,30004,
412.2065918191842,69709,99,190,30005,
412.2347762522924,69709,98,191,30005,
412.25687907197533,69708,99,191,30005,
412.279811534854,69708,98,192,30005,
412.30746268495824,69708,98,191,30006,
412.31685576272184,69708,97,192,30006,
412.3252752407878,69708,97,191,30007,
412.3300998190333,69708,97,190,30008,
412.34249641327705,69707,98,190,30008,
412.382143338967,69707,98,189,30009,
412.3857212738716,69707,97,190,30009,
412.39192798968963,69706,98,190,30009,
412.42183003913607,69706,97,191,30009,
412.4280239257727,69705,98,191,30009,
412.43610712130805,69705,97,192,30009,
412.46552278753876,69705,97,191,30010,
412.47143837421413,69705,97,190,30011,
412.48149640994717,69705,97,189,30012,
412.5081057020032,69705,96,190,30012,
412.5088607675936,69704,97,190,30012,
412.5104043289135,69703,98,190,30012,
412.5391277832652,69702,99,190,30012,
412.5451342755623,69702,99,189,30013,
412.56395160901315,69701,100,189,30013,
412.58291812224695,69701,99,190,30013,
412.58972121581763,69700,100,190,30013,
412.6128715696796,69700,100,189,30014,
412.6263884687396,69700,99,190,30014,
412.68671189448816,69700,98,191,30014,
412.74610868539696,69700,98,190,30015,
412.79365063149316,69700,97,191,30015,
412.80467692447695,69700,96,192,30015,
412.84686166170536,69699,97,192,30015,
412.86042545070165,69698,98,192,30015,
412.9001296000968,69697,99,192,30015,
412.91399143879437,69697,98,193,30015,
412.9241357517328,69697,98,192,30016,
412.94530229472537,69697,98,191,30017,
412.989763094008,69697,97,192,30017,
412.99052422377105,69697,97,191,30018,
413.0060381175845,69696,98,191,30018,
413.00996757513786,69696,98,190,30019,
413.01027003885986,69695,99,190,30019,
413.0102885943221,69695,99,189,30020,
413.0613202694602,69694,100,189,30020,
413.0669823660038,69693,101,189,30020,
413.07256548044904,69693,100,190,30020,
413.11300312107335,69693,99,191,30020,
413.130379880709,69693,98,192,30020,
413.16540031545105,69693,97,193,30020,
413.17451278574674,69693,97,192,30021,
413.1821093677374,69693,97,191,30022,
413.19765483423123,69693,96,192,30022,
413.2220113568458,69692,97,192,30022,
413.24615677267764,69692,96,193,30022,
413.27262253351574,69691,97,193,30022,
413.28477641058174,69691,97,192,30023,
413.31129835901163,69690,98,192,30023,
413.32508004237616,69690,97,193,30023,
413.3345396722828,69690,96,194,30023,
413.33557618101605,69690,96,193,30024,
413.35161534183214,69690,96,192,30025,
413.3550371118283,69690,96,191,30026,
413.3687886451805,69690,95,192,30026,
413.38110746247435,69690,95,191,30027,
413.39025628250624,69690,95,190,30028,
413.4642017415179,69689,96,190,30028,
413.4693575681839,69689,96,189,30029,
413.4860604253768,69689,96,188,30030,
413.49424270867837,69688,97,188,30030,
413.50022651593537,69688,97,187,30031,
413.504643837222,69688,96,188,30031,
413.5353698744968,69687,97,188,30031,
413.5552532151466,69686,98,188,30031,
413.5916319587639,69686,98,187,30032,
413.59756565626634,69686,97,188,30032,
413.60597927984963,69685,98,188,30032,
413.63821768601144,69684,99,188,30032,
413.64050729720464,69683,100,188,30032,
413.6543425015839,69683,100,187,30033,
413.67360211878093,69683,100,186,30034,
413.6907587181637,69682,101,186,30034,
413.6911507913316,69682,101,185,30035,
413.72064910553195,69682,100,186,30035,
413.7257188255063,69682,99,187,30035,
413.74673883185824,69681,100,187,30035,
413.77511865261863,69681,99,188,30035,
413.79261652961804,69680,100,188,30035,
413.8064174594569,69680,100,187,30036,
413.8174902479534,69680,100,186,30037,
413.8269774806657,69679,101,186,30037,
413.9062609312306,69679,101,185,30038,
413.94593389378576,69678,102,185,30038,
413.9624725087302,69678,101,186,30038,
413.974422797706,69678,101,185,30039,
413.97569839189885,69678,101,184,30040,
414.01290659759667,69678,101,183,30041,
414.01420562865536,69677,102,183,30041,
414.01875155109764,69677,102,182,30042,
414.02614274310474,69677,101,183,30042,
414.0500776743993,69677,100,184,30042,
414.1020125956652,69676,101,184,30042,
414.1085382826106,69676,101,183,30043,
414.11237594441076,69676,100,184,30043,
414.11250373077206,69675,101,184,30043,
414.11971547994295,69675,100,185,30043,
414.12346600375344,69674,101,185,30043,
414.12995640299783,69673,102,185,30043,
414.14077887072796,69672,103,185,30043,
414.169274268157,69671,104,185,30043,
414.28310327801273,69671,104,184,30044,
414.2967772031258,69671,103,185,30044,
414.3496235945359,69671,103,184,30045,
414.3632831379878,69671,102,185,30045,
414.39436135855897,69671,102,184,30046,
414.3966820379768,69671,102,183,30047,
414.41235729691186,69671,101,184,30047,
414.4633574774352,69670,102,184,30047,
414.48118661427833,69670,101,185,30047,
414.4812786458019,69670,100,186,30047,
414.5200347383127,69670,99,187,30047,
414.56462028779004,69670,98,188,30047,
414.5739505262246,69670,97,189,30047,
414.5837367070855,69670,96,190,30047,
414.59727333199066,69670,95,191,30047,
414.6181688399139,69669,96,191,30047,
414.62362953425594,69669,95,192,30047,
414.6285427069585,69669,94,193,30047,
414.6325689556994,69668,95,193,30047,
414.65648620006647,69668,95,192,30048,
414.65699860540883,69668,94,193,30048,
414.66507756385215,69668,93,194,30048,
414.68433873688167,69668,93,193,30049,
414.6991848253769,69668,93,192,30050,
414.707403923444,69668,92,193,30050,
414.71202360798304,69668,91,194,30050,
414.719620982755,69668,91,193,30051,
414.7412330211744,69668,90,194,30051,
414.7504022700981,69667,91,194,30051,
414.7507902181202,69666,92,194,30051,
414.7689326893343,69666,92,193,30052,
414.8029117742526,69665,93,193,30052,
414.81251957097743,69665,93,192,30053,
414.8175680135412,69665,93,191,30054,
414.8784837029147,69665,93,190,30055,
414.928527861013,69665,93,189,30056,
414.9375836820799,69665,93,188,30057,
414.93812247928145,69664,94,188,30057,
414.9382389090806,69664,94,187,30058,
414.94963808170576,69663,95,187,30058,
414.9583916841762,69663,94,188,30058,
414.9595266920567,69663,94,187,30059,
414.96479027925784,69663,94,186,30060,
414.9689868388718,69663,94,185,30061,
414.9864934238378,69663,93,186,30061,
415.02947777980893,69662,94,186,30061,
415.04308142568084,69661,95,186,30061,
415.0732581409127,69660,96,186,30061,
415.0915229088506,69660,96,185,30062,
415.1263447099375,69660,95,186,30062,
415.1319483289631,69660,94,187,30062,
415.15665728035964,69660,94,186,30063,
415.20662209258006,69660,93,187,30063,
415.2217241478583,69660,93,186,30064,
415.22278784869513,69660,92,187,30064,
415.24427060930424,69660,92,186,30065,
415.2568262906621,69660,92,185,30066,
415.2783080570116,69659,93,185,30066,
415.2807151184368,69658,94,185,30066,
415.38412039045045,69657,95,185,30066,
415.40083838287273,69657,95,184,30067,
415.4230090508464,69657,95,183,30068,
415.49575851913045,69656,96,183,30068,
415.4986521711699,69656,96,182,30069,
415.510536768587,69656,96,181,30070,
415.51378439593884,69656,96,180,30071,
415.52229682760503,69656,96,179,30072,
415.5443324998405,69656,95,180,30072,
415.617123093038,69656,95,179,30073,
415.62101540483815,69656,95,178,30074,
415.65614538604336,69655,96,178,30074,
415.66481093352024,69655,95,179,30074,
415.66649258412497,69654,96,179,30074,
415.6750770024645,69654,96,178,30075,
415.6987400726464,69654,96,177,30076,
415.70267047455366,69654,95,178,30076,
415.7086013602067,69653,96,178,30076,
415.7438953057791,69653,95,179,30076,
415.7548179513583,69653,94,180,30076,
415.77948162544175,69653,93,181,30076,
415.80758150428954,69653,93,180,30077,
415.81413687874397,69652,94,180,30077,
415.8167245529592,69652,93,181,30077,
415.8260693651593,69652,92,182,30077,
415.8984332538549,69652,92,181,30078,
415.90872208621425,69652,92,180,30079,
415.9104968597888,69651,93,180,30079,
415.9433993650192,69650,94,180,30079,
415.9682561310354,69650,94,179,30080,
415.97269756727775,69649,95,179,30080,
416.0436893139553,69648,96,179,30080,
416.07270430913024,69648,95,180,30080,
416.12132824062877,69648,95,179,30081,
416.12627165707465,69648,95,178,30082,
416.12637365279636,69648,95,177,30083,
416.1302954676845,69648,95,176,30084,
416.1332595489498,69648,94,177,30084,
416.1352488407305,69647,95,177,30084,
416.181184240158,69647,94,178,30084,
416.1817177088906,69646,95,178,30084,
416.1829399010425,69646,94,179,30084,
416.1878341816496,69646,93,180,30084,
416.19277689448325,69646,93,179,30085,
416.23330966303007,69646,92,180,30085,
416.2806820531117,69646,91,181,30085,
416.3145512138328,69645,92,181,30085,
416.3323046843593,69644,93,181,30085,
416.36050626783805,69643,94,181,30085,
416.4042563494415,69642,95,181,30085,
416.4221929785811,69642,94,182,30085,
416.445359463086,69642,94,181,30086,
416.4643560418393,69641,95,181,30086,
416.4680642337363,69640,96,181,30086,
416.4696219222418,69640,96,180,30087,
416.52116625788346,69639,97,180,30087,
416.53070233288645,69638,98,180,30087,
416.54774481882345,69638,97,181,30087,
416.5564672561306,69638,96,182,30087,
416.5796304165446,69638,95,183,30087,
416.607408853841,69638,95,182,30088,
416.6185250962909,69638,95,181,30089,
416.6631164921324,69638,94,182,30089,
416.6640324855048,69638,94,181,30090,
416.67448930122055,69638,94,180,30091,
416.69222712988403,69638,93,181,30091,
416.7223201656549,69637,94,181,30091,
416.7339003686125,69637,94,180,30092,
416.75325819121315,69637,93,181,30092,
416.7889040052381,69636,94,181,30092,
416.7942117461258,69636,93,182,30092,
416.79993778179113,69636,93,181,30093,
416.8183939582347,69636,93,180,30094,
416.8228972093725,69636,93,179,30095,
416.8339911050916,69636,93,178,30096,
416.86678801967474,69636,93,177,30097,
416.87557787101554,69635,94,177,30097,
416.8890927263609,69635,93,178,30097,
416.89850582629407,69635,92,179,30097,
416.9038686187335,69635,91,180,30097,
416.9196867348338,69635,90,181,30097,
416.94119530254966,69635,90,180,30098,
416.9720528583426,69635,90,179,30099,
416.99419806070347,69635,90,178,30100,
416.99639993480395,69634,91,178,30100,
417.00523511074744,69634,90,179,30100,
417.0143092170391,69634,89,180,30100,
417.0211559597231,69634,88,181,30100,
417.05392185840157,69634,88,180,30101,
417.07103062763304,69634,88,179,30102,
417.10135179316063,69634,87,180,30102,
417.10610437419615,69633,88,180,30102,
417.1543042637835,69633,88,179,30103,
417.17153178339436,69633,88,178,30104,
417.1888979478583,69632,89,178,30104,
417.1898704783864,69632,88,179,30104,
417.22425070289046,69632,87,180,30104,
417.24031065973327,69632,87,179,30105,
417.25024938814204,69632,87,178,30106,
417.253140862256,69632,87,177,30107,
417.2553981902564,69631,88,177,30107,
417.26321031972896,69630,89,177,30107,
417.266353674525,69630,89,176,30108,
417.2716449203,69630,89,175,30109,
417.2935905326043,69629,90,175,30109,
417.29799074214293,69628,91,175,30109,
417.31552144659605,69628,91,174,30110,
417.3191036449083,69628,90,175,30110,
417.32271732378683,69628,90,174,30111,
417.3295905651764,69628,89,175,30111,
417.33151202789077,69628,88,176,30111,
417.3321148086826,69628,88,175,30112,
417.3396070292393,69628,87,176,30112,
417.35050280356836,69628,86,177,30112,
417.36519815252433,69628,86,176,30113,
417.3727151477832,69628,85,177,30113,
417.3869795196093,69628,85,176,30114,
417.4018979641644,69628,85,175,30115,
417.4053029210296,69628,84,176,30115,
417.44575283776055,69628,84,175,30116,
417.4483039584261,69627,85,175,30116,
417.4596949245832,69627,85,174,30117,
417.4671776432551,69627,84,175,30117,
417.4790359412904,69627,83,176,30117,
417.4884634059951,69627,82,177,30117,
417.4939591385141,69626,83,177,30117,
417.5555728378596,69625,84,177,30117,
417.5567752000696,69625,84,176,30118,
417.5588964890335,69625,84,175,30119,
417.5651243440009,69625,84,174,30120,
417.6062293049444,69625,84,173,30121,
417.6306605715598,69624,85,173,30121,
417.66133980356756,69624,85,172,30122,
417.678269624925,69624,84,173,30122,
417.6832553398886,69624,83,174,30122,
417.6983343917988,69623,84,174,30122,
417.7034012584469,69622,85,174,30122,
417.70715294873446,69622,85,173,30123,
417.71140812968423,69622,85,172,30124,
417.7225118418972,69621,86,172,30124,
417.73875264060393,69621,86,171,30125,
417.74879021157767,69621,85,172,30125,
417.7554728697626,69620,86,172,30125,
417.76494453314825,69620,86,171,30126,
417.7844996884368,69620,86,170,30127,
417.8288165078488,69620,86,169,30128,
417.8363220042144,69619,87,169,30128,
417.8542404652321,69618,88,169,30128,
417.9005580008907,69617,89,169,30128,
417.9266007353853,69617,88,170,30128,
417.94987081619877,69617,88,169,30129,
417.95178442626514,69616,89,169,30129,
417.95815715085797,69616,88,170,30129,
417.96531214782055,69616,88,169,30130,
417.96649604416046,69616,88,168,30131,
417.96730649451155,69615,89,168,30131,
418.01032994917523,69615,89,167,30132,
418.04310897329606,69614,90,167,30132,
418.04853173856657,69614,90,166,30133,
418.0787650828237,69614,90,165,30134,
418.1226951189286,69614,90,164,30135,
418.1587078222637,69614,89,165,30135,
418.197658283065,69614,89,164,30136,
418.2004446540386,69613,90,164,30136,
418.23794423523316,69613,90,163,30137,
418.2429407823855,69612,91,163,30137,
418.299876743387,69612,90,164,30137,
418.30635413544246,69612,89,165,30137,
418.3111068745856,69612,88,166,30137,
418.3406740244578,69612,87,167,30137,
418.36810835413706,69612,86,168,30137,
418.44333367928346,69612,86,167,30138,
418.45709636179606,69612,86,166,30139,
418.45866866594963,69611,87,166,30139,
418.4680182455027,69611,86,167,30139,
418.4907477930964,69611,86,166,30140,
418.51366376422123,69610,87,166,30140,
418.5353426895986,69610,86,167,30140,
418.53561135980004,69610,85,168,30140,
418.5529440723361,69609,86,168,30140,
418.584980132791,69609,86,167,30141,
418.6099686558309,69609,86,166,30142,
418.64503152522576,69609,85,167,30142,
418.64745445181313,69609,84,168,30142,
418.65748953657345,69608,85,168,30142,
418.6660117300203,69608,85,167,30143,
418.6753799839387,69608,84,168,30143,
418.6961489500571,69607,85,168,30143,
418.6985173643079,69607,85,167,30144,
418.71557084060044,69606,86,167,30144,
418.71824394871453,69606,86,166,30145,
418.7359506006579,69606,86,165,30146,
418.7627660156526,69605,87,165,30146,
418.78373551434373,69605,87,164,30147,
418.8269442601162,69605,87,163,30148,
418.85963405189176,69604,88,163,30148,
418.90103504976287,69603,89,163,30148,
418.9447993965298,69603,89,162,30149,
418.96210524721283,69602,90,162,30149,
418.96399889125104,69602,90,161,30150,
418.9696342069552,69602,90,160,30151,
418.9735269030813,69601,91,160,30151,
418.99289084541425,69600,92,160,30151,
419.0082452741977,69600,91,161,30151,
419.03603764484825,69599,92,161,30151,
419.03931268861623,69599,92,160,30152,
419.03991723302465,69599,92,159,30153,
419.0580628597049,69599,91,160,30153,
419.06194537041273,69598,92,160,30153,
419.0990612595515,69598,91,161,30153,
419.11680168249796,69598,91,160,30154,
419.11857248600813,69598,90,161,30154,
419.1603003868487,69598,89,162,30154,
419.17462156481423,69598,88,163,30154,
419.19708655793096,69598,88,162,30155,
419.19912442773017,69598,88,161,30156,
419.19950333826546,69597,89,161,30156,
419.2176099728427,69597,89,160,30157,
419.22345052864205,69597,89,159,30158,
419.23275369761626,69597,88,160,30158,
419.2427196846965,69597,87,161,30158,
419.26735757789515,69597,86,162,30158,
419.26899798271074,69597,85,163,30158,
419.2734400095599,69596,86,163,30158,
419.2906179135311,69595,87,163,30158,
419.2985254640371,69594,88,163,30158,
419.3239506358273,69594,87,164,30158,
419.32874117583447,69593,88,164,30158,
419.3421364577779,69593,88,163,30159,
419.3536254950568,69592,89,163,30159,
419.3560121971256,69592,88,164,30159,
419.3608305659882,69592,87,165,30159,
419.38636388545956,69591,88,165,30159,
419.44386801288994,69591,88,164,30160,
419.4457217485718,69591,88,163,30161,
419.48221418368325,69590,89,163,30161,
419.56369998614554,69589,90,163,30161,
419.6030745496886,69589,89,164,30161,
419.62895964300304,69589,88,165,30161,
419.64857618336976,69589,87,166,30161,
419.66005817970023,69588,88,166,30161,
419.6854911373265,69587,89,166,30161,
419.6866818473172,69587,89,165,30162,
419.6891006253979,69587,88,166,30162,
419.7488519147005,69587,87,167,30162,
419.77019966136186,69586,88,167,30162,
419.7722139987291,69586,87,168,30162,
419.78863144370985,69586,87,167,30163,
419.79171093053833,69585,88,167,30163,
419.80008665865057,69585,88,166,30164,
419.8043728225026,69585,87,167,30164,
419.81274899982964,69584,88,167,30164,
419.84367032130893,69583,89,167,30164,
419.8452543351065,69583,89,166,30165,
419.85491480988276,69582,90,166,30165,
419.8571772686446,69582,90,165,30166,
419.87862888124397,69582,90,164,30167,
419.885442179417,69582,90,163,30168,
419.8919955048369,69582,89,164,30168,
419.9484168381244,69582,89,163,30169,
419.9732234710184,69581,90,163,30169,
419.99712741620056,69581,89,164,30169,
420.05903233385834,69581,88,165,30169,
420.11119976512606,69581,88,164,30170,
420.1675682438978,69580,89,164,30170,
420.22685494362054,69580,88,165,30170,
420.26190972330295,69579,89,165,30170,
420.2658554672808,69579,88,166,30170,
420.26863022862216,69578,89,166,30170,
420.28977974739604,69577,90,166,30170,
420.2939002917101,69577,90,165,30171,
420.3027247071076,69577,89,166,30171,
420.3058667609585,69576,90,166,30171,
420.3853888858491,69576,89,167,30171,
420.39309065224217,69575,90,167,30171,
420.4294599632407,69574,91,167,30171,
420.4412972421513,69574,91,166,30172,
420.45136962493876,69574,91,165,30173,
420.4515826313289,69573,92,165,30173,
420.47119809125843,69573,92,164,30174,
420.4852248586353,69573,91,165,30174,
420.64959362359133,69573,90,166,30174,
420.6695027540889,69573,90,165,30175,
420.67300970501736,69573,90,164,30176,
420.71175540408683,69573,89,165,30176,
420.7444093432896,69573,88,166,30176,
420.74604181794706,69572,89,166,30176,
420.74615581494345,69572,88,167,30176,
420.74984139656664,69572,88,166,30177,
420.76447700786093,69572,87,167,30177,
420.78356866559704,69572,87,166,30178,
420.8210477166509,69572,87,165,30179,
420.8221017735932,69571,88,165,30179,
420.87849374756087,69571,87,166,30179,
420.8828983128096,69571,87,165,30180,
420.89115954922124,69571,87,164,30181,
420.9021946773276,69571,87,163,30182,
420.90554400415175,69571,86,164,30182,
420.9077249707204,69571,85,165,30182,
420.93234773212845,69571,84,166,30182,
420.93833437371893,69571,83,167,30182,
420.95212556025797,69571,83,166,30183,
420.9565359716633,69571,83,165,30184,
420.9670388765064,69571,83,164,30185,
420.988727541511,69571,83,163,30186,
420.9945372851139,69571,83,162,30187,
420.998101967098,69571,82,163,30187,
420.99988056495397,69571,82,162,30188,
421.01218081958365,69570,83,162,30188,
421.0248894785135,69570,82,163,30188,
421.0369727584227,69570,81,164,30188,
421.05349685359846,69570,81,163,30189,
421.0578233307942,69570,81,162,30190,
421.0588180034021,69569,82,162,30190,
421.08700631181557,69568,83,162,30190,
421.09651554158194,69568,83,161,30191,
421.1217477096763,69568,83,160,30192,
421.1237836153918,69567,84,160,30192,
421.1315868673228,69567,84,159,30193,
421.15618274251847,69567,84,158,30194,
421.18755244360045,69567,84,157,30195,
421.19348588968245,69567,84,156,30196,
421.1938116110355,69567,83,157,30196,
421.20067656677037,69566,84,157,30196,
421.2133130432403,69566,83,158,30196,
421.2289867603812,69566,82,159,30196,
421.26771697389995,69565,83,159,30196,
421.31934840590054,69565,83,158,30197,
421.3368041121196,69565,82,159,30197,
421.3412390249863,69565,81,160,30197,
421.3658774902678,69565,81,159,30198,
421.4667092233633,69565,81,158,30199,
421.4977747524407,69565,81,157,30200,
421.51469704639266,69565,80,158,30200,
421.5260146642428,69565,80,157,30201,
421.5307735698979,69564,81,157,30201,
421.5384143155611,69564,80,158,30201,
421.54708663441875,69564,79,159,30201,
421.58913455298983,69564,78,160,30201,
421.5998525135127,69563,79,160,30201,
421.6413879503061,69562,80,160,30201,
421.6432320224774,69562,80,159,30202,
421.6656126019302,69562,80,158,30203,
421.69586988475487,69562,80,157,30204,
421.7190337367294,69562,80,156,30205,
421.735403033501,69562,80,155,30206,
421.75230930785295,69562,80,154,30207,
421.77858511135787,69562,80,153,30208,
421.78918084642527,69561,81,153,30208,
421.79665253507613,69560,82,153,30208,
421.8008366020865,69559,83,153,30208,
421.8127397621164,69558,84,153,30208,
421.8619134273488,69558,83,154,30208,
421.8627016789273,69557,84,154,30208,
421.87494192306184,69557,84,153,30209,
421.8752606801117,69557,84,152,30210,
421.9406540777158,69557,84,151,30211,
421.9464762198706,69556,85,151,30211,
421.9628678662129,69555,86,151,30211,
421.9687049626009,69555,86,150,30212,
421.98917152995904,69555,86,149,30213,
421.989597080599,69555,85,150,30213,
422.03543501373815,69555,84,151,30213,
422.04453201116496,69554,85,151,30213,
422.06964574042865,69554,85,150,30214,
422.1202459008226,69554,84,151,30214,
422.1405965925673,69553,85,151,30214,
422.1413405338407,69553,84,152,30214,
422.1565236519437,69553,84,151,30215,
422.1700137969102,69553,83,152,30215,
422.17906804725607,69552,84,152,30215,
422.23293730971574,69552,83,153,30215,
422.2352363623473,69551,84,153,30215,
422.2376950632556,69550,85,153,30215,
422.24963597652993,69549,86,153,30215,
422.30463343466323,69549,85,154,30215,
422.3229060963486,69549,85,153,30216,
422.3293993347557,69549,84,154,30216,
422.3658678829308,69549,83,155,30216,
422.44632895032885,69549,83,154,30217,
422.4537385236311,69549,82,155,30217,
422.51105235870415,69549,82,154,30218,
422.51441682144247,69548,83,154,30218,
422.514856794625,69547,84,154,30218,
422.52027180295,69547,83,155,30218,
422.52296476077396,69547,83,154,30219,
422.54634381070355,69547,83,153,30220,
422.57541058975613,69547,83,152,30221,
422.5816739421092,69546,84,152,30221,
422.59464722848975,69546,84,151,30222,
422.62558734443076,69546,84,150,30223,
422.67605575314445,69546,84,149,30224,
422.69860161270714,69546,84,148,30225,
422.76370938785146,69545,85,148,30225,
422.7759429261135,69545,85,147,30226,
422.78297463352027,69544,86,147,30226,
422.78473302903626,69544,85,148,30226,
422.78473302903626,69544,85,148,30226,
422.7944688161323,69544,84,149,30226,
422.799707034347,69544,84,148,30227,
422.82913783520144,69543,85,148,30227,
422.8896241193946,69543,84,149,30227,
422.89425659060885,69543,83,150,30227,
422.9063018719192,69542,84,150,30227,
422.9341668723362,69541,85,150,30227,
422.93718681080105,69540,86,150,30227,
422.93974867431945,69540,86,149,30228,
422.9557776913508,69540,85,150,30228,
423.0211357914469,69539,86,150,30228,
423.0552437406149,69539,85,151,30228,
423.0694355936999,69538,86,151,30228,
423.0813337592743,69538,85,152,30228,
423.1164954313085,69538,85,151,30229,
423.1304650118949,69538,84,152,30229,
423.1323425681834,69537,85,152,30229,
423.1452458752845,69536,86,152,30229,
423.15817424969555,69536,86,151,30230,
423.15980120241994,69536,85,152,30230,
423.1608533998055,69536,85,151,30231,
423.16849779992015,69536,84,152,30231,
423.1811668322118,69535,85,152,30231,
423.20789383460124,69535,84,153,30231,
423.23405620273417,69535,83,154,30231,
423.2911020953011,69534,84,154,30231,
423.3105691908842,69533,85,154,30231,
423.33713497083613,69533,84,155,30231,
423.34963828609625,69532,85,155,30231,
423.3519715212609,69532,84,156,30231,
423.4411528683886,69532,83,157,30231,
423.4844386577522,69531,84,157,30231,
423.4935501675283,69530,85,157,30231,
423.50549171622424,69529,86,157,30231,
423.52180159582326,69529,86,156,30232,
423.53618162611735,69529,85,157,30232,
423.5428496211394,69528,86,157,30232,
423.6028821282381,69527,87,157,30232,
423.6056227417234,69527,86,158,30232,
423.60811407849883,69526,87,158,30232,
423.61717287771745,69526,87,157,30233,
423.6183748124437,69526,87,156,30234,
423.7001169202958,69526,87,155,30235,
423.705249173531,69526,86,156,30235,
423.726906466432,69526,85,157,30235,
423.7431118673758,69526,85,156,30236,
423.7631121726714,69526,84,157,30236,
423.7643157560608,69525,85,157,30236,
423.78178518551954,69525,85,156,30237,
423.80562264414607,69525,84,157,30237,
423.81294505461625,69525,84,156,30238,
423.82833651444633,69525,83,157,30238,
423.88421119286653,69525,83,156,30239,
423.9034945920987,69525,83,155,30240,
423.932863492768,69525,83,154,30241,
423.97905745629134,69525,83,153,30242,
424.00983599890225,69524,84,153,30242,
424.0850326696152,69524,84,152,30243,
424.1044747096439,69524,84,151,30244,
424.12265107209186,69523,85,151,30244,
424.1289293028574,69523,85,150,30245,
424.1486817561007,69523,84,151,30245,
424.2322865443549,69522,85,151,30245,
424.23307261002793,69522,85,150,30246,
424.23326322950766,69522,85,149,30247,
424.2419386735202,69522,84,150,30247,
424.24525045877016,69521,85,150,30247,
424.24551465844723,69521,84,151,30247,
424.25149457546274,69521,84,150,30248,
424.3133735622323,69520,85,150,30248,
424.3144696857765,69520,85,149,30249,
424.3362814667701,69520,84,150,30249,
424.3416848978446,69520,84,149,30250,
424.3464226196728,69520,83,150,30250,
424.3552090201343,69520,83,149,30251,
424.36540124138827,69519,84,149,30251,
424.38525534851607,69519,84,148,30252,
424.3926182614049,69518,85,148,30252,
424.4099394639092,69517,86,148,30252,
424.41142264090394,69516,87,148,30252,
424.4125271937991,69516,87,147,30253,
424.44875266844855,69516,86,148,30253,
424.49306198660713,69516,85,149,30253,
424.5083528870636,69515,86,149,30253,
424.51349243045155,69515,85,150,30253,
424.5346997954537,69515,85,149,30254,
424.5601961194114,69515,85,148,30255,
424.5609644483694,69515,84,149,30255,
424.56349404887493,69515,84,148,30256,
424.5880027275705,69515,83,149,30256,
424.5934017831602,69514,84,149,30256,
424.59400350758307,69514,84,148,30257,
424.611633671634,69514,84,147,30258,
424.627017888318,69513,85,147,30258,
424.65771473832416,69513,84,148,30258,
424.6950055091503,69512,85,148,30258,
424.70387587496026,69512,85,147,30259,
424.77386384609025,69512,84,148,30259,
424.8107658633079,69512,83,149,30259,
424.81991193191135,69512,82,150,30259,
424.83669592986433,69511,83,150,30259,
424.8856114340734,69511,83,149,30260,
424.889598914483,69510,84,149,30260,
424.91239618152434,69509,85,149,30260,
424.9615784950649,69509,84,150,30260,
424.96198793624234,69508,85,150,30260,
424.96349470594714,69508,85,149,30261,
424.9816790155835,69508,85,148,30262,
424.9936495057294,69508,84,149,30262,
425.0415102465172,69508,84,148,30263,
425.05204515070193,69508,83,149,30263,
425.0521785937047,69507,84,149,30263,
425.1024743454131,69507,83,150,30263,
425.10626262492815,69507,82,151,30263,
425.1221600614094,69507,81,152,30263,
425.12462836117066,69506,82,152,30263,
425.1563376344043,69506,81,153,30263,
425.1809605515639,69506,81,152,30264,
425.21826625203136,69505,82,152,30264,
425.22657201264565,69505,82,151,30265,
425.2497359538834,69505,82,150,30266,
425.2620808250935,69505,81,151,30266,
425.27525795983524,69504,82,151,30266,
425.28638457964803,69503,83,151,30266,
425.28686031220275,69503,83,150,30267,
425.29318614167516,69503,82,151,30267,
425.3317809885764,69503,82,150,30268,
425.3587181045126,69503,81,151,30268,
425.36032989873047,69502,82,151,30268,
425.36398948228185,69502,81,152,30268,
425.3645436358079,69502,80,153,30268,
425.40526209611744,69502,79,154,30268,
425.41808732180857,69501,80,154,30268,
425.418706834387,69500,81,154,30268,
425.4342039805107,69499,82,154,30268,
425.44771870213845,69499,82,153,30269,
425.4486766598813,69499,82,152,30270,
425.4798918014714,69499,82,151,30271,
425.5387338615417,69499,82,150,30272,
425.57212298982637,69499,82,149,30273,
425.577050587228,69498,83,149,30273,
425.60852228514585,69498,83,148,30274,
425.6177941657149,69498,82,149,30274,
425.64106272614515,69497,83,149,30274,
425.65435726950966,69497,83,148,30275,
425.6624162344123,69496,84,148,30275,
425.67953770578237,69496,84,147,30276,
425.68025532654593,69496,83,148,30276,
425.70145523015094,69496,83,147,30277,
425.7131223922566,69496,83,146,30278,
425.71352736563875,69495,84,146,30278,
425.75007025529635,69494,85,146,30278,
425.80069032745433,69494,84,147,30278,
425.86989349930406,69494,83,148,30278,
425.8785027875422,69494,83,147,30279,
425.87907161099395,69493,84,147,30279,
425.89255260633917,69492,85,147,30279,
425.89860724493917,69492,85,146,30280,
425.9131181482456,69492,85,145,30281,
425.92381120166414,69491,86,145,30281,
425.93223134221074,69491,85,146,30281,
425.9395878938092,69491,85,145,30282,
425.9784424339776,69491,84,146,30282,
426.003687140793,69490,85,146,30282,
426.0293171559323,69489,86,146,30282,
426.0487491590421,69489,85,147,30282,
426.0531015819178,69488,86,147,30282,
426.07574054388033,69487,87,147,30282,
426.07778352024144,69487,87,146,30283,
426.0887398379955,69486,88,146,30283,
426.11131300054063,69486,87,147,30283,
426.12833522209405,69485,88,147,30283,
426.1316646016968,69484,89,147,30283,
426.13634085615917,69484,89,146,30284,
426.17025681832075,69483,90,146,30284,
426.18459571890133,69483,89,147,30284,
426.2091107929484,69482,90,147,30284,
426.2461778860127,69482,90,146,30285,
426.24779211372913,69482,90,145,30286,
426.248957736881,69482,89,146,30286,
426.29519895970014,69482,89,145,30287,
426.31150222502265,69482,89,144,30288,
426.36091387154573,69481,90,144,30288,
426.4167052049299,69481,89,145,30288,
426.43121037977346,69481,89,144,30289,
426.43799697173324,69481,88,145,30289,
426.4819713938333,69481,87,146,30289,
426.4916059285937,69480,88,146,30289,
426.5283901705028,69480,87,147,30289,
426.5504668702434,69479,88,147,30289,
426.575665003996,69478,89,147,30289,
426.5879658433624,69477,90,147,30289,
426.62806984421707,69477,89,148,30289,
426.64448263163587,69476,90,148,30289,
426.6569109630684,69476,89,149,30289,
426.66498124711023,69476,88,150,30289,
426.6719330307323,69475,89,150,30289,
426.68536747636534,69475,88,151,30289,
426.6889923190001,69475,88,150,30290,
426.6942194835297,69475,88,149,30291,
426.72682489091824,69474,89,149,30291,
426.7304229590701,69474,88,150,30291,
426.73095011125145,69474,87,151,30291,
426.7577529804903,69474,87,150,30292,
426.78922373043844,69473,88,150,30292,
426.7977532970306,69472,89,150,30292,
426.8512616848119,69472,89,149,30293,
426.85179884552025,69472,88,150,30293,
426.95581038500217,69472,87,151,30293,
426.96969538440436,69471,88,151,30293,
426.9718161887776,69470,89,151,30293,
426.97599803362897,69470,88,152,30293,
426.9948492733443,69470,87,153,30293,
427.0029633868365,69470,87,152,30294,
427.0123869545191,69469,88,152,30294,
427.02404869997883,69469,87,153,30294,
427.049792125306,69468,88,153,30294,
427.0624777359606,69468,88,152,30295,
427.06983732436464,69468,88,151,30296,
427.07848374451055,69467,89,151,30296,
427.10385223261864,69466,90,151,30296,
427.10879367959495,69466,89,152,30296,
427.11016292104773,69466,88,153,30296,
427.1470520811247,69465,89,153,30296,
427.1514177104788,69465,88,154,30296,
427.15974350546674,69465,88,153,30297,
427.170038438036,69465,87,154,30297,
427.1710812349909,69464,88,154,30297,
427.3258484535109,69464,88,153,30298,
427.3707252518229,69464,87,154,30298,
427.4314062088075,69463,88,154,30298,
427.4477009552348,69462,89,154,30298,
427.45613327103865,69461,90,154,30298,
427.45798908416066,69461,90,153,30299,
427.47256160371404,69460,91,153,30299,
427.48156071477115,69460,91,152,30300,
427.5215938676318,69459,92,152,30300,
427.5362292693588,69459,92,151,30301,
427.5675750932343,69459,92,150,30302,
427.5796754140397,69459,91,151,30302,
427.58873727426413,69459,90,152,30302,
427.61659611304424,69459,90,151,30303,
427.62872762552024,69458,91,151,30303,
427.67775414178794,69458,91,150,30304,
427.6810256324237,69458,91,149,30305,
427.8075844620736,69458,90,150,30305,
427.8146496997121,69457,91,150,30305,
427.8595152377941,69457,91,149,30306,
427.90196266362,69457,90,150,30306,
427.931638689774,69457,89,151,30306,
427.95088958967546,69457,89,150,30307,
427.9582731085108,69457,89,149,30308,
427.96166198162985,69457,89,148,30309,
427.98027140473795,69456,90,148,30309,
427.9844277986035,69455,91,148,30309,
428.022208009118,69455,90,149,30309,
428.0309944966944,69454,91,149,30309,
428.03969988057,69454,91,148,30310,
428.05458261814044,69454,90,149,30310,
428.0575029355495,69453,91,149,30310,
428.05872392649786,69453,90,150,30310,
428.0668045087659,69452,91,150,30310,
428.11683796926314,69452,91,149,30311,
428.1580653146752,69452,90,150,30311,
428.1655175344104,69452,90,149,30312,
428.20686438874424,69452,89,150,30312,
428.23373369329187,69451,90,150,30312,
428.2409389126738,69451,90,149,30313,
428.25321050816797,69451,89,150,30313,
428.2706921715136,69450,90,150,30313,
428.3137791765908,69450,89,151,30313,
428.3206491771952,69450,89,150,30314,
428.3210885173352,69450,89,149,30315,
428.3212070914557,69449,90,149,30315,
428.3489787100184,69449,89,150,30315,
428.35986570365606,69448,90,150,30315,
428.3937161208901,69448,90,149,30316,
428.39995706308537,69447,91,149,30316,
428.445836494192,69447,90,150,30316,
428.46262471219455,69447,89,151,30316,
428.4778442337974,69447,88,152,30316,
428.5115827213391,69446,89,152,30316,
428.53214435941203,69446,88,153,30316,
428.5353344885997,69445,89,153,30316,
428.5466926832589,69445,88,154,30316,
428.5572792331966,69444,89,154,30316,
428.5792176050835,69443,90,154,30316,
428.5874544096112,69443,89,155,30316,
428.61310391923246,69443,89,154,30317,
428.61366121128907,69442,90,154,30317,
428.61667960407476,69442,89,155,30317,
428.617311296632,69441,90,155,30317,
428.6225762779526,69441,90,154,30318,
428.6272102720183,69440,91,154,30318,
428.63148159003015,69440,90,155,30318,
428.6337756326595,69440,89,156,30318,
428.6547490753644,69440,88,157,30318,
428.6581329440693,69440,87,158,30318,
428.6655335687752,69440,87,157,30319,
428.66572192636613,69439,88,157,30319,
428.6914884678931,69439,87,158,30319,
428.69668003580136,69439,87,157,30320,
428.69746406500724,69439,87,156,30321,
428.69855889575933,69439,87,155,30322,
428.7085400533191,69438,88,155,30322,
428.7307861367161,69438,88,154,30323,
428.73224851352893,69438,88,153,30324,
428.75327645048003,69437,89,153,30324,
428.7581929057421,69437,89,152,30325,
428.79826095291827,69436,90,152,30325,
428.89145472440083,69436,90,151,30326,
428.9011519016181,69436,90,150,30327,
428.90524683291557,69436,90,149,30328,
428.93619537053223,69435,91,149,30328,
428.956622172559,69435,90,150,30328,
428.963408037448,69434,91,150,30328,
428.97515320028697,69433,92,150,30328,
428.9895116815019,69433,91,151,30328,
429.00734033078515,69432,92,151,30328,
429.032877589812,69432,92,150,30329,
429.0428255514542,69432,92,149,30330,
429.04655481170255,69432,92,148,30331,
429.05800340793985,69432,91,149,30331,
429.06326752009187,69432,90,150,30331,
429.07660199813336,69432,90,149,30332,
429.0809442319998,69432,89,150,30332,
429.0874224260812,69432,89,149,30333,
429.10545771067785,69431,90,149,30333,
429.12909836012636,69431,89,150,30333,
429.1308493221244,69431,88,151,30333,
429.15784015685534,69431,88,150,30334,
429.2053375860526,69431,88,149,30335,
429.20675469092663,69431,87,150,30335,
429.23134776341993,69430,88,150,30335,
429.2504902585689,69429,89,150,30335,
429.25907567501,69429,88,151,30335,
429.25955833337713,69429,88,150,30336,
429.2748557568871,69429,87,151,30336,
429.28264314762373,69429,86,152,30336,
429.28475181707705,69428,87,152,30336,
429.29853665102064,69428,86,153,30336,
429.315640949291,69427,87,153,30336,
429.3252893059865,69427,87,152,30337,
429.3879755124916,69427,87,151,30338,
429.40324004871985,69427,86,152,30338,
429.42652589536533,69427,86,151,30339,
429.43045774216637,69426,87,151,30339,
429.4328359503499,69425,88,151,30339,
429.4460940993649,69425,87,152,30339,
429.4670184590839,69425,87,151,30340,
429.4742289073047,69425,87,150,30341,
429.4780943061961,69424,88,150,30341,
429.4853750259336,69424,88,149,30342,
429.49141590534214,69424,87,150,30342,
429.53512456025976,69424,87,149,30343,
429.54357315064556,69424,87,148,30344,
429.5623195820352,69423,88,148,30344,
429.5847030459888,69423,88,147,30345,
429.61357268857324,69423,88,146,30346,
429.6265601705945,69423,87,147,30346,
429.63208251815126,69422,88,147,30346,
429.65153293500254,69421,89,147,30346,
429.6602684021388,69421,88,148,30346,
429.70162759848597,69420,89,148,30346,
429.7061474405578,69420,89,147,30347,
429.7408104530787,69420,88,148,30347,
429.7444391127212,69419,89,148,30347,
429.7459229081751,69419,89,147,30348,
429.75911226705966,69419,88,148,30348,
429.7674234290298,69418,89,148,30348,
429.7763991493245,69418,88,149,30348,
429.7773237062431,69418,88,148,30349,
429.7783394287052,69418,88,147,30350,
429.80246100047043,69418,88,146,30351,
429.8267645288978,69418,87,147,30351,
429.83077835180904,69418,86,148,30351,
429.8399598602123,69418,86,147,30352,
429.8493633434752,69418,86,146,30353,
429.85405285488963,69417,87,146,30353,
429.8923657162161,69417,86,147,30353,
429.9247859826601,69417,86,146,30354,
429.95845119137715,69417,86,145,30355,
429.96707198692815,69417,86,144,30356,
429.9952809672374,69417,85,145,30356,
430.0184978333229,69417,85,144,30357,
430.07518586890046,69417,84,145,30357,
430.1191037997636,69417,84,144,30358,
430.14477169507006,69417,84,143,30359,
430.16584873376,69416,85,143,30359,
430.1684198210305,69416,85,142,30360,
430.21363076612363,69416,85,141,30361,
430.28850357774576,69416,84,142,30361,
430.34799141842944,69416,84,141,30362,
430.35460991552753,69416,84,140,30363,
430.3703674634571,69416,84,139,30364,
430.3760885307383,69416,83,140,30364,
430.4040456609729,69416,82,141,30364,
430.40790867282567,69416,81,142,30364,
430.434390042382,69416,80,143,30364,
430.4370909927081,69416,79,144,30364,
430.4442675223531,69416,79,143,30365,
430.46404821464506,69416,79,142,30366,
430.47695238312986,69416,78,143,30366,
430.4830966167356,69416,77,144,30366,
430.49016571434265,69416,77,143,30367,
430.49869185297166,69416,77,142,30368,
430.5028368242896,69416,76,143,30368,
430.5339343144605,69416,76,142,30369,
430.57411334688175,69416,75,143,30369,
430.6282798048554,69416,74,144,30369,
430.64030737164217,69416,74,143,30370,
430.68653128076147,69416,74,142,30371,
430.69635390204985,69416,73,143,30371,
430.70063914569755,69415,74,143,30371,
430.7012695015868,69415,73,144,30371,
430.70853291894286,69414,74,144,30371,
430.7571353641998,69414,74,143,30372,
430.7703213904848,69414,74,142,30373,
430.7915788374585,69414,74,141,30374,
430.80172437470577,69414,74,140,30375,
430.815001561199,69414,74,139,30376,
430.82527640282876,69413,75,139,30376,
430.8323351558994,69412,76,139,30376,
430.86201712028134,69412,76,138,30377,
430.86568934662677,69412,76,137,30378,
430.86873379068055,69412,76,136,30379,
430.87968689146356,69412,76,135,30380,
430.8882023744332,69412,76,134,30381,
430.9200480736903,69411,77,134,30381,
430.93218908985347,69410,78,134,30381,
430.9684007489881,69410,77,135,30381,
430.9698485039356,69409,78,135,30381,
430.9870230636332,69409,77,136,30381,
430.9929854542958,69409,76,137,30381,
430.99837802384593,69409,76,136,30382,
431.0145509859005,69408,77,136,30382,
431.028437380809,69407,78,136,30382,
431.0398001779346,69407,77,137,30382,
431.05079562903563,69406,78,137,30382,
431.11728831275286,69406,78,136,30383,
431.1392860997649,69406,78,135,30384,
431.14773494398196,69405,79,135,30384,
431.19005012169225,69405,79,134,30385,
431.24938618436397,69405,79,133,30386,
431.26822774062083,69405,78,134,30386,
431.2693425405198,69404,79,134,30386,
431.2907001810253,69404,78,135,30386,
431.3550785221452,69404,77,136,30386,
431.3743830734559,69404,77,135,30387,
431.44683386306633,69403,78,135,30387,
431.46111983256526,69403,77,136,30387,
431.47388792562606,69403,76,137,30387,
431.4765237748385,69403,76,136,30388,
431.4771910073432,69403,75,137,30388,
431.54320060445514,69403,75,136,30389,
431.551202050989,69403,75,135,30390,
431.58807896478845,69402,76,135,30390,
431.5897973003807,69401,77,135,30390,
431.5945307195675,69401,76,136,30390,
431.6269902547309,69401,76,135,30391,
431.65219731816177,69401,76,134,30392,
431.6558163453128,69401,75,135,30392,
431.6645212150905,69401,75,134,30393,
431.6665193879346,69401,75,133,30394,
431.69108359438474,69400,76,133,30394,
431.723083873361,69400,75,134,30394,
431.8058093984537,69399,76,134,30394,
431.8117882941454,69399,75,135,30394,
431.8221092470805,69399,74,136,30394,
431.82841740247153,69398,75,136,30394,
431.864592391763,69398,75,135,30395,
431.89311048771646,69398,75,134,30396,
431.8947282516016,69398,74,135,30396,
431.95438976183976,69398,74,134,30397,
431.962993913481,69398,73,135,30397,
431.9649365510737,69397,74,135,30397,
431.9749634927387,69397,73,136,30397,
431.9806767679271,69397,73,135,30398,
431.9943302796208,69396,74,135,30398,
432.00428610943,69396,74,134,30399,
432.02134621649157,69396,74,133,30400,
432.05408651037544,69396,73,134,30400,
432.0548728206869,69396,73,133,30401,
432.0797480469105,69395,74,133,30401,
432.1018575975984,69394,75,133,30401,
432.13552242804,69394,75,132,30402,
432.1819744103292,69394,75,131,30403,
432.22498959659885,69393,76,131,30403,
432.26877930761094,69392,77,131,30403,
432.38310941160194,69391,78,131,30403,
432.4105538097048,69391,77,132,30403,
432.4384209653852,69391,76,133,30403,
432.49081768364283,69391,75,134,30403,
432.50170594416704,69391,74,135,30403,
432.51025665106727,69391,74,134,30404,
432.5837515045904,69390,75,134,30404,
432.6285279196465,69389,76,134,30404,
432.65718807646067,69389,76,133,30405,
432.68829502942214,69389,76,132,30406,
432.8098269873468,69389,76,131,30407,
432.8737662978523,69389,75,132,30407,
432.8872903879028,69389,75,131,30408,
432.91796817348586,69389,75,130,30409,
432.9422616249927,69389,75,129,30410,
432.9596423031243,69389,74,130,30410,
432.96467997189797,69388,75,130,30410,
432.966963077022,69387,76,130,30410,
433.0369566809523,69386,77,130,30410,
433.0388329107674,69386,76,131,30410,
433.08177675537416,69385,77,131,30410,
433.0937178976192,69385,76,132,30410,
433.1116155368146,69385,75,133,30410,
433.1184375875953,69384,76,133,30410,
433.14181868378836,69383,77,133,30410,
433.15867348701966,69383,77,132,30411,
433.18690687215275,69383,77,131,30412,
433.18848666530755,69382,78,131,30412,
433.20320172376677,69382,78,130,30413,
433.2125634533728,69382,78,129,30414,
433.2331406628465,69382,77,130,30414,
433.27049787543837,69382,76,131,30414,
433.2987759232629,69382,75,132,30414,
433.3019574823338,69382,75,131,30415,
433.30399059118605,69382,74,132,30415,
433.3219083921657,69382,73,133,30415,
433.32297650933145,69382,73,132,30416,
433.34399721162845,69381,74,132,30416,
433.39087775078514,69381,73,133,30416,
433.4354857049759,69381,73,132,30417,
433.4515360732313,69381,72,133,30417,
433.4703283516006,69380,73,133,30417,
433.5165310728322,69380,72,134,30417,
433.5366730653721,69380,71,135,30417,
433.54129883798305,69379,72,135,30417,
433.55835222895354,69378,73,135,30417,
433.6286553694113,69378,73,134,30418,
433.6708331999404,69378,73,133,30419,
433.7530336057155,69378,72,134,30419,
433.7591342174528,69378,71,135,30419,
433.75973377507756,69378,71,134,30420,
433.7741622395521,69377,72,134,30420,
433.78015575720656,69376,73,134,30420,
433.803070799509,69376,73,133,30421,
433.8056342918746,69376,72,134,30421,
433.81522513645126,69376,71,135,30421,
433.8990889287654,69376,71,134,30422,
433.9716505099603,69376,71,133,30423,
434.00621304781725,69376,71,132,30424,
434.0093913926317,69376,71,131,30425,
434.04749362390675,69376,71,130,30426,
434.0599256256278,69375,72,130,30426,
434.126360565482,69375,71,131,30426,
434.13729110664235,69375,70,132,30426,
434.13829568066393,69375,70,131,30427,
434.1793681313247,69375,70,130,30428,
434.1800059286129,69374,71,130,30428,
434.1804040750957,69373,72,130,30428,
434.18188780423793,69372,73,130,30428,
434.1931598837636,69371,74,130,30428,
434.19383643951016,69370,75,130,30428,
434.20274307267016,69369,76,130,30428,
434.21650083657323,69368,77,130,30428,
434.28513399239597,69367,78,130,30428,
434.292301702045,69367,77,131,30428,
434.3054142313452,69367,77,130,30429,
434.32670148136816,69366,78,130,30429,
434.35685425734806,69365,79,130,30429,
434.37190253911376,69365,79,129,30430,
434.3854706037632,69364,80,129,30430,
434.43279474530686,69364,79,130,30430,
434.4476948989091,69364,78,131,30430,
434.45250544135325,69364,77,132,30430,
434.45336463532317,69364,76,133,30430,
434.46369042195425,69364,75,134,30430,
434.48016019254754,69363,76,134,30430,
434.4971480290984,69363,76,133,30431,
434.50491879486026,69363,76,132,30432,
434.5086960806202,69363,76,131,30433,
434.5205768506684,69363,76,130,30434,
434.53101299987605,69363,75,131,30434,
434.59059535618064,69363,75,130,30435,
434.59106600158754,69362,76,130,30435,
434.6454030103514,69362,76,129,30436,
434.64709309725356,69362,76,128,30437,
434.65729142435043,69362,76,127,30438,
434.75092710822094,69362,75,128,30438,
434.75250780821705,69361,76,128,30438,
434.7770489940553,69361,75,129,30438,
434.7931936061004,69361,74,130,30438,
434.88913583614095,69361,73,131,30438,
434.8966006253844,69360,74,131,30438,
434.9022262476462,69360,74,130,30439,
434.9057890628281,69360,73,131,30439,
434.9110345308845,69360,73,130,30440,
434.95045160508795,69359,74,130,30440,
434.9810905829324,69359,73,131,30440,
434.99027192728045,69359,73,130,30441,
434.99993068337494,69359,72,131,30441,
435.01425609849343,69359,72,130,30442,
435.0636305176115,69358,73,130,30442,
435.0781817756372,69358,72,131,30442,
435.1167989793197,69357,73,131,30442,
435.13049886901007,69356,74,131,30442,
435.13273569632554,69356,74,130,30443,
435.1387766167604,69356,73,131,30443,
435.15376810344793,69356,72,132,30443,
435.15791414993276,69356,72,131,30444,
435.15991349294296,69356,71,132,30444,
435.1723167111529,69356,70,133,30444,
435.2432686276992,69356,69,134,30444,
435.3199992905134,69355,70,134,30444,
435.34540396320654,69354,71,134,30444,
435.3674185122555,69354,71,133,30445,
435.4619738416357,69353,72,133,30445,
435.467936918771,69353,72,132,30446,
435.4691561097561,69353,71,133,30446,
435.46940054028846,69352,72,133,30446,
435.48427281086254,69351,73,133,30446,
435.51205979351437,69351,73,132,30447,
435.5277930753563,69351,72,133,30447,
435.5285449709201,69351,72,132,30448,
435.5373664356452,69351,71,133,30448,
435.5433775108625,69350,72,133,30448,
435.54537092764275,69350,72,132,30449,
435.5531830808915,69350,71,133,30449,
435.60990376413537,69350,70,134,30449,
435.61337212149493,69350,69,135,30449,
435.6473563334093,69350,69,134,30450,
435.6609453335891,69350,69,133,30451,
435.7328038239591,69349,70,133,30451,
435.7617739761299,69348,71,133,30451,
435.7867084552768,69347,72,133,30451,
435.78883217262324,69346,73,133,30451,
435.820778675236,69346,73,132,30452,
435.86021281036784,69346,72,133,30452,
435.9125082669475,69346,72,132,30453,
435.941515203562,69345,73,132,30453,
436.0494237997595,69345,73,131,30454,
436.08583531945254,69345,72,132,30454,
436.09087838701373,69345,72,131,30455,
436.1148439387658,69344,73,131,30455,
436.14711884705787,69344,73,130,30456,
436.18360933353705,69344,72,131,30456,
436.20955814345734,69344,72,130,30457,
436.2474171682941,69344,71,131,30457,
436.25075113866603,69344,71,130,30458,
436.32298784977417,69343,72,130,30458,
436.3374622358279,69343,72,129,30459,
436.37757993139024,69342,73,129,30459,
436.38698315522015,69341,74,129,30459,
436.40399557045686,69340,75,129,30459,
436.4249091932826,69340,75,128,30460,
436.46953206267574,69340,75,127,30461,
436.5091942718063,69340,75,126,30462,
436.5412552371562,69340,74,127,30462,
436.5630854696759,69340,74,126,30463,
436.57700324560676,69340,74,125,30464,
436.5857404999886,69339,75,125,30464,
436.5858646031514,69339,75,124,30465,
436.61996395774344,69338,76,124,30465,
436.6381677180272,69338,75,125,30465,
436.66310827330074,69338,75,124,30466,
436.75450176770164,69338,74,125,30466,
436.80718393220326,69338,73,126,30466,
436.85768562178174,69338,72,127,30466,
436.8582783141643,69338,72,126,30467,
436.88080728556184,69338,71,127,30467,
436.92058078884895,69337,72,127,30467,
436.92615662088105,69336,73,127,30467,
436.99587054673424,69336,73,126,30468,
437.02074781282573,69336,72,127,30468,
437.03452447144497,69336,71,128,30468,
437.16852447402454,69336,71,127,30469,
437.18946575642366,69336,70,128,30469,
437.20671641701904,69335,71,128,30469,
437.21406833243594,69334,72,128,30469,
437.26349113249455,69333,73,128,30469,
437.27032567433287,69332,74,128,30469,
437.27214464283696,69332,73,129,30469,
437.2854771840528,69332,73,128,30470,
437.2913610220978,69331,74,128,30470,
437.3268803090417,69331,74,127,30471,
437.3412283815766,69331,73,128,30471,
437.35536724327886,69331,72,129,30471,
437.3818158193561,69331,71,130,30471,
437.3959555263576,69331,71,129,30472,
437.4240392071768,69331,71,128,30473,
437.4292171381465,69331,70,129,30473,
437.4294737322134,69331,70,128,30474,
437.43265727958357,69330,71,128,30474,
437.44288364138725,69330,71,127,30475,
437.4490446855036,69329,72,127,30475,
437.46707977742756,69329,71,128,30475,
437.48150047683333,69329,71,127,30476,
437.501347994321,69329,71,126,30477,
437.5049117190372,69329,71,125,30478,
437.50540381400583,69329,70,126,30478,
437.58619225791557,69329,69,127,30478,
437.5969673078546,69328,70,127,30478,
437.6041832587847,69327,71,127,30478,
437.6073992520313,69326,72,127,30478,
437.6076012397216,69326,71,128,30478,
437.6305254703283,69325,72,128,30478,
437.6355359645929,69325,71,129,30478,
437.64186735734245,69324,72,129,30478,
437.6585452893642,69323,73,129,30478,
437.66177754867977,69323,72,130,30478,
437.69572801213434,69323,72,129,30479,
437.706195204253,69323,71,130,30479,
437.70936883309395,69323,70,131,30479,
437.7133333367476,69322,71,131,30479,
437.72373624423,69322,70,132,30479,
437.76006338409616,69321,71,132,30479,
437.7806107463541,69321,71,131,30480,
437.80154492282594,69321,71,130,30481,
437.8600830200561,69320,72,130,30481,
437.93873571983323,69320,71,131,30481,
437.9490022423225,69320,70,132,30481,
437.95845038257295,69320,70,131,30482,
437.9823872293953,69320,69,132,30482,
437.99117962225273,69320,68,133,30482,
438.00188359915785,69320,68,132,30483,
438.0183385639686,69320,67,133,30483,
438.0983924247761,69319,68,133,30483,
438.12280182135413,69319,68,132,30484,
438.1596465610802,69319,67,133,30484,
438.1939367292432,69319,67,132,30485,
438.2610384216612,69319,66,133,30485,
438.26391611732384,69319,65,134,30485,
438.27388300086494,69319,65,133,30486,
438.31364333669933,69319,64,134,30486,
438.3669547464661,69319,64,133,30487,
438.3945658198584,69319,64,132,30488,
438.4263201068432,69319,64,131,30489,
438.44017816731224,69319,63,132,30489,
438.47253941742156,69318,64,132,30489,
438.483249719723,69318,64,131,30490,
438.5016199555654,69318,63,132,30490,
438.5190748322951,69317,64,132,30490,
438.55539979349237,69317,64,131,30491,
438.5772934996986,69316,65,131,30491,
438.6322096786691,69316,65,130,30492,
438.6594837560999,69316,65,129,30493,
438.6767191622715,69315,66,129,30493,
438.698585829337,69314,67,129,30493,
438.7207854430053,69314,67,128,30494,
438.77562594311803,69313,68,128,30494,
438.78697498409764,69313,68,127,30495,
438.81059648816114,69313,67,128,30495,
438.86481260558645,69313,67,127,30496,
438.8965037187932,69313,67,126,30497,
438.90545191318796,69313,67,125,30498,
438.97239623772396,69313,67,124,30499,
439.00752020786206,69313,66,125,30499,
439.06925677108075,69313,65,126,30499,
439.0702691890367,69313,65,125,30500,
439.08834269262815,69312,66,125,30500,
439.0926368936568,69312,66,124,30501,
439.10862698728886,69312,66,123,30502,
439.12582949433926,69312,66,122,30503,
439.14047764518733,69312,66,121,30504,
439.1467151663221,69312,66,120,30505,
439.1726531227695,69311,67,120,30505,
439.2237747019592,69311,67,119,30506,
439.309171804329,69311,66,120,30506,
439.32324161658994,69310,67,120,30506,
439.40081202532303,69310,66,121,30506,
439.40379803612353,69310,65,122,30506,
439.5139517597442,69310,64,123,30506,
439.5174717552108,69310,63,124,30506,
439.5428674504924,69310,63,123,30507,
439.54856930443094,69310,63,122,30508,
439.5619938220699,69309,64,122,30508,
439.57564160578374,69309,63,123,30508,
439.6368152859924,69308,64,123,30508,
439.72083925070297,69308,63,124,30508,
439.724836700422,69308,63,123,30509,
439.7294426263066,69308,62,124,30509,
439.7435455088433,69308,62,123,30510,
439.80778092952056,69308,62,122,30511,
439.8182910255654,69308,61,123,30511,
439.8309312976629,69308,60,124,30511,
439.84222981105927,69308,60,123,30512,
439.87853338840534,69308,60,122,30513,
439.90647130208686,69308,60,121,30514,
439.92785846205953,69308,59,122,30514,
439.937252960796,69308,59,121,30515,
439.9651958082048,69307,60,121,30515,
440.0240010427593,69307,59,122,30515,
440.04142591128823,69307,59,121,30516,
440.06541179263587,69306,60,121,30516,
440.11963451811505,69305,61,121,30516,
440.1230969798708,69305,61,120,30517,
440.1515994086876,69305,61,119,30518,
440.1761817223043,69304,62,119,30518,
440.1776539604145,69304,61,120,30518,
440.19884809370484,69304,60,121,30518,
440.20031183574037,69303,61,121,30518,
440.21321128553245,69302,62,121,30518,
440.21863231808527,69302,61,122,30518,
440.2282042143717,69301,62,122,30518,
440.24454381471674,69301,62,121,30519,
440.251757158092,69301,61,122,30519,
440.2925451770742,69301,61,121,30520,
440.2975961534601,69301,61,120,30521,
440.35553599306763,69301,61,119,30522,
440.35680814599215,69300,62,119,30522,
440.5157835624359,69300,62,118,30523,
440.6048967072944,69300,61,119,30523,
440.606518720448,69299,62,119,30523,
440.6770288622255,69299,61,120,30523,
440.70745165220654,69298,62,120,30523,
440.71414781970554,69297,63,120,30523,
440.73793419150417,69297,63,119,30524,
440.7464509883637,69296,64,119,30524,
440.75453554383205,69296,63,120,30524,
440.76097388136606,69296,63,119,30525,
440.80202438211495,69296,63,118,30526,
440.92179140234146,69296,63,117,30527,
440.92573083945774,69296,63,116,30528,
440.92990925322755,69296,62,117,30528,
440.94531660664217,69296,62,116,30529,
440.9630193109315,69296,61,117,30529,
440.96309512293664,69295,62,117,30529,
440.9827095178047,69295,62,116,30530,
441.0359760138689,69294,63,116,30530,
441.04074591661345,69294,62,117,30530,
441.05869243702074,69294,61,118,30530,
441.0959409747769,69294,61,117,30531,
441.20652232899414,69294,60,118,30531,
441.2165702740671,69293,61,118,30531,
441.21741125596816,69293,61,117,30532,
441.2211805105983,69292,62,117,30532,
441.23730241512874,69292,61,118,30532,
441.2458477335358,69291,62,118,30532,
441.307370727207,69291,61,119,30532,
441.3404925889161,69291,60,120,30532,
441.3421698272423,69291,60,119,30533,
441.3998247930183,69291,59,120,30533,
441.42805093457923,69291,58,121,30533,
441.448468009915,69291,58,120,30534,
441.45257952148467,69291,57,121,30534,
441.4785593998337,69290,58,121,30534,
441.4817771619056,69289,59,121,30534,
441.4916623988996,69289,58,122,30534,
441.493441406384,69288,59,122,30534,
441.49350527586,69287,60,122,30534,
441.51073181320544,69287,60,121,30535,
441.5218605246909,69287,60,120,30536,
441.54911598633686,69286,61,120,30536,
441.56300386359555,69286,61,119,30537,
441.57983703278364,69285,62,119,30537,
441.5844152190335,69285,62,118,30538,
441.7670680089933,69284,63,118,30538,
441.8088784302999,69284,62,119,30538,
441.834913673159,69284,62,118,30539,
441.8412981026106,69284,61,119,30539,
441.8736587083701,69284,61,118,30540,
441.9102528530217,69283,62,118,30540,
442.00740202649337,69283,62,117,30541,
442.0313949628483,69282,63,117,30541,
442.0783311804254,69282,63,116,30542,
442.11904003417385,69282,62,117,30542,
442.12567884405854,69282,62,116,30543,
442.1596250375958,69281,63,116,30543,
442.2181319127986,69281,62,117,30543,
442.2286531856836,69281,61,118,30543,
442.23239903729814,69281,61,117,30544,
442.26981356474886,69281,61,116,30545,
442.287488239889,69281,61,115,30546,
442.3046866360718,69281,61,114,30547,
442.3063224611652,69280,62,114,30547,
442.3567262052097,69280,62,113,30548,
442.39801740815085,69279,63,113,30548,
442.4274347692594,69278,64,113,30548,
442.43583851927673,69277,65,113,30548,
442.4437110583963,69276,66,113,30548,
442.4449458974828,69276,65,114,30548,
442.4750079913385,69276,64,115,30548,
442.4981644043028,69276,64,114,30549,
442.50181362115393,69275,65,114,30549,
442.5329705968545,69275,64,115,30549,
442.55405619748103,69275,64,114,30550,
442.56266369366466,69275,64,113,30551,
442.59267308646395,69275,64,112,30552,
442.61749574480814,69275,64,111,30553,
442.63182267735243,69274,65,111,30553,
442.6455355695651,69274,64,112,30553,
442.71135450311357,69274,64,111,30554,
442.713561451786,69274,64,110,30555,
442.73803205631657,69274,63,111,30555,
442.77769733268093,69274,62,112,30555,
442.8335116422236,69274,61,113,30555,
442.8369367859295,69274,60,114,30555,
442.8728096298456,69273,61,114,30555,
442.8837567882004,69272,62,114,30555,
442.9230393898302,69272,61,115,30555,
442.98947607965397,69272,60,116,30555,
443.0782458352472,69271,61,116,30555,
443.07991411222224,69270,62,116,30555,
443.1035669144227,69269,63,116,30555,
443.1438075342034,69269,63,115,30556,
443.16439576478103,69268,64,115,30556,
443.2444357229244,69268,64,114,30557,
443.25213236934826,69268,64,113,30558,
443.2551132584393,69268,64,112,30559,
443.27338006969626,69268,63,113,30559,
443.31317085855864,69268,63,112,30560,
443.3174446786658,69268,62,113,30560,
443.33167049786715,69267,63,113,30560,
443.3573087244123,69267,63,112,30561,
443.43782120867115,69266,64,112,30561,
443.4541552766089,69266,64,111,30562,
443.4796396584824,69266,64,110,30563,
443.4948549587377,69266,63,111,30563,
443.51795693692753,69265,64,111,30563,
443.5536511010918,69265,63,112,30563,
443.61341334505147,69264,64,112,30563,
443.62808886086583,69264,63,113,30563,
443.6334438290786,69264,63,112,30564,
443.6640700406028,69263,64,112,30564,
443.68048817850314,69263,64,111,30565,
443.7472518252652,69262,65,111,30565,
443.8623397077516,69261,66,111,30565,
443.8650313205961,69260,67,111,30565,
443.8914083858276,69260,66,112,30565,
443.89653328030437,69260,66,111,30566,
443.9292439958987,69260,66,110,30567,
443.9316920429335,69260,65,111,30567,
443.94019648141716,69259,66,111,30567,
443.95249018834716,69259,66,110,30568,
443.96902485985794,69259,66,109,30569,
443.9895414030988,69259,66,108,30570,
443.998021785996,69259,65,109,30570,
444.0539273324012,69259,64,110,30570,
444.08772611908455,69259,64,109,30571,
444.1074763888878,69258,65,109,30571,
444.1162058042893,69258,64,110,30571,
444.1308745591912,69258,63,111,30571,
444.1418874307956,69258,63,110,30572,
444.15714808214494,69258,62,111,30572,
444.1678461627885,69257,63,111,30572,
444.22670821892,69257,63,110,30573,
444.2277327368494,69257,62,111,30573,
444.2418576341692,69256,63,111,30573,
444.2540210876998,69256,62,112,30573,
444.33504559575675,69256,61,113,30573,
444.33695704283394,69256,60,114,30573,
444.36712032613906,69256,60,113,30574,
444.37363352669456,69256,60,112,30575,
444.3838098227567,69256,59,113,30575,
444.41961990621513,69255,60,113,30575,
444.4245222777944,69254,61,113,30575,
444.42642364487415,69253,62,113,30575,
444.5326771337801,69253,61,114,30575,
444.56723346792575,69253,60,115,30575,
444.60042868473187,69253,59,116,30575,
444.6519709038526,69253,58,117,30575,
444.6960867153473,69253,57,118,30575,
444.7343480970256,69253,56,119,30575,
444.77656146627294,69252,57,119,30575,
444.79662747734517,69252,57,118,30576,
444.82172467773046,69252,56,119,30576,
444.88984658582234,69251,57,119,30576,
444.9068910451822,69251,57,118,30577,
444.9138618686072,69251,56,119,30577,
444.97357647966504,69251,56,118,30578,
445.0448549252082,69251,55,119,30578,
445.04932194545466,69250,56,119,30578,
445.07835640457523,69250,56,118,30579,
445.0936632203621,69250,56,117,30580,
445.09396069245406,69250,56,116,30581,
445.12182114825777,69250,55,117,30581,
445.22029033800766,69250,55,116,30582,
445.2234305523132,69249,56,116,30582,
445.23770541544116,69248,57,116,30582,
445.2913808109853,69248,56,117,30582,
445.33019648613555,69247,57,117,30582,
445.33223938653106,69246,58,117,30582,
445.3752338718936,69246,58,116,30583,
445.4139729228682,69246,57,117,30583,
445.47494901224763,69246,56,118,30583,
445.52587074348867,69246,56,117,30584,
445.5293289126518,69245,57,117,30584,
445.5397609686553,69245,57,116,30585,
445.60494128778265,69245,56,117,30585,
445.62974814771104,69245,56,116,30586,
445.63351155735967,69244,57,116,30586,
445.666355666806,69243,58,116,30586,
445.70565043518366,69243,58,115,30587,
445.72478280957336,69242,59,115,30587,
445.7631278854129,69242,58,116,30587,
445.78229776538313,69242,57,117,30587,
445.8206723173577,69242,56,118,30587,
445.8311182143482,69242,55,119,30587,
445.85931766179766,69242,54,120,30587,
445.8781819692571,69241,55,120,30587,
445.92451651365167,69240,56,120,30587,
445.9332174430936,69240,56,119,30588,
445.96040264431696,69240,55,120,30588,
445.9734020783022,69240,54,121,30588,
445.9859110769123,69240,54,120,30589,
446.01416555800824,69239,55,120,30589,
446.086062691704,69238,56,120,30589,
446.08826674811513,69238,56,119,30590,
446.12247578469606,69238,55,120,30590,
446.24979333412637,69238,55,119,30591,
446.26970835902847,69238,55,118,30592,
446.2743186503671,69238,54,119,30592,
446.2832998103706,69238,53,120,30592,
446.2867302756431,69238,53,119,30593,
446.38088747411695,69238,52,120,30593,
446.4146967254592,69237,53,120,30593,
446.4189676392004,69237,53,119,30594,
446.4277314657649,69237,53,118,30595,
446.43061951361346,69237,53,117,30596,
446.44309289364566,69237,53,116,30597,
446.46204445918005,69237,52,117,30597,
446.58397154283625,69237,52,116,30598,
446.5964865903096,69237,51,117,30598,
446.67246013504274,69236,52,117,30598,
446.6909258774648,69235,53,117,30598,
446.7017370987252,69235,52,118,30598,
446.72368939661106,69235,52,117,30599,
446.72905410940723,69234,53,117,30599,
446.8146876606914,69234,52,118,30599,
446.82723599368165,69234,51,119,30599,
446.8380477301418,69233,52,119,30599,
446.9238192095652,69232,53,119,30599,
446.97791840955716,69232,52,120,30599,
446.9871857534762,69231,53,120,30599,
447.0187701755188,69231,52,121,30599,
447.0262741850596,69231,52,120,30600,
447.03542377746584,69231,52,119,30601,
447.0554007643817,69231,51,120,30601,
447.0789349025174,69230,52,120,30601,
447.12733275560413,69230,51,121,30601,
447.18191124191486,69229,52,121,30601,
447.1953359739455,69229,52,120,30602,
447.2111892084074,69228,53,120,30602,
447.21326080153955,69228,53,119,30603,
447.23746067842455,69228,52,120,30603,
447.26898497305075,69227,53,120,30603,
447.28308863335553,69227,53,119,30604,
447.4085343925809,69227,52,120,30604,
447.48015780099166,69227,52,119,30605,
447.551443389237,69227,52,118,30606,
447.6212514653547,69227,51,119,30606,
447.62635036176744,69226,52,119,30606,
447.70068266783505,69225,53,119,30606,
447.71795838049144,69224,54,119,30606,
447.73377785038747,69223,55,119,30606,
447.76943872609854,69223,54,120,30606,
447.83508393204147,69223,54,119,30607,
447.8994409394646,69223,53,120,30607,
447.9052732322178,69222,54,120,30607,
447.9716949017672,69222,54,119,30608,
448.0551641819696,69222,54,118,30609,
448.0608478165684,69221,55,118,30609,
448.0667690230161,69221,54,119,30609,
448.1273572029505,69221,54,118,30610,
448.14406185963537,69220,55,118,30610,
448.1447400478244,69219,56,118,30610,
448.2337929134644,69219,56,117,30611,
448.2460104234108,69219,55,118,30611,
448.2830711070377,69218,56,118,30611,
448.2927197875509,69218,56,117,30612,
448.29518567605305,69217,57,117,30612,
448.29531378663955,69217,57,116,30613,
448.32238649394964,69217,57,115,30614,
448.3860655608651,69217,57,114,30615,
448.38970061765224,69217,56,115,30615,
448.4404148511133,69217,56,114,30616,
448.4430758223457,69216,57,114,30616,
448.4932084957423,69216,57,113,30617,
448.5095414661615,69216,56,114,30617,
448.54216455591234,69216,56,113,30618,
448.54846683294886,69215,57,113,30618,
448.554486458832,69215,57,112,30619,
448.58652657652806,69215,56,113,30619,
448.6898307707547,69215,56,112,30620,
448.7163093595695,69214,57,112,30620,
448.7311212332692,69214,56,113,30620,
448.7524430937842,69214,56,112,30621,
448.8392085952087,69214,56,111,30622,
448.8949977834623,69213,57,111,30622,
448.987503728496,69213,56,112,30622,
448.9996571528625,69213,56,111,30623,
448.99983996879615,69213,55,112,30623,
449.0334605810582,69213,54,113,30623,
449.0570440487651,69213,54,112,30624,
449.09494966784143,69213,53,113,30624,
449.1432691638174,69213,52,114,30624,
449.1675351008652,69213,52,113,30625,
449.1825677889466,69213,52,112,30626,
449.20226067127027,69213,52,111,30627,
449.23422409628284,69213,51,112,30627,
449.2573523714137,69213,51,111,30628,
449.26808103653383,69212,52,111,30628,
449.35109858584525,69212,52,110,30629,
449.35458784776654,69212,52,109,30630,
449.3630463489253,69211,53,109,30630,
449.38990568020756,69211,52,110,30630,
449.39884117195805,69211,51,111,30630,
449.4041622886311,69211,50,112,30630,
449.42938571162665,69210,51,112,30630,
449.44952927046546,69209,52,112,30630,
449.5551094069493,69209,51,113,30630,
449.60939633543074,69209,50,114,30630,
449.62023908032074,69208,51,114,30630,
449.6237297374091,69207,52,114,30630,
449.72789642910186,69206,53,114,30630,
449.7679807962293,69206,52,115,30630,
449.8015320222097,69206,51,116,30630,
449.8740923776306,69205,52,116,30630,
449.8743137862701,69205,51,117,30630,
449.939043369421,69204,52,117,30630,
449.944884493533,69204,51,118,30630,
449.9631369051076,69204,51,117,30631,
449.99020663779424,69203,52,117,30631,
450.01691524339617,69203,51,118,30631,
450.02346874247087,69203,50,119,30631,
450.0522203441065,69202,51,119,30631,
450.1045128682446,69201,52,119,30631,
450.1794968601541,69201,51,120,30631,
450.2336292563324,69200,52,120,30631,
450.2570567032732,69200,52,119,30632,
450.26061981920174,69200,52,118,30633,
450.31571005985774,69199,53,118,30633,
450.3200345719339,69199,53,117,30634,
450.32845373104664,69198,54,117,30634,
450.3799908930044,69197,55,117,30634,
450.3801887708155,69197,54,118,30634,
450.4245165891966,69196,55,118,30634,
450.45099694866883,69196,55,117,30635,
450.48669564834165,69196,55,116,30636,
450.49457086570106,69196,55,115,30637,
450.50499097883727,69195,56,115,30637,
450.52756613971974,69195,55,116,30637,
450.5280219106305,69194,56,116,30637,
450.5452246654607,69194,55,117,30637,
450.5585616324505,69194,54,118,30637,
450.5837680831032,69193,55,118,30637,
450.62849483368217,69192,56,118,30637,
450.6332328436741,69192,55,119,30637,
450.675975252692,69191,56,119,30637,
450.683460645317,69191,55,120,30637,
450.7202026558661,69191,54,121,30637,
450.72037050559896,69191,54,120,30638,
450.7565234887276,69191,54,119,30639,
450.76070468103603,69190,55,119,30639,
450.80258558276097,69190,55,118,30640,
450.84111642959385,69189,56,118,30640,
450.84878546757625,69188,57,118,30640,
450.8851324432679,69188,57,117,30641,
450.9119992564047,69188,57,116,30642,
450.92430640044137,69188,57,115,30643,
450.93103532415813,69188,57,114,30644,
450.9641348000346,69188,56,115,30644,
450.9753285691213,69188,56,114,30645,
450.97655971816386,69187,57,114,30645,
451.0164760036817,69186,58,114,30645,
451.02416560307785,69186,58,113,30646,
451.02702579792066,69186,57,114,30646,
451.09100039325176,69186,56,115,30646,
451.1103177825726,69185,57,115,30646,
451.1452399322864,69185,56,116,30646,
451.16142077989065,69185,55,117,30646,
451.2360182557014,69185,55,116,30647,
451.2568384527757,69185,55,115,30648,
451.27101463400476,69185,54,116,30648,
451.2770197920271,69184,55,116,30648,
451.3286687070609,69183,56,116,30648,
451.3535540374129,69182,57,116,30648,
451.35747838089327,69182,57,115,30649,
451.38861524568205,69182,57,114,30650,
451.40915240273995,69182,56,115,30650,
451.4404601696195,69182,55,116,30650,
451.46010627540767,69182,55,115,30651,
451.4636885889449,69182,54,116,30651,
451.5240809970897,69182,53,117,30651,
451.5902945953301,69182,53,116,30652,
451.6391110357556,69182,53,115,30653,
451.6555599639973,69181,54,115,30653,
451.68376524621095,69180,55,115,30653,
451.69216321570605,69179,56,115,30653,
451.69813645570076,69179,56,114,30654,
451.77389493084206,69179,55,115,30654,
451.7873170968351,69179,54,116,30654,
451.7961213548455,69178,55,116,30654,
451.8976657523234,69178,54,117,30654,
451.90677751177384,69177,55,117,30654,
451.92083210114373,69177,54,118,30654,
451.92285012334366,69177,54,117,30655,
451.9407802934344,69176,55,117,30655,
451.94710542736595,69175,56,117,30655,
452.050764521839,69174,57,117,30655,
452.1428106577978,69173,58,117,30655,
452.1708251331639,69172,59,117,30655,
452.18114060164197,69172,58,118,30655,
452.2154360241153,69172,58,117,30656,
452.26996217971424,69172,57,118,30656,
452.3200333943246,69172,56,119,30656,
452.4358873108595,69172,56,118,30657,
452.4392493050392,69171,57,118,30657,
452.4423677255376,69170,58,118,30657,
452.45040129838736,69169,59,118,30657,
452.47660676570393,69169,58,119,30657,
452.4992662196735,69169,58,118,30658,
452.50478873768725,69169,58,117,30659,
452.511327578801,69168,59,117,30659,
452.52397813138793,69168,58,118,30659,
452.5333782518518,69168,58,117,30660,
452.5416069987892,69168,57,118,30660,
452.5470686000576,69168,56,119,30660,
452.5519302921389,69168,56,118,30661,
452.5552837353887,69167,57,118,30661,
452.5697779668583,69167,56,119,30661,
452.5895662317202,69167,56,118,30662,
452.5937601832038,69167,56,117,30663,
452.60632174575426,69166,57,117,30663,
452.61538428576074,69166,57,116,30664,
452.63708155581196,69166,57,115,30665,
452.6768065293216,69165,58,115,30665,
452.69206613247866,69165,58,114,30666,
452.7243763892087,69165,58,113,30667,
452.7808947762296,69164,59,113,30667,
